symbol,timestamp,datetime,side,price,amount,btc_volume
BCD/BTC,1572454829821,2019-10-30T17:00:29.821Z,buy,5.529e-05,2.0,0.00011058
BCD/BTC,1572454831004,2019-10-30T17:00:31.004Z,sell,5.52e-05,227.0,0.0125304
BCD/BTC,1572454924118,2019-10-30T17:02:04.118Z,sell,5.52e-05,14.0,0.0007728
BCD/BTC,1572455588144,2019-10-30T17:13:08.144Z,sell,5.52e-05,7.0,0.0003864
BCD/BTC,1572455588512,2019-10-30T17:13:08.512Z,buy,5.521e-05,522.0,0.02881962
BCD/BTC,1572455593428,2019-10-30T17:13:13.428Z,buy,5.521e-05,48.0,0.00265008
BCD/BTC,1572455593428,2019-10-30T17:13:13.428Z,buy,5.528e-05,12.0,0.00066336
BCD/BTC,1572455593428,2019-10-30T17:13:13.428Z,buy,5.529e-05,75.0,0.00414675
BCD/BTC,1572455596592,2019-10-30T17:13:16.592Z,buy,5.532e-05,483.0,0.02671956
BCD/BTC,1572455596592,2019-10-30T17:13:16.592Z,buy,5.534e-05,3.0,0.00016602
BCD/BTC,1572455599679,2019-10-30T17:13:19.679Z,buy,5.537e-05,17.0,0.00094129
BCD/BTC,1572455599679,2019-10-30T17:13:19.679Z,buy,5.538e-05,233.0,0.01290354
BCD/BTC,1572456273972,2019-10-30T17:24:33.972Z,sell,5.525e-05,72.0,0.003978
BCD/BTC,1572456336261,2019-10-30T17:25:36.261Z,sell,5.526e-05,83.0,0.00458658
BCD/BTC,1572457368379,2019-10-30T17:42:48.379Z,buy,5.537e-05,4.0,0.00022148
BCD/BTC,1572457368379,2019-10-30T17:42:48.379Z,buy,5.537e-05,4.0,0.00022148
BCD/BTC,1572458402838,2019-10-30T18:00:02.838Z,buy,5.537e-05,2.0,0.00011074
BCD/BTC,1572458402838,2019-10-30T18:00:02.838Z,buy,5.539e-05,17.0,0.00094163
BCD/BTC,1572458602066,2019-10-30T18:03:22.066Z,sell,5.537e-05,30.0,0.0016611
BCD/BTC,1572458603241,2019-10-30T18:03:23.241Z,sell,5.537e-05,9.0,0.00049833
BCD/BTC,1572458626914,2019-10-30T18:03:46.914Z,sell,5.538e-05,210.0,0.0116298
BCD/BTC,1572458627432,2019-10-30T18:03:47.432Z,buy,5.538e-05,390.0,0.0215982
BCD/BTC,1572459131660,2019-10-30T18:12:11.660Z,sell,5.538e-05,342.0,0.01893996
BCD/BTC,1572459131686,2019-10-30T18:12:11.686Z,sell,5.538e-05,288.0,0.01594944
BCD/BTC,1572459318387,2019-10-30T18:15:18.387Z,buy,5.532e-05,18.0,0.00099576
BCD/BTC,1572459321764,2019-10-30T18:15:21.764Z,buy,5.532e-05,74.0,0.00409368
BCD/BTC,1572459443082,2019-10-30T18:17:23.082Z,sell,5.532e-05,619.0,0.03424308
BCD/BTC,1572459714056,2019-10-30T18:21:54.056Z,buy,5.538e-05,2.0,0.00011076
BCD/BTC,1572459884506,2019-10-30T18:24:44.506Z,sell,5.538e-05,750.0,0.041535
BCD/BTC,1572459959359,2019-10-30T18:25:59.359Z,buy,5.538e-05,5.0,0.0002769
BCD/BTC,1572460036715,2019-10-30T18:27:16.715Z,buy,5.538e-05,40.0,0.0022152
BCD/BTC,1572460333207,2019-10-30T18:32:13.207Z,buy,5.537e-05,9.0,0.00049833
BCD/BTC,1572460333207,2019-10-30T18:32:13.207Z,buy,5.537e-05,9.0,0.00049833
BCD/BTC,1572461513419,2019-10-30T18:51:53.419Z,buy,5.535e-05,4.0,0.0002214
BCD/BTC,1572461856234,2019-10-30T18:57:36.234Z,buy,5.536e-05,361.0,0.01998496
BCD/BTC,1572461856234,2019-10-30T18:57:36.234Z,buy,5.537e-05,189.0,0.01046493
BCD/BTC,1572461856234,2019-10-30T18:57:36.234Z,buy,5.543e-05,5.0,0.00027715
BCD/BTC,1572461856234,2019-10-30T18:57:36.234Z,buy,5.552e-05,39.0,0.00216528
BCD/BTC,1572461856234,2019-10-30T18:57:36.234Z,buy,5.553e-05,41.0,0.00227673
BCD/BTC,1572462159249,2019-10-30T19:02:39.249Z,sell,5.535e-05,4.0,0.0002214
BCD/BTC,1572462159249,2019-10-30T19:02:39.249Z,sell,5.522e-05,42.0,0.00231924
BCD/BTC,1572462159661,2019-10-30T19:02:39.661Z,sell,5.523e-05,319.0,0.0176183699999999
BCD/BTC,1572462159661,2019-10-30T19:02:39.661Z,sell,5.522e-05,10.0,0.0005522
BCD/BTC,1572462160178,2019-10-30T19:02:40.178Z,sell,5.535e-05,99.0,0.00547965
BCD/BTC,1572462165702,2019-10-30T19:02:45.702Z,buy,5.529e-05,3.0,0.00016587
BCD/BTC,1572462192500,2019-10-30T19:03:12.500Z,sell,5.522e-05,27.0,0.00149094
BCD/BTC,1572462420464,2019-10-30T19:07:00.464Z,sell,5.521e-05,72.0,0.00397512
BCD/BTC,1572463088092,2019-10-30T19:18:08.092Z,buy,5.52e-05,2.0,0.0001104
BCD/BTC,1572463090577,2019-10-30T19:18:10.577Z,buy,5.52e-05,18.0,0.0009936
BCD/BTC,1572463288629,2019-10-30T19:21:28.629Z,sell,5.511e-05,12.0,0.00066132
BCD/BTC,1572463288629,2019-10-30T19:21:28.629Z,sell,5.505e-05,13.0,0.00071565
BCD/BTC,1572463290192,2019-10-30T19:21:30.192Z,sell,5.505e-05,25.0,0.00137625
BCD/BTC,1572463291519,2019-10-30T19:21:31.519Z,sell,5.505e-05,3.0,0.00016515
BCD/BTC,1572463291519,2019-10-30T19:21:31.519Z,sell,5.499e-05,22.0,0.00120978
BCD/BTC,1572463293031,2019-10-30T19:21:33.031Z,sell,5.499e-05,2.0,0.00010998
BCD/BTC,1572463293031,2019-10-30T19:21:33.031Z,sell,5.496e-05,17.0,0.00093432
BCD/BTC,1572463293031,2019-10-30T19:21:33.031Z,sell,5.495e-05,5.0,0.00027475
BCD/BTC,1572463293031,2019-10-30T19:21:33.031Z,sell,5.493e-05,1.0,5.493e-05
BCD/BTC,1572463451329,2019-10-30T19:24:11.329Z,sell,5.493e-05,14.0,0.0007690199999999
BCD/BTC,1572463451424,2019-10-30T19:24:11.424Z,buy,5.493e-05,15.0,0.0008239499999999
BCD/BTC,1572463456619,2019-10-30T19:24:16.619Z,buy,5.493e-05,43.0,0.00236199
BCD/BTC,1572463457244,2019-10-30T19:24:17.244Z,buy,5.493e-05,15.0,0.0008239499999999
BCD/BTC,1572463458220,2019-10-30T19:24:18.220Z,buy,5.493e-05,15.0,0.0008239499999999
BCD/BTC,1572463473197,2019-10-30T19:24:33.197Z,buy,5.493e-05,49.0,0.00269157
BCD/BTC,1572463473197,2019-10-30T19:24:33.197Z,buy,5.493e-05,49.0,0.00269157
BCD/BTC,1572464058245,2019-10-30T19:34:18.245Z,buy,5.493e-05,129.0,0.00708597
BCD/BTC,1572464477734,2019-10-30T19:41:17.734Z,buy,5.493e-05,13.0,0.00071409
BCD/BTC,1572464892608,2019-10-30T19:48:12.608Z,buy,5.493e-05,68.0,0.00373524
BCD/BTC,1572464893197,2019-10-30T19:48:13.197Z,buy,5.493e-05,3.0,0.00016479
BCD/BTC,1572464952444,2019-10-30T19:49:12.444Z,sell,5.492e-05,130.0,0.0071396
BCD/BTC,1572465097801,2019-10-30T19:51:37.801Z,sell,5.492e-05,126.0,0.00691992
BCD/BTC,1572465474941,2019-10-30T19:57:54.941Z,buy,5.492e-05,144.0,0.00790848
BCD/BTC,1572465629260,2019-10-30T20:00:29.260Z,buy,5.512e-05,4.0,0.00022048
BCD/BTC,1572465629260,2019-10-30T20:00:29.260Z,buy,5.512e-05,4.0,0.00022048
BCD/BTC,1572467698160,2019-10-30T20:34:58.160Z,buy,5.504e-05,99.0,0.00544896
BCD/BTC,1572467813241,2019-10-30T20:36:53.241Z,buy,5.511e-05,27.0,0.00148797
BCD/BTC,1572468102262,2019-10-30T20:41:42.262Z,buy,5.508e-05,277.0,0.01525716
BCD/BTC,1572468102876,2019-10-30T20:41:42.876Z,buy,5.509e-05,13.0,0.00071617
BCD/BTC,1572468593225,2019-10-30T20:49:53.225Z,buy,5.508e-05,90.0,0.0049572
BCD/BTC,1572468593225,2019-10-30T20:49:53.225Z,buy,5.509e-05,162.0,0.00892458
BCD/BTC,1572468593225,2019-10-30T20:49:53.225Z,buy,5.512e-05,190.0,0.0104728
BCD/BTC,1572468593225,2019-10-30T20:49:53.225Z,buy,5.518e-05,12.0,0.00066216
BCD/BTC,1572468593225,2019-10-30T20:49:53.225Z,buy,5.527e-05,182.0,0.01005914
BCD/BTC,1572468593225,2019-10-30T20:49:53.225Z,buy,5.508e-05,90.0,0.0049572
BCD/BTC,1572468593225,2019-10-30T20:49:53.225Z,buy,5.509e-05,162.0,0.00892458
BCD/BTC,1572468593225,2019-10-30T20:49:53.225Z,buy,5.512e-05,190.0,0.0104728
BCD/BTC,1572468593225,2019-10-30T20:49:53.225Z,buy,5.518e-05,12.0,0.00066216
BCD/BTC,1572468593225,2019-10-30T20:49:53.225Z,buy,5.527e-05,182.0,0.01005914
BCD/BTC,1572469527474,2019-10-30T21:05:27.474Z,sell,5.496e-05,258.0,0.01417968
BCD/BTC,1572470499899,2019-10-30T21:21:39.899Z,buy,5.525e-05,19.0,0.00104975
BCD/BTC,1572470656388,2019-10-30T21:24:16.388Z,buy,5.525e-05,710.0,0.0392275
BCD/BTC,1572470676393,2019-10-30T21:24:36.393Z,sell,5.525e-05,217.0,0.01198925
BCD/BTC,1572470723765,2019-10-30T21:25:23.765Z,buy,5.526e-05,109.0,0.00602334
BCD/BTC,1572471158290,2019-10-30T21:32:38.290Z,sell,5.496e-05,12.0,0.00065952
BCD/BTC,1572471158290,2019-10-30T21:32:38.290Z,sell,5.493e-05,44.0,0.00241692
BCD/BTC,1572471209701,2019-10-30T21:33:29.701Z,sell,5.498e-05,30.0,0.0016493999999999
BCD/BTC,1572471243287,2019-10-30T21:34:03.287Z,sell,5.497e-05,10.0,0.0005497
BCD/BTC,1572471924266,2019-10-30T21:45:24.266Z,buy,5.517e-05,25.0,0.00137925
BCD/BTC,1572472017305,2019-10-30T21:46:57.305Z,sell,5.497e-05,15.0,0.00082455
BCD/BTC,1572472017305,2019-10-30T21:46:57.305Z,sell,5.492e-05,319.0,0.01751948
BCD/BTC,1572472017305,2019-10-30T21:46:57.305Z,sell,5.491e-05,186.0,0.01021326
BCD/BTC,1572472056293,2019-10-30T21:47:36.293Z,buy,5.491e-05,15.0,0.00082365
BCD/BTC,1572472056304,2019-10-30T21:47:36.304Z,buy,5.491e-05,30.0,0.0016473
BCD/BTC,1572472056401,2019-10-30T21:47:36.401Z,buy,5.491e-05,9.0,0.00049419
BCD/BTC,1572472058060,2019-10-30T21:47:38.060Z,buy,5.491e-05,10.0,0.0005491
BCD/BTC,1572472103278,2019-10-30T21:48:23.278Z,buy,5.491e-05,2.0,0.00010982
BCD/BTC,1572472103278,2019-10-30T21:48:23.278Z,buy,5.491e-05,2.0,0.00010982
BCD/BTC,1572472337843,2019-10-30T21:52:17.843Z,buy,5.491e-05,6.0,0.00032946
BCD/BTC,1572472337843,2019-10-30T21:52:17.843Z,buy,5.51e-05,19.0,0.0010469
BCD/BTC,1572472338342,2019-10-30T21:52:18.342Z,buy,5.509e-05,146.0,0.00804314
BCD/BTC,1572472338957,2019-10-30T21:52:18.957Z,buy,5.509e-05,25.0,0.00137725
BCD/BTC,1572472340125,2019-10-30T21:52:20.125Z,buy,5.508e-05,25.0,0.001377
BCD/BTC,1572473128436,2019-10-30T22:05:28.436Z,buy,5.526e-05,244.0,0.01348344
BCD/BTC,1572473128436,2019-10-30T22:05:28.436Z,buy,5.527e-05,256.0,0.01414912
BCD/BTC,1572473128477,2019-10-30T22:05:28.477Z,sell,5.527e-05,246.0,0.01359642
BCD/BTC,1572473182636,2019-10-30T22:06:22.636Z,buy,5.527e-05,10.0,0.0005526999999999
BCD/BTC,1572473371835,2019-10-30T22:09:31.835Z,buy,5.527e-05,2.0,0.00011054
BCD/BTC,1572473408584,2019-10-30T22:10:08.584Z,sell,5.501e-05,77.0,0.00423577
BCD/BTC,1572474384915,2019-10-30T22:26:24.915Z,sell,5.501e-05,32.0,0.00176032
BCD/BTC,1572474725987,2019-10-30T22:32:05.987Z,sell,5.5e-05,129.0,0.007095
BCD/BTC,1572474948193,2019-10-30T22:35:48.193Z,buy,5.501e-05,30.0,0.0016503
BCD/BTC,1572474948297,2019-10-30T22:35:48.297Z,buy,5.501e-05,63.0,0.00346563
BCD/BTC,1572474954991,2019-10-30T22:35:54.991Z,buy,5.501e-05,36.0,0.00198036
BCD/BTC,1572474955079,2019-10-30T22:35:55.079Z,buy,5.501e-05,9.0,0.00049509
BCD/BTC,1572474956233,2019-10-30T22:35:56.233Z,buy,5.501e-05,31.0,0.0017053099999999
BCD/BTC,1572474956333,2019-10-30T22:35:56.333Z,buy,5.501e-05,9.0,0.00049509
BCD/BTC,1572475109412,2019-10-30T22:38:29.412Z,buy,5.501e-05,8.0,0.00044008
BCD/BTC,1572475109412,2019-10-30T22:38:29.412Z,buy,5.508e-05,2.0,0.00011016
BCD/BTC,1572475109421,2019-10-30T22:38:29.421Z,buy,5.508e-05,14.0,0.00077112
BCD/BTC,1572475109421,2019-10-30T22:38:29.421Z,buy,5.509e-05,226.0,0.01245034
BCD/BTC,1572475110467,2019-10-30T22:38:30.467Z,buy,5.509e-05,315.0,0.01735335
BCD/BTC,1572475110566,2019-10-30T22:38:30.566Z,buy,5.509e-05,79.0,0.00435211
BCD/BTC,1572475113164,2019-10-30T22:38:33.164Z,buy,5.509e-05,52.0,0.00286468
BCD/BTC,1572475113173,2019-10-30T22:38:33.173Z,buy,5.509e-05,20.0,0.0011018
BCD/BTC,1572475134202,2019-10-30T22:38:54.202Z,buy,5.525e-05,34.0,0.0018785
BCD/BTC,1572475400574,2019-10-30T22:43:20.574Z,buy,5.517e-05,2.0,0.00011034
BCD/BTC,1572475400574,2019-10-30T22:43:20.574Z,buy,5.525e-05,7.0,0.00038675
BCD/BTC,1572475450477,2019-10-30T22:44:10.477Z,sell,5.501e-05,51.0,0.0028055099999999
BCD/BTC,1572475450477,2019-10-30T22:44:10.477Z,sell,5.501e-05,51.0,0.0028055099999999
BCD/BTC,1572475951282,2019-10-30T22:52:31.282Z,sell,5.502e-05,51.0,0.0028060199999999
BCD/BTC,1572475971007,2019-10-30T22:52:51.007Z,buy,5.52e-05,8.0,0.0004416
BCD/BTC,1572475971007,2019-10-30T22:52:51.007Z,buy,5.521e-05,51.0,0.00281571
BCD/BTC,1572475971007,2019-10-30T22:52:51.007Z,buy,5.522e-05,71.0,0.00392062
BCD/BTC,1572475971007,2019-10-30T22:52:51.007Z,buy,5.523e-05,181.0,0.00999663
BCD/BTC,1572475971007,2019-10-30T22:52:51.007Z,buy,5.524e-05,144.0,0.00795456
BCD/BTC,1572475971007,2019-10-30T22:52:51.007Z,buy,5.525e-05,375.0,0.02071875
BCD/BTC,1572475973495,2019-10-30T22:52:53.495Z,buy,5.525e-05,69.0,0.00381225
BCD/BTC,1572476554388,2019-10-30T23:02:34.388Z,buy,5.524e-05,6.0,0.00033144
BCD/BTC,1572476554388,2019-10-30T23:02:34.388Z,buy,5.525e-05,303.0,0.01674075
BCD/BTC,1572476554682,2019-10-30T23:02:34.682Z,buy,5.525e-05,315.0,0.01740375
BCD/BTC,1572476555145,2019-10-30T23:02:35.145Z,sell,5.502e-05,143.0,0.0078678599999999
BCD/BTC,1572477201277,2019-10-30T23:13:21.277Z,buy,5.524e-05,4.0,0.00022096
BCD/BTC,1572477201332,2019-10-30T23:13:21.332Z,sell,5.524e-05,44.0,0.00243056
BCD/BTC,1572477203413,2019-10-30T23:13:23.413Z,buy,5.525e-05,50.0,0.0027625
BCD/BTC,1572477966403,2019-10-30T23:26:06.403Z,buy,5.523e-05,2.0,0.00011046
BCD/BTC,1572477966403,2019-10-30T23:26:06.403Z,buy,5.524e-05,181.0,0.00999844
BCD/BTC,1572477966422,2019-10-30T23:26:06.422Z,sell,5.524e-05,204.0,0.01126896
BCD/BTC,1572477966529,2019-10-30T23:26:06.529Z,sell,5.524e-05,331.0,0.01828444
BCD/BTC,1572478012313,2019-10-30T23:26:52.313Z,buy,5.525e-05,103.0,0.00569075
BCD/BTC,1572478014186,2019-10-30T23:26:54.186Z,buy,5.525e-05,25.0,0.00138125
BCD/BTC,1572478928253,2019-10-30T23:42:08.253Z,buy,5.519e-05,3.0,0.00016557
BCD/BTC,1572478928253,2019-10-30T23:42:08.253Z,buy,5.52e-05,433.0,0.0239016
BCD/BTC,1572478928257,2019-10-30T23:42:08.257Z,buy,5.52e-05,254.0,0.0140208
BCD/BTC,1572478934035,2019-10-30T23:42:14.035Z,buy,5.52e-05,93.0,0.0051336
BCD/BTC,1572478935072,2019-10-30T23:42:15.072Z,buy,5.52e-05,126.0,0.0069552
BCD/BTC,1572478935143,2019-10-30T23:42:15.143Z,buy,5.52e-05,41.0,0.0022632
BCD/BTC,1572478935233,2019-10-30T23:42:15.233Z,buy,5.52e-05,13.0,0.0007176
BCD/BTC,1572478947164,2019-10-30T23:42:27.164Z,buy,5.52e-05,5.0,0.000276
BCD/BTC,1572478947164,2019-10-30T23:42:27.164Z,buy,5.525e-05,934.0,0.0516035
BCD/BTC,1572478949921,2019-10-30T23:42:29.921Z,buy,5.525e-05,208.0,0.011492
BCD/BTC,1572478998001,2019-10-30T23:43:18.001Z,buy,5.525e-05,29.0,0.00160225
BCD/BTC,1572478998354,2019-10-30T23:43:18.354Z,buy,5.525e-05,30.0,0.0016575
BCD/BTC,1572478998354,2019-10-30T23:43:18.354Z,buy,5.525e-05,30.0,0.0016575
BCD/BTC,1572479089380,2019-10-30T23:44:49.380Z,buy,5.525e-05,200.0,0.01105
BCD/BTC,1572481165167,2019-10-31T00:19:25.167Z,sell,5.503e-05,183.0,0.01007049
BCD/BTC,1572481165167,2019-10-31T00:19:25.167Z,sell,5.502e-05,4.0,0.00022008
BCD/BTC,1572481165167,2019-10-31T00:19:25.167Z,sell,5.5e-05,2.0,0.00011
BCD/BTC,1572481165167,2019-10-31T00:19:25.167Z,sell,5.493e-05,363.0,0.01993959
BCD/BTC,1572481165167,2019-10-31T00:19:25.167Z,sell,5.492e-05,2.0,0.00010984
BCD/BTC,1572481165167,2019-10-31T00:19:25.167Z,sell,5.482e-05,3.0,0.00016446
BCD/BTC,1572481165167,2019-10-31T00:19:25.167Z,sell,5.476e-05,361.0,0.01976836
BCD/BTC,1572481217983,2019-10-31T00:20:17.983Z,buy,5.52e-05,4.0,0.0002208
BCD/BTC,1572481433404,2019-10-31T00:23:53.404Z,buy,5.522e-05,2.0,0.00011044
BCD/BTC,1572481433404,2019-10-31T00:23:53.404Z,buy,5.523e-05,85.0,0.00469455
BCD/BTC,1572481433411,2019-10-31T00:23:53.411Z,buy,5.523e-05,30.0,0.0016569
BCD/BTC,1572481433519,2019-10-31T00:23:53.519Z,buy,5.523e-05,109.0,0.00602007
BCD/BTC,1572481434915,2019-10-31T00:23:54.915Z,buy,5.524e-05,444.0,0.02452656
BCD/BTC,1572481435149,2019-10-31T00:23:55.149Z,buy,5.524e-05,384.0,0.02121216
BCD/BTC,1572481453775,2019-10-31T00:24:13.775Z,buy,5.524e-05,30.0,0.0016572
BCD/BTC,1572481655662,2019-10-31T00:27:35.662Z,buy,5.523e-05,2.0,0.00011046
BCD/BTC,1572481655745,2019-10-31T00:27:35.745Z,buy,5.524e-05,20.0,0.0011048
BCD/BTC,1572481662064,2019-10-31T00:27:42.064Z,sell,5.523e-05,86.0,0.0047497799999999
BCD/BTC,1572482294777,2019-10-31T00:38:14.777Z,buy,5.525e-05,1.0,5.525e-05
BCD/BTC,1572482532711,2019-10-31T00:42:12.711Z,buy,5.524e-05,115.0,0.0063526
BCD/BTC,1572482532711,2019-10-31T00:42:12.711Z,buy,5.525e-05,887.0,0.04900675
BCD/BTC,1572482532712,2019-10-31T00:42:12.712Z,buy,5.525e-05,399.0,0.02204475
BCD/BTC,1572482532741,2019-10-31T00:42:12.741Z,buy,5.525e-05,22.0,0.0012155
BCD/BTC,1572482532959,2019-10-31T00:42:12.959Z,buy,5.525e-05,30.0,0.0016575
BCD/BTC,1572482532967,2019-10-31T00:42:12.967Z,buy,5.525e-05,30.0,0.0016575
BCD/BTC,1572482532967,2019-10-31T00:42:12.967Z,buy,5.525e-05,30.0,0.0016575
BCD/BTC,1572482922965,2019-10-31T00:48:42.965Z,buy,5.525e-05,1.0,5.525e-05
BCD/BTC,1572482985723,2019-10-31T00:49:45.723Z,sell,5.506e-05,30.0,0.0016518
BCD/BTC,1572483001578,2019-10-31T00:50:01.578Z,sell,5.505e-05,30.0,0.0016515
BCD/BTC,1572483003042,2019-10-31T00:50:03.042Z,sell,5.505e-05,30.0,0.0016515
BCD/BTC,1572483007794,2019-10-31T00:50:07.794Z,buy,5.524e-05,1.0,5.524e-05
BCD/BTC,1572483080633,2019-10-31T00:51:20.633Z,buy,5.524e-05,1.0,5.524e-05
BCD/BTC,1572483164139,2019-10-31T00:52:44.139Z,buy,5.525e-05,1.0,5.525e-05
BCD/BTC,1572483403507,2019-10-31T00:56:43.507Z,buy,5.505e-05,669.0,0.03682845
BCD/BTC,1572483403581,2019-10-31T00:56:43.581Z,buy,5.525e-05,25.0,0.00138125
BCD/BTC,1572483439191,2019-10-31T00:57:19.191Z,buy,5.524e-05,3.0,0.00016572
BCD/BTC,1572483439191,2019-10-31T00:57:19.191Z,buy,5.525e-05,472.0,0.026078
BCD/BTC,1572483446104,2019-10-31T00:57:26.104Z,buy,5.525e-05,944.0,0.052156
BCD/BTC,1572483727627,2019-10-31T01:02:07.627Z,buy,5.529e-05,1.0,5.529e-05
BCD/BTC,1572484100581,2019-10-31T01:08:20.581Z,buy,5.528e-05,200.0,0.011056
BCD/BTC,1572484132159,2019-10-31T01:08:52.159Z,buy,5.529e-05,1.0,5.529e-05
BCD/BTC,1572484176736,2019-10-31T01:09:36.736Z,buy,5.529e-05,3.0,0.00016587
BCD/BTC,1572484176736,2019-10-31T01:09:36.736Z,buy,5.534e-05,3.0,0.00016602
BCD/BTC,1572484176736,2019-10-31T01:09:36.736Z,buy,5.537e-05,23.0,0.00127351
BCD/BTC,1572484176736,2019-10-31T01:09:36.736Z,buy,5.538e-05,233.0,0.01290354
BCD/BTC,1572484412312,2019-10-31T01:13:32.312Z,buy,5.538e-05,2.0,0.00011076
BCD/BTC,1572484412312,2019-10-31T01:13:32.312Z,buy,5.539e-05,13.0,0.00072007
BCD/BTC,1572484412312,2019-10-31T01:13:32.312Z,buy,5.551e-05,12.0,0.00066612
BCD/BTC,1572484412312,2019-10-31T01:13:32.312Z,buy,5.554e-05,33.0,0.00183282
BCD/BTC,1572484412312,2019-10-31T01:13:32.312Z,buy,5.559e-05,39.0,0.00216801
BCD/BTC,1572484412312,2019-10-31T01:13:32.312Z,buy,5.561e-05,260.0,0.0144586
BCD/BTC,1572484654372,2019-10-31T01:17:34.372Z,buy,5.56e-05,264.0,0.0146784
BCD/BTC,1572484654372,2019-10-31T01:17:34.372Z,buy,5.561e-05,16.0,0.00088976
BCD/BTC,1572485140641,2019-10-31T01:25:40.641Z,sell,5.528e-05,604.0,0.03338912
BCD/BTC,1572485140641,2019-10-31T01:25:40.641Z,sell,5.527e-05,2.0,0.00011054
BCD/BTC,1572485140641,2019-10-31T01:25:40.641Z,sell,5.526e-05,72.0,0.00397872
BCD/BTC,1572485140641,2019-10-31T01:25:40.641Z,sell,5.505e-05,41.0,0.00225705
BCD/BTC,1572485140673,2019-10-31T01:25:40.673Z,buy,5.5e-05,398.0,0.02189
BCD/BTC,1572485140677,2019-10-31T01:25:40.677Z,buy,5.5e-05,36.0,0.00198
BCD/BTC,1572485140685,2019-10-31T01:25:40.685Z,buy,5.5e-05,9.0,0.000495
BCD/BTC,1572485140797,2019-10-31T01:25:40.797Z,buy,5.5e-05,3000.0,0.165
BCD/BTC,1572485140819,2019-10-31T01:25:40.819Z,buy,5.5e-05,194.0,0.01067
BCD/BTC,1572485141166,2019-10-31T01:25:41.166Z,buy,5.514e-05,74.0,0.00408036
BCD/BTC,1572485141166,2019-10-31T01:25:41.166Z,buy,5.536e-05,135.0,0.0074735999999999
BCD/BTC,1572485141166,2019-10-31T01:25:41.166Z,buy,5.561e-05,512.0,0.02847232
BCD/BTC,1572485141166,2019-10-31T01:25:41.166Z,buy,5.562e-05,180.0,0.0100116
BCD/BTC,1572485141166,2019-10-31T01:25:41.166Z,buy,5.563e-05,5.0,0.00027815
BCD/BTC,1572485141166,2019-10-31T01:25:41.166Z,buy,5.569e-05,351.0,0.01954719
BCD/BTC,1572485141166,2019-10-31T01:25:41.166Z,buy,5.571e-05,69.0,0.00384399
BCD/BTC,1572485141166,2019-10-31T01:25:41.166Z,buy,5.572e-05,23.0,0.00128156
BCD/BTC,1572485141166,2019-10-31T01:25:41.166Z,buy,5.578e-05,17.0,0.0009482599999999
BCD/BTC,1572485141166,2019-10-31T01:25:41.166Z,buy,5.581e-05,18.0,0.00100458
BCD/BTC,1572485141166,2019-10-31T01:25:41.166Z,buy,5.582e-05,2.0,0.00011164
BCD/BTC,1572485141166,2019-10-31T01:25:41.166Z,buy,5.585e-05,19.0,0.00106115
BCD/BTC,1572485141166,2019-10-31T01:25:41.166Z,buy,5.586e-05,13.0,0.00072618
BCD/BTC,1572485141166,2019-10-31T01:25:41.166Z,buy,5.589e-05,59.0,0.00329751
BCD/BTC,1572485141166,2019-10-31T01:25:41.166Z,buy,5.59e-05,24.0,0.0013415999999999
BCD/BTC,1572485141166,2019-10-31T01:25:41.166Z,buy,5.597e-05,35.0,0.00195895
BCD/BTC,1572485141166,2019-10-31T01:25:41.166Z,buy,5.6e-05,373.0,0.020888
BCD/BTC,1572485141166,2019-10-31T01:25:41.166Z,buy,5.603e-05,3.0,0.00016809
BCD/BTC,1572485141166,2019-10-31T01:25:41.166Z,buy,5.605e-05,41.0,0.00229805
BCD/BTC,1572485141166,2019-10-31T01:25:41.166Z,buy,5.619e-05,507.0,0.02848833
BCD/BTC,1572485141463,2019-10-31T01:25:41.463Z,buy,5.619e-05,25.0,0.00140475
BCD/BTC,1572485141477,2019-10-31T01:25:41.477Z,sell,5.529e-05,452.0,0.02499108
BCD/BTC,1572485141481,2019-10-31T01:25:41.481Z,sell,5.529e-05,341.0,0.01885389
BCD/BTC,1572485141654,2019-10-31T01:25:41.654Z,sell,5.529e-05,76.0,0.00420204
BCD/BTC,1572485141687,2019-10-31T01:25:41.687Z,sell,5.53e-05,111.0,0.0061383
BCD/BTC,1572485141688,2019-10-31T01:25:41.688Z,sell,5.53e-05,51.0,0.0028203
BCD/BTC,1572485141688,2019-10-31T01:25:41.688Z,sell,5.529e-05,18.0,0.00099522
BCD/BTC,1572485142524,2019-10-31T01:25:42.524Z,buy,5.538e-05,41.0,0.00227058
BCD/BTC,1572485142839,2019-10-31T01:25:42.839Z,sell,5.571e-05,41.0,0.00228411
BCD/BTC,1572485142858,2019-10-31T01:25:42.858Z,sell,5.569e-05,3.0,0.0001670699999999
BCD/BTC,1572485142858,2019-10-31T01:25:42.858Z,sell,5.563e-05,5.0,0.00027815
BCD/BTC,1572485142971,2019-10-31T01:25:42.971Z,sell,5.539e-05,41.0,0.00227099
BCD/BTC,1572485143138,2019-10-31T01:25:43.138Z,buy,5.557e-05,5.0,0.00027785
BCD/BTC,1572485150455,2019-10-31T01:25:50.455Z,sell,5.539e-05,31.0,0.00171709
BCD/BTC,1572485151255,2019-10-31T01:25:51.255Z,sell,5.539e-05,38.0,0.00210482
BCD/BTC,1572485154359,2019-10-31T01:25:54.359Z,sell,5.539e-05,11.0,0.00060929
BCD/BTC,1572485154359,2019-10-31T01:25:54.359Z,sell,5.537e-05,17.0,0.00094129
BCD/BTC,1572485154359,2019-10-31T01:25:54.359Z,sell,5.535e-05,2.0,0.0001107
BCD/BTC,1572485154426,2019-10-31T01:25:54.426Z,sell,5.535e-05,30.0,0.0016604999999999
BCD/BTC,1572485160187,2019-10-31T01:26:00.187Z,sell,5.535e-05,40.0,0.002214
BCD/BTC,1572485160187,2019-10-31T01:26:00.187Z,sell,5.534e-05,3.0,0.00016602
BCD/BTC,1572485160187,2019-10-31T01:26:00.187Z,sell,5.529e-05,3.0,0.00016587
BCD/BTC,1572485172939,2019-10-31T01:26:12.939Z,sell,5.53e-05,30.0,0.001659
BCD/BTC,1572485174821,2019-10-31T01:26:14.821Z,sell,5.53e-05,31.0,0.0017143
BCD/BTC,1572485175096,2019-10-31T01:26:15.096Z,sell,5.53e-05,46.0,0.0025438
BCD/BTC,1572485175444,2019-10-31T01:26:15.444Z,sell,5.53e-05,30.0,0.001659
BCD/BTC,1572485176278,2019-10-31T01:26:16.278Z,sell,5.53e-05,7.0,0.0003871
BCD/BTC,1572485176278,2019-10-31T01:26:16.278Z,sell,5.529e-05,4.0,0.00022116
BCD/BTC,1572485184496,2019-10-31T01:26:24.496Z,sell,5.529e-05,20.0,0.0011058
BCD/BTC,1572485428954,2019-10-31T01:30:28.954Z,buy,5.553e-05,164.0,0.00910692
BCD/BTC,1572485514741,2019-10-31T01:31:54.741Z,sell,5.533e-05,46.0,0.00254518
BCD/BTC,1572485514741,2019-10-31T01:31:54.741Z,sell,5.533e-05,46.0,0.00254518
BCD/BTC,1572486169682,2019-10-31T01:42:49.682Z,sell,5.532e-05,72.0,0.00398304
BCD/BTC,1572488237501,2019-10-31T02:17:17.501Z,sell,5.509e-05,75.0,0.00413175
BCD/BTC,1572488283317,2019-10-31T02:18:03.317Z,sell,5.51e-05,25.0,0.0013775
BCD/BTC,1572488287238,2019-10-31T02:18:07.238Z,sell,5.51e-05,71.0,0.0039121
BCD/BTC,1572488287666,2019-10-31T02:18:07.666Z,sell,5.511e-05,41.0,0.00225951
BCD/BTC,1572488288381,2019-10-31T02:18:08.381Z,sell,5.511e-05,27.0,0.00148797
BCD/BTC,1572488292071,2019-10-31T02:18:12.071Z,sell,5.512e-05,41.0,0.00225992
BCD/BTC,1572488296582,2019-10-31T02:18:16.582Z,sell,5.513e-05,9.0,0.00049617
BCD/BTC,1572488300247,2019-10-31T02:18:20.247Z,sell,5.514e-05,9.0,0.00049626
BCD/BTC,1572488476083,2019-10-31T02:21:16.083Z,buy,5.544e-05,422.0,0.02339568
BCD/BTC,1572488530682,2019-10-31T02:22:10.682Z,sell,5.519e-05,81.0,0.00447039
BCD/BTC,1572488530682,2019-10-31T02:22:10.682Z,sell,5.516e-05,245.0,0.0135142
BCD/BTC,1572488742497,2019-10-31T02:25:42.497Z,buy,5.543e-05,32.0,0.00177376
BCD/BTC,1572488910332,2019-10-31T02:28:30.332Z,sell,5.52e-05,72.0,0.0039744
BCD/BTC,1572488910332,2019-10-31T02:28:30.332Z,sell,5.519e-05,65.0,0.00358735
BCD/BTC,1572489060379,2019-10-31T02:31:00.379Z,sell,5.511e-05,151.0,0.00832161
BCD/BTC,1572489060379,2019-10-31T02:31:00.379Z,sell,5.511e-05,151.0,0.00832161
BCD/BTC,1572489361262,2019-10-31T02:36:01.262Z,sell,5.509e-05,47.0,0.00258923
BCD/BTC,1572489361262,2019-10-31T02:36:01.262Z,sell,5.506e-05,88.0,0.0048452799999999
BCD/BTC,1572489361264,2019-10-31T02:36:01.264Z,sell,5.506e-05,41.0,0.0022574599999999
BCD/BTC,1572489361264,2019-10-31T02:36:01.264Z,sell,5.505e-05,41.0,0.00225705
BCD/BTC,1572489361264,2019-10-31T02:36:01.264Z,sell,5.499e-05,3.0,0.00016497
BCD/BTC,1572489361264,2019-10-31T02:36:01.264Z,sell,5.498e-05,148.0,0.00813704
BCD/BTC,1572489361264,2019-10-31T02:36:01.264Z,sell,5.497e-05,891.0,0.04897827
BCD/BTC,1572489361264,2019-10-31T02:36:01.264Z,sell,5.496e-05,153.0,0.00840888
BCD/BTC,1572489361264,2019-10-31T02:36:01.264Z,sell,5.496e-05,11.0,0.00060456
BCD/BTC,1572489361270,2019-10-31T02:36:01.270Z,sell,5.496e-05,384.0,0.02110464
BCD/BTC,1572489361368,2019-10-31T02:36:01.368Z,sell,5.496e-05,499.0,0.02742504
BCD/BTC,1572489361403,2019-10-31T02:36:01.403Z,sell,5.496e-05,217.0,0.01192632
BCD/BTC,1572489361435,2019-10-31T02:36:01.435Z,sell,5.496e-05,22.0,0.00120912
BCD/BTC,1572489361435,2019-10-31T02:36:01.435Z,sell,5.495e-05,5.0,0.00027475
BCD/BTC,1572489361435,2019-10-31T02:36:01.435Z,sell,5.493e-05,13.0,0.00071409
BCD/BTC,1572489361487,2019-10-31T02:36:01.487Z,sell,5.488e-05,43.0,0.00235984
BCD/BTC,1572489361501,2019-10-31T02:36:01.501Z,sell,5.488e-05,36.0,0.00197568
BCD/BTC,1572489361680,2019-10-31T02:36:01.680Z,buy,5.488e-05,572.0,0.03139136
BCD/BTC,1572489361788,2019-10-31T02:36:01.788Z,buy,5.488e-05,104.0,0.00570752
BCD/BTC,1572489362429,2019-10-31T02:36:02.429Z,buy,5.488e-05,25.0,0.001372
BCD/BTC,1572489364148,2019-10-31T02:36:04.148Z,sell,5.483e-05,30.0,0.0016449
BCD/BTC,1572489364273,2019-10-31T02:36:04.273Z,buy,5.488e-05,25.0,0.001372
BCD/BTC,1572489369372,2019-10-31T02:36:09.372Z,sell,5.482e-05,6.0,0.00032892
BCD/BTC,1572489369372,2019-10-31T02:36:09.372Z,sell,5.472e-05,41.0,0.0022435199999999
BCD/BTC,1572489369372,2019-10-31T02:36:09.372Z,sell,5.465e-05,4.0,0.0002186
BCD/BTC,1572489369372,2019-10-31T02:36:09.372Z,sell,5.464e-05,76.0,0.00415264
BCD/BTC,1572489369372,2019-10-31T02:36:09.372Z,sell,5.462e-05,5.0,0.0002731
BCD/BTC,1572489369372,2019-10-31T02:36:09.372Z,sell,5.457e-05,168.0,0.00916776
BCD/BTC,1572489369563,2019-10-31T02:36:09.563Z,sell,5.457e-05,158.0,0.00862206
BCD/BTC,1572489372028,2019-10-31T02:36:12.028Z,sell,5.473e-05,14.0,0.00076622
BCD/BTC,1572489372028,2019-10-31T02:36:12.028Z,sell,5.457e-05,16.0,0.00087312
BCD/BTC,1572489392913,2019-10-31T02:36:32.913Z,sell,5.457e-05,36.0,0.00196452
BCD/BTC,1572489395298,2019-10-31T02:36:35.298Z,sell,5.457e-05,157.0,0.00856749
BCD/BTC,1572489401399,2019-10-31T02:36:41.399Z,sell,5.457e-05,8.0,0.00043656
BCD/BTC,1572489493894,2019-10-31T02:38:13.894Z,sell,5.46e-05,104.0,0.0056784
BCD/BTC,1572489604934,2019-10-31T02:40:04.934Z,buy,5.493e-05,4.0,0.00021972
BCD/BTC,1572489651344,2019-10-31T02:40:51.344Z,sell,5.482e-05,174.0,0.00953868
BCD/BTC,1572489651552,2019-10-31T02:40:51.552Z,sell,5.482e-05,43.0,0.00235726
BCD/BTC,1572489652717,2019-10-31T02:40:52.717Z,buy,5.477e-05,136.0,0.00744872
BCD/BTC,1572489652717,2019-10-31T02:40:52.717Z,buy,5.487e-05,45.0,0.00246915
BCD/BTC,1572489693662,2019-10-31T02:41:33.662Z,buy,5.485e-05,76.0,0.0041686
BCD/BTC,1572489735549,2019-10-31T02:42:15.549Z,sell,5.467e-05,60.0,0.0032801999999999
BCD/BTC,1572489780451,2019-10-31T02:43:00.451Z,sell,5.469e-05,40.0,0.0021876
BCD/BTC,1572489848317,2019-10-31T02:44:08.317Z,sell,5.47e-05,10.0,0.000547
BCD/BTC,1572489938959,2019-10-31T02:45:38.959Z,buy,5.493e-05,4.0,0.00021972
BCD/BTC,1572489979069,2019-10-31T02:46:19.069Z,sell,5.465e-05,92.0,0.0050278
BCD/BTC,1572489979922,2019-10-31T02:46:19.922Z,sell,5.465e-05,6.0,0.0003279
BCD/BTC,1572489979922,2019-10-31T02:46:19.922Z,sell,5.463e-05,19.0,0.00103797
BCD/BTC,1572489980893,2019-10-31T02:46:20.893Z,sell,5.463e-05,25.0,0.00136575
BCD/BTC,1572490100305,2019-10-31T02:48:20.305Z,sell,5.49e-05,177.0,0.0097173
BCD/BTC,1572490117137,2019-10-31T02:48:37.137Z,sell,5.463e-05,3.0,0.0001638899999999
BCD/BTC,1572490117137,2019-10-31T02:48:37.137Z,sell,5.461e-05,34.0,0.00185674
BCD/BTC,1572490117137,2019-10-31T02:48:37.137Z,sell,5.46e-05,73.0,0.0039858
BCD/BTC,1572490117137,2019-10-31T02:48:37.137Z,sell,5.459e-05,49.0,0.00267491
BCD/BTC,1572490303634,2019-10-31T02:51:43.634Z,sell,5.459e-05,133.0,0.00726047
BCD/BTC,1572490303634,2019-10-31T02:51:43.634Z,sell,5.457e-05,2.0,0.00010914
BCD/BTC,1572490303634,2019-10-31T02:51:43.634Z,sell,5.456e-05,275.0,0.015004
BCD/BTC,1572490303634,2019-10-31T02:51:43.634Z,sell,5.455e-05,17.0,0.00092735
BCD/BTC,1572490303634,2019-10-31T02:51:43.634Z,sell,5.451e-05,536.0,0.0292173599999999
BCD/BTC,1572490303634,2019-10-31T02:51:43.634Z,sell,5.45e-05,1226.0,0.066817
BCD/BTC,1572490303634,2019-10-31T02:51:43.634Z,sell,5.45e-05,8.0,0.000436
BCD/BTC,1572490319767,2019-10-31T02:51:59.767Z,sell,5.451e-05,112.0,0.0061051199999999
BCD/BTC,1572490328997,2019-10-31T02:52:08.997Z,sell,5.452e-05,5.0,0.0002726
BCD/BTC,1572490336671,2019-10-31T02:52:16.671Z,buy,5.48e-05,3.0,0.0001643999999999
BCD/BTC,1572490384649,2019-10-31T02:53:04.649Z,sell,5.453e-05,265.0,0.01445045
BCD/BTC,1572490384649,2019-10-31T02:53:04.649Z,sell,5.451e-05,806.0,0.04393506
BCD/BTC,1572490384649,2019-10-31T02:53:04.649Z,sell,5.45e-05,1954.0,0.106493
BCD/BTC,1572490389498,2019-10-31T02:53:09.498Z,buy,5.483e-05,5.0,0.00027415
BCD/BTC,1572490714118,2019-10-31T02:58:34.118Z,sell,5.457e-05,453.0,0.02472021
BCD/BTC,1572490714118,2019-10-31T02:58:34.118Z,sell,5.456e-05,1256.0,0.06852736
BCD/BTC,1572490729266,2019-10-31T02:58:49.266Z,sell,5.456e-05,100.0,0.005456
BCD/BTC,1572490761298,2019-10-31T02:59:21.298Z,sell,5.451e-05,50.0,0.0027255
BCD/BTC,1572490761298,2019-10-31T02:59:21.298Z,sell,5.449e-05,467.0,0.02544683
BCD/BTC,1572490761508,2019-10-31T02:59:21.508Z,sell,5.449e-05,50.0,0.0027245
BCD/BTC,1572490761508,2019-10-31T02:59:21.508Z,sell,5.446e-05,30.0,0.0016338
BCD/BTC,1572490761548,2019-10-31T02:59:21.548Z,buy,5.447e-05,27.0,0.00147069
BCD/BTC,1572490761602,2019-10-31T02:59:21.602Z,buy,5.447e-05,116.0,0.00631852
BCD/BTC,1572490761641,2019-10-31T02:59:21.641Z,buy,5.447e-05,28.0,0.00152516
BCD/BTC,1572490761641,2019-10-31T02:59:21.641Z,buy,5.447e-05,9.0,0.00049023
BCD/BTC,1572491435910,2019-10-31T03:10:35.910Z,sell,5.447e-05,10.0,0.0005447
BCD/BTC,1572491445842,2019-10-31T03:10:45.842Z,buy,5.468e-05,20.0,0.0010936
BCD/BTC,1572491448625,2019-10-31T03:10:48.625Z,buy,5.468e-05,12.0,0.00065616
BCD/BTC,1572491457567,2019-10-31T03:10:57.567Z,buy,5.468e-05,23.0,0.00125764
BCD/BTC,1572491594211,2019-10-31T03:13:14.211Z,buy,5.451e-05,64.0,0.00348864
BCD/BTC,1572491608294,2019-10-31T03:13:28.294Z,sell,5.447e-05,691.0,0.03763877
BCD/BTC,1572491608317,2019-10-31T03:13:28.317Z,sell,5.447e-05,34.0,0.00185198
BCD/BTC,1572491608335,2019-10-31T03:13:28.335Z,sell,5.447e-05,1592.0,0.08671624
BCD/BTC,1572491608353,2019-10-31T03:13:28.353Z,sell,5.447e-05,311.0,0.01694017
BCD/BTC,1572491608397,2019-10-31T03:13:28.397Z,sell,5.447e-05,327.0,0.0178116899999999
BCD/BTC,1572491608397,2019-10-31T03:13:28.397Z,sell,5.446e-05,173.0,0.0094215799999999
BCD/BTC,1572491608475,2019-10-31T03:13:28.475Z,sell,5.446e-05,539.0,0.02935394
BCD/BTC,1572491608487,2019-10-31T03:13:28.487Z,sell,5.446e-05,50.0,0.0027229999999999
BCD/BTC,1572491652034,2019-10-31T03:14:12.034Z,sell,5.446e-05,3159.0,0.1720391399999999
BCD/BTC,1572491665811,2019-10-31T03:14:25.811Z,buy,5.45e-05,28.0,0.001526
BCD/BTC,1572491768677,2019-10-31T03:16:08.677Z,buy,5.448e-05,73.0,0.00397704
BCD/BTC,1572491768761,2019-10-31T03:16:08.761Z,buy,5.448e-05,78.0,0.00424944
BCD/BTC,1572491863012,2019-10-31T03:17:43.012Z,sell,5.446e-05,1142.0,0.0621933199999999
BCD/BTC,1572491937986,2019-10-31T03:18:57.986Z,sell,5.446e-05,79.0,0.00430234
BCD/BTC,1572491974013,2019-10-31T03:19:34.013Z,sell,5.446e-05,563.0,0.0306609799999999
BCD/BTC,1572491998058,2019-10-31T03:19:58.058Z,sell,5.446e-05,1437.0,0.07825902
BCD/BTC,1572491998058,2019-10-31T03:19:58.058Z,sell,5.445e-05,309.0,0.01682505
BCD/BTC,1572491998864,2019-10-31T03:19:58.864Z,sell,5.439e-05,32.0,0.00174048
BCD/BTC,1572491999447,2019-10-31T03:19:59.447Z,sell,5.439e-05,9.0,0.00048951
BCD/BTC,1572491999447,2019-10-31T03:19:59.447Z,sell,5.436e-05,25.0,0.001359
BCD/BTC,1572491999447,2019-10-31T03:19:59.447Z,sell,5.43e-05,41.0,0.0022263
BCD/BTC,1572491999447,2019-10-31T03:19:59.447Z,sell,5.429e-05,8.0,0.00043432
BCD/BTC,1572491999447,2019-10-31T03:19:59.447Z,sell,5.427e-05,299.0,0.01622673
BCD/BTC,1572492167545,2019-10-31T03:22:47.545Z,sell,5.427e-05,200.0,0.010854
BCD/BTC,1572492215684,2019-10-31T03:23:35.684Z,sell,5.427e-05,1249.0,0.06778323
BCD/BTC,1572492215684,2019-10-31T03:23:35.684Z,sell,5.424e-05,209.0,0.01133616
BCD/BTC,1572492219089,2019-10-31T03:23:39.089Z,buy,5.454e-05,366.0,0.01996164
BCD/BTC,1572492219089,2019-10-31T03:23:39.089Z,buy,5.455e-05,243.0,0.0132556499999999
BCD/BTC,1572492219089,2019-10-31T03:23:39.089Z,buy,5.457e-05,186.0,0.01015002
BCD/BTC,1572492219089,2019-10-31T03:23:39.089Z,buy,5.462e-05,4.0,0.00021848
BCD/BTC,1572492220595,2019-10-31T03:23:40.595Z,sell,5.426e-05,17.0,0.00092242
BCD/BTC,1572492233896,2019-10-31T03:23:53.896Z,buy,5.46e-05,4.0,0.0002184
BCD/BTC,1572492452973,2019-10-31T03:27:32.973Z,buy,5.462e-05,1.0,5.462e-05
BCD/BTC,1572492452973,2019-10-31T03:27:32.973Z,buy,5.462e-05,1.0,5.462e-05
BCD/BTC,1572492950863,2019-10-31T03:35:50.863Z,sell,5.462e-05,18.0,0.00098316
BCD/BTC,1572493001652,2019-10-31T03:36:41.652Z,buy,5.462e-05,62.0,0.00338644
BCD/BTC,1572493191946,2019-10-31T03:39:51.946Z,buy,5.457e-05,47.0,0.00256479
BCD/BTC,1572493321584,2019-10-31T03:42:01.584Z,buy,5.454e-05,126.0,0.00687204
BCD/BTC,1572493339922,2019-10-31T03:42:19.922Z,buy,5.454e-05,12.0,0.00065448
BCD/BTC,1572493832543,2019-10-31T03:50:32.543Z,buy,5.464e-05,3.0,0.00016392
BCD/BTC,1572493832543,2019-10-31T03:50:32.543Z,buy,5.468e-05,385.0,0.0210518
BCD/BTC,1572493832543,2019-10-31T03:50:32.543Z,buy,5.472e-05,41.0,0.0022435199999999
BCD/BTC,1572493836914,2019-10-31T03:50:36.914Z,buy,5.482e-05,189.0,0.01036098
BCD/BTC,1572493865316,2019-10-31T03:51:05.316Z,buy,5.482e-05,197.0,0.01079954
BCD/BTC,1572493865542,2019-10-31T03:51:05.542Z,buy,5.482e-05,79.0,0.00433078
BCD/BTC,1572493865542,2019-10-31T03:51:05.542Z,buy,5.484e-05,86.0,0.00471624
BCD/BTC,1572493905206,2019-10-31T03:51:45.206Z,buy,5.476e-05,159.0,0.00870684
BCD/BTC,1572493905219,2019-10-31T03:51:45.219Z,buy,5.476e-05,28.0,0.00153328
BCD/BTC,1572493940735,2019-10-31T03:52:20.735Z,buy,5.482e-05,30.0,0.0016446
BCD/BTC,1572493940755,2019-10-31T03:52:20.755Z,buy,5.482e-05,9.0,0.00049338
BCD/BTC,1572493940905,2019-10-31T03:52:20.905Z,buy,5.482e-05,37.0,0.00202834
BCD/BTC,1572493940947,2019-10-31T03:52:20.947Z,buy,5.482e-05,30.0,0.0016446
BCD/BTC,1572493940954,2019-10-31T03:52:20.954Z,buy,5.482e-05,9.0,0.00049338
BCD/BTC,1572493941737,2019-10-31T03:52:21.737Z,buy,5.482e-05,52.0,0.00285064
BCD/BTC,1572493959818,2019-10-31T03:52:39.818Z,buy,5.482e-05,35.0,0.0019187
BCD/BTC,1572493959818,2019-10-31T03:52:39.818Z,buy,5.484e-05,34.0,0.00186456
BCD/BTC,1572493959821,2019-10-31T03:52:39.821Z,buy,5.484e-05,75.0,0.0041129999999999
BCD/BTC,1572493967884,2019-10-31T03:52:47.884Z,buy,5.484e-05,3.0,0.0001645199999999
BCD/BTC,1572493967884,2019-10-31T03:52:47.884Z,buy,5.487e-05,119.0,0.00652953
BCD/BTC,1572493967884,2019-10-31T03:52:47.884Z,buy,5.487e-05,68.0,0.00373116
BCD/BTC,1572493967976,2019-10-31T03:52:47.976Z,sell,5.488e-05,60.0,0.0032928
BCD/BTC,1572493970487,2019-10-31T03:52:50.487Z,buy,5.49e-05,205.0,0.0112545
BCD/BTC,1572493970487,2019-10-31T03:52:50.487Z,buy,5.492e-05,40.0,0.0021968
BCD/BTC,1572493971128,2019-10-31T03:52:51.128Z,buy,5.492e-05,9.0,0.00049428
BCD/BTC,1572494061067,2019-10-31T03:54:21.067Z,buy,5.488e-05,166.0,0.00911008
BCD/BTC,1572494061067,2019-10-31T03:54:21.067Z,buy,5.489e-05,12.0,0.00065868
BCD/BTC,1572494063500,2019-10-31T03:54:23.500Z,buy,5.489e-05,138.0,0.0075748199999999
BCD/BTC,1572494072055,2019-10-31T03:54:32.055Z,buy,5.488e-05,11.0,0.00060368
BCD/BTC,1572494092211,2019-10-31T03:54:52.211Z,buy,5.488e-05,33.0,0.00181104
BCD/BTC,1572494094118,2019-10-31T03:54:54.118Z,buy,5.489e-05,31.0,0.00170159
BCD/BTC,1572494095078,2019-10-31T03:54:55.078Z,buy,5.488e-05,34.0,0.00186592
BCD/BTC,1572494096215,2019-10-31T03:54:56.215Z,buy,5.488e-05,10.0,0.0005488
BCD/BTC,1572494132636,2019-10-31T03:55:32.636Z,buy,5.486e-05,2.0,0.00010972
BCD/BTC,1572494132636,2019-10-31T03:55:32.636Z,buy,5.487e-05,51.0,0.00279837
BCD/BTC,1572494165348,2019-10-31T03:56:05.348Z,buy,5.489e-05,17.0,0.00093313
BCD/BTC,1572494165348,2019-10-31T03:56:05.348Z,buy,5.492e-05,110.0,0.0060412
BCD/BTC,1572494181959,2019-10-31T03:56:21.959Z,buy,5.492e-05,128.0,0.00702976
BCD/BTC,1572494181959,2019-10-31T03:56:21.959Z,buy,5.493e-05,73.0,0.0040098899999999
BCD/BTC,1572494182632,2019-10-31T03:56:22.632Z,buy,5.492e-05,138.0,0.00757896
BCD/BTC,1572494242493,2019-10-31T03:57:22.493Z,sell,5.482e-05,115.0,0.0063043
BCD/BTC,1572494634796,2019-10-31T04:03:54.796Z,sell,5.487e-05,279.0,0.01530873
BCD/BTC,1572494708459,2019-10-31T04:05:08.459Z,buy,5.493e-05,142.0,0.0078000599999999
BCD/BTC,1572494716024,2019-10-31T04:05:16.024Z,buy,5.493e-05,302.0,0.01658886
BCD/BTC,1572494717192,2019-10-31T04:05:17.192Z,buy,5.493e-05,4.0,0.00021972
BCD/BTC,1572494916318,2019-10-31T04:08:36.318Z,buy,5.493e-05,394.0,0.02164242
BCD/BTC,1572494916382,2019-10-31T04:08:36.382Z,buy,5.493e-05,131.0,0.0071958299999999
BCD/BTC,1572494916382,2019-10-31T04:08:36.382Z,buy,5.494e-05,29.0,0.00159326
BCD/BTC,1572494916508,2019-10-31T04:08:36.508Z,buy,5.494e-05,36.0,0.00197784
BCD/BTC,1572494989889,2019-10-31T04:09:49.889Z,buy,5.494e-05,7.0,0.00038458
BCD/BTC,1572494989889,2019-10-31T04:09:49.889Z,buy,5.495e-05,2.0,0.0001099
BCD/BTC,1572495006563,2019-10-31T04:10:06.563Z,buy,5.495e-05,3.0,0.00016485
BCD/BTC,1572495006563,2019-10-31T04:10:06.563Z,buy,5.496e-05,11.0,0.00060456
BCD/BTC,1572495456359,2019-10-31T04:17:36.359Z,buy,5.496e-05,6.0,0.00032976
BCD/BTC,1572495456359,2019-10-31T04:17:36.359Z,buy,5.499e-05,3.0,0.00016497
BCD/BTC,1572496015339,2019-10-31T04:26:55.339Z,sell,5.482e-05,364.0,0.01995448
BCD/BTC,1572496015339,2019-10-31T04:26:55.339Z,sell,5.481e-05,72.0,0.00394632
BCD/BTC,1572496015339,2019-10-31T04:26:55.339Z,sell,5.482e-05,364.0,0.01995448
BCD/BTC,1572496015339,2019-10-31T04:26:55.339Z,sell,5.481e-05,72.0,0.00394632
BCD/BTC,1572496504656,2019-10-31T04:35:04.656Z,sell,5.481e-05,2.0,0.00010962
BCD/BTC,1572496504656,2019-10-31T04:35:04.656Z,sell,5.47e-05,29.0,0.0015863
BCD/BTC,1572497386579,2019-10-31T04:49:46.579Z,sell,5.471e-05,233.0,0.01274743
BCD/BTC,1572497386579,2019-10-31T04:49:46.579Z,sell,5.47e-05,65.0,0.0035555
BCD/BTC,1572497546671,2019-10-31T04:52:26.671Z,buy,5.491e-05,36.0,0.00197676
BCD/BTC,1572497546750,2019-10-31T04:52:26.750Z,buy,5.491e-05,67.0,0.00367897
BCD/BTC,1572497546853,2019-10-31T04:52:26.853Z,buy,5.491e-05,51.0,0.00280041
BCD/BTC,1572497547782,2019-10-31T04:52:27.782Z,buy,5.491e-05,210.0,0.0115311
BCD/BTC,1572497552285,2019-10-31T04:52:32.285Z,buy,5.492e-05,61.0,0.00335012
BCD/BTC,1572497646563,2019-10-31T04:54:06.563Z,sell,5.477e-05,178.0,0.00974906
BCD/BTC,1572497646563,2019-10-31T04:54:06.563Z,sell,5.476e-05,365.0,0.0199874
BCD/BTC,1572497646563,2019-10-31T04:54:06.563Z,sell,5.475e-05,517.0,0.02830575
BCD/BTC,1572497648699,2019-10-31T04:54:08.699Z,sell,5.477e-05,116.0,0.00635332
BCD/BTC,1572497714488,2019-10-31T04:55:14.488Z,buy,5.493e-05,122.0,0.0067014599999999
BCD/BTC,1572497714573,2019-10-31T04:55:14.573Z,buy,5.493e-05,98.0,0.00538314
BCD/BTC,1572497714681,2019-10-31T04:55:14.681Z,buy,5.493e-05,59.0,0.00324087
BCD/BTC,1572497715709,2019-10-31T04:55:15.709Z,buy,5.493e-05,61.0,0.0033507299999999
BCD/BTC,1572497731899,2019-10-31T04:55:31.899Z,sell,5.474e-05,340.0,0.0186116
BCD/BTC,1572497790482,2019-10-31T04:56:30.482Z,buy,5.492e-05,67.0,0.00367964
BCD/BTC,1572497790513,2019-10-31T04:56:30.513Z,buy,5.492e-05,84.0,0.00461328
BCD/BTC,1572497949996,2019-10-31T04:59:09.996Z,buy,5.495e-05,125.0,0.00686875
BCD/BTC,1572497950223,2019-10-31T04:59:10.223Z,buy,5.495e-05,30.0,0.0016485
BCD/BTC,1572497950280,2019-10-31T04:59:10.280Z,buy,5.495e-05,47.0,0.00258265
BCD/BTC,1572497952323,2019-10-31T04:59:12.323Z,buy,5.495e-05,163.0,0.00895685
BCD/BTC,1572497952323,2019-10-31T04:59:12.323Z,buy,5.496e-05,17.0,0.00093432
BCD/BTC,1572497952353,2019-10-31T04:59:12.353Z,buy,5.496e-05,34.0,0.00186864
BCD/BTC,1572497952504,2019-10-31T04:59:12.504Z,buy,5.496e-05,81.0,0.00445176
BCD/BTC,1572497952690,2019-10-31T04:59:12.690Z,buy,5.496e-05,51.0,0.00280296
BCD/BTC,1572497956935,2019-10-31T04:59:16.935Z,buy,5.496e-05,38.0,0.00208848
BCD/BTC,1572497956935,2019-10-31T04:59:16.935Z,buy,5.498e-05,26.0,0.00142948
BCD/BTC,1572497990701,2019-10-31T04:59:50.701Z,sell,5.48e-05,127.0,0.0069596
BCD/BTC,1572498049096,2019-10-31T05:00:49.096Z,sell,5.479e-05,96.0,0.00525984
BCD/BTC,1572498051587,2019-10-31T05:00:51.587Z,sell,5.478e-05,257.0,0.01407846
BCD/BTC,1572498336521,2019-10-31T05:05:36.521Z,buy,5.491e-05,87.0,0.00477717
BCD/BTC,1572498336742,2019-10-31T05:05:36.742Z,buy,5.491e-05,30.0,0.0016473
BCD/BTC,1572498337629,2019-10-31T05:05:37.629Z,buy,5.492e-05,103.0,0.00565676
BCD/BTC,1572498400851,2019-10-31T05:06:40.851Z,buy,5.493e-05,45.0,0.00247185
BCD/BTC,1572498403133,2019-10-31T05:06:43.133Z,buy,5.493e-05,57.0,0.00313101
BCD/BTC,1572498404138,2019-10-31T05:06:44.138Z,buy,5.493e-05,23.0,0.0012633899999999
BCD/BTC,1572498433832,2019-10-31T05:07:13.832Z,buy,5.494e-05,31.0,0.00170314
BCD/BTC,1572498433853,2019-10-31T05:07:13.853Z,buy,5.494e-05,32.0,0.00175808
BCD/BTC,1572498977912,2019-10-31T05:16:17.912Z,sell,5.475e-05,9.0,0.00049275
BCD/BTC,1572498988705,2019-10-31T05:16:28.705Z,sell,5.477e-05,341.0,0.01867657
BCD/BTC,1572498988705,2019-10-31T05:16:28.705Z,sell,5.476e-05,88.0,0.0048188799999999
BCD/BTC,1572499001746,2019-10-31T05:16:41.746Z,sell,5.475e-05,62.0,0.0033945
BCD/BTC,1572499001746,2019-10-31T05:16:41.746Z,sell,5.475e-05,62.0,0.0033945
BCD/BTC,1572500174234,2019-10-31T05:36:14.234Z,sell,5.47e-05,289.0,0.0158083
BCD/BTC,1572500338349,2019-10-31T05:38:58.349Z,buy,5.465e-05,37.0,0.00202205
BCD/BTC,1572500338415,2019-10-31T05:38:58.415Z,buy,5.465e-05,19.0,0.00103835
BCD/BTC,1572500338537,2019-10-31T05:38:58.537Z,buy,5.465e-05,19.0,0.00103835
BCD/BTC,1572500338791,2019-10-31T05:38:58.791Z,buy,5.465e-05,66.0,0.0036069
BCD/BTC,1572500338911,2019-10-31T05:38:58.911Z,buy,5.465e-05,92.0,0.0050278
BCD/BTC,1572500348160,2019-10-31T05:39:08.160Z,buy,5.465e-05,2.0,0.0001093
BCD/BTC,1572500403160,2019-10-31T05:40:03.160Z,buy,5.465e-05,91.0,0.00497315
BCD/BTC,1572500403227,2019-10-31T05:40:03.227Z,buy,5.465e-05,10.0,0.0005465
BCD/BTC,1572500403277,2019-10-31T05:40:03.277Z,buy,5.465e-05,4.0,0.0002186
BCD/BTC,1572500403526,2019-10-31T05:40:03.526Z,buy,5.465e-05,15.0,0.00081975
BCD/BTC,1572500403668,2019-10-31T05:40:03.668Z,buy,5.465e-05,69.0,0.00377085
BCD/BTC,1572500403739,2019-10-31T05:40:03.739Z,buy,5.465e-05,39.0,0.00213135
BCD/BTC,1572500403777,2019-10-31T05:40:03.777Z,buy,5.465e-05,18.0,0.0009837
BCD/BTC,1572500404172,2019-10-31T05:40:04.172Z,buy,5.465e-05,29.0,0.00158485
BCD/BTC,1572500404458,2019-10-31T05:40:04.458Z,buy,5.465e-05,70.0,0.0038255
BCD/BTC,1572500404458,2019-10-31T05:40:04.458Z,buy,5.465e-05,27.0,0.00147555
BCD/BTC,1572500404614,2019-10-31T05:40:04.614Z,buy,5.472e-05,122.0,0.00667584
BCD/BTC,1572500404614,2019-10-31T05:40:04.614Z,buy,5.473e-05,71.0,0.00388583
BCD/BTC,1572500404614,2019-10-31T05:40:04.614Z,buy,5.483e-05,183.0,0.01003389
BCD/BTC,1572500404614,2019-10-31T05:40:04.614Z,buy,5.489e-05,72.0,0.00395208
BCD/BTC,1572500404614,2019-10-31T05:40:04.614Z,buy,5.498e-05,52.0,0.00285896
BCD/BTC,1572500404680,2019-10-31T05:40:04.680Z,buy,5.482e-05,55.0,0.0030151
BCD/BTC,1572500404838,2019-10-31T05:40:04.838Z,buy,5.482e-05,26.0,0.00142532
BCD/BTC,1572500404838,2019-10-31T05:40:04.838Z,buy,5.498e-05,155.0,0.0085219
BCD/BTC,1572500404864,2019-10-31T05:40:04.864Z,buy,5.482e-05,54.0,0.00296028
BCD/BTC,1572500404864,2019-10-31T05:40:04.864Z,buy,5.498e-05,168.0,0.0092366399999999
BCD/BTC,1572500404864,2019-10-31T05:40:04.864Z,buy,5.499e-05,395.0,0.02172105
BCD/BTC,1572500404864,2019-10-31T05:40:04.864Z,buy,5.504e-05,194.0,0.01067776
BCD/BTC,1572500404864,2019-10-31T05:40:04.864Z,buy,5.505e-05,41.0,0.00225705
BCD/BTC,1572500404892,2019-10-31T05:40:04.892Z,sell,5.506e-05,129.0,0.00710274
BCD/BTC,1572500404908,2019-10-31T05:40:04.908Z,sell,5.506e-05,100.0,0.005506
BCD/BTC,1572500404912,2019-10-31T05:40:04.912Z,sell,5.506e-05,65.0,0.0035789
BCD/BTC,1572500404953,2019-10-31T05:40:04.953Z,sell,5.506e-05,73.0,0.0040193799999999
BCD/BTC,1572500405001,2019-10-31T05:40:05.001Z,sell,5.506e-05,76.0,0.0041845599999999
BCD/BTC,1572500405002,2019-10-31T05:40:05.002Z,sell,5.506e-05,76.0,0.0041845599999999
BCD/BTC,1572500405106,2019-10-31T05:40:05.106Z,sell,5.506e-05,81.0,0.0044598599999999
BCD/BTC,1572500405345,2019-10-31T05:40:05.345Z,sell,5.506e-05,33.0,0.00181698
BCD/BTC,1572500405723,2019-10-31T05:40:05.723Z,sell,5.506e-05,94.0,0.00517564
BCD/BTC,1572500405857,2019-10-31T05:40:05.857Z,buy,5.51e-05,40.0,0.002204
BCD/BTC,1572500406728,2019-10-31T05:40:06.728Z,sell,5.506e-05,25.0,0.0013765
BCD/BTC,1572500407793,2019-10-31T05:40:07.793Z,sell,5.506e-05,25.0,0.0013765
BCD/BTC,1572500407989,2019-10-31T05:40:07.989Z,buy,5.51e-05,14.0,0.0007714
BCD/BTC,1572500407989,2019-10-31T05:40:07.989Z,buy,5.51e-05,28.0,0.0015428
BCD/BTC,1572500408309,2019-10-31T05:40:08.309Z,buy,5.51e-05,116.0,0.0063916
BCD/BTC,1572500408309,2019-10-31T05:40:08.309Z,buy,5.516e-05,223.0,0.01230068
BCD/BTC,1572500408309,2019-10-31T05:40:08.309Z,buy,5.519e-05,298.0,0.01644662
BCD/BTC,1572500408309,2019-10-31T05:40:08.309Z,buy,5.52e-05,449.0,0.0247848
BCD/BTC,1572500408338,2019-10-31T05:40:08.338Z,buy,5.52e-05,14.0,0.0007728
BCD/BTC,1572500408422,2019-10-31T05:40:08.422Z,buy,5.52e-05,361.0,0.0199272
BCD/BTC,1572500408612,2019-10-31T05:40:08.612Z,buy,5.52e-05,73.0,0.0040296
BCD/BTC,1572500408662,2019-10-31T05:40:08.662Z,buy,5.52e-05,22.0,0.0012144
BCD/BTC,1572500408662,2019-10-31T05:40:08.662Z,buy,5.521e-05,14.0,0.00077294
BCD/BTC,1572500408665,2019-10-31T05:40:08.665Z,buy,5.521e-05,271.0,0.01496191
BCD/BTC,1572500409778,2019-10-31T05:40:09.778Z,buy,5.521e-05,54.0,0.00298134
BCD/BTC,1572500409793,2019-10-31T05:40:09.793Z,buy,5.521e-05,13.0,0.00071773
BCD/BTC,1572500409932,2019-10-31T05:40:09.932Z,buy,5.521e-05,50.0,0.0027605
BCD/BTC,1572500410119,2019-10-31T05:40:10.119Z,buy,5.521e-05,14.0,0.00077294
BCD/BTC,1572500410214,2019-10-31T05:40:10.214Z,buy,5.521e-05,36.0,0.00198756
BCD/BTC,1572500410895,2019-10-31T05:40:10.895Z,buy,5.521e-05,21.0,0.00115941
BCD/BTC,1572500412745,2019-10-31T05:40:12.745Z,buy,5.521e-05,21.0,0.00115941
BCD/BTC,1572500412895,2019-10-31T05:40:12.895Z,buy,5.521e-05,71.0,0.00391991
BCD/BTC,1572500413094,2019-10-31T05:40:13.094Z,buy,5.521e-05,17.0,0.00093857
BCD/BTC,1572500413323,2019-10-31T05:40:13.323Z,buy,5.521e-05,14.0,0.00077294
BCD/BTC,1572500413339,2019-10-31T05:40:13.339Z,buy,5.521e-05,21.0,0.00115941
BCD/BTC,1572500413468,2019-10-31T05:40:13.468Z,buy,5.521e-05,12.0,0.00066252
BCD/BTC,1572500413512,2019-10-31T05:40:13.512Z,buy,5.521e-05,28.0,0.00154588
BCD/BTC,1572500413717,2019-10-31T05:40:13.717Z,buy,5.521e-05,35.0,0.00193235
BCD/BTC,1572500414013,2019-10-31T05:40:14.013Z,buy,5.521e-05,53.0,0.00292613
BCD/BTC,1572500414477,2019-10-31T05:40:14.477Z,sell,5.506e-05,23.0,0.00126638
BCD/BTC,1572500414677,2019-10-31T05:40:14.677Z,buy,5.521e-05,8.0,0.00044168
BCD/BTC,1572500414753,2019-10-31T05:40:14.753Z,buy,5.521e-05,35.0,0.00193235
BCD/BTC,1572500414805,2019-10-31T05:40:14.805Z,buy,5.521e-05,22.0,0.00121462
BCD/BTC,1572500414999,2019-10-31T05:40:14.999Z,buy,5.521e-05,7.0,0.00038647
BCD/BTC,1572500415000,2019-10-31T05:40:15.000Z,buy,5.521e-05,89.0,0.00491369
BCD/BTC,1572500415238,2019-10-31T05:40:15.238Z,buy,5.521e-05,14.0,0.00077294
BCD/BTC,1572500415375,2019-10-31T05:40:15.375Z,sell,5.506e-05,47.0,0.00258782
BCD/BTC,1572500415449,2019-10-31T05:40:15.449Z,buy,5.521e-05,19.0,0.00104899
BCD/BTC,1572500416601,2019-10-31T05:40:16.601Z,buy,5.521e-05,3.0,0.00016563
BCD/BTC,1572500416645,2019-10-31T05:40:16.645Z,buy,5.521e-05,179.0,0.00988259
BCD/BTC,1572500417724,2019-10-31T05:40:17.724Z,sell,5.506e-05,19.0,0.0010461399999999
BCD/BTC,1572500425591,2019-10-31T05:40:25.591Z,buy,5.518e-05,217.0,0.01197406
BCD/BTC,1572500425591,2019-10-31T05:40:25.591Z,buy,5.521e-05,150.0,0.0082815
BCD/BTC,1572500468118,2019-10-31T05:41:08.118Z,sell,5.506e-05,2.0,0.00011012
BCD/BTC,1572500531205,2019-10-31T05:42:11.205Z,buy,5.52e-05,71.0,0.0039192
BCD/BTC,1572500531677,2019-10-31T05:42:11.677Z,buy,5.521e-05,37.0,0.00204277
BCD/BTC,1572500549163,2019-10-31T05:42:29.163Z,sell,5.52e-05,111.0,0.0061272
BCD/BTC,1572501648263,2019-10-31T06:00:48.263Z,sell,5.506e-05,80.0,0.0044047999999999
BCD/BTC,1572501738388,2019-10-31T06:02:18.388Z,sell,5.506e-05,38.0,0.0020922799999999
BCD/BTC,1572501739143,2019-10-31T06:02:19.143Z,sell,5.506e-05,24.0,0.00132144
BCD/BTC,1572501740117,2019-10-31T06:02:20.117Z,sell,5.506e-05,123.0,0.00677238
BCD/BTC,1572501740139,2019-10-31T06:02:20.139Z,sell,5.506e-05,45.0,0.0024776999999999
BCD/BTC,1572501806215,2019-10-31T06:03:26.215Z,sell,5.506e-05,249.0,0.01370994
BCD/BTC,1572502014878,2019-10-31T06:06:54.878Z,buy,5.506e-05,142.0,0.0078185199999999
BCD/BTC,1572502015384,2019-10-31T06:06:55.384Z,buy,5.506e-05,887.0,0.04883822
BCD/BTC,1572502015386,2019-10-31T06:06:55.386Z,buy,5.506e-05,323.0,0.01778438
BCD/BTC,1572502016884,2019-10-31T06:06:56.884Z,buy,5.506e-05,32.0,0.00176192
BCD/BTC,1572502018996,2019-10-31T06:06:58.996Z,sell,5.485e-05,2.0,0.0001097
BCD/BTC,1572502127937,2019-10-31T06:08:47.937Z,buy,5.505e-05,774.0,0.0426087
BCD/BTC,1572502127937,2019-10-31T06:08:47.937Z,buy,5.506e-05,4783.0,0.26335198
BCD/BTC,1572502490053,2019-10-31T06:14:50.053Z,buy,5.503e-05,474.0,0.02608422
BCD/BTC,1572502490053,2019-10-31T06:14:50.053Z,buy,5.504e-05,434.0,0.02388736
BCD/BTC,1572502490053,2019-10-31T06:14:50.053Z,buy,5.503e-05,474.0,0.02608422
BCD/BTC,1572502490053,2019-10-31T06:14:50.053Z,buy,5.504e-05,434.0,0.02388736
BCD/BTC,1572502669992,2019-10-31T06:17:49.992Z,buy,5.51e-05,950.0,0.0523449999999999
BCD/BTC,1572502670068,2019-10-31T06:17:50.068Z,buy,5.512e-05,305.0,0.0168116
BCD/BTC,1572502670068,2019-10-31T06:17:50.068Z,buy,5.524e-05,95.0,0.0052478
BCD/BTC,1572502670142,2019-10-31T06:17:50.142Z,sell,5.518e-05,318.0,0.01754724
BCD/BTC,1572502670148,2019-10-31T06:17:50.148Z,buy,5.511e-05,157.0,0.00865227
BCD/BTC,1572502670148,2019-10-31T06:17:50.148Z,buy,5.524e-05,186.0,0.01027464
BCD/BTC,1572502670148,2019-10-31T06:17:50.148Z,buy,5.529e-05,464.0,0.02565456
BCD/BTC,1572502670175,2019-10-31T06:17:50.175Z,sell,5.482e-05,56.0,0.00306992
BCD/BTC,1572502670201,2019-10-31T06:17:50.201Z,buy,5.529e-05,550.0,0.0304095
BCD/BTC,1572502670201,2019-10-31T06:17:50.201Z,buy,5.533e-05,282.0,0.01560306
BCD/BTC,1572502670201,2019-10-31T06:17:50.201Z,buy,5.534e-05,3.0,0.00016602
BCD/BTC,1572502670217,2019-10-31T06:17:50.217Z,sell,5.535e-05,12.0,0.0006642
BCD/BTC,1572502670220,2019-10-31T06:17:50.220Z,sell,5.535e-05,1.0,5.535e-05
BCD/BTC,1572502671521,2019-10-31T06:17:51.521Z,buy,5.535e-05,56.0,0.0030995999999999
BCD/BTC,1572502671521,2019-10-31T06:17:51.521Z,buy,5.536e-05,7.0,0.00038752
BCD/BTC,1572502671521,2019-10-31T06:17:51.521Z,buy,5.537e-05,317.0,0.01755229
BCD/BTC,1572502671521,2019-10-31T06:17:51.521Z,buy,5.538e-05,41.0,0.00227058
BCD/BTC,1572502671521,2019-10-31T06:17:51.521Z,buy,5.539e-05,87.0,0.00481893
BCD/BTC,1572502671521,2019-10-31T06:17:51.521Z,buy,5.54e-05,12.0,0.0006648
BCD/BTC,1572502703694,2019-10-31T06:18:23.694Z,buy,5.521e-05,4.0,0.00022084
BCD/BTC,1572502703711,2019-10-31T06:18:23.711Z,buy,5.521e-05,4.0,0.00022084
BCD/BTC,1572502703922,2019-10-31T06:18:23.922Z,buy,5.521e-05,3.0,0.00016563
BCD/BTC,1572502703922,2019-10-31T06:18:23.922Z,buy,5.54e-05,916.0,0.0507464
BCD/BTC,1572502704004,2019-10-31T06:18:24.004Z,buy,5.54e-05,58.0,0.0032132
BCD/BTC,1572502704016,2019-10-31T06:18:24.016Z,buy,5.54e-05,464.0,0.0257056
BCD/BTC,1572502704016,2019-10-31T06:18:24.016Z,buy,5.543e-05,3.0,0.00016629
BCD/BTC,1572502704181,2019-10-31T06:18:24.181Z,buy,5.543e-05,212.0,0.01175116
BCD/BTC,1572502704181,2019-10-31T06:18:24.181Z,buy,5.548e-05,57.0,0.00316236
BCD/BTC,1572502704183,2019-10-31T06:18:24.183Z,buy,5.548e-05,160.0,0.0088767999999999
BCD/BTC,1572502704300,2019-10-31T06:18:24.300Z,buy,5.55e-05,295.0,0.0163725
BCD/BTC,1572502704362,2019-10-31T06:18:24.362Z,buy,5.55e-05,116.0,0.006438
BCD/BTC,1572502704362,2019-10-31T06:18:24.362Z,buy,5.551e-05,225.0,0.01248975
BCD/BTC,1572502704377,2019-10-31T06:18:24.377Z,buy,5.551e-05,58.0,0.00321958
BCD/BTC,1572502704377,2019-10-31T06:18:24.377Z,buy,5.557e-05,25.0,0.0013892499999999
BCD/BTC,1572502704457,2019-10-31T06:18:24.457Z,sell,5.557e-05,285.0,0.01583745
BCD/BTC,1572502707200,2019-10-31T06:18:27.200Z,sell,5.557e-05,23.0,0.00127811
BCD/BTC,1572502710523,2019-10-31T06:18:30.523Z,sell,5.557e-05,20.0,0.0011114
BCD/BTC,1572502716390,2019-10-31T06:18:36.390Z,sell,5.557e-05,66.0,0.00366762
BCD/BTC,1572502717589,2019-10-31T06:18:37.589Z,sell,5.557e-05,388.0,0.02156116
BCD/BTC,1572502736217,2019-10-31T06:18:56.217Z,sell,5.549e-05,405.0,0.02247345
BCD/BTC,1572502780095,2019-10-31T06:19:40.095Z,sell,5.538e-05,242.0,0.01340196
BCD/BTC,1572502798144,2019-10-31T06:19:58.144Z,sell,5.532e-05,162.0,0.00896184
BCD/BTC,1572502829342,2019-10-31T06:20:29.342Z,buy,5.549e-05,2.0,0.00011098
BCD/BTC,1572502829342,2019-10-31T06:20:29.342Z,buy,5.562e-05,121.0,0.00673002
BCD/BTC,1572502829342,2019-10-31T06:20:29.342Z,buy,5.563e-05,134.0,0.00745442
BCD/BTC,1572502829385,2019-10-31T06:20:29.385Z,buy,5.562e-05,94.0,0.00522828
BCD/BTC,1572502829385,2019-10-31T06:20:29.385Z,buy,5.563e-05,51.0,0.00283713
BCD/BTC,1572502829385,2019-10-31T06:20:29.385Z,buy,5.564e-05,141.0,0.00784524
BCD/BTC,1572502829400,2019-10-31T06:20:29.400Z,buy,5.564e-05,87.0,0.00484068
BCD/BTC,1572502829400,2019-10-31T06:20:29.400Z,buy,5.569e-05,3.0,0.0001670699999999
BCD/BTC,1572502829832,2019-10-31T06:20:29.832Z,buy,5.571e-05,41.0,0.00228411
BCD/BTC,1572502829952,2019-10-31T06:20:29.952Z,buy,5.574e-05,12.0,0.00066888
BCD/BTC,1572502832060,2019-10-31T06:20:32.060Z,sell,5.541e-05,25.0,0.00138525
BCD/BTC,1572502832397,2019-10-31T06:20:32.397Z,buy,5.574e-05,310.0,0.0172794
BCD/BTC,1572502851406,2019-10-31T06:20:51.406Z,buy,5.573e-05,30.0,0.0016718999999999
BCD/BTC,1572502852889,2019-10-31T06:20:52.889Z,buy,5.573e-05,30.0,0.0016718999999999
BCD/BTC,1572502859748,2019-10-31T06:20:59.748Z,buy,5.573e-05,11.0,0.00061303
BCD/BTC,1572502884356,2019-10-31T06:21:24.356Z,sell,5.573e-05,35.0,0.00195055
BCD/BTC,1572502893888,2019-10-31T06:21:33.888Z,sell,5.573e-05,30.0,0.0016718999999999
BCD/BTC,1572502894609,2019-10-31T06:21:34.609Z,sell,5.573e-05,278.0,0.0154929399999999
BCD/BTC,1572502895086,2019-10-31T06:21:35.086Z,buy,5.572e-05,143.0,0.00796796
BCD/BTC,1572502895086,2019-10-31T06:21:35.086Z,buy,5.573e-05,232.0,0.0129293599999999
BCD/BTC,1572502895113,2019-10-31T06:21:35.113Z,buy,5.573e-05,37.0,0.00206201
BCD/BTC,1572502897260,2019-10-31T06:21:37.260Z,buy,5.573e-05,252.0,0.01404396
BCD/BTC,1572502899461,2019-10-31T06:21:39.461Z,buy,5.573e-05,121.0,0.00674333
BCD/BTC,1572502939682,2019-10-31T06:22:19.682Z,buy,5.573e-05,566.0,0.03154318
BCD/BTC,1572502939682,2019-10-31T06:22:19.682Z,buy,5.574e-05,198.0,0.01103652
BCD/BTC,1572502939682,2019-10-31T06:22:19.682Z,buy,5.575e-05,101.0,0.00563075
BCD/BTC,1572502939682,2019-10-31T06:22:19.682Z,buy,5.578e-05,17.0,0.0009482599999999
BCD/BTC,1572502939682,2019-10-31T06:22:19.682Z,buy,5.58e-05,257.0,0.0143406
BCD/BTC,1572502939682,2019-10-31T06:22:19.682Z,buy,5.582e-05,19.0,0.00106058
BCD/BTC,1572502939682,2019-10-31T06:22:19.682Z,buy,5.585e-05,62.0,0.0034627
BCD/BTC,1572503042062,2019-10-31T06:24:02.062Z,sell,5.554e-05,2.0,0.00011108
BCD/BTC,1572503046321,2019-10-31T06:24:06.321Z,sell,5.557e-05,3.0,0.0001667099999999
BCD/BTC,1572503050010,2019-10-31T06:24:10.010Z,sell,5.558e-05,3.0,0.00016674
BCD/BTC,1572503053742,2019-10-31T06:24:13.742Z,buy,5.561e-05,19.0,0.00105659
BCD/BTC,1572503054036,2019-10-31T06:24:14.036Z,sell,5.567e-05,3.0,0.00016701
BCD/BTC,1572503061180,2019-10-31T06:24:21.180Z,sell,5.567e-05,3.0,0.00016701
BCD/BTC,1572503061394,2019-10-31T06:24:21.394Z,sell,5.567e-05,4.0,0.00022268
BCD/BTC,1572503061675,2019-10-31T06:24:21.675Z,sell,5.567e-05,4.0,0.00022268
BCD/BTC,1572503062173,2019-10-31T06:24:22.173Z,sell,5.567e-05,4.0,0.00022268
BCD/BTC,1572503062354,2019-10-31T06:24:22.354Z,sell,5.567e-05,1.0,5.567e-05
BCD/BTC,1572503062354,2019-10-31T06:24:22.354Z,sell,5.56e-05,3.0,0.0001668
BCD/BTC,1572503062672,2019-10-31T06:24:22.672Z,sell,5.56e-05,4.0,0.0002224
BCD/BTC,1572503062852,2019-10-31T06:24:22.852Z,sell,5.56e-05,4.0,0.0002224
BCD/BTC,1572503063171,2019-10-31T06:24:23.171Z,sell,5.56e-05,4.0,0.0002224
BCD/BTC,1572503098142,2019-10-31T06:24:58.142Z,buy,5.585e-05,30.0,0.0016755
BCD/BTC,1572503117661,2019-10-31T06:25:17.661Z,buy,5.585e-05,36.0,0.0020106
BCD/BTC,1572503117957,2019-10-31T06:25:17.957Z,buy,5.585e-05,35.0,0.00195475
BCD/BTC,1572503184730,2019-10-31T06:26:24.730Z,buy,5.585e-05,30.0,0.0016755
BCD/BTC,1572503184880,2019-10-31T06:26:24.880Z,buy,5.585e-05,9.0,0.00050265
BCD/BTC,1572503185142,2019-10-31T06:26:25.142Z,buy,5.585e-05,14.0,0.0007819
BCD/BTC,1572503185142,2019-10-31T06:26:25.142Z,buy,5.586e-05,19.0,0.00106134
BCD/BTC,1572503185761,2019-10-31T06:26:25.761Z,buy,5.586e-05,37.0,0.00206682
BCD/BTC,1572503185761,2019-10-31T06:26:25.761Z,buy,5.589e-05,77.0,0.00430353
BCD/BTC,1572503185761,2019-10-31T06:26:25.761Z,buy,5.59e-05,4.0,0.0002236
BCD/BTC,1572503185761,2019-10-31T06:26:25.761Z,buy,5.591e-05,28.0,0.00156548
BCD/BTC,1572503209249,2019-10-31T06:26:49.249Z,buy,5.591e-05,18.0,0.0010063799999999
BCD/BTC,1572503307831,2019-10-31T06:28:27.831Z,buy,5.591e-05,642.0,0.03589422
BCD/BTC,1572503308163,2019-10-31T06:28:28.163Z,buy,5.591e-05,233.0,0.01302703
BCD/BTC,1572503308163,2019-10-31T06:28:28.163Z,buy,5.592e-05,55.0,0.0030756
BCD/BTC,1572503308163,2019-10-31T06:28:28.163Z,buy,5.597e-05,10.0,0.0005597
BCD/BTC,1572503309255,2019-10-31T06:28:29.255Z,sell,5.598e-05,167.0,0.00934866
BCD/BTC,1572503585544,2019-10-31T06:33:05.544Z,sell,5.579e-05,106.0,0.00591374
BCD/BTC,1572503979904,2019-10-31T06:39:39.904Z,buy,5.599e-05,49.0,0.00274351
BCD/BTC,1572503983336,2019-10-31T06:39:43.336Z,buy,5.599e-05,23.0,0.00128777
BCD/BTC,1572503983336,2019-10-31T06:39:43.336Z,buy,5.6e-05,7.0,0.000392
BCD/BTC,1572503983656,2019-10-31T06:39:43.656Z,buy,5.6e-05,2.0,0.000112
BCD/BTC,1572503983656,2019-10-31T06:39:43.656Z,buy,5.603e-05,3.0,0.00016809
BCD/BTC,1572503983656,2019-10-31T06:39:43.656Z,buy,5.605e-05,4.0,0.0002242
BCD/BTC,1572503999260,2019-10-31T06:39:59.260Z,buy,5.599e-05,29.0,0.00162371
BCD/BTC,1572503999323,2019-10-31T06:39:59.323Z,buy,5.599e-05,20.0,0.0011198
BCD/BTC,1572503999596,2019-10-31T06:39:59.596Z,buy,5.599e-05,13.0,0.0007278699999999
BCD/BTC,1572503999596,2019-10-31T06:39:59.596Z,buy,5.604e-05,32.0,0.00179328
BCD/BTC,1572504028105,2019-10-31T06:40:28.105Z,buy,5.604e-05,5.0,0.0002802
BCD/BTC,1572504028105,2019-10-31T06:40:28.105Z,buy,5.605e-05,82.0,0.0045961
BCD/BTC,1572504029498,2019-10-31T06:40:29.498Z,buy,5.605e-05,35.0,0.00196175
BCD/BTC,1572504331413,2019-10-31T06:45:31.413Z,sell,5.604e-05,6.0,0.00033624
BCD/BTC,1572504515794,2019-10-31T06:48:35.794Z,buy,5.605e-05,22.0,0.0012331
BCD/BTC,1572504515794,2019-10-31T06:48:35.794Z,buy,5.606e-05,159.0,0.00891354
BCD/BTC,1572504664723,2019-10-31T06:51:04.723Z,buy,5.604e-05,15.0,0.0008405999999999
BCD/BTC,1572504678291,2019-10-31T06:51:18.291Z,sell,5.604e-05,7.0,0.00039228
BCD/BTC,1572504678291,2019-10-31T06:51:18.291Z,sell,5.581e-05,358.0,0.01997998
BCD/BTC,1572504678322,2019-10-31T06:51:18.322Z,buy,5.581e-05,267.0,0.01490127
BCD/BTC,1572504688405,2019-10-31T06:51:28.405Z,buy,5.606e-05,22.0,0.00123332
BCD/BTC,1572504688405,2019-10-31T06:51:28.405Z,buy,5.612e-05,25.0,0.001403
BCD/BTC,1572504697636,2019-10-31T06:51:37.636Z,buy,5.612e-05,209.0,0.01172908
BCD/BTC,1572504728192,2019-10-31T06:52:08.192Z,buy,5.612e-05,81.0,0.00454572
BCD/BTC,1572504728374,2019-10-31T06:52:08.374Z,buy,5.612e-05,43.0,0.00241316
BCD/BTC,1572504728374,2019-10-31T06:52:08.374Z,buy,5.613e-05,140.0,0.0078582
BCD/BTC,1572504728436,2019-10-31T06:52:08.436Z,buy,5.613e-05,384.0,0.02155392
BCD/BTC,1572504728449,2019-10-31T06:52:08.449Z,buy,5.613e-05,71.0,0.00398523
BCD/BTC,1572504729460,2019-10-31T06:52:09.460Z,buy,5.613e-05,122.0,0.00684786
BCD/BTC,1572504729758,2019-10-31T06:52:09.758Z,buy,5.613e-05,183.0,0.01027179
BCD/BTC,1572504729887,2019-10-31T06:52:09.887Z,buy,5.613e-05,411.0,0.02306943
BCD/BTC,1572504732004,2019-10-31T06:52:12.004Z,buy,5.613e-05,33.0,0.00185229
BCD/BTC,1572504732313,2019-10-31T06:52:12.313Z,buy,5.613e-05,44.0,0.00246972
BCD/BTC,1572504732484,2019-10-31T06:52:12.484Z,buy,5.613e-05,269.0,0.01509897
BCD/BTC,1572504777507,2019-10-31T06:52:57.507Z,buy,5.612e-05,2.0,0.00011224
BCD/BTC,1572504777507,2019-10-31T06:52:57.507Z,buy,5.613e-05,495.0,0.02778435
BCD/BTC,1572504777507,2019-10-31T06:52:57.507Z,buy,5.616e-05,685.0,0.0384696
BCD/BTC,1572504843802,2019-10-31T06:54:03.802Z,buy,5.616e-05,53.0,0.0029764799999999
BCD/BTC,1572504843821,2019-10-31T06:54:03.821Z,sell,5.619e-05,214.0,0.01202466
BCD/BTC,1572505251369,2019-10-31T07:00:51.369Z,sell,5.599e-05,357.0,0.0199884299999999
BCD/BTC,1572505251369,2019-10-31T07:00:51.369Z,sell,5.598e-05,71.0,0.00397458
BCD/BTC,1572505251369,2019-10-31T07:00:51.369Z,sell,5.574e-05,236.0,0.01315464
BCD/BTC,1572505251369,2019-10-31T07:00:51.369Z,sell,5.573e-05,18.0,0.00100314
BCD/BTC,1572505251369,2019-10-31T07:00:51.369Z,sell,5.571e-05,112.0,0.00623952
BCD/BTC,1572505251369,2019-10-31T07:00:51.369Z,sell,5.569e-05,81.0,0.00451089
BCD/BTC,1572505251385,2019-10-31T07:00:51.385Z,buy,5.568e-05,172.0,0.00957696
BCD/BTC,1572505251387,2019-10-31T07:00:51.387Z,buy,5.568e-05,172.0,0.00957696
BCD/BTC,1572505251389,2019-10-31T07:00:51.389Z,buy,5.568e-05,172.0,0.00957696
BCD/BTC,1572505251401,2019-10-31T07:00:51.401Z,buy,5.568e-05,251.0,0.01397568
BCD/BTC,1572505251404,2019-10-31T07:00:51.404Z,buy,5.568e-05,103.0,0.00573504
BCD/BTC,1572505251405,2019-10-31T07:00:51.405Z,buy,5.568e-05,60.0,0.0033408
BCD/BTC,1572505251753,2019-10-31T07:00:51.753Z,sell,5.599e-05,174.0,0.0097422599999999
BCD/BTC,1572505251801,2019-10-31T07:00:51.801Z,sell,5.599e-05,14.0,0.0007838599999999
BCD/BTC,1572505258795,2019-10-31T07:00:58.795Z,buy,5.602e-05,78.0,0.00436956
BCD/BTC,1572505258795,2019-10-31T07:00:58.795Z,buy,5.603e-05,3.0,0.00016809
BCD/BTC,1572505258795,2019-10-31T07:00:58.795Z,buy,5.604e-05,71.0,0.00397884
BCD/BTC,1572505258795,2019-10-31T07:00:58.795Z,buy,5.605e-05,41.0,0.00229805
BCD/BTC,1572505258795,2019-10-31T07:00:58.795Z,buy,5.617e-05,68.0,0.00381956
BCD/BTC,1572505258795,2019-10-31T07:00:58.795Z,buy,5.618e-05,357.0,0.02005626
BCD/BTC,1572505258795,2019-10-31T07:00:58.795Z,buy,5.62e-05,42.0,0.0023604
BCD/BTC,1572505258795,2019-10-31T07:00:58.795Z,buy,5.624e-05,21.0,0.00118104
BCD/BTC,1572505258795,2019-10-31T07:00:58.795Z,buy,5.628e-05,249.0,0.01401372
BCD/BTC,1572505259063,2019-10-31T07:00:59.063Z,buy,5.617e-05,62.0,0.00348254
BCD/BTC,1572505259063,2019-10-31T07:00:59.063Z,buy,5.628e-05,837.0,0.04710636
BCD/BTC,1572505259063,2019-10-31T07:00:59.063Z,buy,5.63e-05,31.0,0.0017453
BCD/BTC,1572505262695,2019-10-31T07:01:02.695Z,buy,5.63e-05,412.0,0.0231956
BCD/BTC,1572505262774,2019-10-31T07:01:02.774Z,buy,5.63e-05,40.0,0.002252
BCD/BTC,1572505262774,2019-10-31T07:01:02.774Z,buy,5.631e-05,60.0,0.0033786
BCD/BTC,1572505267880,2019-10-31T07:01:07.880Z,buy,5.631e-05,500.0,0.028155
BCD/BTC,1572505282503,2019-10-31T07:01:22.503Z,buy,5.61e-05,351.0,0.0196911
BCD/BTC,1572505283397,2019-10-31T07:01:23.397Z,buy,5.631e-05,550.0,0.0309705
BCD/BTC,1572505283397,2019-10-31T07:01:23.397Z,buy,5.633e-05,13.0,0.00073229
BCD/BTC,1572505283397,2019-10-31T07:01:23.397Z,buy,5.638e-05,44.0,0.00248072
BCD/BTC,1572505283397,2019-10-31T07:01:23.397Z,buy,5.639e-05,192.0,0.01082688
BCD/BTC,1572505283397,2019-10-31T07:01:23.397Z,buy,5.641e-05,25.0,0.0014102499999999
BCD/BTC,1572505283397,2019-10-31T07:01:23.397Z,buy,5.645e-05,43.0,0.00242735
BCD/BTC,1572505283817,2019-10-31T07:01:23.817Z,buy,5.645e-05,70.0,0.0039515
BCD/BTC,1572505283817,2019-10-31T07:01:23.817Z,buy,5.649e-05,326.0,0.01841574
BCD/BTC,1572505315001,2019-10-31T07:01:55.001Z,sell,5.614e-05,25.0,0.0014035
BCD/BTC,1572505317581,2019-10-31T07:01:57.581Z,buy,5.643e-05,61.0,0.00344223
BCD/BTC,1572505317581,2019-10-31T07:01:57.581Z,buy,5.649e-05,4.0,0.00022596
BCD/BTC,1572505317594,2019-10-31T07:01:57.594Z,sell,5.651e-05,18.0,0.00101718
BCD/BTC,1572505317595,2019-10-31T07:01:57.595Z,sell,5.651e-05,1.0,5.651e-05
BCD/BTC,1572505321825,2019-10-31T07:02:01.825Z,sell,5.615e-05,25.0,0.00140375
BCD/BTC,1572505322133,2019-10-31T07:02:02.133Z,sell,5.616e-05,25.0,0.0014039999999999
BCD/BTC,1572505323202,2019-10-31T07:02:03.202Z,buy,5.649e-05,18.0,0.00101682
BCD/BTC,1572505539396,2019-10-31T07:05:39.396Z,buy,5.649e-05,2.0,0.00011298
BCD/BTC,1572505539396,2019-10-31T07:05:39.396Z,buy,5.65e-05,10.0,0.000565
BCD/BTC,1572505539396,2019-10-31T07:05:39.396Z,buy,5.651e-05,19.0,0.00107369
BCD/BTC,1572505539396,2019-10-31T07:05:39.396Z,buy,5.652e-05,51.0,0.00288252
BCD/BTC,1572505539396,2019-10-31T07:05:39.396Z,buy,5.653e-05,25.0,0.00141325
BCD/BTC,1572505539396,2019-10-31T07:05:39.396Z,buy,5.654e-05,244.0,0.0137957599999999
BCD/BTC,1572505539425,2019-10-31T07:05:39.425Z,buy,5.654e-05,569.0,0.03217126
BCD/BTC,1572505539500,2019-10-31T07:05:39.500Z,buy,5.652e-05,51.0,0.00288252
BCD/BTC,1572505539500,2019-10-31T07:05:39.500Z,buy,5.654e-05,105.0,0.0059367
BCD/BTC,1572505539531,2019-10-31T07:05:39.531Z,buy,5.654e-05,90.0,0.0050885999999999
BCD/BTC,1572505539559,2019-10-31T07:05:39.559Z,buy,5.654e-05,370.0,0.0209198
BCD/BTC,1572505539559,2019-10-31T07:05:39.559Z,buy,5.654e-05,30.0,0.0016962
BCD/BTC,1572505539587,2019-10-31T07:05:39.587Z,buy,5.652e-05,51.0,0.00288252
BCD/BTC,1572505539587,2019-10-31T07:05:39.587Z,buy,5.654e-05,16.0,0.00090464
BCD/BTC,1572505539587,2019-10-31T07:05:39.587Z,buy,5.659e-05,3.0,0.00016977
BCD/BTC,1572505539616,2019-10-31T07:05:39.616Z,sell,5.66e-05,86.0,0.0048676
BCD/BTC,1572505539643,2019-10-31T07:05:39.643Z,sell,5.66e-05,33.0,0.0018678
BCD/BTC,1572505539645,2019-10-31T07:05:39.645Z,sell,5.66e-05,34.0,0.0019244
BCD/BTC,1572505539785,2019-10-31T07:05:39.785Z,buy,5.662e-05,17.0,0.0009625399999999
BCD/BTC,1572505539785,2019-10-31T07:05:39.785Z,buy,5.665e-05,5.0,0.00028325
BCD/BTC,1572505539785,2019-10-31T07:05:39.785Z,buy,5.667e-05,267.0,0.01513089
BCD/BTC,1572505539785,2019-10-31T07:05:39.785Z,buy,5.672e-05,124.0,0.00703328
BCD/BTC,1572505539785,2019-10-31T07:05:39.785Z,buy,5.673e-05,5.0,0.00028365
BCD/BTC,1572505539799,2019-10-31T07:05:39.799Z,sell,5.673e-05,2.0,0.00011346
BCD/BTC,1572505539804,2019-10-31T07:05:39.804Z,sell,5.673e-05,80.0,0.0045384
BCD/BTC,1572505539804,2019-10-31T07:05:39.804Z,sell,5.66e-05,474.0,0.0268284
BCD/BTC,1572505540149,2019-10-31T07:05:40.149Z,sell,5.673e-05,138.0,0.00782874
BCD/BTC,1572505540643,2019-10-31T07:05:40.643Z,sell,5.673e-05,10.0,0.0005673
BCD/BTC,1572505540643,2019-10-31T07:05:40.643Z,sell,5.66e-05,15.0,0.000849
BCD/BTC,1572505541623,2019-10-31T07:05:41.623Z,sell,5.66e-05,18.0,0.0010188
BCD/BTC,1572505541623,2019-10-31T07:05:41.623Z,sell,5.658e-05,7.0,0.00039606
BCD/BTC,1572505542637,2019-10-31T07:05:42.637Z,sell,5.66e-05,25.0,0.001415
BCD/BTC,1572505551223,2019-10-31T07:05:51.223Z,buy,5.677e-05,30.0,0.0017031
BCD/BTC,1572505568056,2019-10-31T07:06:08.056Z,sell,5.668e-05,2.0,0.00011336
BCD/BTC,1572505569116,2019-10-31T07:06:09.116Z,sell,5.668e-05,14.0,0.00079352
BCD/BTC,1572505569393,2019-10-31T07:06:09.393Z,buy,5.677e-05,20.0,0.0011354
BCD/BTC,1572505569393,2019-10-31T07:06:09.393Z,buy,5.679e-05,3.0,0.0001703699999999
BCD/BTC,1572505570468,2019-10-31T07:06:10.468Z,buy,5.679e-05,10.0,0.0005679
BCD/BTC,1572505573739,2019-10-31T07:06:13.739Z,sell,5.648e-05,40.0,0.0022592
BCD/BTC,1572505579549,2019-10-31T07:06:19.549Z,buy,5.653e-05,19.0,0.00107407
BCD/BTC,1572505591065,2019-10-31T07:06:31.065Z,buy,5.682e-05,4.0,0.00022728
BCD/BTC,1572505591466,2019-10-31T07:06:31.466Z,sell,5.659e-05,7.0,0.0003961299999999
BCD/BTC,1572505591471,2019-10-31T07:06:31.471Z,sell,5.659e-05,7.0,0.0003961299999999
BCD/BTC,1572505597315,2019-10-31T07:06:37.315Z,sell,5.659e-05,10.0,0.0005659
BCD/BTC,1572505597406,2019-10-31T07:06:37.406Z,buy,5.659e-05,308.0,0.01742972
BCD/BTC,1572505597517,2019-10-31T07:06:37.517Z,buy,5.659e-05,40.0,0.0022636
BCD/BTC,1572505597567,2019-10-31T07:06:37.567Z,buy,5.659e-05,9.0,0.00050931
BCD/BTC,1572505597774,2019-10-31T07:06:37.774Z,sell,5.665e-05,53.0,0.00300245
BCD/BTC,1572505599885,2019-10-31T07:06:39.885Z,sell,5.665e-05,53.0,0.00300245
BCD/BTC,1572505606448,2019-10-31T07:06:46.448Z,buy,5.682e-05,14.0,0.00079548
BCD/BTC,1572505606448,2019-10-31T07:06:46.448Z,buy,5.688e-05,28.0,0.00159264
BCD/BTC,1572505606448,2019-10-31T07:06:46.448Z,buy,5.694e-05,16.0,0.00091104
BCD/BTC,1572505606448,2019-10-31T07:06:46.448Z,buy,5.695e-05,81.0,0.00461295
BCD/BTC,1572505614573,2019-10-31T07:06:54.573Z,buy,5.695e-05,40.0,0.002278
BCD/BTC,1572505614573,2019-10-31T07:06:54.573Z,buy,5.696e-05,317.0,0.01805632
BCD/BTC,1572505621984,2019-10-31T07:07:01.984Z,buy,5.696e-05,18.0,0.00102528
BCD/BTC,1572505624154,2019-10-31T07:07:04.154Z,buy,5.696e-05,264.0,0.01503744
BCD/BTC,1572505666888,2019-10-31T07:07:46.888Z,sell,5.666e-05,86.0,0.00487276
BCD/BTC,1572505669044,2019-10-31T07:07:49.044Z,sell,5.666e-05,110.0,0.0062326
BCD/BTC,1572505671723,2019-10-31T07:07:51.723Z,sell,5.666e-05,71.0,0.00402286
BCD/BTC,1572505693472,2019-10-31T07:08:13.472Z,sell,5.666e-05,105.0,0.0059493
BCD/BTC,1572505695735,2019-10-31T07:08:15.735Z,sell,5.666e-05,117.0,0.00662922
BCD/BTC,1572505705026,2019-10-31T07:08:25.026Z,sell,5.666e-05,58.0,0.00328628
BCD/BTC,1572505747121,2019-10-31T07:09:07.121Z,sell,5.666e-05,62.0,0.00351292
BCD/BTC,1572505896486,2019-10-31T07:11:36.486Z,buy,5.694e-05,11.0,0.00062634
BCD/BTC,1572505923787,2019-10-31T07:12:03.787Z,sell,5.661e-05,102.0,0.00577422
BCD/BTC,1572505923790,2019-10-31T07:12:03.790Z,sell,5.661e-05,13.0,0.00073593
BCD/BTC,1572505923790,2019-10-31T07:12:03.790Z,sell,5.66e-05,18.0,0.0010188
BCD/BTC,1572505923790,2019-10-31T07:12:03.790Z,sell,5.659e-05,3.0,0.00016977
BCD/BTC,1572505925875,2019-10-31T07:12:05.875Z,buy,5.653e-05,45.0,0.00254385
BCD/BTC,1572505927325,2019-10-31T07:12:07.325Z,buy,5.658e-05,51.0,0.00288558
BCD/BTC,1572505927325,2019-10-31T07:12:07.325Z,buy,5.693e-05,195.0,0.01110135
BCD/BTC,1572505929854,2019-10-31T07:12:09.854Z,sell,5.645e-05,56.0,0.0031612
BCD/BTC,1572505932093,2019-10-31T07:12:12.093Z,sell,5.648e-05,4.0,0.00022592
BCD/BTC,1572505932490,2019-10-31T07:12:12.490Z,sell,5.649e-05,35.0,0.00197715
BCD/BTC,1572505953415,2019-10-31T07:12:33.415Z,buy,5.685e-05,70.0,0.0039795
BCD/BTC,1572505953419,2019-10-31T07:12:33.419Z,buy,5.685e-05,56.0,0.0031836
BCD/BTC,1572505953569,2019-10-31T07:12:33.569Z,buy,5.685e-05,49.0,0.0027856499999999
BCD/BTC,1572505953569,2019-10-31T07:12:33.569Z,buy,5.686e-05,91.0,0.00517426
BCD/BTC,1572505953569,2019-10-31T07:12:33.569Z,buy,5.687e-05,53.0,0.00301411
BCD/BTC,1572505953856,2019-10-31T07:12:33.856Z,sell,5.693e-05,221.0,0.01258153
BCD/BTC,1572506055098,2019-10-31T07:14:15.098Z,sell,5.66e-05,4.0,0.0002264
BCD/BTC,1572506055098,2019-10-31T07:14:15.098Z,sell,5.66e-05,4.0,0.0002264
BCD/BTC,1572506191591,2019-10-31T07:16:31.591Z,buy,5.693e-05,18.0,0.00102474
BCD/BTC,1572506516684,2019-10-31T07:21:56.684Z,buy,5.692e-05,18.0,0.0010245599999999
BCD/BTC,1572506977656,2019-10-31T07:29:37.656Z,sell,5.676e-05,426.0,0.0241797599999999
BCD/BTC,1572506983726,2019-10-31T07:29:43.726Z,buy,5.682e-05,1.0,5.682e-05
BCD/BTC,1572507217872,2019-10-31T07:33:37.872Z,sell,5.657e-05,18.0,0.00101826
BCD/BTC,1572507246620,2019-10-31T07:34:06.620Z,buy,5.657e-05,7.0,0.00039599
BCD/BTC,1572507377055,2019-10-31T07:36:17.055Z,sell,5.654e-05,300.0,0.0169619999999999
BCD/BTC,1572507433176,2019-10-31T07:37:13.176Z,sell,5.654e-05,23.0,0.00130042
BCD/BTC,1572507449208,2019-10-31T07:37:29.208Z,sell,5.647e-05,25.0,0.00141175
BCD/BTC,1572507449241,2019-10-31T07:37:29.241Z,buy,5.647e-05,10.0,0.0005647
BCD/BTC,1572507481580,2019-10-31T07:38:01.580Z,buy,5.668e-05,2.0,0.00011336
BCD/BTC,1572507481580,2019-10-31T07:38:01.580Z,buy,5.671e-05,7.0,0.0003969699999999
BCD/BTC,1572507482516,2019-10-31T07:38:02.516Z,buy,5.672e-05,9.0,0.00051048
BCD/BTC,1572507584636,2019-10-31T07:39:44.636Z,sell,5.647e-05,35.0,0.00197645
BCD/BTC,1572507591218,2019-10-31T07:39:51.218Z,sell,5.647e-05,2.0,0.00011294
BCD/BTC,1572507591218,2019-10-31T07:39:51.218Z,sell,5.646e-05,149.0,0.00841254
BCD/BTC,1572507613205,2019-10-31T07:40:13.205Z,sell,5.644e-05,76.0,0.00428944
BCD/BTC,1572507615268,2019-10-31T07:40:15.268Z,sell,5.644e-05,76.0,0.00428944
BCD/BTC,1572507617319,2019-10-31T07:40:17.319Z,buy,5.644e-05,59.0,0.00332996
BCD/BTC,1572507617457,2019-10-31T07:40:17.457Z,buy,5.644e-05,79.0,0.00445876
BCD/BTC,1572507617669,2019-10-31T07:40:17.669Z,buy,5.644e-05,91.0,0.00513604
BCD/BTC,1572507617770,2019-10-31T07:40:17.770Z,buy,5.644e-05,104.0,0.00586976
BCD/BTC,1572507618172,2019-10-31T07:40:18.172Z,buy,5.644e-05,54.0,0.00304776
BCD/BTC,1572507618715,2019-10-31T07:40:18.715Z,buy,5.644e-05,26.0,0.00146744
BCD/BTC,1572507619019,2019-10-31T07:40:19.019Z,buy,5.644e-05,9.0,0.00050796
BCD/BTC,1572507636531,2019-10-31T07:40:36.531Z,buy,5.644e-05,1.0,5.644e-05
BCD/BTC,1572507676729,2019-10-31T07:41:16.729Z,buy,5.674e-05,1.0,5.674e-05
BCD/BTC,1572507769842,2019-10-31T07:42:49.842Z,sell,5.642e-05,80.0,0.0045135999999999
BCD/BTC,1572507769842,2019-10-31T07:42:49.842Z,sell,5.641e-05,11.0,0.00062051
BCD/BTC,1572507769842,2019-10-31T07:42:49.842Z,sell,5.638e-05,44.0,0.00248072
BCD/BTC,1572507769842,2019-10-31T07:42:49.842Z,sell,5.634e-05,51.0,0.00287334
BCD/BTC,1572507769842,2019-10-31T07:42:49.842Z,sell,5.633e-05,13.0,0.00073229
BCD/BTC,1572507769842,2019-10-31T07:42:49.842Z,sell,5.631e-05,5.0,0.00028155
BCD/BTC,1572507769842,2019-10-31T07:42:49.842Z,sell,5.624e-05,3.0,0.00016872
BCD/BTC,1572507769842,2019-10-31T07:42:49.842Z,sell,5.621e-05,71.0,0.00399091
BCD/BTC,1572507769842,2019-10-31T07:42:49.842Z,sell,5.62e-05,17.0,0.0009553999999999
BCD/BTC,1572507769842,2019-10-31T07:42:49.842Z,sell,5.615e-05,19.0,0.00106685
BCD/BTC,1572507769842,2019-10-31T07:42:49.842Z,sell,5.612e-05,19.0,0.00106628
BCD/BTC,1572507769842,2019-10-31T07:42:49.842Z,sell,5.61e-05,36.0,0.0020196
BCD/BTC,1572507769842,2019-10-31T07:42:49.842Z,sell,5.606e-05,237.0,0.01328622
BCD/BTC,1572507769842,2019-10-31T07:42:49.842Z,sell,5.605e-05,41.0,0.00229805
BCD/BTC,1572507769842,2019-10-31T07:42:49.842Z,sell,5.604e-05,152.0,0.0085180799999999
BCD/BTC,1572507775041,2019-10-31T07:42:55.041Z,sell,5.608e-05,4.0,0.00022432
BCD/BTC,1572507775041,2019-10-31T07:42:55.041Z,sell,5.607e-05,59.0,0.00330813
BCD/BTC,1572507777254,2019-10-31T07:42:57.254Z,sell,5.608e-05,101.0,0.00566408
BCD/BTC,1572507777254,2019-10-31T07:42:57.254Z,sell,5.607e-05,80.0,0.0044855999999999
BCD/BTC,1572507785841,2019-10-31T07:43:05.841Z,buy,5.633e-05,3.0,0.00016899
BCD/BTC,1572507814567,2019-10-31T07:43:34.567Z,buy,5.625e-05,24.0,0.00135
BCD/BTC,1572507845089,2019-10-31T07:44:05.089Z,buy,5.637e-05,162.0,0.00913194
BCD/BTC,1572507925053,2019-10-31T07:45:25.053Z,sell,5.614e-05,54.0,0.00303156
BCD/BTC,1572507925053,2019-10-31T07:45:25.053Z,sell,5.613e-05,576.0,0.03233088
BCD/BTC,1572507925053,2019-10-31T07:45:25.053Z,sell,5.607e-05,2.0,0.00011214
BCD/BTC,1572507925053,2019-10-31T07:45:25.053Z,sell,5.603e-05,3.0,0.00016809
BCD/BTC,1572507925053,2019-10-31T07:45:25.053Z,sell,5.597e-05,5.0,0.00027985
BCD/BTC,1572507925053,2019-10-31T07:45:25.053Z,sell,5.592e-05,149.0,0.00833208
BCD/BTC,1572507927210,2019-10-31T07:45:27.210Z,sell,5.614e-05,107.0,0.00600698
BCD/BTC,1572507927875,2019-10-31T07:45:27.875Z,sell,5.614e-05,1.0,5.614e-05
BCD/BTC,1572507927875,2019-10-31T07:45:27.875Z,sell,5.59e-05,3.0,0.0001676999999999
BCD/BTC,1572507927875,2019-10-31T07:45:27.875Z,sell,5.586e-05,13.0,0.00072618
BCD/BTC,1572507927875,2019-10-31T07:45:27.875Z,sell,5.576e-05,8.0,0.00044608
BCD/BTC,1572507931226,2019-10-31T07:45:31.226Z,sell,5.577e-05,32.0,0.00178464
BCD/BTC,1572507937741,2019-10-31T07:45:37.741Z,buy,5.615e-05,148.0,0.0083102
BCD/BTC,1572507937741,2019-10-31T07:45:37.741Z,buy,5.616e-05,244.0,0.01370304
BCD/BTC,1572507937741,2019-10-31T07:45:37.741Z,buy,5.618e-05,239.0,0.01342702
BCD/BTC,1572507937741,2019-10-31T07:45:37.741Z,buy,5.622e-05,33.0,0.00185526
BCD/BTC,1572507937741,2019-10-31T07:45:37.741Z,buy,5.624e-05,3.0,0.00016872
BCD/BTC,1572507937741,2019-10-31T07:45:37.741Z,buy,5.631e-05,5.0,0.00028155
BCD/BTC,1572507937741,2019-10-31T07:45:37.741Z,buy,5.632e-05,55.0,0.0030976
BCD/BTC,1572507941322,2019-10-31T07:45:41.322Z,sell,5.6e-05,201.0,0.011256
BCD/BTC,1572507941322,2019-10-31T07:45:41.322Z,sell,5.599e-05,56.0,0.0031354399999999
BCD/BTC,1572507943961,2019-10-31T07:45:43.961Z,sell,5.598e-05,201.0,0.01125198
BCD/BTC,1572507946152,2019-10-31T07:45:46.152Z,sell,5.598e-05,81.0,0.00453438
BCD/BTC,1572507980405,2019-10-31T07:46:20.405Z,buy,5.619e-05,357.0,0.02005983
BCD/BTC,1572507980405,2019-10-31T07:46:20.405Z,buy,5.62e-05,212.0,0.0119143999999999
BCD/BTC,1572507980405,2019-10-31T07:46:20.405Z,buy,5.632e-05,240.0,0.0135168
BCD/BTC,1572507980424,2019-10-31T07:46:20.424Z,sell,5.632e-05,121.0,0.00681472
BCD/BTC,1572507980876,2019-10-31T07:46:20.876Z,buy,5.619e-05,26.0,0.00146094
BCD/BTC,1572507980878,2019-10-31T07:46:20.878Z,buy,5.619e-05,32.0,0.00179808
BCD/BTC,1572507984186,2019-10-31T07:46:24.186Z,sell,5.597e-05,5.0,0.00027985
BCD/BTC,1572507984186,2019-10-31T07:46:24.186Z,sell,5.592e-05,99.0,0.00553608
BCD/BTC,1572507984186,2019-10-31T07:46:24.186Z,sell,5.591e-05,190.0,0.0106229
BCD/BTC,1572508058771,2019-10-31T07:47:38.771Z,sell,5.592e-05,94.0,0.00525648
BCD/BTC,1572508058774,2019-10-31T07:47:38.774Z,sell,5.592e-05,187.0,0.01045704
BCD/BTC,1572508058792,2019-10-31T07:47:38.792Z,sell,5.592e-05,92.0,0.00514464
BCD/BTC,1572508120473,2019-10-31T07:48:40.473Z,sell,5.607e-05,35.0,0.0019624499999999
BCD/BTC,1572508121421,2019-10-31T07:48:41.421Z,sell,5.607e-05,53.0,0.00297171
BCD/BTC,1572508124355,2019-10-31T07:48:44.355Z,sell,5.607e-05,35.0,0.0019624499999999
BCD/BTC,1572508126685,2019-10-31T07:48:46.685Z,sell,5.607e-05,18.0,0.0010092599999999
BCD/BTC,1572508558030,2019-10-31T07:55:58.030Z,sell,5.591e-05,192.0,0.01073472
BCD/BTC,1572508568001,2019-10-31T07:56:08.001Z,buy,5.591e-05,2.0,0.00011182
BCD/BTC,1572508582112,2019-10-31T07:56:22.112Z,buy,5.591e-05,52.0,0.0029073199999999
BCD/BTC,1572508612636,2019-10-31T07:56:52.636Z,sell,5.59e-05,3.0,0.0001676999999999
BCD/BTC,1572508933680,2019-10-31T08:02:13.680Z,buy,5.585e-05,536.0,0.0299356
BCD/BTC,1572508937251,2019-10-31T08:02:17.251Z,sell,5.591e-05,35.0,0.00195685
BCD/BTC,1572508937257,2019-10-31T08:02:17.257Z,sell,5.591e-05,42.0,0.00234822
BCD/BTC,1572508937278,2019-10-31T08:02:17.278Z,sell,5.591e-05,12.0,0.00067092
BCD/BTC,1572509036846,2019-10-31T08:03:56.846Z,buy,5.596e-05,38.0,0.00212648
BCD/BTC,1572509414668,2019-10-31T08:10:14.668Z,sell,5.591e-05,48.0,0.00268368
BCD/BTC,1572509510408,2019-10-31T08:11:50.408Z,buy,5.588e-05,2.0,0.00011176
BCD/BTC,1572509572831,2019-10-31T08:12:52.831Z,buy,5.588e-05,99.0,0.00553212
BCD/BTC,1572509572831,2019-10-31T08:12:52.831Z,buy,5.602e-05,234.0,0.01310868
BCD/BTC,1572509572831,2019-10-31T08:12:52.831Z,buy,5.588e-05,99.0,0.00553212
BCD/BTC,1572509572831,2019-10-31T08:12:52.831Z,buy,5.602e-05,234.0,0.01310868
BCD/BTC,1572509855609,2019-10-31T08:17:35.609Z,buy,5.606e-05,4.0,0.00022424
BCD/BTC,1572509881634,2019-10-31T08:18:01.634Z,sell,5.583e-05,277.0,0.01546491
BCD/BTC,1572509881634,2019-10-31T08:18:01.634Z,sell,5.582e-05,133.0,0.00742406
BCD/BTC,1572509881634,2019-10-31T08:18:01.634Z,sell,5.58e-05,178.0,0.0099324
BCD/BTC,1572509881634,2019-10-31T08:18:01.634Z,sell,5.577e-05,331.0,0.01845987
BCD/BTC,1572509881634,2019-10-31T08:18:01.634Z,sell,5.576e-05,1081.0,0.06027656
BCD/BTC,1572510107009,2019-10-31T08:21:47.009Z,buy,5.591e-05,358.0,0.02001578
BCD/BTC,1572510107009,2019-10-31T08:21:47.009Z,buy,5.592e-05,237.0,0.01325304
BCD/BTC,1572510367520,2019-10-31T08:26:07.520Z,sell,5.595e-05,79.0,0.00442005
BCD/BTC,1572510392219,2019-10-31T08:26:32.219Z,sell,5.589e-05,5.0,0.00027945
BCD/BTC,1572510459122,2019-10-31T08:27:39.122Z,sell,5.589e-05,47.0,0.00262683
BCD/BTC,1572510703168,2019-10-31T08:31:43.168Z,sell,5.588e-05,17.0,0.00094996
BCD/BTC,1572510750951,2019-10-31T08:32:30.951Z,sell,5.596e-05,106.0,0.00593176
BCD/BTC,1572510806492,2019-10-31T08:33:26.492Z,buy,5.607e-05,70.0,0.0039248999999999
BCD/BTC,1572510806492,2019-10-31T08:33:26.492Z,buy,5.616e-05,17.0,0.0009547199999999
BCD/BTC,1572510806492,2019-10-31T08:33:26.492Z,buy,5.617e-05,242.0,0.01359314
BCD/BTC,1572510806492,2019-10-31T08:33:26.492Z,buy,5.62e-05,71.0,0.0039902
BCD/BTC,1572510827397,2019-10-31T08:33:47.397Z,sell,5.597e-05,40.0,0.0022388
BCD/BTC,1572511108278,2019-10-31T08:38:28.278Z,buy,5.618e-05,1.0,5.618e-05
BCD/BTC,1572511195413,2019-10-31T08:39:55.413Z,sell,5.587e-05,245.0,0.01368815
BCD/BTC,1572511233570,2019-10-31T08:40:33.570Z,sell,5.572e-05,57.0,0.00317604
BCD/BTC,1572511237693,2019-10-31T08:40:37.693Z,sell,5.575e-05,216.0,0.012042
BCD/BTC,1572511257660,2019-10-31T08:40:57.660Z,sell,5.581e-05,78.0,0.00435318
BCD/BTC,1572511257660,2019-10-31T08:40:57.660Z,sell,5.58e-05,114.0,0.0063612
BCD/BTC,1572511277115,2019-10-31T08:41:17.115Z,sell,5.581e-05,142.0,0.00792502
BCD/BTC,1572511290494,2019-10-31T08:41:30.494Z,sell,5.58e-05,64.0,0.0035712
BCD/BTC,1572511292970,2019-10-31T08:41:32.970Z,sell,5.575e-05,142.0,0.0079165
BCD/BTC,1572511366700,2019-10-31T08:42:46.700Z,sell,5.573e-05,13.0,0.0007244899999999
BCD/BTC,1572511366700,2019-10-31T08:42:46.700Z,sell,5.571e-05,146.0,0.00813366
BCD/BTC,1572511366700,2019-10-31T08:42:46.700Z,sell,5.569e-05,3.0,0.0001670699999999
BCD/BTC,1572511366705,2019-10-31T08:42:46.705Z,buy,5.574e-05,134.0,0.00746916
BCD/BTC,1572511366715,2019-10-31T08:42:46.715Z,buy,5.574e-05,26.0,0.0014492399999999
BCD/BTC,1572511366741,2019-10-31T08:42:46.741Z,buy,5.574e-05,48.0,0.00267552
BCD/BTC,1572511366795,2019-10-31T08:42:46.795Z,buy,5.574e-05,93.0,0.00518382
BCD/BTC,1572511444834,2019-10-31T08:44:04.834Z,sell,5.564e-05,90.0,0.0050076
BCD/BTC,1572511444834,2019-10-31T08:44:04.834Z,sell,5.563e-05,10.0,0.0005563
BCD/BTC,1572511504764,2019-10-31T08:45:04.764Z,sell,5.562e-05,19.0,0.00105678
BCD/BTC,1572511504764,2019-10-31T08:45:04.764Z,sell,5.561e-05,17.0,0.00094537
BCD/BTC,1572511537559,2019-10-31T08:45:37.559Z,buy,5.575e-05,1.0,5.575e-05
BCD/BTC,1572512167012,2019-10-31T08:56:07.012Z,buy,5.568e-05,135.0,0.0075168
BCD/BTC,1572512294881,2019-10-31T08:58:14.881Z,sell,5.568e-05,2.0,0.00011136
BCD/BTC,1572512294881,2019-10-31T08:58:14.881Z,sell,5.562e-05,126.0,0.00700812
BCD/BTC,1572512294884,2019-10-31T08:58:14.884Z,sell,5.562e-05,9.0,0.00050058
BCD/BTC,1572512294884,2019-10-31T08:58:14.884Z,sell,5.561e-05,2.0,0.00011122
BCD/BTC,1572512294884,2019-10-31T08:58:14.884Z,sell,5.555e-05,3.0,0.00016665
BCD/BTC,1572512314645,2019-10-31T08:58:34.645Z,buy,5.568e-05,2.0,0.00011136
BCD/BTC,1572512315529,2019-10-31T08:58:35.529Z,sell,5.568e-05,463.0,0.02577984
BCD/BTC,1572512343727,2019-10-31T08:59:03.727Z,buy,5.568e-05,13.0,0.00072384
BCD/BTC,1572512486763,2019-10-31T09:01:26.763Z,buy,5.565e-05,137.0,0.0076240499999999
BCD/BTC,1572512486787,2019-10-31T09:01:26.787Z,sell,5.567e-05,246.0,0.01369482
BCD/BTC,1572512486888,2019-10-31T09:01:26.888Z,sell,5.567e-05,46.0,0.00256082
BCD/BTC,1572512782856,2019-10-31T09:06:22.856Z,sell,5.545e-05,181.0,0.01003645
BCD/BTC,1572512783715,2019-10-31T09:06:23.715Z,sell,5.545e-05,4.0,0.0002218
BCD/BTC,1572512783715,2019-10-31T09:06:23.715Z,sell,5.542e-05,21.0,0.00116382
BCD/BTC,1572512805857,2019-10-31T09:06:45.857Z,buy,5.556e-05,4.0,0.00022224
BCD/BTC,1572512973204,2019-10-31T09:09:33.204Z,buy,5.55e-05,5.0,0.0002775
BCD/BTC,1572513068287,2019-10-31T09:11:08.287Z,buy,5.546e-05,2.0,0.00011092
BCD/BTC,1572513068287,2019-10-31T09:11:08.287Z,buy,5.546e-05,2.0,0.00011092
BCD/BTC,1572513699342,2019-10-31T09:21:39.342Z,buy,5.544e-05,18.0,0.00099792
BCD/BTC,1572514021842,2019-10-31T09:27:01.842Z,buy,5.543e-05,557.0,0.03087451
BCD/BTC,1572514028892,2019-10-31T09:27:08.892Z,buy,5.546e-05,4.0,0.00022184
BCD/BTC,1572514204296,2019-10-31T09:30:04.296Z,buy,5.546e-05,6.0,0.00033276
BCD/BTC,1572514204296,2019-10-31T09:30:04.296Z,buy,5.566e-05,8.0,0.00044528
BCD/BTC,1572514998031,2019-10-31T09:43:18.031Z,buy,5.566e-05,2.0,0.00011132
BCD/BTC,1572514998031,2019-10-31T09:43:18.031Z,buy,5.573e-05,28.0,0.00156044
BCD/BTC,1572514998976,2019-10-31T09:43:18.976Z,buy,5.572e-05,47.0,0.00261884
BCD/BTC,1572514999208,2019-10-31T09:43:19.208Z,buy,5.572e-05,50.0,0.002786
BCD/BTC,1572515000833,2019-10-31T09:43:20.833Z,buy,5.572e-05,18.0,0.00100296
BCD/BTC,1572515000833,2019-10-31T09:43:20.833Z,buy,5.573e-05,24.0,0.00133752
BCD/BTC,1572515000854,2019-10-31T09:43:20.854Z,buy,5.573e-05,63.0,0.00351099
BCD/BTC,1572515000948,2019-10-31T09:43:20.948Z,buy,5.573e-05,19.0,0.00105887
BCD/BTC,1572515000948,2019-10-31T09:43:20.948Z,buy,5.574e-05,13.0,0.0007246199999999
BCD/BTC,1572515002332,2019-10-31T09:43:22.332Z,sell,5.572e-05,63.0,0.00351036
BCD/BTC,1572515005517,2019-10-31T09:43:25.517Z,buy,5.574e-05,21.0,0.0011705399999999
BCD/BTC,1572515007666,2019-10-31T09:43:27.666Z,buy,5.574e-05,14.0,0.00078036
BCD/BTC,1572515170734,2019-10-31T09:46:10.734Z,buy,5.578e-05,9.0,0.0005020199999999
BCD/BTC,1572515308583,2019-10-31T09:48:28.583Z,sell,5.55e-05,18.0,0.000999
BCD/BTC,1572515840417,2019-10-31T09:57:20.417Z,sell,5.552e-05,32.0,0.00177664
BCD/BTC,1572515850892,2019-10-31T09:57:30.892Z,sell,5.552e-05,28.0,0.00155456
BCD/BTC,1572515850892,2019-10-31T09:57:30.892Z,sell,5.551e-05,342.0,0.01898442
BCD/BTC,1572515850892,2019-10-31T09:57:30.892Z,sell,5.55e-05,150.0,0.008325
BCD/BTC,1572516078780,2019-10-31T10:01:18.780Z,buy,5.568e-05,360.0,0.0200448
BCD/BTC,1572516078780,2019-10-31T10:01:18.780Z,buy,5.569e-05,26.0,0.00144794
BCD/BTC,1572516078867,2019-10-31T10:01:18.867Z,buy,5.569e-05,153.0,0.00852057
BCD/BTC,1572516079695,2019-10-31T10:01:19.695Z,buy,5.589e-05,219.0,0.01223991
BCD/BTC,1572516079695,2019-10-31T10:01:19.695Z,buy,5.59e-05,3.0,0.0001676999999999
BCD/BTC,1572516079695,2019-10-31T10:01:19.695Z,buy,5.594e-05,18.0,0.00100692
BCD/BTC,1572516079695,2019-10-31T10:01:19.695Z,buy,5.597e-05,10.0,0.0005597
BCD/BTC,1572516079695,2019-10-31T10:01:19.695Z,buy,5.603e-05,3.0,0.00016809
BCD/BTC,1572516079695,2019-10-31T10:01:19.695Z,buy,5.605e-05,41.0,0.00229805
BCD/BTC,1572516079695,2019-10-31T10:01:19.695Z,buy,5.624e-05,3.0,0.00016872
BCD/BTC,1572516079695,2019-10-31T10:01:19.695Z,buy,5.629e-05,502.0,0.0282575799999999
BCD/BTC,1572516084400,2019-10-31T10:01:24.400Z,sell,5.576e-05,28.0,0.00156128
BCD/BTC,1572516109894,2019-10-31T10:01:49.894Z,buy,5.624e-05,28.0,0.00157472
BCD/BTC,1572516111961,2019-10-31T10:01:51.961Z,buy,5.623e-05,125.0,0.00702875
BCD/BTC,1572516120307,2019-10-31T10:02:00.307Z,buy,5.622e-05,25.0,0.0014055
BCD/BTC,1572516120307,2019-10-31T10:02:00.307Z,buy,5.623e-05,30.0,0.0016869
BCD/BTC,1572516125243,2019-10-31T10:02:05.243Z,buy,5.623e-05,37.0,0.00208051
BCD/BTC,1572516303380,2019-10-31T10:05:03.380Z,buy,5.619e-05,2.0,0.00011238
BCD/BTC,1572516536701,2019-10-31T10:08:56.701Z,sell,5.59e-05,3.0,0.0001676999999999
BCD/BTC,1572516536701,2019-10-31T10:08:56.701Z,sell,5.581e-05,357.0,0.01992417
BCD/BTC,1572516536701,2019-10-31T10:08:56.701Z,sell,5.58e-05,87.0,0.0048546
BCD/BTC,1572516536701,2019-10-31T10:08:56.701Z,sell,5.571e-05,41.0,0.00228411
BCD/BTC,1572516536701,2019-10-31T10:08:56.701Z,sell,5.569e-05,3.0,0.0001670699999999
BCD/BTC,1572516536701,2019-10-31T10:08:56.701Z,sell,5.563e-05,10.0,0.0005563
BCD/BTC,1572516536701,2019-10-31T10:08:56.701Z,sell,5.555e-05,3.0,0.00016665
BCD/BTC,1572516536701,2019-10-31T10:08:56.701Z,sell,5.552e-05,16.0,0.00088832
BCD/BTC,1572516634770,2019-10-31T10:10:34.770Z,sell,5.553e-05,18.0,0.00099954
BCD/BTC,1572516634770,2019-10-31T10:10:34.770Z,sell,5.553e-05,18.0,0.00099954
BCD/BTC,1572516680849,2019-10-31T10:11:20.849Z,sell,5.553e-05,40.0,0.0022212
BCD/BTC,1572516690469,2019-10-31T10:11:30.469Z,sell,5.553e-05,116.0,0.0064414799999999
BCD/BTC,1572516706664,2019-10-31T10:11:46.664Z,sell,5.551e-05,72.0,0.00399672
BCD/BTC,1572516727643,2019-10-31T10:12:07.643Z,sell,5.55e-05,215.0,0.0119325
BCD/BTC,1572516782297,2019-10-31T10:13:02.297Z,buy,5.581e-05,67.0,0.00373927
BCD/BTC,1572516929440,2019-10-31T10:15:29.440Z,sell,5.554e-05,4.0,0.00022216
BCD/BTC,1572516929470,2019-10-31T10:15:29.470Z,buy,5.554e-05,113.0,0.00627602
BCD/BTC,1572517348612,2019-10-31T10:22:28.612Z,sell,5.551e-05,13.0,0.00072163
BCD/BTC,1572517666851,2019-10-31T10:27:46.851Z,sell,5.55e-05,22.0,0.001221
BCD/BTC,1572517667116,2019-10-31T10:27:47.116Z,sell,5.55e-05,77.0,0.0042735
BCD/BTC,1572517667264,2019-10-31T10:27:47.264Z,sell,5.55e-05,34.0,0.001887
BCD/BTC,1572517667914,2019-10-31T10:27:47.914Z,sell,5.55e-05,31.0,0.0017205
BCD/BTC,1572517668088,2019-10-31T10:27:48.088Z,sell,5.55e-05,11.0,0.0006105
BCD/BTC,1572517668680,2019-10-31T10:27:48.680Z,buy,5.559e-05,26.0,0.00144534
BCD/BTC,1572517668740,2019-10-31T10:27:48.740Z,buy,5.559e-05,26.0,0.00144534
BCD/BTC,1572517668982,2019-10-31T10:27:48.982Z,sell,5.55e-05,9.0,0.0004995
BCD/BTC,1572517669078,2019-10-31T10:27:49.078Z,sell,5.544e-05,203.0,0.01125432
BCD/BTC,1572517669516,2019-10-31T10:27:49.516Z,sell,5.544e-05,130.0,0.0072071999999999
BCD/BTC,1572517669896,2019-10-31T10:27:49.896Z,sell,5.544e-05,40.0,0.0022176
BCD/BTC,1572517671088,2019-10-31T10:27:51.088Z,sell,5.544e-05,21.0,0.00116424
BCD/BTC,1572517694006,2019-10-31T10:28:14.006Z,sell,5.544e-05,1.0,5.544e-05
BCD/BTC,1572517694006,2019-10-31T10:28:14.006Z,sell,5.542e-05,4.0,0.00022168
BCD/BTC,1572517694006,2019-10-31T10:28:14.006Z,sell,5.539e-05,13.0,0.00072007
BCD/BTC,1572517694006,2019-10-31T10:28:14.006Z,sell,5.538e-05,12.0,0.00066456
BCD/BTC,1572517694100,2019-10-31T10:28:14.100Z,sell,5.538e-05,29.0,0.00160602
BCD/BTC,1572517694100,2019-10-31T10:28:14.100Z,sell,5.537e-05,1.0,5.537e-05
BCD/BTC,1572517694104,2019-10-31T10:28:14.104Z,sell,5.537e-05,16.0,0.00088592
BCD/BTC,1572517698483,2019-10-31T10:28:18.483Z,buy,5.556e-05,38.0,0.00211128
BCD/BTC,1572517755952,2019-10-31T10:29:15.952Z,buy,5.547e-05,22.0,0.00122034
BCD/BTC,1572517777498,2019-10-31T10:29:37.498Z,sell,5.534e-05,3.0,0.00016602
BCD/BTC,1572517777498,2019-10-31T10:29:37.498Z,sell,5.529e-05,5.0,0.00027645
BCD/BTC,1572517777980,2019-10-31T10:29:37.980Z,buy,5.525e-05,425.0,0.02348125
BCD/BTC,1572517780064,2019-10-31T10:29:40.064Z,buy,5.525e-05,4.0,0.000221
BCD/BTC,1572517955428,2019-10-31T10:32:35.428Z,buy,5.546e-05,23.0,0.00127558
BCD/BTC,1572517983071,2019-10-31T10:33:03.071Z,buy,5.546e-05,48.0,0.00266208
BCD/BTC,1572518041075,2019-10-31T10:34:01.075Z,buy,5.547e-05,264.0,0.01464408
BCD/BTC,1572518041118,2019-10-31T10:34:01.118Z,sell,5.547e-05,79.0,0.00438213
BCD/BTC,1572518041188,2019-10-31T10:34:01.188Z,sell,5.547e-05,26.0,0.00144222
BCD/BTC,1572518056836,2019-10-31T10:34:16.836Z,sell,5.525e-05,2.0,0.0001105
BCD/BTC,1572518056836,2019-10-31T10:34:16.836Z,sell,5.52e-05,3.0,0.0001656
BCD/BTC,1572518056836,2019-10-31T10:34:16.836Z,sell,5.506e-05,29.0,0.00159674
BCD/BTC,1572518076451,2019-10-31T10:34:36.451Z,sell,5.508e-05,7.0,0.00038556
BCD/BTC,1572518147575,2019-10-31T10:35:47.575Z,sell,5.51e-05,34.0,0.0018734
BCD/BTC,1572518147575,2019-10-31T10:35:47.575Z,sell,5.509e-05,346.0,0.01906114
BCD/BTC,1572518147575,2019-10-31T10:35:47.575Z,sell,5.508e-05,250.0,0.01377
BCD/BTC,1572518147576,2019-10-31T10:35:47.576Z,sell,5.508e-05,77.0,0.00424116
BCD/BTC,1572518147714,2019-10-31T10:35:47.714Z,sell,5.509e-05,54.0,0.00297486
BCD/BTC,1572518147714,2019-10-31T10:35:47.714Z,sell,5.508e-05,20.0,0.0011016
BCD/BTC,1572518147714,2019-10-31T10:35:47.714Z,sell,5.507e-05,26.0,0.0014318199999999
BCD/BTC,1572518774426,2019-10-31T10:46:14.426Z,buy,5.52e-05,4.0,0.0002208
BCD/BTC,1572519059029,2019-10-31T10:50:59.029Z,sell,5.508e-05,72.0,0.00396576
BCD/BTC,1572519210606,2019-10-31T10:53:30.606Z,buy,5.524e-05,4.0,0.00022096
BCD/BTC,1572519582882,2019-10-31T10:59:42.882Z,sell,5.513e-05,30.0,0.0016539
BCD/BTC,1572519583002,2019-10-31T10:59:43.002Z,sell,5.513e-05,22.0,0.00121286
BCD/BTC,1572519583892,2019-10-31T10:59:43.892Z,sell,5.513e-05,30.0,0.0016539
BCD/BTC,1572519663675,2019-10-31T11:01:03.675Z,sell,5.513e-05,5.0,0.00027565
BCD/BTC,1572519663675,2019-10-31T11:01:03.675Z,sell,5.507e-05,2.0,0.00011014
BCD/BTC,1572519663675,2019-10-31T11:01:03.675Z,sell,5.505e-05,43.0,0.00236715
BCD/BTC,1572519663675,2019-10-31T11:01:03.675Z,sell,5.504e-05,20.0,0.0011008
BCD/BTC,1572519663675,2019-10-31T11:01:03.675Z,sell,5.499e-05,40.0,0.0021996
BCD/BTC,1572519663675,2019-10-31T11:01:03.675Z,sell,5.496e-05,17.0,0.00093432
BCD/BTC,1572519663710,2019-10-31T11:01:03.710Z,buy,5.496e-05,80.0,0.0043968
BCD/BTC,1572519667832,2019-10-31T11:01:07.832Z,sell,5.495e-05,5.0,0.00027475
BCD/BTC,1572519667832,2019-10-31T11:01:07.832Z,sell,5.493e-05,13.0,0.00071409
BCD/BTC,1572519667832,2019-10-31T11:01:07.832Z,sell,5.489e-05,25.0,0.00137225
BCD/BTC,1572519672229,2019-10-31T11:01:12.229Z,sell,5.486e-05,3.0,0.00016458
BCD/BTC,1572519681928,2019-10-31T11:01:21.928Z,buy,5.483e-05,462.0,0.02533146
BCD/BTC,1572519727078,2019-10-31T11:02:07.078Z,buy,5.51e-05,4.0,0.0002204
BCD/BTC,1572519869254,2019-10-31T11:04:29.254Z,buy,5.516e-05,364.0,0.02007824
BCD/BTC,1572519869254,2019-10-31T11:04:29.254Z,buy,5.517e-05,186.0,0.01026162
BCD/BTC,1572520029963,2019-10-31T11:07:09.963Z,sell,5.498e-05,30.0,0.0016493999999999
BCD/BTC,1572520034256,2019-10-31T11:07:14.256Z,sell,5.498e-05,30.0,0.0016493999999999
BCD/BTC,1572520034434,2019-10-31T11:07:14.434Z,sell,5.498e-05,3.0,0.00016494
BCD/BTC,1572520034434,2019-10-31T11:07:14.434Z,sell,5.497e-05,22.0,0.00120934
BCD/BTC,1572520034434,2019-10-31T11:07:14.434Z,sell,5.496e-05,5.0,0.0002748
BCD/BTC,1572520034574,2019-10-31T11:07:14.574Z,sell,5.496e-05,9.0,0.00049464
BCD/BTC,1572520034574,2019-10-31T11:07:14.574Z,sell,5.496e-05,30.0,0.0016488
BCD/BTC,1572520034648,2019-10-31T11:07:14.648Z,sell,5.498e-05,95.0,0.0052231
BCD/BTC,1572520034956,2019-10-31T11:07:14.956Z,sell,5.498e-05,32.0,0.00175936
BCD/BTC,1572520034956,2019-10-31T11:07:14.956Z,sell,5.496e-05,6.0,0.00032976
BCD/BTC,1572520038008,2019-10-31T11:07:18.008Z,sell,5.496e-05,86.0,0.00472656
BCD/BTC,1572520038011,2019-10-31T11:07:18.011Z,sell,5.496e-05,45.0,0.0024732
BCD/BTC,1572520055921,2019-10-31T11:07:35.921Z,sell,5.472e-05,52.0,0.00284544
BCD/BTC,1572520055921,2019-10-31T11:07:35.921Z,sell,5.472e-05,52.0,0.00284544
BCD/BTC,1572520473799,2019-10-31T11:14:33.799Z,buy,5.52e-05,3.0,0.0001656
BCD/BTC,1572520477980,2019-10-31T11:14:37.980Z,sell,5.528e-05,762.0,0.04212336
BCD/BTC,1572520551270,2019-10-31T11:15:51.270Z,buy,5.529e-05,5.0,0.00027645
BCD/BTC,1572520551270,2019-10-31T11:15:51.270Z,buy,5.534e-05,3.0,0.00016602
BCD/BTC,1572520551270,2019-10-31T11:15:51.270Z,buy,5.537e-05,17.0,0.00094129
BCD/BTC,1572520551270,2019-10-31T11:15:51.270Z,buy,5.538e-05,41.0,0.00227058
BCD/BTC,1572520551270,2019-10-31T11:15:51.270Z,buy,5.539e-05,8.0,0.00044312
BCD/BTC,1572520551286,2019-10-31T11:15:51.286Z,buy,5.539e-05,5.0,0.00027695
BCD/BTC,1572520551464,2019-10-31T11:15:51.464Z,buy,5.549e-05,104.0,0.00577096
BCD/BTC,1572520551668,2019-10-31T11:15:51.668Z,sell,5.545e-05,4.0,0.0002218
BCD/BTC,1572520551787,2019-10-31T11:15:51.787Z,sell,5.545e-05,106.0,0.0058777
BCD/BTC,1572520553074,2019-10-31T11:15:53.074Z,buy,5.548e-05,90.0,0.0049932
BCD/BTC,1572520554293,2019-10-31T11:15:54.293Z,buy,5.548e-05,115.0,0.0063802
BCD/BTC,1572520556670,2019-10-31T11:15:56.670Z,buy,5.548e-05,15.0,0.0008322
BCD/BTC,1572520556741,2019-10-31T11:15:56.741Z,buy,5.548e-05,22.0,0.0012205599999999
BCD/BTC,1572520556741,2019-10-31T11:15:56.741Z,buy,5.549e-05,87.0,0.00482763
BCD/BTC,1572520557303,2019-10-31T11:15:57.303Z,buy,5.548e-05,84.0,0.00466032
BCD/BTC,1572520558973,2019-10-31T11:15:58.973Z,buy,5.548e-05,45.0,0.0024966
BCD/BTC,1572520560468,2019-10-31T11:16:00.468Z,buy,5.548e-05,32.0,0.00177536
BCD/BTC,1572520560468,2019-10-31T11:16:00.468Z,buy,5.549e-05,22.0,0.0012207799999999
BCD/BTC,1572520561339,2019-10-31T11:16:01.339Z,buy,5.548e-05,55.0,0.0030513999999999
BCD/BTC,1572520561443,2019-10-31T11:16:01.443Z,buy,5.548e-05,37.0,0.00205276
BCD/BTC,1572520588846,2019-10-31T11:16:28.846Z,buy,5.549e-05,52.0,0.00288548
BCD/BTC,1572520589471,2019-10-31T11:16:29.471Z,buy,5.549e-05,30.0,0.0016646999999999
BCD/BTC,1572520604150,2019-10-31T11:16:44.150Z,buy,5.55e-05,14.0,0.000777
BCD/BTC,1572520614113,2019-10-31T11:16:54.113Z,buy,5.55e-05,9.0,0.0004995
BCD/BTC,1572520708773,2019-10-31T11:18:28.773Z,buy,5.55e-05,69.0,0.0038295
BCD/BTC,1572520708790,2019-10-31T11:18:28.790Z,buy,5.55e-05,8.0,0.000444
BCD/BTC,1572520709012,2019-10-31T11:18:29.012Z,buy,5.555e-05,3.0,0.00016665
BCD/BTC,1572520711007,2019-10-31T11:18:31.007Z,sell,5.56e-05,76.0,0.0042256
BCD/BTC,1572520719606,2019-10-31T11:18:39.606Z,buy,5.561e-05,76.0,0.00422636
BCD/BTC,1572520719607,2019-10-31T11:18:39.607Z,buy,5.561e-05,1.0,5.561e-05
BCD/BTC,1572520719622,2019-10-31T11:18:39.622Z,buy,5.563e-05,5.0,0.00027815
BCD/BTC,1572520719693,2019-10-31T11:18:39.693Z,sell,5.567e-05,30.0,0.0016701
BCD/BTC,1572520719693,2019-10-31T11:18:39.693Z,sell,5.564e-05,32.0,0.00178048
BCD/BTC,1572520719693,2019-10-31T11:18:39.693Z,sell,5.562e-05,76.0,0.00422712
BCD/BTC,1572520720205,2019-10-31T11:18:40.205Z,sell,5.567e-05,65.0,0.00361855
BCD/BTC,1572520728894,2019-10-31T11:18:48.894Z,buy,5.565e-05,9.0,0.00050085
BCD/BTC,1572520728972,2019-10-31T11:18:48.972Z,buy,5.565e-05,38.0,0.0021146999999999
BCD/BTC,1572520729082,2019-10-31T11:18:49.082Z,buy,5.565e-05,26.0,0.0014468999999999
BCD/BTC,1572520729082,2019-10-31T11:18:49.082Z,buy,5.568e-05,12.0,0.00066816
BCD/BTC,1572520729168,2019-10-31T11:18:49.168Z,buy,5.564e-05,18.0,0.00100152
BCD/BTC,1572520729285,2019-10-31T11:18:49.285Z,buy,5.564e-05,92.0,0.00511888
BCD/BTC,1572520729295,2019-10-31T11:18:49.295Z,buy,5.564e-05,40.0,0.0022256
BCD/BTC,1572520729295,2019-10-31T11:18:49.295Z,buy,5.568e-05,11.0,0.00061248
BCD/BTC,1572520729523,2019-10-31T11:18:49.523Z,buy,5.568e-05,11.0,0.00061248
BCD/BTC,1572520729523,2019-10-31T11:18:49.523Z,buy,5.569e-05,3.0,0.0001670699999999
BCD/BTC,1572520730285,2019-10-31T11:18:50.285Z,sell,5.57e-05,52.0,0.0028964
BCD/BTC,1572520731374,2019-10-31T11:18:51.374Z,buy,5.571e-05,37.0,0.00206127
BCD/BTC,1572520789358,2019-10-31T11:19:49.358Z,sell,5.55e-05,360.0,0.01998
BCD/BTC,1572520790113,2019-10-31T11:19:50.113Z,sell,5.549e-05,242.0,0.0134285799999999
BCD/BTC,1572520803814,2019-10-31T11:20:03.814Z,sell,5.535e-05,161.0,0.00891135
BCD/BTC,1572520819769,2019-10-31T11:20:19.769Z,sell,5.535e-05,108.0,0.0059777999999999
BCD/BTC,1572520851364,2019-10-31T11:20:51.364Z,sell,5.535e-05,59.0,0.0032656499999999
BCD/BTC,1572520928024,2019-10-31T11:22:08.024Z,buy,5.557e-05,123.0,0.00683511
BCD/BTC,1572520934171,2019-10-31T11:22:14.171Z,buy,5.548e-05,765.0,0.0424422
BCD/BTC,1572520960059,2019-10-31T11:22:40.059Z,buy,5.56e-05,237.0,0.0131772
BCD/BTC,1572520960059,2019-10-31T11:22:40.059Z,buy,5.561e-05,190.0,0.0105659
BCD/BTC,1572520962688,2019-10-31T11:22:42.688Z,buy,5.561e-05,74.0,0.00411514
BCD/BTC,1572521079705,2019-10-31T11:24:39.705Z,sell,5.541e-05,25.0,0.00138525
BCD/BTC,1572521080430,2019-10-31T11:24:40.430Z,sell,5.541e-05,335.0,0.01856235
BCD/BTC,1572521080939,2019-10-31T11:24:40.939Z,sell,5.542e-05,25.0,0.0013855
BCD/BTC,1572521081791,2019-10-31T11:24:41.791Z,buy,5.562e-05,2.0,0.00011124
BCD/BTC,1572521081791,2019-10-31T11:24:41.791Z,buy,5.568e-05,18.0,0.00100224
BCD/BTC,1572521082690,2019-10-31T11:24:42.690Z,sell,5.542e-05,25.0,0.0013855
BCD/BTC,1572521083824,2019-10-31T11:24:43.824Z,sell,5.542e-05,25.0,0.0013855
BCD/BTC,1572521499352,2019-10-31T11:31:39.352Z,buy,5.565e-05,180.0,0.010017
BCD/BTC,1572522047114,2019-10-31T11:40:47.114Z,sell,5.538e-05,98.0,0.00542724
BCD/BTC,1572522055079,2019-10-31T11:40:55.079Z,sell,5.536e-05,30.0,0.0016608
BCD/BTC,1572522055881,2019-10-31T11:40:55.881Z,sell,5.535e-05,43.0,0.00238005
BCD/BTC,1572522091909,2019-10-31T11:41:31.909Z,sell,5.536e-05,23.0,0.00127328
BCD/BTC,1572522094839,2019-10-31T11:41:34.839Z,sell,5.535e-05,52.0,0.0028782
BCD/BTC,1572522117402,2019-10-31T11:41:57.402Z,sell,5.535e-05,19.0,0.00105165
BCD/BTC,1572522455019,2019-10-31T11:47:35.019Z,buy,5.553e-05,23.0,0.0012771899999999
BCD/BTC,1572522455019,2019-10-31T11:47:35.019Z,buy,5.56e-05,143.0,0.0079508
BCD/BTC,1572522547577,2019-10-31T11:49:07.577Z,buy,5.564e-05,108.0,0.00600912
BCD/BTC,1572522549875,2019-10-31T11:49:09.875Z,buy,5.564e-05,108.0,0.00600912
BCD/BTC,1572522562992,2019-10-31T11:49:22.992Z,buy,5.563e-05,66.0,0.00367158
BCD/BTC,1572522576727,2019-10-31T11:49:36.727Z,buy,5.563e-05,52.0,0.00289276
BCD/BTC,1572522578927,2019-10-31T11:49:38.927Z,buy,5.563e-05,52.0,0.00289276
BCD/BTC,1572522896373,2019-10-31T11:54:56.373Z,sell,5.535e-05,289.0,0.01599615
BCD/BTC,1572522896373,2019-10-31T11:54:56.373Z,sell,5.534e-05,3.0,0.00016602
BCD/BTC,1572522896373,2019-10-31T11:54:56.373Z,sell,5.529e-05,5.0,0.00027645
BCD/BTC,1572522896373,2019-10-31T11:54:56.373Z,sell,5.522e-05,890.0,0.0491458
BCD/BTC,1572522896373,2019-10-31T11:54:56.373Z,sell,5.521e-05,656.0,0.03621776
BCD/BTC,1572522896373,2019-10-31T11:54:56.373Z,sell,5.52e-05,3.0,0.0001656
BCD/BTC,1572522896373,2019-10-31T11:54:56.373Z,sell,5.513e-05,151.0,0.00832463
BCD/BTC,1572522896373,2019-10-31T11:54:56.373Z,sell,5.505e-05,41.0,0.00225705
BCD/BTC,1572522896373,2019-10-31T11:54:56.373Z,sell,5.5e-05,7.0,0.000385
BCD/BTC,1572522896373,2019-10-31T11:54:56.373Z,sell,5.499e-05,3.0,0.00016497
BCD/BTC,1572522896373,2019-10-31T11:54:56.373Z,sell,5.497e-05,1074.0,0.05903778
BCD/BTC,1572522897486,2019-10-31T11:54:57.486Z,buy,5.538e-05,17.0,0.00094146
BCD/BTC,1572522897847,2019-10-31T11:54:57.847Z,sell,5.536e-05,3.0,0.0001660799999999
BCD/BTC,1572522898652,2019-10-31T11:54:58.652Z,buy,5.537e-05,41.0,0.00227017
BCD/BTC,1572522898698,2019-10-31T11:54:58.698Z,buy,5.537e-05,11.0,0.00060907
BCD/BTC,1572522898698,2019-10-31T11:54:58.698Z,buy,5.538e-05,8.0,0.00044304
BCD/BTC,1572522900140,2019-10-31T11:55:00.140Z,buy,5.537e-05,52.0,0.00287924
BCD/BTC,1572522900161,2019-10-31T11:55:00.161Z,buy,5.538e-05,16.0,0.00088608
BCD/BTC,1572522900161,2019-10-31T11:55:00.161Z,buy,5.539e-05,7.0,0.00038773
BCD/BTC,1572522900161,2019-10-31T11:55:00.161Z,buy,5.546e-05,2.0,0.00011092
BCD/BTC,1572522901224,2019-10-31T11:55:01.224Z,buy,5.537e-05,25.0,0.00138425
BCD/BTC,1572522901712,2019-10-31T11:55:01.712Z,buy,5.537e-05,24.0,0.00132888
BCD/BTC,1572522902270,2019-10-31T11:55:02.270Z,buy,5.537e-05,5.0,0.00027685
BCD/BTC,1572522902270,2019-10-31T11:55:02.270Z,buy,5.546e-05,20.0,0.0011092
BCD/BTC,1572522945238,2019-10-31T11:55:45.238Z,sell,5.519e-05,212.0,0.01170028
BCD/BTC,1572522955852,2019-10-31T11:55:55.852Z,buy,5.545e-05,70.0,0.0038815
BCD/BTC,1572522958524,2019-10-31T11:55:58.524Z,buy,5.545e-05,142.0,0.0078739
BCD/BTC,1572523378540,2019-10-31T12:02:58.540Z,buy,5.546e-05,9.0,0.00049914
BCD/BTC,1572523378672,2019-10-31T12:02:58.672Z,buy,5.546e-05,9.0,0.00049914
BCD/BTC,1572523378837,2019-10-31T12:02:58.837Z,buy,5.546e-05,9.0,0.00049914
BCD/BTC,1572523381751,2019-10-31T12:03:01.751Z,buy,5.546e-05,102.0,0.00565692
BCD/BTC,1572523381751,2019-10-31T12:03:01.751Z,buy,5.555e-05,3.0,0.00016665
BCD/BTC,1572523381751,2019-10-31T12:03:01.751Z,buy,5.563e-05,7.0,0.00038941
BCD/BTC,1572523381862,2019-10-31T12:03:01.862Z,sell,5.563e-05,30.0,0.0016689
BCD/BTC,1572523381946,2019-10-31T12:03:01.946Z,sell,5.563e-05,34.0,0.00189142
BCD/BTC,1572523382037,2019-10-31T12:03:02.037Z,sell,5.563e-05,322.0,0.01791286
BCD/BTC,1572523382679,2019-10-31T12:03:02.679Z,sell,5.563e-05,274.0,0.01524262
BCD/BTC,1572523488727,2019-10-31T12:04:48.727Z,sell,5.532e-05,399.0,0.02207268
BCD/BTC,1572523515657,2019-10-31T12:05:15.657Z,sell,5.532e-05,121.0,0.00669372
BCD/BTC,1572523587613,2019-10-31T12:06:27.613Z,sell,5.529e-05,5.0,0.00027645
BCD/BTC,1572523612935,2019-10-31T12:06:52.935Z,sell,5.52e-05,3.0,0.0001656
BCD/BTC,1572523612935,2019-10-31T12:06:52.935Z,sell,5.518e-05,2.0,0.00011036
BCD/BTC,1572523612935,2019-10-31T12:06:52.935Z,sell,5.506e-05,157.0,0.00864442
BCD/BTC,1572523629138,2019-10-31T12:07:09.138Z,sell,5.506e-05,5.0,0.0002752999999999
BCD/BTC,1572523629138,2019-10-31T12:07:09.138Z,sell,5.505e-05,25.0,0.00137625
BCD/BTC,1572523629734,2019-10-31T12:07:09.734Z,sell,5.505e-05,12.0,0.0006606
BCD/BTC,1572523629755,2019-10-31T12:07:09.755Z,sell,5.505e-05,4.0,0.0002202
BCD/BTC,1572523630176,2019-10-31T12:07:10.176Z,sell,5.499e-05,3.0,0.00016497
BCD/BTC,1572523632894,2019-10-31T12:07:12.894Z,sell,5.496e-05,6.0,0.00032976
BCD/BTC,1572523632894,2019-10-31T12:07:12.894Z,sell,5.496e-05,6.0,0.00032976
BCD/BTC,1572523657923,2019-10-31T12:07:37.923Z,sell,5.497e-05,107.0,0.00588179
BCD/BTC,1572523660531,2019-10-31T12:07:40.531Z,sell,5.496e-05,9.0,0.00049464
BCD/BTC,1572523677801,2019-10-31T12:07:57.801Z,sell,5.497e-05,24.0,0.00131928
BCD/BTC,1572523677801,2019-10-31T12:07:57.801Z,sell,5.496e-05,2.0,0.00010992
BCD/BTC,1572523677801,2019-10-31T12:07:57.801Z,sell,5.495e-05,5.0,0.00027475
BCD/BTC,1572523677801,2019-10-31T12:07:57.801Z,sell,5.494e-05,41.0,0.00225254
BCD/BTC,1572523681705,2019-10-31T12:08:01.705Z,sell,5.497e-05,203.0,0.01115891
BCD/BTC,1572523689828,2019-10-31T12:08:09.828Z,sell,5.499e-05,72.0,0.00395928
BCD/BTC,1572523755415,2019-10-31T12:09:15.415Z,sell,5.499e-05,571.0,0.03139929
BCD/BTC,1572523872147,2019-10-31T12:11:12.147Z,sell,5.499e-05,2.0,0.00010998
BCD/BTC,1572523916053,2019-10-31T12:11:56.053Z,sell,5.498e-05,2.0,0.00010996
BCD/BTC,1572523979955,2019-10-31T12:12:59.955Z,sell,5.493e-05,13.0,0.00071409
BCD/BTC,1572523998753,2019-10-31T12:13:18.753Z,sell,5.486e-05,3.0,0.00016458
BCD/BTC,1572523998753,2019-10-31T12:13:18.753Z,sell,5.47e-05,103.0,0.0056341
BCD/BTC,1572523998753,2019-10-31T12:13:18.753Z,sell,5.469e-05,158.0,0.00864102
BCD/BTC,1572524002923,2019-10-31T12:13:22.923Z,sell,5.469e-05,94.0,0.00514086
BCD/BTC,1572524020629,2019-10-31T12:13:40.629Z,sell,5.469e-05,23.0,0.00125787
BCD/BTC,1572524020629,2019-10-31T12:13:40.629Z,sell,5.464e-05,2.0,0.00010928
BCD/BTC,1572524028028,2019-10-31T12:13:48.028Z,sell,5.464e-05,1.0,5.464e-05
BCD/BTC,1572524028028,2019-10-31T12:13:48.028Z,sell,5.462e-05,5.0,0.0002731
BCD/BTC,1572524028028,2019-10-31T12:13:48.028Z,sell,5.455e-05,3.0,0.00016365
BCD/BTC,1572524034265,2019-10-31T12:13:54.265Z,sell,5.455e-05,14.0,0.0007637
BCD/BTC,1572524034265,2019-10-31T12:13:54.265Z,sell,5.454e-05,11.0,0.00059994
BCD/BTC,1572524036377,2019-10-31T12:13:56.377Z,sell,5.454e-05,13.0,0.00070902
BCD/BTC,1572524036377,2019-10-31T12:13:56.377Z,sell,5.452e-05,60.0,0.0032712
BCD/BTC,1572524044669,2019-10-31T12:14:04.669Z,sell,5.452e-05,307.0,0.01673764
BCD/BTC,1572524046632,2019-10-31T12:14:06.632Z,buy,5.488e-05,55.0,0.0030184
BCD/BTC,1572524159441,2019-10-31T12:15:59.441Z,sell,5.453e-05,2.0,0.00010906
BCD/BTC,1572524159441,2019-10-31T12:15:59.441Z,sell,5.452e-05,2.0,0.00010904
BCD/BTC,1572524159441,2019-10-31T12:15:59.441Z,sell,5.451e-05,3.0,0.00016353
BCD/BTC,1572524159441,2019-10-31T12:15:59.441Z,sell,5.446e-05,13.0,0.00070798
BCD/BTC,1572524159441,2019-10-31T12:15:59.441Z,sell,5.441e-05,20.0,0.0010882
BCD/BTC,1572524159441,2019-10-31T12:15:59.441Z,sell,5.44e-05,3.0,0.0001632
BCD/BTC,1572524159441,2019-10-31T12:15:59.441Z,sell,5.439e-05,19.0,0.00103341
BCD/BTC,1572524173378,2019-10-31T12:16:13.378Z,buy,5.45e-05,377.0,0.0205465
BCD/BTC,1572524173507,2019-10-31T12:16:13.507Z,buy,5.475e-05,25.0,0.00136875
BCD/BTC,1572524212976,2019-10-31T12:16:52.976Z,buy,5.469e-05,25.0,0.00136725
BCD/BTC,1572524213955,2019-10-31T12:16:53.955Z,buy,5.47e-05,25.0,0.0013675
BCD/BTC,1572524214905,2019-10-31T12:16:54.905Z,buy,5.469e-05,25.0,0.00136725
BCD/BTC,1572524216088,2019-10-31T12:16:56.088Z,buy,5.468e-05,25.0,0.001367
BCD/BTC,1572524284428,2019-10-31T12:18:04.428Z,buy,5.468e-05,35.0,0.0019138
BCD/BTC,1572524383741,2019-10-31T12:19:43.741Z,buy,5.463e-05,5.0,0.00027315
BCD/BTC,1572524387118,2019-10-31T12:19:47.118Z,buy,5.462e-05,5.0,0.0002731
BCD/BTC,1572524446581,2019-10-31T12:20:46.581Z,buy,5.463e-05,3.0,0.0001638899999999
BCD/BTC,1572524454605,2019-10-31T12:20:54.605Z,buy,5.463e-05,2.0,0.00010926
BCD/BTC,1572524634618,2019-10-31T12:23:54.618Z,buy,5.462e-05,2.0,0.00010924
BCD/BTC,1572524634618,2019-10-31T12:23:54.618Z,buy,5.463e-05,268.0,0.0146408399999999
BCD/BTC,1572524634618,2019-10-31T12:23:54.618Z,buy,5.464e-05,183.0,0.00999912
BCD/BTC,1572524634618,2019-10-31T12:23:54.618Z,buy,5.465e-05,124.0,0.0067766
BCD/BTC,1572524634618,2019-10-31T12:23:54.618Z,buy,5.467e-05,50.0,0.0027335
BCD/BTC,1572524634618,2019-10-31T12:23:54.618Z,buy,5.473e-05,68.0,0.00372164
BCD/BTC,1572524634618,2019-10-31T12:23:54.618Z,buy,5.478e-05,50.0,0.002739
BCD/BTC,1572524634618,2019-10-31T12:23:54.618Z,buy,5.486e-05,3.0,0.00016458
BCD/BTC,1572524634618,2019-10-31T12:23:54.618Z,buy,5.493e-05,13.0,0.00071409
BCD/BTC,1572524634618,2019-10-31T12:23:54.618Z,buy,5.495e-05,5.0,0.00027475
BCD/BTC,1572524634618,2019-10-31T12:23:54.618Z,buy,5.496e-05,17.0,0.00093432
BCD/BTC,1572524634618,2019-10-31T12:23:54.618Z,buy,5.499e-05,347.0,0.01908153
BCD/BTC,1572524679601,2019-10-31T12:24:39.601Z,buy,5.499e-05,7.0,0.00038493
BCD/BTC,1572524679601,2019-10-31T12:24:39.601Z,buy,5.519e-05,13.0,0.00071747
BCD/BTC,1572524682110,2019-10-31T12:24:42.110Z,buy,5.518e-05,406.0,0.02240308
BCD/BTC,1572524836982,2019-10-31T12:27:16.982Z,buy,5.511e-05,19.0,0.00104709
BCD/BTC,1572524887194,2019-10-31T12:28:07.194Z,sell,5.472e-05,273.0,0.01493856
BCD/BTC,1572524942125,2019-10-31T12:29:02.125Z,sell,5.472e-05,53.0,0.0029001599999999
BCD/BTC,1572524942125,2019-10-31T12:29:02.125Z,sell,5.464e-05,3.0,0.00016392
BCD/BTC,1572524942125,2019-10-31T12:29:02.125Z,sell,5.463e-05,91.0,0.0049713299999999
BCD/BTC,1572524942125,2019-10-31T12:29:02.125Z,sell,5.462e-05,5.0,0.0002731
BCD/BTC,1572524942125,2019-10-31T12:29:02.125Z,sell,5.455e-05,17.0,0.00092735
BCD/BTC,1572524942125,2019-10-31T12:29:02.125Z,sell,5.451e-05,3.0,0.00016353
BCD/BTC,1572524942125,2019-10-31T12:29:02.125Z,sell,5.449e-05,2.0,0.00010898
BCD/BTC,1572524942125,2019-10-31T12:29:02.125Z,sell,5.446e-05,13.0,0.00070798
BCD/BTC,1572524942125,2019-10-31T12:29:02.125Z,sell,5.441e-05,103.0,0.00560423
BCD/BTC,1572524942125,2019-10-31T12:29:02.125Z,sell,5.439e-05,42.0,0.00228438
BCD/BTC,1572524942125,2019-10-31T12:29:02.125Z,sell,5.438e-05,88.0,0.00478544
BCD/BTC,1572524942125,2019-10-31T12:29:02.125Z,sell,5.436e-05,25.0,0.001359
BCD/BTC,1572524942125,2019-10-31T12:29:02.125Z,sell,5.429e-05,8.0,0.00043432
BCD/BTC,1572524942125,2019-10-31T12:29:02.125Z,sell,5.417e-05,6.0,0.00032502
BCD/BTC,1572525287542,2019-10-31T12:34:47.542Z,buy,5.457e-05,73.0,0.00398361
BCD/BTC,1572525287812,2019-10-31T12:34:47.812Z,buy,5.457e-05,61.0,0.00332877
BCD/BTC,1572525288987,2019-10-31T12:34:48.987Z,buy,5.456e-05,30.0,0.0016367999999999
BCD/BTC,1572525310607,2019-10-31T12:35:10.607Z,buy,5.456e-05,34.0,0.00185504
BCD/BTC,1572525310761,2019-10-31T12:35:10.761Z,buy,5.456e-05,56.0,0.00305536
BCD/BTC,1572525310764,2019-10-31T12:35:10.764Z,buy,5.456e-05,30.0,0.0016367999999999
BCD/BTC,1572525310963,2019-10-31T12:35:10.963Z,buy,5.456e-05,83.0,0.00452848
BCD/BTC,1572525311115,2019-10-31T12:35:11.115Z,buy,5.456e-05,89.0,0.00485584
BCD/BTC,1572525311698,2019-10-31T12:35:11.698Z,buy,5.457e-05,151.0,0.00824007
BCD/BTC,1572525311698,2019-10-31T12:35:11.698Z,buy,5.458e-05,2.0,0.00010916
BCD/BTC,1572525311698,2019-10-31T12:35:11.698Z,buy,5.462e-05,5.0,0.0002731
BCD/BTC,1572525311698,2019-10-31T12:35:11.698Z,buy,5.463e-05,119.0,0.00650097
BCD/BTC,1572525311698,2019-10-31T12:35:11.698Z,buy,5.464e-05,3.0,0.00016392
BCD/BTC,1572525311698,2019-10-31T12:35:11.698Z,buy,5.472e-05,41.0,0.0022435199999999
BCD/BTC,1572525311698,2019-10-31T12:35:11.698Z,buy,5.486e-05,3.0,0.00016458
BCD/BTC,1572525311698,2019-10-31T12:35:11.698Z,buy,5.493e-05,13.0,0.00071409
BCD/BTC,1572525311698,2019-10-31T12:35:11.698Z,buy,5.495e-05,5.0,0.00027475
BCD/BTC,1572525311698,2019-10-31T12:35:11.698Z,buy,5.496e-05,17.0,0.00093432
BCD/BTC,1572525311698,2019-10-31T12:35:11.698Z,buy,5.499e-05,3.0,0.00016497
BCD/BTC,1572525311698,2019-10-31T12:35:11.698Z,buy,5.501e-05,224.0,0.01232224
BCD/BTC,1572525311698,2019-10-31T12:35:11.698Z,buy,5.518e-05,2.0,0.00011036
BCD/BTC,1572525311698,2019-10-31T12:35:11.698Z,buy,5.52e-05,3.0,0.0001656
BCD/BTC,1572525311698,2019-10-31T12:35:11.698Z,buy,5.529e-05,5.0,0.00027645
BCD/BTC,1572525311698,2019-10-31T12:35:11.698Z,buy,5.534e-05,3.0,0.00016602
BCD/BTC,1572525311698,2019-10-31T12:35:11.698Z,buy,5.537e-05,17.0,0.00094129
BCD/BTC,1572525311698,2019-10-31T12:35:11.698Z,buy,5.538e-05,41.0,0.00227058
BCD/BTC,1572525311698,2019-10-31T12:35:11.698Z,buy,5.539e-05,7.0,0.00038773
BCD/BTC,1572525351930,2019-10-31T12:35:51.930Z,buy,5.535e-05,48.0,0.0026568
BCD/BTC,1572525500360,2019-10-31T12:38:20.360Z,sell,5.505e-05,41.0,0.00225705
BCD/BTC,1572525500360,2019-10-31T12:38:20.360Z,sell,5.496e-05,17.0,0.00093432
BCD/BTC,1572525500360,2019-10-31T12:38:20.360Z,sell,5.495e-05,5.0,0.00027475
BCD/BTC,1572525500381,2019-10-31T12:38:20.381Z,buy,5.483e-05,57.0,0.00312531
BCD/BTC,1572525502713,2019-10-31T12:38:22.713Z,buy,5.472e-05,679.0,0.03715488
BCD/BTC,1572525502861,2019-10-31T12:38:22.861Z,buy,5.499e-05,30.0,0.0016497
BCD/BTC,1572525502877,2019-10-31T12:38:22.877Z,sell,5.509e-05,11.0,0.00060599
BCD/BTC,1572525502888,2019-10-31T12:38:22.888Z,sell,5.509e-05,11.0,0.00060599
BCD/BTC,1572525502893,2019-10-31T12:38:22.893Z,sell,5.509e-05,96.0,0.00528864
BCD/BTC,1572525502905,2019-10-31T12:38:22.905Z,sell,5.509e-05,131.0,0.00721679
BCD/BTC,1572525502919,2019-10-31T12:38:22.919Z,sell,5.509e-05,264.0,0.01454376
BCD/BTC,1572525541210,2019-10-31T12:39:01.210Z,buy,5.503e-05,51.0,0.00280653
BCD/BTC,1572525541210,2019-10-31T12:39:01.210Z,buy,5.504e-05,147.0,0.00809088
BCD/BTC,1572525705498,2019-10-31T12:41:45.498Z,buy,5.504e-05,182.0,0.01001728
BCD/BTC,1572525849809,2019-10-31T12:44:09.809Z,sell,5.499e-05,3.0,0.00016497
BCD/BTC,1572525853548,2019-10-31T12:44:13.548Z,buy,5.497e-05,678.0,0.0372696599999999
BCD/BTC,1572526236570,2019-10-31T12:50:36.570Z,buy,5.513e-05,70.0,0.0038591
BCD/BTC,1572526379729,2019-10-31T12:52:59.729Z,buy,5.514e-05,2.0,0.00011028
BCD/BTC,1572526379729,2019-10-31T12:52:59.729Z,buy,5.515e-05,147.0,0.00810705
BCD/BTC,1572526435297,2019-10-31T12:53:55.297Z,sell,5.488e-05,149.0,0.00817712
BCD/BTC,1572526633134,2019-10-31T12:57:13.134Z,sell,5.5e-05,30.0,0.00165
BCD/BTC,1572526638497,2019-10-31T12:57:18.497Z,sell,5.501e-05,16.0,0.00088016
BCD/BTC,1572526638587,2019-10-31T12:57:18.587Z,sell,5.501e-05,31.0,0.0017053099999999
BCD/BTC,1572526694194,2019-10-31T12:58:14.194Z,sell,5.503e-05,128.0,0.00704384
BCD/BTC,1572526721020,2019-10-31T12:58:41.020Z,sell,5.503e-05,46.0,0.00253138
BCD/BTC,1572527041503,2019-10-31T13:04:01.503Z,buy,5.509e-05,20.0,0.0011018
BCD/BTC,1572527041503,2019-10-31T13:04:01.503Z,buy,5.509e-05,20.0,0.0011018
BCD/BTC,1572527955016,2019-10-31T13:19:15.016Z,buy,5.512e-05,196.0,0.01080352
BCD/BTC,1572527955016,2019-10-31T13:19:15.016Z,buy,5.513e-05,127.0,0.00700151
BCD/BTC,1572527957660,2019-10-31T13:19:17.660Z,buy,5.528e-05,100.0,0.005528
BCD/BTC,1572528097720,2019-10-31T13:21:37.720Z,sell,5.497e-05,125.0,0.00687125
BCD/BTC,1572528097720,2019-10-31T13:21:37.720Z,sell,5.496e-05,30.0,0.0016488
BCD/BTC,1572528097727,2019-10-31T13:21:37.727Z,sell,5.496e-05,297.0,0.01632312
BCD/BTC,1572528097741,2019-10-31T13:21:37.741Z,sell,5.496e-05,36.0,0.00197856
BCD/BTC,1572528098947,2019-10-31T13:21:38.947Z,buy,5.491e-05,25.0,0.00137275
BCD/BTC,1572528100041,2019-10-31T13:21:40.041Z,buy,5.491e-05,25.0,0.00137275
BCD/BTC,1572528101160,2019-10-31T13:21:41.160Z,sell,5.489e-05,30.0,0.0016466999999999
BCD/BTC,1572528103762,2019-10-31T13:21:43.762Z,sell,5.489e-05,58.0,0.00318362
BCD/BTC,1572528106260,2019-10-31T13:21:46.260Z,sell,5.486e-05,3.0,0.00016458
BCD/BTC,1572528107091,2019-10-31T13:21:47.091Z,sell,5.477e-05,87.0,0.00476499
BCD/BTC,1572528107091,2019-10-31T13:21:47.091Z,sell,5.465e-05,59.0,0.00322435
BCD/BTC,1572528109443,2019-10-31T13:21:49.443Z,sell,5.468e-05,87.0,0.00475716
BCD/BTC,1572529275994,2019-10-31T13:41:15.994Z,buy,5.499e-05,194.0,0.01066806
BCD/BTC,1572529275994,2019-10-31T13:41:15.994Z,buy,5.5e-05,365.0,0.020075
BCD/BTC,1572529275994,2019-10-31T13:41:15.994Z,buy,5.501e-05,52.0,0.0028605199999999
BCD/BTC,1572529507056,2019-10-31T13:45:07.056Z,sell,5.486e-05,123.0,0.00674778
BCD/BTC,1572529507473,2019-10-31T13:45:07.473Z,sell,5.486e-05,30.0,0.0016458
BCD/BTC,1572529507520,2019-10-31T13:45:07.520Z,sell,5.486e-05,183.0,0.01003938
BCD/BTC,1572529511217,2019-10-31T13:45:11.217Z,sell,5.486e-05,10.0,0.0005486
BCD/BTC,1572529511217,2019-10-31T13:45:11.217Z,sell,5.485e-05,101.0,0.00553985
BCD/BTC,1572529715441,2019-10-31T13:48:35.441Z,buy,5.496e-05,231.0,0.01269576
BCD/BTC,1572529720735,2019-10-31T13:48:40.735Z,buy,5.496e-05,114.0,0.00626544
BCD/BTC,1572529934512,2019-10-31T13:52:14.512Z,buy,5.502e-05,84.0,0.0046216799999999
BCD/BTC,1572530527582,2019-10-31T14:02:07.582Z,sell,5.503e-05,3.0,0.00016509
BCD/BTC,1572530527582,2019-10-31T14:02:07.582Z,sell,5.503e-05,3.0,0.00016509
BCD/BTC,1572530728999,2019-10-31T14:05:28.999Z,buy,5.519e-05,12.0,0.00066228
BCD/BTC,1572530728999,2019-10-31T14:05:28.999Z,buy,5.52e-05,3.0,0.0001656
BCD/BTC,1572530728999,2019-10-31T14:05:28.999Z,buy,5.529e-05,5.0,0.00027645
BCD/BTC,1572530728999,2019-10-31T14:05:28.999Z,buy,5.53e-05,116.0,0.0064148
BCD/BTC,1572530761869,2019-10-31T14:06:01.869Z,buy,5.531e-05,56.0,0.00309736
BCD/BTC,1572530764189,2019-10-31T14:06:04.189Z,buy,5.526e-05,2.0,0.00011052
BCD/BTC,1572530764189,2019-10-31T14:06:04.189Z,buy,5.532e-05,99.0,0.00547668
BCD/BTC,1572530861326,2019-10-31T14:07:41.326Z,buy,5.534e-05,3.0,0.00016602
BCD/BTC,1572530861326,2019-10-31T14:07:41.326Z,buy,5.537e-05,5.0,0.00027685
BCD/BTC,1572531107578,2019-10-31T14:11:47.578Z,buy,5.536e-05,67.0,0.0037091199999999
BCD/BTC,1572531139315,2019-10-31T14:12:19.315Z,buy,5.537e-05,12.0,0.00066444
BCD/BTC,1572531139315,2019-10-31T14:12:19.315Z,buy,5.538e-05,7.0,0.00038766
BCD/BTC,1572531174836,2019-10-31T14:12:54.836Z,sell,5.52e-05,13.0,0.0007176
BCD/BTC,1572531252102,2019-10-31T14:14:12.102Z,sell,5.53e-05,109.0,0.0060277
BCD/BTC,1572531634996,2019-10-31T14:20:34.996Z,sell,5.534e-05,9.0,0.00049806
BCD/BTC,1572531713254,2019-10-31T14:21:53.254Z,sell,5.535e-05,352.0,0.0194832
BCD/BTC,1572531713254,2019-10-31T14:21:53.254Z,sell,5.534e-05,298.0,0.01649132
BCD/BTC,1572531861954,2019-10-31T14:24:21.954Z,sell,5.536e-05,199.0,0.01101664
BCD/BTC,1572531869161,2019-10-31T14:24:29.161Z,buy,5.535e-05,86.0,0.0047601
BCD/BTC,1572531869885,2019-10-31T14:24:29.885Z,buy,5.537e-05,86.0,0.00476182
BCD/BTC,1572531869885,2019-10-31T14:24:29.885Z,buy,5.538e-05,34.0,0.00188292
BCD/BTC,1572531869885,2019-10-31T14:24:29.885Z,buy,5.539e-05,6.0,0.00033234
BCD/BTC,1572531885053,2019-10-31T14:24:45.053Z,buy,5.553e-05,169.0,0.00938457
BCD/BTC,1572531885053,2019-10-31T14:24:45.053Z,buy,5.553e-05,5.0,0.00027765
BCD/BTC,1572531885053,2019-10-31T14:24:45.053Z,buy,5.555e-05,3.0,0.00016665
BCD/BTC,1572531885068,2019-10-31T14:24:45.068Z,buy,5.56e-05,92.0,0.0051152
BCD/BTC,1572531885069,2019-10-31T14:24:45.069Z,buy,5.56e-05,8.0,0.0004448
BCD/BTC,1572531885086,2019-10-31T14:24:45.086Z,sell,5.557e-05,166.0,0.00922462
BCD/BTC,1572531885086,2019-10-31T14:24:45.086Z,sell,5.537e-05,3.0,0.00016611
BCD/BTC,1572531885231,2019-10-31T14:24:45.231Z,buy,5.559e-05,8.0,0.00044472
BCD/BTC,1572531885231,2019-10-31T14:24:45.231Z,buy,5.56e-05,161.0,0.0089516
BCD/BTC,1572531891519,2019-10-31T14:24:51.519Z,sell,5.536e-05,89.0,0.00492704
BCD/BTC,1572531892663,2019-10-31T14:24:52.663Z,sell,5.536e-05,37.0,0.0020483199999999
BCD/BTC,1572531892663,2019-10-31T14:24:52.663Z,sell,5.535e-05,39.0,0.00215865
BCD/BTC,1572531901327,2019-10-31T14:25:01.327Z,sell,5.536e-05,140.0,0.0077504
BCD/BTC,1572531902654,2019-10-31T14:25:02.654Z,sell,5.537e-05,79.0,0.00437423
BCD/BTC,1572531902654,2019-10-31T14:25:02.654Z,sell,5.536e-05,144.0,0.00797184
BCD/BTC,1572531902654,2019-10-31T14:25:02.654Z,sell,5.535e-05,277.0,0.0153319499999999
BCD/BTC,1572531918891,2019-10-31T14:25:18.891Z,buy,5.559e-05,19.0,0.00105621
BCD/BTC,1572531918933,2019-10-31T14:25:18.933Z,sell,5.535e-05,88.0,0.0048708
BCD/BTC,1572531983629,2019-10-31T14:26:23.629Z,sell,5.535e-05,180.0,0.009963
BCD/BTC,1572532102448,2019-10-31T14:28:22.448Z,sell,5.536e-05,72.0,0.00398592
BCD/BTC,1572532102448,2019-10-31T14:28:22.448Z,sell,5.535e-05,180.0,0.009963
BCD/BTC,1572532271409,2019-10-31T14:31:11.409Z,sell,5.535e-05,10.0,0.0005535
BCD/BTC,1572532325826,2019-10-31T14:32:05.826Z,buy,5.563e-05,5.0,0.00027815
BCD/BTC,1572532325826,2019-10-31T14:32:05.826Z,buy,5.568e-05,48.0,0.00267264
BCD/BTC,1572532329976,2019-10-31T14:32:09.976Z,buy,5.566e-05,132.0,0.0073471199999999
BCD/BTC,1572532329976,2019-10-31T14:32:09.976Z,buy,5.567e-05,360.0,0.0200412
BCD/BTC,1572532329976,2019-10-31T14:32:09.976Z,buy,5.568e-05,83.0,0.00462144
BCD/BTC,1572532330012,2019-10-31T14:32:10.012Z,sell,5.568e-05,185.0,0.0103008
BCD/BTC,1572532330018,2019-10-31T14:32:10.018Z,sell,5.568e-05,758.0,0.04220544
BCD/BTC,1572532330023,2019-10-31T14:32:10.023Z,sell,5.568e-05,278.0,0.01547904
BCD/BTC,1572532334017,2019-10-31T14:32:14.017Z,buy,5.562e-05,17.0,0.00094554
BCD/BTC,1572532339063,2019-10-31T14:32:19.063Z,sell,5.542e-05,342.0,0.01895364
BCD/BTC,1572532341069,2019-10-31T14:32:21.069Z,buy,5.559e-05,26.0,0.00144534
BCD/BTC,1572532345936,2019-10-31T14:32:25.936Z,sell,5.535e-05,500.0,0.0276749999999999
BCD/BTC,1572532361789,2019-10-31T14:32:41.789Z,sell,5.535e-05,500.0,0.0276749999999999
BCD/BTC,1572532362605,2019-10-31T14:32:42.605Z,sell,5.535e-05,562.0,0.0311066999999999
BCD/BTC,1572532446670,2019-10-31T14:34:06.670Z,sell,5.536e-05,748.0,0.04140928
BCD/BTC,1572533178013,2019-10-31T14:46:18.013Z,sell,5.542e-05,29.0,0.00160718
BCD/BTC,1572533178013,2019-10-31T14:46:18.013Z,sell,5.541e-05,515.0,0.02853615
BCD/BTC,1572533189854,2019-10-31T14:46:29.854Z,buy,5.56e-05,89.0,0.0049484
BCD/BTC,1572533395046,2019-10-31T14:49:55.046Z,buy,5.56e-05,2.0,0.0001112
BCD/BTC,1572533489256,2019-10-31T14:51:29.256Z,buy,5.56e-05,1.0,5.56e-05
BCD/BTC,1572533489256,2019-10-31T14:51:29.256Z,buy,5.564e-05,102.0,0.00567528
BCD/BTC,1572533489781,2019-10-31T14:51:29.781Z,sell,5.542e-05,55.0,0.0030481
BCD/BTC,1572533567695,2019-10-31T14:52:47.695Z,sell,5.545e-05,198.0,0.0109791
BCD/BTC,1572533567695,2019-10-31T14:52:47.695Z,sell,5.545e-05,198.0,0.0109791
BCD/BTC,1572534270112,2019-10-31T15:04:30.112Z,buy,5.559e-05,154.0,0.00856086
BCD/BTC,1572534436517,2019-10-31T15:07:16.517Z,sell,5.547e-05,11.0,0.00061017
BCD/BTC,1572534450347,2019-10-31T15:07:30.347Z,sell,5.548e-05,4.0,0.00022192
BCD/BTC,1572534450353,2019-10-31T15:07:30.353Z,sell,5.548e-05,9.0,0.0004993199999999
BCD/BTC,1572534450570,2019-10-31T15:07:30.570Z,sell,5.548e-05,9.0,0.0004993199999999
BCD/BTC,1572534452087,2019-10-31T15:07:32.087Z,sell,5.548e-05,94.0,0.00521512
BCD/BTC,1572534452087,2019-10-31T15:07:32.087Z,sell,5.547e-05,422.0,0.02340834
BCD/BTC,1572534452087,2019-10-31T15:07:32.087Z,sell,5.546e-05,219.0,0.01214574
BCD/BTC,1572534630056,2019-10-31T15:10:30.056Z,sell,5.549e-05,121.0,0.0067142899999999
BCD/BTC,1572534777593,2019-10-31T15:12:57.593Z,sell,5.549e-05,16.0,0.00088784
BCD/BTC,1572534899755,2019-10-31T15:14:59.755Z,sell,5.549e-05,334.0,0.01853366
BCD/BTC,1572535075853,2019-10-31T15:17:55.853Z,buy,5.569e-05,3.0,0.0001670699999999
BCD/BTC,1572535075853,2019-10-31T15:17:55.853Z,buy,5.571e-05,4.0,0.00022284
BCD/BTC,1572535075853,2019-10-31T15:17:55.853Z,buy,5.576e-05,112.0,0.00624512
BCD/BTC,1572535075853,2019-10-31T15:17:55.853Z,buy,5.577e-05,18.0,0.00100386
BCD/BTC,1572535075853,2019-10-31T15:17:55.853Z,buy,5.578e-05,17.0,0.0009482599999999
BCD/BTC,1572535075853,2019-10-31T15:17:55.853Z,buy,5.585e-05,318.0,0.0177603
BCD/BTC,1572535077024,2019-10-31T15:17:57.024Z,sell,5.551e-05,241.0,0.01337791
BCD/BTC,1572535079866,2019-10-31T15:17:59.866Z,buy,5.576e-05,31.0,0.00172856
BCD/BTC,1572535080680,2019-10-31T15:18:00.680Z,buy,5.576e-05,43.0,0.00239768
BCD/BTC,1572535080680,2019-10-31T15:18:00.680Z,buy,5.585e-05,42.0,0.0023457
BCD/BTC,1572535080680,2019-10-31T15:18:00.680Z,buy,5.586e-05,38.0,0.00212268
BCD/BTC,1572535080680,2019-10-31T15:18:00.680Z,buy,5.589e-05,56.0,0.00312984
BCD/BTC,1572535089738,2019-10-31T15:18:09.738Z,buy,5.588e-05,241.0,0.01346708
BCD/BTC,1572535089738,2019-10-31T15:18:09.738Z,buy,5.589e-05,123.0,0.00687447
BCD/BTC,1572535100572,2019-10-31T15:18:20.572Z,buy,5.589e-05,50.0,0.0027945
BCD/BTC,1572535198443,2019-10-31T15:19:58.443Z,sell,5.568e-05,359.0,0.01998912
BCD/BTC,1572535223513,2019-10-31T15:20:23.513Z,sell,5.567e-05,49.0,0.00272783
BCD/BTC,1572535265282,2019-10-31T15:21:05.282Z,buy,5.57e-05,100.0,0.00557
BCD/BTC,1572535350909,2019-10-31T15:22:30.909Z,buy,5.571e-05,25.0,0.00139275
BCD/BTC,1572535434106,2019-10-31T15:23:54.106Z,buy,5.571e-05,13.0,0.00072423
BCD/BTC,1572535434106,2019-10-31T15:23:54.106Z,buy,5.575e-05,166.0,0.0092545
BCD/BTC,1572535554237,2019-10-31T15:25:54.237Z,buy,5.59e-05,182.0,0.0101738
BCD/BTC,1572535999804,2019-10-31T15:33:19.804Z,sell,5.561e-05,242.0,0.01345762
BCD/BTC,1572535999804,2019-10-31T15:33:19.804Z,sell,5.56e-05,1170.0,0.065052
BCD/BTC,1572536000569,2019-10-31T15:33:20.569Z,sell,5.561e-05,48.0,0.00266928
BCD/BTC,1572536489768,2019-10-31T15:41:29.768Z,sell,5.561e-05,793.0,0.0440987299999999
BCD/BTC,1572536489768,2019-10-31T15:41:29.768Z,sell,5.561e-05,793.0,0.0440987299999999
BCD/BTC,1572537935454,2019-10-31T16:05:35.454Z,sell,5.555e-05,3.0,0.00016665
BCD/BTC,1572537935454,2019-10-31T16:05:35.454Z,sell,5.539e-05,13.0,0.00072007
BCD/BTC,1572537935454,2019-10-31T16:05:35.454Z,sell,5.538e-05,41.0,0.00227058
BCD/BTC,1572537935454,2019-10-31T16:05:35.454Z,sell,5.537e-05,17.0,0.00094129
BCD/BTC,1572537935454,2019-10-31T16:05:35.454Z,sell,5.534e-05,3.0,0.00016602
BCD/BTC,1572537935454,2019-10-31T16:05:35.454Z,sell,5.529e-05,5.0,0.00027645
BCD/BTC,1572537935454,2019-10-31T16:05:35.454Z,sell,5.528e-05,290.0,0.0160312
BCD/BTC,1572537935454,2019-10-31T16:05:35.454Z,sell,5.525e-05,180.0,0.009945
BCD/BTC,1572537935454,2019-10-31T16:05:35.454Z,sell,5.52e-05,3.0,0.0001656
BCD/BTC,1572537935454,2019-10-31T16:05:35.454Z,sell,5.518e-05,7.0,0.00038626
BCD/BTC,1572537935454,2019-10-31T16:05:35.454Z,sell,5.505e-05,41.0,0.00225705
BCD/BTC,1572537935454,2019-10-31T16:05:35.454Z,sell,5.501e-05,274.0,0.01507274
BCD/BTC,1572537935476,2019-10-31T16:05:35.476Z,buy,5.5e-05,274.0,0.01507
BCD/BTC,1572537935476,2019-10-31T16:05:35.476Z,buy,5.5e-05,233.0,0.012815
BCD/BTC,1572537935481,2019-10-31T16:05:35.481Z,buy,5.5e-05,233.0,0.012815
BCD/BTC,1572537935485,2019-10-31T16:05:35.485Z,buy,5.5e-05,1394.0,0.07667
BCD/BTC,1572537935512,2019-10-31T16:05:35.512Z,sell,5.503e-05,77.0,0.00423731
BCD/BTC,1572537935871,2019-10-31T16:05:35.871Z,sell,5.555e-05,95.0,0.00527725
BCD/BTC,1572537960154,2019-10-31T16:06:00.154Z,buy,5.538e-05,41.0,0.00227058
BCD/BTC,1572537960154,2019-10-31T16:06:00.154Z,buy,5.545e-05,359.0,0.01990655
BCD/BTC,1572537960154,2019-10-31T16:06:00.154Z,buy,5.55e-05,95.0,0.0052725
BCD/BTC,1572537960154,2019-10-31T16:06:00.154Z,buy,5.555e-05,3.0,0.00016665
BCD/BTC,1572537960154,2019-10-31T16:06:00.154Z,buy,5.556e-05,57.0,0.00316692
BCD/BTC,1572537960154,2019-10-31T16:06:00.154Z,buy,5.557e-05,7.0,0.00038899
BCD/BTC,1572537960154,2019-10-31T16:06:00.154Z,buy,5.561e-05,237.0,0.01317957
BCD/BTC,1572537966461,2019-10-31T16:06:06.461Z,buy,5.56e-05,32.0,0.0017792
BCD/BTC,1572538508944,2019-10-31T16:15:08.944Z,buy,5.562e-05,34.0,0.00189108
BCD/BTC,1572538509483,2019-10-31T16:15:09.483Z,buy,5.562e-05,30.0,0.0016686
BCD/BTC,1572538514753,2019-10-31T16:15:14.753Z,buy,5.562e-05,24.0,0.00133488
BCD/BTC,1572538970425,2019-10-31T16:22:50.425Z,sell,5.56e-05,59.0,0.0032804
BCD/BTC,1572538970518,2019-10-31T16:22:50.518Z,sell,5.56e-05,65.0,0.003614
BCD/BTC,1572538977873,2019-10-31T16:22:57.873Z,sell,5.555e-05,5.0,0.00027775
BCD/BTC,1572538977873,2019-10-31T16:22:57.873Z,sell,5.553e-05,360.0,0.0199908
BCD/BTC,1572538977873,2019-10-31T16:22:57.873Z,sell,5.552e-05,4.0,0.00022208
BCD/BTC,1572539189739,2019-10-31T16:26:29.739Z,sell,5.526e-05,108.0,0.00596808
BCD/BTC,1572539893320,2019-10-31T16:38:13.320Z,sell,5.528e-05,2.0,0.00011056
BCD/BTC,1572539925836,2019-10-31T16:38:45.836Z,sell,5.526e-05,2.0,0.00011052
BCD/BTC,1572539925836,2019-10-31T16:38:45.836Z,sell,5.521e-05,88.0,0.00485848
BCD/BTC,1572539925836,2019-10-31T16:38:45.836Z,sell,5.52e-05,3.0,0.0001656
BCD/BTC,1572539925968,2019-10-31T16:38:45.968Z,sell,5.521e-05,59.0,0.00325739
BCD/BTC,1572539925992,2019-10-31T16:38:45.992Z,sell,5.515e-05,351.0,0.01935765
BCD/BTC,1572539926082,2019-10-31T16:38:46.082Z,buy,5.52e-05,30.0,0.001656
BCD/BTC,1572539926270,2019-10-31T16:38:46.270Z,sell,5.515e-05,223.0,0.0122984499999999
BCD/BTC,1572539926310,2019-10-31T16:38:46.310Z,sell,5.515e-05,202.0,0.0111403
BCD/BTC,1572539926382,2019-10-31T16:38:46.382Z,sell,5.515e-05,11.0,0.00060665
BCD/BTC,1572539960979,2019-10-31T16:39:20.979Z,buy,5.537e-05,15.0,0.00083055
BCD/BTC,1572539991172,2019-10-31T16:39:51.172Z,sell,5.529e-05,214.0,0.01183206
BCD/BTC,1572539991172,2019-10-31T16:39:51.172Z,sell,5.529e-05,214.0,0.01183206
BCD/BTC,1572540522769,2019-10-31T16:48:42.769Z,sell,5.521e-05,4.0,0.00022084
BCD/BTC,1572540779203,2019-10-31T16:52:59.203Z,buy,5.523e-05,74.0,0.00408702
BCD/BTC,1572540797890,2019-10-31T16:53:17.890Z,sell,5.521e-05,68.0,0.00375428
BCD/BTC,1572540813749,2019-10-31T16:53:33.749Z,buy,5.541e-05,40.0,0.0022164
BCD/BTC,1572541118817,2019-10-31T16:58:38.817Z,sell,5.518e-05,41.0,0.00226238
BCD/BTC,1572541118817,2019-10-31T16:58:38.817Z,sell,5.515e-05,109.0,0.0060113499999999
BCD/BTC,1572541376724,2019-10-31T17:02:56.724Z,buy,5.539e-05,4.0,0.00022156
BCD/BTC,1572542044487,2019-10-31T17:14:04.487Z,sell,5.517e-05,88.0,0.00485496
BCD/BTC,1572542102670,2019-10-31T17:15:02.670Z,buy,5.53e-05,3.0,0.0001659
BCD/BTC,1572542165665,2019-10-31T17:16:05.665Z,buy,5.53e-05,49.0,0.0027097
BCD/BTC,1572542221719,2019-10-31T17:17:01.719Z,buy,5.53e-05,43.0,0.0023779
BCD/BTC,1572542453286,2019-10-31T17:20:53.286Z,buy,5.541e-05,1.0,5.541e-05
BCD/BTC,1572543381883,2019-10-31T17:36:21.883Z,sell,5.523e-05,96.0,0.00530208
BCD/BTC,1572543381883,2019-10-31T17:36:21.883Z,sell,5.522e-05,1046.0,0.05776012
BCD/BTC,1572543381883,2019-10-31T17:36:21.883Z,sell,5.521e-05,36.0,0.00198756
BCD/BTC,1572543381883,2019-10-31T17:36:21.883Z,sell,5.52e-05,180.0,0.009936
BCD/BTC,1572543381883,2019-10-31T17:36:21.883Z,sell,5.514e-05,192.0,0.01058688
BCD/BTC,1572543381883,2019-10-31T17:36:21.883Z,sell,5.523e-05,96.0,0.00530208
BCD/BTC,1572543381883,2019-10-31T17:36:21.883Z,sell,5.522e-05,1046.0,0.05776012
BCD/BTC,1572543381883,2019-10-31T17:36:21.883Z,sell,5.521e-05,36.0,0.00198756
BCD/BTC,1572543381883,2019-10-31T17:36:21.883Z,sell,5.52e-05,180.0,0.009936
BCD/BTC,1572543381883,2019-10-31T17:36:21.883Z,sell,5.514e-05,192.0,0.01058688
BCD/BTC,1572543682073,2019-10-31T17:41:22.073Z,buy,5.529e-05,14.0,0.00077406
BCD/BTC,1572544163041,2019-10-31T17:49:23.041Z,sell,5.526e-05,194.0,0.01072044
BCD/BTC,1572544232665,2019-10-31T17:50:32.665Z,buy,5.535e-05,6.0,0.0003321
BCD/BTC,1572544254116,2019-10-31T17:50:54.116Z,sell,5.528e-05,9.0,0.00049752
BCD/BTC,1572544254215,2019-10-31T17:50:54.215Z,sell,5.528e-05,9.0,0.00049752
BCD/BTC,1572544254357,2019-10-31T17:50:54.357Z,sell,5.528e-05,30.0,0.0016584
BCD/BTC,1572544325996,2019-10-31T17:52:05.996Z,sell,5.532e-05,220.0,0.0121704
BCD/BTC,1572544501117,2019-10-31T17:55:01.117Z,sell,5.522e-05,30.0,0.0016566
BCD/BTC,1572544574877,2019-10-31T17:56:14.877Z,sell,5.53e-05,655.0,0.0362215
BCD/BTC,1572544577193,2019-10-31T17:56:17.193Z,sell,5.53e-05,99.0,0.0054747
BCD/BTC,1572544636063,2019-10-31T17:57:16.063Z,buy,5.537e-05,6.0,0.00033222
BCD/BTC,1572544866575,2019-10-31T18:01:06.575Z,sell,5.524e-05,46.0,0.00254104
BCD/BTC,1572544869950,2019-10-31T18:01:09.950Z,sell,5.524e-05,86.0,0.0047506399999999
BCD/BTC,1572544873143,2019-10-31T18:01:13.143Z,sell,5.524e-05,78.0,0.00430872
BCD/BTC,1572544874056,2019-10-31T18:01:14.056Z,sell,5.524e-05,30.0,0.0016572
BCD/BTC,1572544874256,2019-10-31T18:01:14.256Z,sell,5.524e-05,30.0,0.0016572
BCD/BTC,1572544878672,2019-10-31T18:01:18.672Z,sell,5.524e-05,9.0,0.00049716
BCD/BTC,1572545153255,2019-10-31T18:05:53.255Z,buy,5.545e-05,180.0,0.009981
BCD/BTC,1572545153732,2019-10-31T18:05:53.732Z,buy,5.545e-05,41.0,0.0022734499999999
BCD/BTC,1572545153732,2019-10-31T18:05:53.732Z,buy,5.546e-05,65.0,0.0036049
BCD/BTC,1572545153732,2019-10-31T18:05:53.732Z,buy,5.55e-05,82.0,0.004551
BCD/BTC,1572545153872,2019-10-31T18:05:53.872Z,buy,5.545e-05,147.0,0.00815115
BCD/BTC,1572545153872,2019-10-31T18:05:53.872Z,buy,5.55e-05,279.0,0.0154845
BCD/BTC,1572545153872,2019-10-31T18:05:53.872Z,buy,5.551e-05,901.0,0.05001451
BCD/BTC,1572545153872,2019-10-31T18:05:53.872Z,buy,5.552e-05,389.0,0.02159728
BCD/BTC,1572545153976,2019-10-31T18:05:53.976Z,buy,5.545e-05,98.0,0.0054341
BCD/BTC,1572545153976,2019-10-31T18:05:53.976Z,buy,5.552e-05,172.0,0.00954944
BCD/BTC,1572545153996,2019-10-31T18:05:53.996Z,buy,5.545e-05,65.0,0.00360425
BCD/BTC,1572545153996,2019-10-31T18:05:53.996Z,buy,5.552e-05,94.0,0.0052188799999999
BCD/BTC,1572545153996,2019-10-31T18:05:53.996Z,buy,5.555e-05,3.0,0.00016665
BCD/BTC,1572545154087,2019-10-31T18:05:54.087Z,sell,5.558e-05,23.0,0.00127834
BCD/BTC,1572545154798,2019-10-31T18:05:54.798Z,buy,5.563e-05,5.0,0.00027815
BCD/BTC,1572545154798,2019-10-31T18:05:54.798Z,buy,5.567e-05,132.0,0.00734844
BCD/BTC,1572545154823,2019-10-31T18:05:54.823Z,sell,5.561e-05,102.0,0.0056722199999999
BCD/BTC,1572545154830,2019-10-31T18:05:54.830Z,sell,5.561e-05,92.0,0.00511612
BCD/BTC,1572545155425,2019-10-31T18:05:55.425Z,sell,5.561e-05,178.0,0.0098985799999999
BCD/BTC,1572545159703,2019-10-31T18:05:59.703Z,sell,5.558e-05,38.0,0.00211204
BCD/BTC,1572545159736,2019-10-31T18:05:59.736Z,buy,5.558e-05,176.0,0.00978208
BCD/BTC,1572545162136,2019-10-31T18:06:02.136Z,buy,5.569e-05,3.0,0.0001670699999999
BCD/BTC,1572545162136,2019-10-31T18:06:02.136Z,buy,5.571e-05,35.0,0.00194985
BCD/BTC,1572545165522,2019-10-31T18:06:05.522Z,sell,5.555e-05,50.0,0.0027775
BCD/BTC,1572545176937,2019-10-31T18:06:16.937Z,sell,5.555e-05,71.0,0.00394405
BCD/BTC,1572545184967,2019-10-31T18:06:24.967Z,sell,5.555e-05,93.0,0.00516615
BCD/BTC,1572545186010,2019-10-31T18:06:26.010Z,buy,5.571e-05,6.0,0.00033426
BCD/BTC,1572545186010,2019-10-31T18:06:26.010Z,buy,5.578e-05,17.0,0.0009482599999999
BCD/BTC,1572545186010,2019-10-31T18:06:26.010Z,buy,5.585e-05,7.0,0.00039095
BCD/BTC,1572545205252,2019-10-31T18:06:45.252Z,sell,5.555e-05,359.0,0.01994245
BCD/BTC,1572545215292,2019-10-31T18:06:55.292Z,sell,5.554e-05,524.0,0.02910296
BCD/BTC,1572545295216,2019-10-31T18:08:15.216Z,sell,5.539e-05,37.0,0.00204943
BCD/BTC,1572545755988,2019-10-31T18:15:55.988Z,buy,5.547e-05,10.0,0.0005547
BCD/BTC,1572545821457,2019-10-31T18:17:01.457Z,buy,5.547e-05,2.0,0.00011094
BCD/BTC,1572545821726,2019-10-31T18:17:01.726Z,sell,5.559e-05,785.0,0.04363815
BCD/BTC,1572545822159,2019-10-31T18:17:02.159Z,buy,5.571e-05,131.0,0.00729801
BCD/BTC,1572545822776,2019-10-31T18:17:02.776Z,buy,5.57e-05,30.0,0.001671
BCD/BTC,1572545823737,2019-10-31T18:17:03.737Z,buy,5.57e-05,30.0,0.001671
BCD/BTC,1572545853695,2019-10-31T18:17:33.695Z,sell,5.55e-05,131.0,0.0072705
BCD/BTC,1572546152544,2019-10-31T18:22:32.544Z,buy,5.575e-05,61.0,0.00340075
BCD/BTC,1572546152544,2019-10-31T18:22:32.544Z,buy,5.576e-05,141.0,0.00786216
BCD/BTC,1572546158125,2019-10-31T18:22:38.125Z,buy,5.573e-05,49.0,0.00273077
BCD/BTC,1572546162507,2019-10-31T18:22:42.507Z,buy,5.575e-05,13.0,0.00072475
BCD/BTC,1572546166561,2019-10-31T18:22:46.561Z,buy,5.575e-05,3.0,0.00016725
BCD/BTC,1572546166829,2019-10-31T18:22:46.829Z,sell,5.55e-05,142.0,0.007881
BCD/BTC,1572546623396,2019-10-31T18:30:23.396Z,buy,5.577e-05,30.0,0.0016731
BCD/BTC,1572546623484,2019-10-31T18:30:23.484Z,buy,5.576e-05,54.0,0.00301104
BCD/BTC,1572546623784,2019-10-31T18:30:23.784Z,buy,5.576e-05,4.0,0.00022304
BCD/BTC,1572546623784,2019-10-31T18:30:23.784Z,buy,5.577e-05,26.0,0.00145002
BCD/BTC,1572546628461,2019-10-31T18:30:28.461Z,buy,5.577e-05,30.0,0.0016731
BCD/BTC,1572546628501,2019-10-31T18:30:28.501Z,buy,5.577e-05,9.0,0.00050193
BCD/BTC,1572546628532,2019-10-31T18:30:28.532Z,buy,5.577e-05,9.0,0.00050193
BCD/BTC,1572546633387,2019-10-31T18:30:33.387Z,buy,5.58e-05,8.0,0.0004464
BCD/BTC,1572546675876,2019-10-31T18:31:15.876Z,sell,5.577e-05,89.0,0.00496353
BCD/BTC,1572546714842,2019-10-31T18:31:54.842Z,sell,5.564e-05,90.0,0.0050076
BCD/BTC,1572546714842,2019-10-31T18:31:54.842Z,sell,5.564e-05,90.0,0.0050076
BCD/BTC,1572546987283,2019-10-31T18:36:27.283Z,sell,5.546e-05,35.0,0.0019411
BCD/BTC,1572548503392,2019-10-31T19:01:43.392Z,sell,5.556e-05,141.0,0.00783396
BCD/BTC,1572548503392,2019-10-31T19:01:43.392Z,sell,5.555e-05,68.0,0.0037774
BCD/BTC,1572548503392,2019-10-31T19:01:43.392Z,sell,5.554e-05,72.0,0.00399888
BCD/BTC,1572548503392,2019-10-31T19:01:43.392Z,sell,5.538e-05,41.0,0.00227058
BCD/BTC,1572548503392,2019-10-31T19:01:43.392Z,sell,5.537e-05,17.0,0.00094129
BCD/BTC,1572548503392,2019-10-31T19:01:43.392Z,sell,5.534e-05,3.0,0.00016602
BCD/BTC,1572548503392,2019-10-31T19:01:43.392Z,sell,5.533e-05,66.0,0.00365178
BCD/BTC,1572548503392,2019-10-31T19:01:43.392Z,sell,5.529e-05,5.0,0.00027645
BCD/BTC,1572548503392,2019-10-31T19:01:43.392Z,sell,5.527e-05,10.0,0.0005526999999999
BCD/BTC,1572548503392,2019-10-31T19:01:43.392Z,sell,5.524e-05,76.0,0.00419824
BCD/BTC,1572548796022,2019-10-31T19:06:36.022Z,buy,5.562e-05,141.0,0.00784242
BCD/BTC,1572548834264,2019-10-31T19:07:14.264Z,buy,5.561e-05,76.0,0.00422636
BCD/BTC,1572549216040,2019-10-31T19:13:36.040Z,sell,5.556e-05,66.0,0.00366696
BCD/BTC,1572549382455,2019-10-31T19:16:22.455Z,buy,5.561e-05,2.0,0.00011122
BCD/BTC,1572549394053,2019-10-31T19:16:34.053Z,buy,5.563e-05,5.0,0.00027815
BCD/BTC,1572549406331,2019-10-31T19:16:46.331Z,buy,5.569e-05,362.0,0.02015978
BCD/BTC,1572549406331,2019-10-31T19:16:46.331Z,buy,5.57e-05,179.0,0.0099703
BCD/BTC,1572549411439,2019-10-31T19:16:51.439Z,sell,5.57e-05,436.0,0.0242852
BCD/BTC,1572549411439,2019-10-31T19:16:51.439Z,sell,5.57e-05,436.0,0.0242852
BCD/BTC,1572550676138,2019-10-31T19:37:56.138Z,sell,5.551e-05,11.0,0.00061061
BCD/BTC,1572551249693,2019-10-31T19:47:29.693Z,buy,5.569e-05,500.0,0.0278449999999999
BCD/BTC,1572551454001,2019-10-31T19:50:54.001Z,sell,5.569e-05,198.0,0.0110266199999999
BCD/BTC,1572551455311,2019-10-31T19:50:55.311Z,sell,5.569e-05,10.0,0.0005568999999999
BCD/BTC,1572551656251,2019-10-31T19:54:16.251Z,sell,5.569e-05,521.0,0.0290144899999999
BCD/BTC,1572551656401,2019-10-31T19:54:16.401Z,sell,5.569e-05,115.0,0.00640435
BCD/BTC,1572551808084,2019-10-31T19:56:48.084Z,buy,5.568e-05,165.0,0.0091872
BCD/BTC,1572551808084,2019-10-31T19:56:48.084Z,buy,5.569e-05,14.0,0.0007796599999999
BCD/BTC,1572551873844,2019-10-31T19:57:53.844Z,buy,5.563e-05,35.0,0.00194705
BCD/BTC,1572552062754,2019-10-31T20:01:02.754Z,buy,5.563e-05,20.0,0.0011126
BCD/BTC,1572552810539,2019-10-31T20:13:30.539Z,buy,5.563e-05,3.0,0.00016689
BCD/BTC,1572552810539,2019-10-31T20:13:30.539Z,buy,5.563e-05,3.0,0.00016689
BCD/BTC,1572553087612,2019-10-31T20:18:07.612Z,buy,5.567e-05,144.0,0.00801648
BCD/BTC,1572553797156,2019-10-31T20:29:57.156Z,buy,5.567e-05,2.0,0.00011134
BCD/BTC,1572553797156,2019-10-31T20:29:57.156Z,buy,5.57e-05,50.0,0.002785
BCD/BTC,1572553811413,2019-10-31T20:30:11.413Z,buy,5.57e-05,9.0,0.0005013
BCD/BTC,1572553811929,2019-10-31T20:30:11.929Z,buy,5.57e-05,30.0,0.001671
BCD/BTC,1572553948412,2019-10-31T20:32:28.412Z,buy,5.571e-05,30.0,0.0016713
BCD/BTC,1572553949559,2019-10-31T20:32:29.559Z,buy,5.571e-05,9.0,0.00050139
BCD/BTC,1572553950005,2019-10-31T20:32:30.005Z,buy,5.571e-05,2.0,0.00011142
BCD/BTC,1572553950005,2019-10-31T20:32:30.005Z,buy,5.572e-05,2.0,0.00011144
BCD/BTC,1572553950005,2019-10-31T20:32:30.005Z,buy,5.576e-05,5.0,0.0002788
BCD/BTC,1572553951430,2019-10-31T20:32:31.430Z,buy,5.576e-05,35.0,0.0019516
BCD/BTC,1572553951830,2019-10-31T20:32:31.830Z,buy,5.574e-05,78.0,0.00434772
BCD/BTC,1572553951830,2019-10-31T20:32:31.830Z,buy,5.575e-05,78.0,0.0043485
BCD/BTC,1572553952164,2019-10-31T20:32:32.164Z,buy,5.575e-05,20.0,0.001115
BCD/BTC,1572553952976,2019-10-31T20:32:32.976Z,buy,5.575e-05,26.0,0.0014495
BCD/BTC,1572553953030,2019-10-31T20:32:33.030Z,buy,5.575e-05,27.0,0.00150525
BCD/BTC,1572553953030,2019-10-31T20:32:33.030Z,buy,5.578e-05,17.0,0.0009482599999999
BCD/BTC,1572553959329,2019-10-31T20:32:39.329Z,sell,5.584e-05,12.0,0.00067008
BCD/BTC,1572553959345,2019-10-31T20:32:39.345Z,buy,5.581e-05,7.0,0.00039067
BCD/BTC,1572553959345,2019-10-31T20:32:39.345Z,buy,5.586e-05,96.0,0.00536256
BCD/BTC,1572553959552,2019-10-31T20:32:39.552Z,buy,5.586e-05,73.0,0.00407778
BCD/BTC,1572553959657,2019-10-31T20:32:39.657Z,buy,5.586e-05,23.0,0.00128478
BCD/BTC,1572553964566,2019-10-31T20:32:44.566Z,buy,5.589e-05,49.0,0.00273861
BCD/BTC,1572553964884,2019-10-31T20:32:44.884Z,buy,5.589e-05,54.0,0.00301806
BCD/BTC,1572553964884,2019-10-31T20:32:44.884Z,buy,5.59e-05,3.0,0.0001676999999999
BCD/BTC,1572553964884,2019-10-31T20:32:44.884Z,buy,5.597e-05,5.0,0.00027985
BCD/BTC,1572553972162,2019-10-31T20:32:52.162Z,sell,5.6e-05,76.0,0.004256
BCD/BTC,1572554199663,2019-10-31T20:36:39.663Z,buy,5.599e-05,2.0,0.00011198
BCD/BTC,1572554423122,2019-10-31T20:40:23.122Z,sell,5.574e-05,19.0,0.00105906
BCD/BTC,1572554436298,2019-10-31T20:40:36.298Z,sell,5.574e-05,176.0,0.00981024
BCD/BTC,1572554436652,2019-10-31T20:40:36.652Z,buy,5.577e-05,9.0,0.00050193
BCD/BTC,1572554438488,2019-10-31T20:40:38.488Z,buy,5.577e-05,9.0,0.00050193
BCD/BTC,1572554439680,2019-10-31T20:40:39.680Z,sell,5.575e-05,359.0,0.02001425
BCD/BTC,1572555418873,2019-10-31T20:56:58.873Z,buy,5.581e-05,41.0,0.00228821
BCD/BTC,1572555422806,2019-10-31T20:57:02.806Z,buy,5.579e-05,41.0,0.00228739
BCD/BTC,1572555427683,2019-10-31T20:57:07.683Z,buy,5.579e-05,38.0,0.00212002
BCD/BTC,1572555432757,2019-10-31T20:57:12.757Z,buy,5.579e-05,53.0,0.00295687
BCD/BTC,1572555432757,2019-10-31T20:57:12.757Z,buy,5.58e-05,162.0,0.0090396
BCD/BTC,1572555447020,2019-10-31T20:57:27.020Z,buy,5.581e-05,30.0,0.0016743
BCD/BTC,1572555453146,2019-10-31T20:57:33.146Z,buy,5.579e-05,53.0,0.00295687
BCD/BTC,1572555454320,2019-10-31T20:57:34.320Z,buy,5.578e-05,49.0,0.0027332199999999
BCD/BTC,1572555601203,2019-10-31T21:00:01.203Z,buy,5.6e-05,148.0,0.008288
BCD/BTC,1572555601203,2019-10-31T21:00:01.203Z,buy,5.601e-05,179.0,0.01002579
BCD/BTC,1572555601203,2019-10-31T21:00:01.203Z,buy,5.602e-05,87.0,0.00487374
BCD/BTC,1572555650593,2019-10-31T21:00:50.593Z,buy,5.601e-05,47.0,0.00263247
BCD/BTC,1572555650594,2019-10-31T21:00:50.594Z,buy,5.601e-05,6.0,0.00033606
BCD/BTC,1572555650594,2019-10-31T21:00:50.594Z,buy,5.602e-05,24.0,0.00134448
BCD/BTC,1572555650945,2019-10-31T21:00:50.945Z,buy,5.602e-05,2.0,0.00011204
BCD/BTC,1572555650945,2019-10-31T21:00:50.945Z,buy,5.603e-05,3.0,0.00016809
BCD/BTC,1572555650945,2019-10-31T21:00:50.945Z,buy,5.605e-05,16.0,0.0008968
BCD/BTC,1572555650963,2019-10-31T21:00:50.963Z,buy,5.605e-05,13.0,0.00072865
BCD/BTC,1572555662789,2019-10-31T21:01:02.789Z,sell,5.573e-05,54.0,0.0030094199999999
BCD/BTC,1572555665403,2019-10-31T21:01:05.403Z,buy,5.605e-05,12.0,0.0006726
BCD/BTC,1572555665403,2019-10-31T21:01:05.403Z,buy,5.608e-05,34.0,0.00190672
BCD/BTC,1572555667823,2019-10-31T21:01:07.823Z,buy,5.608e-05,20.0,0.0011216
BCD/BTC,1572555667823,2019-10-31T21:01:07.823Z,buy,5.609e-05,84.0,0.00471156
BCD/BTC,1572555667856,2019-10-31T21:01:07.856Z,buy,5.609e-05,30.0,0.0016827
BCD/BTC,1572555675475,2019-10-31T21:01:15.475Z,buy,5.624e-05,9.0,0.00050616
BCD/BTC,1572555683442,2019-10-31T21:01:23.442Z,buy,5.624e-05,19.0,0.0010685599999999
BCD/BTC,1572555683442,2019-10-31T21:01:23.442Z,buy,5.629e-05,72.0,0.00405288
BCD/BTC,1572555683442,2019-10-31T21:01:23.442Z,buy,5.63e-05,49.0,0.0027586999999999
BCD/BTC,1572555683476,2019-10-31T21:01:23.476Z,buy,5.63e-05,135.0,0.0076005
BCD/BTC,1572555683568,2019-10-31T21:01:23.568Z,buy,5.63e-05,30.0,0.001689
BCD/BTC,1572555683620,2019-10-31T21:01:23.620Z,buy,5.63e-05,30.0,0.001689
BCD/BTC,1572555683626,2019-10-31T21:01:23.626Z,buy,5.63e-05,295.0,0.0166084999999999
BCD/BTC,1572555683626,2019-10-31T21:01:23.626Z,buy,5.631e-05,5.0,0.00028155
BCD/BTC,1572555683626,2019-10-31T21:01:23.626Z,buy,5.633e-05,13.0,0.00073229
BCD/BTC,1572555683626,2019-10-31T21:01:23.626Z,buy,5.634e-05,32.0,0.00180288
BCD/BTC,1572555683640,2019-10-31T21:01:23.640Z,buy,5.634e-05,30.0,0.0016902
BCD/BTC,1572555685242,2019-10-31T21:01:25.242Z,buy,5.629e-05,48.0,0.00270192
BCD/BTC,1572555685289,2019-10-31T21:01:25.289Z,sell,5.615e-05,2.0,0.0001123
BCD/BTC,1572555685321,2019-10-31T21:01:25.321Z,buy,5.629e-05,24.0,0.00135096
BCD/BTC,1572555685321,2019-10-31T21:01:25.321Z,buy,5.634e-05,123.0,0.00692982
BCD/BTC,1572555685321,2019-10-31T21:01:25.321Z,buy,5.635e-05,199.0,0.01121365
BCD/BTC,1572555685321,2019-10-31T21:01:25.321Z,buy,5.638e-05,44.0,0.00248072
BCD/BTC,1572555685321,2019-10-31T21:01:25.321Z,buy,5.641e-05,25.0,0.0014102499999999
BCD/BTC,1572555685955,2019-10-31T21:01:25.955Z,buy,5.647e-05,173.0,0.00976931
BCD/BTC,1572555689471,2019-10-31T21:01:29.471Z,sell,5.641e-05,2.0,0.00011282
BCD/BTC,1572555693010,2019-10-31T21:01:33.010Z,buy,5.647e-05,11.0,0.00062117
BCD/BTC,1572555699245,2019-10-31T21:01:39.245Z,buy,5.647e-05,48.0,0.00271056
BCD/BTC,1572555700720,2019-10-31T21:01:40.720Z,buy,5.647e-05,18.0,0.00101646
BCD/BTC,1572555723322,2019-10-31T21:02:03.322Z,buy,5.647e-05,30.0,0.0016941
BCD/BTC,1572555723322,2019-10-31T21:02:03.322Z,buy,5.649e-05,236.0,0.01333164
BCD/BTC,1572556061475,2019-10-31T21:07:41.475Z,buy,5.638e-05,35.0,0.0019733
BCD/BTC,1572556061475,2019-10-31T21:07:41.475Z,buy,5.638e-05,35.0,0.0019733
BCD/BTC,1572556412541,2019-10-31T21:13:32.541Z,sell,5.621e-05,75.0,0.00421575
BCD/BTC,1572556487902,2019-10-31T21:14:47.902Z,sell,5.622e-05,136.0,0.00764592
BCD/BTC,1572556684947,2019-10-31T21:18:04.947Z,sell,5.627e-05,167.0,0.00939709
BCD/BTC,1572556697721,2019-10-31T21:18:17.721Z,sell,5.613e-05,18.0,0.00101034
BCD/BTC,1572556697721,2019-10-31T21:18:17.721Z,sell,5.606e-05,1.0,5.606e-05
BCD/BTC,1572557279866,2019-10-31T21:27:59.866Z,sell,5.609e-05,3.0,0.0001682699999999
BCD/BTC,1572557419207,2019-10-31T21:30:19.207Z,sell,5.605e-05,41.0,0.00229805
BCD/BTC,1572557419207,2019-10-31T21:30:19.207Z,sell,5.604e-05,33.0,0.00184932
BCD/BTC,1572557430057,2019-10-31T21:30:30.057Z,sell,5.605e-05,184.0,0.0103132
BCD/BTC,1572557530067,2019-10-31T21:32:10.067Z,sell,5.604e-05,101.0,0.00566004
BCD/BTC,1572557530114,2019-10-31T21:32:10.114Z,sell,5.604e-05,15.0,0.0008405999999999
BCD/BTC,1572557530125,2019-10-31T21:32:10.125Z,sell,5.604e-05,68.0,0.00381072
BCD/BTC,1572557530125,2019-10-31T21:32:10.125Z,sell,5.603e-05,4.0,0.00022412
BCD/BTC,1572557530238,2019-10-31T21:32:10.238Z,sell,5.603e-05,24.0,0.00134472
BCD/BTC,1572557530238,2019-10-31T21:32:10.238Z,sell,5.597e-05,5.0,0.00027985
BCD/BTC,1572557535155,2019-10-31T21:32:15.155Z,sell,5.596e-05,71.0,0.00397316
BCD/BTC,1572557539037,2019-10-31T21:32:19.037Z,sell,5.59e-05,3.0,0.0001676999999999
BCD/BTC,1572557540225,2019-10-31T21:32:20.225Z,sell,5.587e-05,9.0,0.00050283
BCD/BTC,1572557543012,2019-10-31T21:32:23.012Z,sell,5.586e-05,13.0,0.00072618
BCD/BTC,1572557545190,2019-10-31T21:32:25.190Z,sell,5.581e-05,26.0,0.00145106
BCD/BTC,1572557829067,2019-10-31T21:37:09.067Z,sell,5.576e-05,178.0,0.00992528
BCD/BTC,1572557831533,2019-10-31T21:37:11.533Z,buy,5.572e-05,586.0,0.03265192
BCD/BTC,1572558043245,2019-10-31T21:40:43.245Z,sell,5.573e-05,154.0,0.00858242
BCD/BTC,1572559416995,2019-10-31T22:03:36.995Z,buy,5.609e-05,19.0,0.00106571
BCD/BTC,1572559491881,2019-10-31T22:04:51.881Z,buy,5.592e-05,26.0,0.00145392
BCD/BTC,1572559491936,2019-10-31T22:04:51.936Z,buy,5.592e-05,26.0,0.00145392
BCD/BTC,1572559492004,2019-10-31T22:04:52.004Z,buy,5.592e-05,26.0,0.00145392
BCD/BTC,1572559492812,2019-10-31T22:04:52.812Z,buy,5.592e-05,196.0,0.01096032
BCD/BTC,1572559492822,2019-10-31T22:04:52.822Z,buy,5.592e-05,101.0,0.00564792
BCD/BTC,1572559492827,2019-10-31T22:04:52.827Z,buy,5.592e-05,184.0,0.01028928
BCD/BTC,1572559492829,2019-10-31T22:04:52.829Z,buy,5.592e-05,83.0,0.00464136
BCD/BTC,1572559493010,2019-10-31T22:04:53.010Z,buy,5.592e-05,157.0,0.00877944
BCD/BTC,1572559493010,2019-10-31T22:04:53.010Z,buy,5.592e-05,157.0,0.00877944
BCD/BTC,1572560482522,2019-10-31T22:21:22.522Z,buy,5.609e-05,36.0,0.00201924
BCD/BTC,1572560889989,2019-10-31T22:28:09.989Z,buy,5.609e-05,9.0,0.00050481
BCD/BTC,1572561106832,2019-10-31T22:31:46.832Z,sell,5.579e-05,5.0,0.00027895
BCD/BTC,1572561655093,2019-10-31T22:40:55.093Z,sell,5.574e-05,169.0,0.00942006
BCD/BTC,1572561655404,2019-10-31T22:40:55.404Z,buy,5.574e-05,101.0,0.0056297399999999
BCD/BTC,1572561655489,2019-10-31T22:40:55.489Z,buy,5.574e-05,96.0,0.00535104
BCD/BTC,1572561677160,2019-10-31T22:41:17.160Z,buy,5.574e-05,267.0,0.01488258
BCD/BTC,1572561700737,2019-10-31T22:41:40.737Z,buy,5.574e-05,85.0,0.0047379
BCD/BTC,1572561700737,2019-10-31T22:41:40.737Z,buy,5.593e-05,198.0,0.01107414
BCD/BTC,1572561723012,2019-10-31T22:42:03.012Z,buy,5.593e-05,2.0,0.00011186
BCD/BTC,1572561804205,2019-10-31T22:43:24.205Z,buy,5.594e-05,130.0,0.0072722
BCD/BTC,1572561902288,2019-10-31T22:45:02.288Z,buy,5.604e-05,9.0,0.00050436
BCD/BTC,1572561919531,2019-10-31T22:45:19.531Z,buy,5.602e-05,36.0,0.00201672
BCD/BTC,1572561950848,2019-10-31T22:45:50.848Z,buy,5.602e-05,113.0,0.00633026
BCD/BTC,1572561950848,2019-10-31T22:45:50.848Z,buy,5.604e-05,115.0,0.0064446
BCD/BTC,1572561950848,2019-10-31T22:45:50.848Z,buy,5.605e-05,340.0,0.019057
BCD/BTC,1572561951954,2019-10-31T22:45:51.954Z,buy,5.602e-05,115.0,0.0064423
BCD/BTC,1572561954207,2019-10-31T22:45:54.207Z,buy,5.609e-05,2.0,0.00011218
BCD/BTC,1572561954207,2019-10-31T22:45:54.207Z,buy,5.61e-05,23.0,0.0012903
BCD/BTC,1572561998390,2019-10-31T22:46:38.390Z,sell,5.601e-05,242.0,0.01355442
BCD/BTC,1572561998390,2019-10-31T22:46:38.390Z,sell,5.596e-05,334.0,0.01869064
BCD/BTC,1572561998623,2019-10-31T22:46:38.623Z,buy,5.61e-05,2.0,0.0001122
BCD/BTC,1572561998623,2019-10-31T22:46:38.623Z,buy,5.62e-05,2.0,0.0001124
BCD/BTC,1572561998623,2019-10-31T22:46:38.623Z,buy,5.623e-05,76.0,0.00427348
BCD/BTC,1572562008566,2019-10-31T22:46:48.566Z,buy,5.623e-05,85.0,0.00477955
BCD/BTC,1572562010778,2019-10-31T22:46:50.778Z,buy,5.623e-05,81.0,0.00455463
BCD/BTC,1572562141998,2019-10-31T22:49:01.998Z,sell,5.623e-05,37.0,0.00208051
BCD/BTC,1572562142059,2019-10-31T22:49:02.059Z,sell,5.623e-05,94.0,0.00528562
BCD/BTC,1572562142099,2019-10-31T22:49:02.099Z,sell,5.623e-05,221.0,0.01242683
BCD/BTC,1572562190541,2019-10-31T22:49:50.541Z,buy,5.624e-05,2.0,0.00011248
BCD/BTC,1572562251611,2019-10-31T22:50:51.611Z,buy,5.624e-05,1.0,5.624e-05
BCD/BTC,1572562251611,2019-10-31T22:50:51.611Z,buy,5.631e-05,5.0,0.00028155
BCD/BTC,1572562251611,2019-10-31T22:50:51.611Z,buy,5.633e-05,13.0,0.00073229
BCD/BTC,1572562251611,2019-10-31T22:50:51.611Z,buy,5.634e-05,315.0,0.0177471
BCD/BTC,1572562260066,2019-10-31T22:51:00.066Z,buy,5.635e-05,36.0,0.0020286
BCD/BTC,1572562341269,2019-10-31T22:52:21.269Z,sell,5.618e-05,93.0,0.00522474
BCD/BTC,1572562341435,2019-10-31T22:52:21.435Z,sell,5.618e-05,243.0,0.01365174
BCD/BTC,1572562341435,2019-10-31T22:52:21.435Z,sell,5.617e-05,50.0,0.0028085
BCD/BTC,1572562341498,2019-10-31T22:52:21.498Z,sell,5.617e-05,34.0,0.00190978
BCD/BTC,1572562341504,2019-10-31T22:52:21.504Z,sell,5.617e-05,31.0,0.00174127
BCD/BTC,1572562428250,2019-10-31T22:53:48.250Z,sell,5.608e-05,143.0,0.00801944
BCD/BTC,1572562428321,2019-10-31T22:53:48.321Z,sell,5.608e-05,183.0,0.01026264
BCD/BTC,1572562428360,2019-10-31T22:53:48.360Z,sell,5.597e-05,5.0,0.00027985
BCD/BTC,1572562428536,2019-10-31T22:53:48.536Z,sell,5.591e-05,87.0,0.00486417
BCD/BTC,1572562428536,2019-10-31T22:53:48.536Z,sell,5.591e-05,128.0,0.00715648
BCD/BTC,1572562428594,2019-10-31T22:53:48.594Z,sell,5.591e-05,86.0,0.00480826
BCD/BTC,1572562428691,2019-10-31T22:53:48.691Z,sell,5.59e-05,3.0,0.0001676999999999
BCD/BTC,1572562428691,2019-10-31T22:53:48.691Z,sell,5.588e-05,2.0,0.00011176
BCD/BTC,1572562428691,2019-10-31T22:53:48.691Z,sell,5.586e-05,13.0,0.00072618
BCD/BTC,1572562429370,2019-10-31T22:53:49.370Z,buy,5.585e-05,15.0,0.00083775
BCD/BTC,1572562429370,2019-10-31T22:53:49.370Z,buy,5.591e-05,10.0,0.0005591
BCD/BTC,1572562430226,2019-10-31T22:53:50.226Z,buy,5.591e-05,114.0,0.00637374
BCD/BTC,1572562430226,2019-10-31T22:53:50.226Z,buy,5.602e-05,257.0,0.01439714
BCD/BTC,1572562430551,2019-10-31T22:53:50.551Z,buy,5.602e-05,25.0,0.0014005
BCD/BTC,1572562431654,2019-10-31T22:53:51.654Z,buy,5.602e-05,25.0,0.0014005
BCD/BTC,1572562432773,2019-10-31T22:53:52.773Z,buy,5.602e-05,25.0,0.0014005
BCD/BTC,1572562436708,2019-10-31T22:53:56.708Z,sell,5.577e-05,106.0,0.00591162
BCD/BTC,1572562436708,2019-10-31T22:53:56.708Z,sell,5.576e-05,164.0,0.00914464
BCD/BTC,1572562440018,2019-10-31T22:54:00.018Z,sell,5.578e-05,33.0,0.00184074
BCD/BTC,1572562444026,2019-10-31T22:54:04.026Z,sell,5.587e-05,2.0,0.00011174
BCD/BTC,1572562444026,2019-10-31T22:54:04.026Z,sell,5.577e-05,69.0,0.00384813
BCD/BTC,1572562444026,2019-10-31T22:54:04.026Z,sell,5.576e-05,250.0,0.01394
BCD/BTC,1572562461379,2019-10-31T22:54:21.379Z,sell,5.577e-05,106.0,0.00591162
BCD/BTC,1572562461379,2019-10-31T22:54:21.379Z,sell,5.576e-05,167.0,0.00931192
BCD/BTC,1572562822166,2019-10-31T23:00:22.166Z,sell,5.578e-05,2.0,0.00011156
BCD/BTC,1572562881062,2019-10-31T23:01:21.062Z,sell,5.576e-05,39.0,0.00217464
BCD/BTC,1572562881062,2019-10-31T23:01:21.062Z,sell,5.575e-05,139.0,0.00774925
BCD/BTC,1572562881062,2019-10-31T23:01:21.062Z,sell,5.576e-05,39.0,0.00217464
BCD/BTC,1572562881062,2019-10-31T23:01:21.062Z,sell,5.575e-05,139.0,0.00774925
BCD/BTC,1572563207186,2019-10-31T23:06:47.186Z,sell,5.573e-05,9.0,0.00050157
BCD/BTC,1572563402280,2019-10-31T23:10:02.280Z,buy,5.584e-05,13.0,0.00072592
BCD/BTC,1572563488795,2019-10-31T23:11:28.795Z,buy,5.591e-05,601.0,0.03360191
BCD/BTC,1572563488795,2019-10-31T23:11:28.795Z,buy,5.592e-05,242.0,0.01353264
BCD/BTC,1572563488795,2019-10-31T23:11:28.795Z,buy,5.597e-05,263.0,0.01472011
BCD/BTC,1572563490985,2019-10-31T23:11:30.985Z,buy,5.591e-05,80.0,0.0044728
BCD/BTC,1572563739488,2019-10-31T23:15:39.488Z,sell,5.598e-05,108.0,0.00604584
BCD/BTC,1572563740748,2019-10-31T23:15:40.748Z,sell,5.598e-05,124.0,0.00694152
BCD/BTC,1572563742974,2019-10-31T23:15:42.974Z,sell,5.599e-05,154.0,0.00862246
BCD/BTC,1572563875694,2019-10-31T23:17:55.694Z,sell,5.596e-05,265.0,0.0148294
BCD/BTC,1572563875694,2019-10-31T23:17:55.694Z,sell,5.593e-05,173.0,0.00967589
BCD/BTC,1572563875694,2019-10-31T23:17:55.694Z,sell,5.574e-05,252.0,0.01404648
BCD/BTC,1572563875694,2019-10-31T23:17:55.694Z,sell,5.573e-05,36.0,0.00200628
BCD/BTC,1572563875694,2019-10-31T23:17:55.694Z,sell,5.571e-05,317.0,0.01766007
BCD/BTC,1572563875694,2019-10-31T23:17:55.694Z,sell,5.569e-05,3.0,0.0001670699999999
BCD/BTC,1572563875694,2019-10-31T23:17:55.694Z,sell,5.568e-05,19.0,0.00105792
BCD/BTC,1572563875694,2019-10-31T23:17:55.694Z,sell,5.563e-05,24.0,0.00133512
BCD/BTC,1572563875694,2019-10-31T23:17:55.694Z,sell,5.562e-05,91.0,0.00506142
BCD/BTC,1572563875723,2019-10-31T23:17:55.723Z,sell,5.562e-05,1.0,5.562e-05
BCD/BTC,1572563875723,2019-10-31T23:17:55.723Z,sell,5.559e-05,34.0,0.00189006
BCD/BTC,1572563876173,2019-10-31T23:17:56.173Z,sell,5.574e-05,66.0,0.00367884
BCD/BTC,1572564001772,2019-10-31T23:20:01.772Z,buy,5.592e-05,4.0,0.00022368
BCD/BTC,1572564001799,2019-10-31T23:20:01.799Z,buy,5.592e-05,4.0,0.00022368
BCD/BTC,1572564001818,2019-10-31T23:20:01.818Z,buy,5.592e-05,4.0,0.00022368
BCD/BTC,1572564001841,2019-10-31T23:20:01.841Z,buy,5.592e-05,4.0,0.00022368
BCD/BTC,1572564001916,2019-10-31T23:20:01.916Z,buy,5.592e-05,4.0,0.00022368
BCD/BTC,1572564001927,2019-10-31T23:20:01.927Z,buy,5.592e-05,4.0,0.00022368
BCD/BTC,1572564041315,2019-10-31T23:20:41.315Z,buy,5.591e-05,113.0,0.00631783
BCD/BTC,1572564139622,2019-10-31T23:22:19.622Z,buy,5.59e-05,2.0,0.0001118
BCD/BTC,1572564838325,2019-10-31T23:33:58.325Z,buy,5.575e-05,10.0,0.0005575
BCD/BTC,1572564838325,2019-10-31T23:33:58.325Z,buy,5.583e-05,122.0,0.0068112599999999
BCD/BTC,1572564838325,2019-10-31T23:33:58.325Z,buy,5.596e-05,349.0,0.01953004
BCD/BTC,1572564840459,2019-10-31T23:34:00.459Z,buy,5.595e-05,81.0,0.00453195
BCD/BTC,1572564842565,2019-10-31T23:34:02.565Z,buy,5.595e-05,35.0,0.00195825
BCD/BTC,1572564842565,2019-10-31T23:34:02.565Z,buy,5.596e-05,19.0,0.00106324
BCD/BTC,1572564995589,2019-10-31T23:36:35.589Z,buy,5.596e-05,55.0,0.0030778
BCD/BTC,1572564997658,2019-10-31T23:36:37.658Z,buy,5.596e-05,90.0,0.0050364
BCD/BTC,1572565127290,2019-10-31T23:38:47.290Z,sell,5.593e-05,187.0,0.01045891
BCD/BTC,1572565127367,2019-10-31T23:38:47.367Z,sell,5.593e-05,72.0,0.00402696
BCD/BTC,1572565127853,2019-10-31T23:38:47.853Z,buy,5.596e-05,61.0,0.00341356
BCD/BTC,1572565130329,2019-10-31T23:38:50.329Z,sell,5.593e-05,108.0,0.00604044
BCD/BTC,1572565150979,2019-10-31T23:39:10.979Z,buy,5.596e-05,77.0,0.00430892
BCD/BTC,1572565153006,2019-10-31T23:39:13.006Z,buy,5.596e-05,76.0,0.00425296
BCD/BTC,1572565154743,2019-10-31T23:39:14.743Z,sell,5.568e-05,358.0,0.01993344
BCD/BTC,1572565154743,2019-10-31T23:39:14.743Z,sell,5.567e-05,178.0,0.00990926
BCD/BTC,1572565154743,2019-10-31T23:39:14.743Z,sell,5.557e-05,17.0,0.00094469
BCD/BTC,1572565154770,2019-10-31T23:39:14.770Z,buy,5.556e-05,190.0,0.0105564
BCD/BTC,1572565154794,2019-10-31T23:39:14.794Z,buy,5.556e-05,175.0,0.009723
BCD/BTC,1572565154796,2019-10-31T23:39:14.796Z,buy,5.556e-05,96.0,0.00533376
BCD/BTC,1572565154852,2019-10-31T23:39:14.852Z,buy,5.556e-05,107.0,0.00594492
BCD/BTC,1572565154968,2019-10-31T23:39:14.968Z,buy,5.556e-05,130.0,0.0072228
BCD/BTC,1572565154977,2019-10-31T23:39:14.977Z,buy,5.556e-05,102.0,0.00566712
BCD/BTC,1572565155013,2019-10-31T23:39:15.013Z,buy,5.556e-05,310.0,0.0172236
BCD/BTC,1572565155013,2019-10-31T23:39:15.013Z,buy,5.556e-05,130.0,0.0072228
BCD/BTC,1572565155202,2019-10-31T23:39:15.202Z,buy,5.596e-05,51.0,0.00285396
BCD/BTC,1572565157354,2019-10-31T23:39:17.354Z,buy,5.596e-05,93.0,0.00520428
BCD/BTC,1572565159505,2019-10-31T23:39:19.505Z,buy,5.595e-05,62.0,0.0034689
BCD/BTC,1572565162182,2019-10-31T23:39:22.182Z,buy,5.596e-05,125.0,0.006995
BCD/BTC,1572565164596,2019-10-31T23:39:24.596Z,buy,5.596e-05,154.0,0.00861784
BCD/BTC,1572566469733,2019-11-01T00:01:09.733Z,sell,5.573e-05,4.0,0.00022292
BCD/BTC,1572566469733,2019-11-01T00:01:09.733Z,sell,5.573e-05,4.0,0.00022292
BCD/BTC,1572566481613,2019-11-01T00:01:21.613Z,buy,5.596e-05,131.0,0.0073307599999999
BCD/BTC,1572566502211,2019-11-01T00:01:42.211Z,buy,5.596e-05,67.0,0.00374932
BCD/BTC,1572566763269,2019-11-01T00:06:03.269Z,buy,5.597e-05,5.0,0.00027985
BCD/BTC,1572566763269,2019-11-01T00:06:03.269Z,buy,5.603e-05,3.0,0.00016809
BCD/BTC,1572566763269,2019-11-01T00:06:03.269Z,buy,5.604e-05,350.0,0.019614
BCD/BTC,1572566820301,2019-11-01T00:07:00.301Z,buy,5.605e-05,41.0,0.00229805
BCD/BTC,1572566820301,2019-11-01T00:07:00.301Z,buy,5.617e-05,13.0,0.00073021
BCD/BTC,1572566874788,2019-11-01T00:07:54.788Z,sell,5.604e-05,112.0,0.00627648
BCD/BTC,1572566874789,2019-11-01T00:07:54.789Z,sell,5.604e-05,20.0,0.0011208
BCD/BTC,1572566875262,2019-11-01T00:07:55.262Z,sell,5.604e-05,9.0,0.00050436
BCD/BTC,1572566876543,2019-11-01T00:07:56.543Z,sell,5.604e-05,11.0,0.00061644
BCD/BTC,1572566876543,2019-11-01T00:07:56.543Z,sell,5.601e-05,36.0,0.00201636
BCD/BTC,1572567138029,2019-11-01T00:12:18.029Z,sell,5.602e-05,71.0,0.00397742
BCD/BTC,1572567138029,2019-11-01T00:12:18.029Z,sell,5.601e-05,349.0,0.01954749
BCD/BTC,1572567138029,2019-11-01T00:12:18.029Z,sell,5.6e-05,67.0,0.003752
BCD/BTC,1572567138029,2019-11-01T00:12:18.029Z,sell,5.598e-05,128.0,0.00716544
BCD/BTC,1572567138029,2019-11-01T00:12:18.029Z,sell,5.596e-05,71.0,0.00397316
BCD/BTC,1572567138888,2019-11-01T00:12:18.888Z,sell,5.602e-05,163.0,0.00913126
BCD/BTC,1572567700552,2019-11-01T00:21:40.552Z,sell,5.572e-05,177.0,0.00986244
BCD/BTC,1572567700552,2019-11-01T00:21:40.552Z,sell,5.571e-05,41.0,0.00228411
BCD/BTC,1572567700552,2019-11-01T00:21:40.552Z,sell,5.57e-05,649.0,0.0361493
BCD/BTC,1572567700552,2019-11-01T00:21:40.552Z,sell,5.569e-05,3.0,0.0001670699999999
BCD/BTC,1572567700552,2019-11-01T00:21:40.552Z,sell,5.565e-05,741.0,0.04123665
BCD/BTC,1572567700552,2019-11-01T00:21:40.552Z,sell,5.564e-05,1211.0,0.06738004
BCD/BTC,1572567703606,2019-11-01T00:21:43.606Z,sell,5.572e-05,1104.0,0.06151488
BCD/BTC,1572568486547,2019-11-01T00:34:46.547Z,buy,5.597e-05,172.0,0.00962684
BCD/BTC,1572568907557,2019-11-01T00:41:47.557Z,buy,5.583e-05,4.0,0.00022332
BCD/BTC,1572568908064,2019-11-01T00:41:48.064Z,buy,5.583e-05,30.0,0.0016749
BCD/BTC,1572569513004,2019-11-01T00:51:53.004Z,sell,5.566e-05,68.0,0.00378488
BCD/BTC,1572569524841,2019-11-01T00:52:04.841Z,sell,5.568e-05,138.0,0.00768384
BCD/BTC,1572569524841,2019-11-01T00:52:04.841Z,sell,5.566e-05,109.0,0.00606694
BCD/BTC,1572569815271,2019-11-01T00:56:55.271Z,buy,5.583e-05,2.0,0.00011166
BCD/BTC,1572569815271,2019-11-01T00:56:55.271Z,buy,5.6e-05,17.0,0.0009519999999999
BCD/BTC,1572569918850,2019-11-01T00:58:38.850Z,sell,5.594e-05,43.0,0.00240542
BCD/BTC,1572570003116,2019-11-01T01:00:03.116Z,buy,5.595e-05,56.0,0.0031332
BCD/BTC,1572570044964,2019-11-01T01:00:44.964Z,sell,5.594e-05,171.0,0.00956574
BCD/BTC,1572570044964,2019-11-01T01:00:44.964Z,sell,5.594e-05,171.0,0.00956574
BCD/BTC,1572570190185,2019-11-01T01:03:10.185Z,sell,5.572e-05,51.0,0.00284172
BCD/BTC,1572570251304,2019-11-01T01:04:11.304Z,sell,5.572e-05,5.0,0.0002786
BCD/BTC,1572570251304,2019-11-01T01:04:11.304Z,sell,5.567e-05,25.0,0.00139175
BCD/BTC,1572570251541,2019-11-01T01:04:11.541Z,sell,5.567e-05,30.0,0.0016701
BCD/BTC,1572570252317,2019-11-01T01:04:12.317Z,sell,5.567e-05,18.0,0.00100206
BCD/BTC,1572570253225,2019-11-01T01:04:13.225Z,sell,5.567e-05,88.0,0.00489896
BCD/BTC,1572570253225,2019-11-01T01:04:13.225Z,sell,5.567e-05,14.0,0.00077938
BCD/BTC,1572570253225,2019-11-01T01:04:13.225Z,sell,5.566e-05,16.0,0.00089056
BCD/BTC,1572570253562,2019-11-01T01:04:13.562Z,sell,5.568e-05,19.0,0.00105792
BCD/BTC,1572570253769,2019-11-01T01:04:13.769Z,sell,5.568e-05,15.0,0.0008352
BCD/BTC,1572572567784,2019-11-01T01:42:47.784Z,sell,5.568e-05,84.0,0.00467712
BCD/BTC,1572573202415,2019-11-01T01:53:22.415Z,sell,5.568e-05,9.0,0.00050112
BCD/BTC,1572573204354,2019-11-01T01:53:24.354Z,sell,5.568e-05,9.0,0.00050112
BCD/BTC,1572573599660,2019-11-01T01:59:59.660Z,buy,5.581e-05,19.0,0.00106039
BCD/BTC,1572573599660,2019-11-01T01:59:59.660Z,buy,5.581e-05,19.0,0.00106039
BCD/BTC,1572574486548,2019-11-01T02:14:46.548Z,buy,5.567e-05,78.0,0.00434226
BCD/BTC,1572574625063,2019-11-01T02:17:05.063Z,buy,5.57e-05,400.0,0.02228
BCD/BTC,1572575090553,2019-11-01T02:24:50.553Z,sell,5.571e-05,71.0,0.00395541
BCD/BTC,1572575215759,2019-11-01T02:26:55.759Z,buy,5.573e-05,188.0,0.0104772399999999
BCD/BTC,1572575221464,2019-11-01T02:27:01.464Z,buy,5.573e-05,142.0,0.00791366
BCD/BTC,1572575262029,2019-11-01T02:27:42.029Z,buy,5.574e-05,78.0,0.00434772
BCD/BTC,1572575267933,2019-11-01T02:27:47.933Z,buy,5.574e-05,52.0,0.0028984799999999
BCD/BTC,1572575342304,2019-11-01T02:29:02.304Z,buy,5.574e-05,359.0,0.02001066
BCD/BTC,1572575728331,2019-11-01T02:35:28.331Z,sell,5.574e-05,345.0,0.0192303
BCD/BTC,1572575730020,2019-11-01T02:35:30.020Z,buy,5.574e-05,1272.0,0.07090128
BCD/BTC,1572575889718,2019-11-01T02:38:09.718Z,sell,5.572e-05,9.0,0.00050148
BCD/BTC,1572576316271,2019-11-01T02:45:16.271Z,buy,5.58e-05,465.0,0.025947
BCD/BTC,1572576316271,2019-11-01T02:45:16.271Z,buy,5.581e-05,142.0,0.00792502
BCD/BTC,1572576488055,2019-11-01T02:48:08.055Z,sell,5.582e-05,2.0,0.00011164
BCD/BTC,1572576686809,2019-11-01T02:51:26.809Z,buy,5.602e-05,30.0,0.0016806
BCD/BTC,1572576721869,2019-11-01T02:52:01.869Z,sell,5.575e-05,183.0,0.01020225
BCD/BTC,1572576756908,2019-11-01T02:52:36.908Z,sell,5.575e-05,106.0,0.0059095
BCD/BTC,1572576772693,2019-11-01T02:52:52.693Z,sell,5.575e-05,267.0,0.01488525
BCD/BTC,1572576775297,2019-11-01T02:52:55.297Z,sell,5.576e-05,89.0,0.00496264
BCD/BTC,1572576775297,2019-11-01T02:52:55.297Z,sell,5.575e-05,89.0,0.00496175
BCD/BTC,1572576775297,2019-11-01T02:52:55.297Z,sell,5.573e-05,159.0,0.0088610699999999
BCD/BTC,1572576797126,2019-11-01T02:53:17.126Z,sell,5.572e-05,55.0,0.0030646
BCD/BTC,1572576967217,2019-11-01T02:56:07.217Z,buy,5.579e-05,1.0,5.579e-05
BCD/BTC,1572576969718,2019-11-01T02:56:09.718Z,sell,5.567e-05,90.0,0.0050103
BCD/BTC,1572576979671,2019-11-01T02:56:19.671Z,sell,5.567e-05,92.0,0.00512164
BCD/BTC,1572576983838,2019-11-01T02:56:23.838Z,sell,5.567e-05,90.0,0.0050103
BCD/BTC,1572577008449,2019-11-01T02:56:48.449Z,sell,5.567e-05,1.0,5.567e-05
BCD/BTC,1572577008449,2019-11-01T02:56:48.449Z,sell,5.566e-05,7.0,0.0003896199999999
BCD/BTC,1572577008449,2019-11-01T02:56:48.449Z,sell,5.563e-05,1.0,5.563e-05
BCD/BTC,1572577022745,2019-11-01T02:57:02.745Z,sell,5.563e-05,4.0,0.00022252
BCD/BTC,1572577022745,2019-11-01T02:57:02.745Z,sell,5.555e-05,3.0,0.00016665
BCD/BTC,1572577022745,2019-11-01T02:57:02.745Z,sell,5.546e-05,137.0,0.00759802
BCD/BTC,1572577046890,2019-11-01T02:57:26.890Z,sell,5.552e-05,86.0,0.00477472
BCD/BTC,1572577146598,2019-11-01T02:59:06.598Z,sell,5.554e-05,2.0,0.00011108
BCD/BTC,1572577146598,2019-11-01T02:59:06.598Z,sell,5.552e-05,2.0,0.00011104
BCD/BTC,1572577146598,2019-11-01T02:59:06.598Z,sell,5.544e-05,4.0,0.00022176
BCD/BTC,1572577146598,2019-11-01T02:59:06.598Z,sell,5.54e-05,18.0,0.0009972
BCD/BTC,1572577146598,2019-11-01T02:59:06.598Z,sell,5.554e-05,2.0,0.00011108
BCD/BTC,1572577146598,2019-11-01T02:59:06.598Z,sell,5.552e-05,2.0,0.00011104
BCD/BTC,1572577146598,2019-11-01T02:59:06.598Z,sell,5.544e-05,4.0,0.00022176
BCD/BTC,1572577146598,2019-11-01T02:59:06.598Z,sell,5.54e-05,18.0,0.0009972
BCD/BTC,1572577698065,2019-11-01T03:08:18.065Z,buy,5.57e-05,114.0,0.0063498
BCD/BTC,1572577699728,2019-11-01T03:08:19.728Z,buy,5.568e-05,20.0,0.0011136
BCD/BTC,1572577699967,2019-11-01T03:08:19.967Z,buy,5.568e-05,10.0,0.0005568
BCD/BTC,1572577750476,2019-11-01T03:09:10.476Z,sell,5.542e-05,144.0,0.00798048
BCD/BTC,1572577768899,2019-11-01T03:09:28.899Z,sell,5.542e-05,85.0,0.0047107
BCD/BTC,1572577776763,2019-11-01T03:09:36.763Z,buy,5.57e-05,1.0,5.57e-05
BCD/BTC,1572578366093,2019-11-01T03:19:26.093Z,sell,5.552e-05,2.0,0.00011104
BCD/BTC,1572578366357,2019-11-01T03:19:26.357Z,buy,5.55e-05,4.0,0.000222
BCD/BTC,1572578367525,2019-11-01T03:19:27.525Z,buy,5.551e-05,75.0,0.00416325
BCD/BTC,1572578367525,2019-11-01T03:19:27.525Z,buy,5.552e-05,850.0,0.047192
BCD/BTC,1572578367815,2019-11-01T03:19:27.815Z,buy,5.551e-05,66.0,0.00366366
BCD/BTC,1572578403652,2019-11-01T03:20:03.652Z,buy,5.552e-05,41.0,0.00227632
BCD/BTC,1572578711574,2019-11-01T03:25:11.574Z,buy,5.57e-05,351.0,0.0195507
BCD/BTC,1572579007579,2019-11-01T03:30:07.579Z,sell,5.55e-05,141.0,0.0078255
BCD/BTC,1572579007579,2019-11-01T03:30:07.579Z,sell,5.549e-05,768.0,0.04261632
BCD/BTC,1572579014111,2019-11-01T03:30:14.111Z,sell,5.55e-05,72.0,0.003996
BCD/BTC,1572579103082,2019-11-01T03:31:43.082Z,sell,5.546e-05,63.0,0.00349398
BCD/BTC,1572579103082,2019-11-01T03:31:43.082Z,sell,5.545e-05,72.0,0.0039924
BCD/BTC,1572579938043,2019-11-01T03:45:38.043Z,buy,5.567e-05,240.0,0.0133608
BCD/BTC,1572579938043,2019-11-01T03:45:38.043Z,buy,5.574e-05,360.0,0.0200663999999999
BCD/BTC,1572579938043,2019-11-01T03:45:38.043Z,buy,5.575e-05,85.0,0.00473875
BCD/BTC,1572579938043,2019-11-01T03:45:38.043Z,buy,5.584e-05,72.0,0.00402048
BCD/BTC,1572579938043,2019-11-01T03:45:38.043Z,buy,5.59e-05,3.0,0.0001676999999999
BCD/BTC,1572579938879,2019-11-01T03:45:38.879Z,buy,5.567e-05,160.0,0.0089072
BCD/BTC,1572579938879,2019-11-01T03:45:38.879Z,buy,5.596e-05,86.0,0.00481256
BCD/BTC,1572579938879,2019-11-01T03:45:38.879Z,buy,5.597e-05,5.0,0.00027985
BCD/BTC,1572579938879,2019-11-01T03:45:38.879Z,buy,5.601e-05,893.0,0.05001693
BCD/BTC,1572579938879,2019-11-01T03:45:38.879Z,buy,5.602e-05,456.0,0.02554512
BCD/BTC,1572580078566,2019-11-01T03:47:58.566Z,buy,5.59e-05,2.0,0.0001118
BCD/BTC,1572580078566,2019-11-01T03:47:58.566Z,buy,5.601e-05,4.0,0.00022404
BCD/BTC,1572580119470,2019-11-01T03:48:39.470Z,sell,5.575e-05,62.0,0.0034565
BCD/BTC,1572580341542,2019-11-01T03:52:21.542Z,sell,5.566e-05,114.0,0.00634524
BCD/BTC,1572580349860,2019-11-01T03:52:29.860Z,sell,5.568e-05,76.0,0.00423168
BCD/BTC,1572580349910,2019-11-01T03:52:29.910Z,sell,5.566e-05,76.0,0.00423016
BCD/BTC,1572580354901,2019-11-01T03:52:34.901Z,sell,5.567e-05,358.0,0.01992986
BCD/BTC,1572580482955,2019-11-01T03:54:42.955Z,sell,5.568e-05,89.0,0.00495552
BCD/BTC,1572580647195,2019-11-01T03:57:27.195Z,sell,5.563e-05,5.0,0.00027815
BCD/BTC,1572580647195,2019-11-01T03:57:27.195Z,sell,5.555e-05,3.0,0.00016665
BCD/BTC,1572580647195,2019-11-01T03:57:27.195Z,sell,5.543e-05,75.0,0.00415725
BCD/BTC,1572580725230,2019-11-01T03:58:45.230Z,sell,5.563e-05,830.0,0.0461729
BCD/BTC,1572580725230,2019-11-01T03:58:45.230Z,sell,5.563e-05,830.0,0.0461729
BCD/BTC,1572580784261,2019-11-01T03:59:44.261Z,sell,5.55e-05,2.0,0.000111
BCD/BTC,1572580784261,2019-11-01T03:59:44.261Z,sell,5.543e-05,1.0,5.543e-05
BCD/BTC,1572580784261,2019-11-01T03:59:44.261Z,sell,5.541e-05,87.0,0.00482067
BCD/BTC,1572580784261,2019-11-01T03:59:44.261Z,sell,5.54e-05,124.0,0.0068696
BCD/BTC,1572581393262,2019-11-01T04:09:53.262Z,buy,5.582e-05,152.0,0.00848464
BCD/BTC,1572581394009,2019-11-01T04:09:54.009Z,buy,5.581e-05,10.0,0.0005581
BCD/BTC,1572581394992,2019-11-01T04:09:54.992Z,buy,5.581e-05,49.0,0.00273469
BCD/BTC,1572581841316,2019-11-01T04:17:21.316Z,buy,5.563e-05,206.0,0.01145978
BCD/BTC,1572581867769,2019-11-01T04:17:47.769Z,sell,5.577e-05,9.0,0.00050193
BCD/BTC,1572581869084,2019-11-01T04:17:49.084Z,sell,5.577e-05,9.0,0.00050193
BCD/BTC,1572581973267,2019-11-01T04:19:33.267Z,sell,5.577e-05,1.0,5.577e-05
BCD/BTC,1572581974801,2019-11-01T04:19:34.801Z,sell,5.577e-05,95.0,0.00529815
BCD/BTC,1572581974851,2019-11-01T04:19:34.851Z,sell,5.577e-05,104.0,0.00580008
BCD/BTC,1572583139032,2019-11-01T04:38:59.032Z,buy,5.581e-05,2.0,0.00011162
BCD/BTC,1572583139032,2019-11-01T04:38:59.032Z,buy,5.59e-05,3.0,0.0001676999999999
BCD/BTC,1572583139032,2019-11-01T04:38:59.032Z,buy,5.594e-05,129.0,0.00721626
BCD/BTC,1572583143011,2019-11-01T04:39:03.011Z,sell,5.594e-05,16.0,0.00089504
BCD/BTC,1572583205778,2019-11-01T04:40:05.778Z,sell,5.594e-05,2.0,0.00011188
BCD/BTC,1572583533292,2019-11-01T04:45:33.292Z,sell,5.594e-05,17.0,0.00095098
BCD/BTC,1572583535616,2019-11-01T04:45:35.616Z,sell,5.594e-05,97.0,0.00542618
BCD/BTC,1572583580495,2019-11-01T04:46:20.495Z,sell,5.594e-05,180.0,0.0100692
BCD/BTC,1572583750918,2019-11-01T04:49:10.918Z,buy,5.595e-05,54.0,0.0030212999999999
BCD/BTC,1572583823949,2019-11-01T04:50:23.949Z,sell,5.594e-05,30.0,0.0016782
BCD/BTC,1572583823966,2019-11-01T04:50:23.966Z,sell,5.594e-05,30.0,0.0016782
BCD/BTC,1572583828174,2019-11-01T04:50:28.174Z,sell,5.594e-05,30.0,0.0016782
BCD/BTC,1572583850209,2019-11-01T04:50:50.209Z,buy,5.595e-05,283.0,0.01583385
BCD/BTC,1572583917319,2019-11-01T04:51:57.319Z,sell,5.595e-05,43.0,0.0024058499999999
BCD/BTC,1572583918217,2019-11-01T04:51:58.217Z,sell,5.595e-05,25.0,0.00139875
BCD/BTC,1572583918223,2019-11-01T04:51:58.223Z,sell,5.595e-05,320.0,0.017904
BCD/BTC,1572583918223,2019-11-01T04:51:58.223Z,sell,5.594e-05,119.0,0.00665686
BCD/BTC,1572583918223,2019-11-01T04:51:58.223Z,sell,5.564e-05,92.0,0.00511888
BCD/BTC,1572583918223,2019-11-01T04:51:58.223Z,sell,5.563e-05,9.0,0.00050067
BCD/BTC,1572583919366,2019-11-01T04:51:59.366Z,sell,5.564e-05,15.0,0.0008346
BCD/BTC,1572583919900,2019-11-01T04:51:59.900Z,sell,5.565e-05,350.0,0.0194775
BCD/BTC,1572583919900,2019-11-01T04:51:59.900Z,sell,5.564e-05,47.0,0.00261508
BCD/BTC,1572583919900,2019-11-01T04:51:59.900Z,sell,5.563e-05,23.0,0.00127949
BCD/BTC,1572584293043,2019-11-01T04:58:13.043Z,buy,5.58e-05,198.0,0.0110484
BCD/BTC,1572584293043,2019-11-01T04:58:13.043Z,buy,5.58e-05,198.0,0.0110484
BCD/BTC,1572584329074,2019-11-01T04:58:49.074Z,buy,5.578e-05,132.0,0.00736296
BCD/BTC,1572584374406,2019-11-01T04:59:34.406Z,buy,5.575e-05,58.0,0.0032335
BCD/BTC,1572584390814,2019-11-01T04:59:50.814Z,buy,5.576e-05,69.0,0.00384744
BCD/BTC,1572584390814,2019-11-01T04:59:50.814Z,buy,5.577e-05,56.0,0.00312312
BCD/BTC,1572585240994,2019-11-01T05:14:00.994Z,buy,5.575e-05,15.0,0.00083625
BCD/BTC,1572585241950,2019-11-01T05:14:01.950Z,buy,5.577e-05,30.0,0.0016731
BCD/BTC,1572585348726,2019-11-01T05:15:48.726Z,buy,5.587e-05,1.0,5.587e-05
BCD/BTC,1572585442177,2019-11-01T05:17:22.177Z,buy,5.57e-05,1.0,5.57e-05
BCD/BTC,1572585442443,2019-11-01T05:17:22.443Z,buy,5.57e-05,10.0,0.000557
BCD/BTC,1572585489852,2019-11-01T05:18:09.852Z,buy,5.57e-05,43.0,0.0023951
BCD/BTC,1572585489852,2019-11-01T05:18:09.852Z,buy,5.578e-05,266.0,0.01483748
BCD/BTC,1572585517432,2019-11-01T05:18:37.432Z,buy,5.579e-05,3.0,0.00016737
BCD/BTC,1572585517432,2019-11-01T05:18:37.432Z,buy,5.58e-05,135.0,0.007533
BCD/BTC,1572585615998,2019-11-01T05:20:15.998Z,buy,5.575e-05,350.0,0.0195125
BCD/BTC,1572585630911,2019-11-01T05:20:30.911Z,sell,5.575e-05,140.0,0.007805
BCD/BTC,1572585634583,2019-11-01T05:20:34.583Z,buy,5.575e-05,309.0,0.01722675
BCD/BTC,1572585786587,2019-11-01T05:23:06.587Z,sell,5.564e-05,239.0,0.01329796
BCD/BTC,1572585786658,2019-11-01T05:23:06.658Z,buy,5.564e-05,83.0,0.00461812
BCD/BTC,1572585909942,2019-11-01T05:25:09.942Z,sell,5.564e-05,2.0,0.00011128
BCD/BTC,1572585909942,2019-11-01T05:25:09.942Z,sell,5.561e-05,159.0,0.00884199
BCD/BTC,1572585909942,2019-11-01T05:25:09.942Z,sell,5.56e-05,119.0,0.0066164
BCD/BTC,1572586570772,2019-11-01T05:36:10.772Z,sell,5.57e-05,11.0,0.0006127
BCD/BTC,1572586793288,2019-11-01T05:39:53.288Z,sell,5.57e-05,15.0,0.0008355
BCD/BTC,1572586825291,2019-11-01T05:40:25.291Z,sell,5.574e-05,9.0,0.00050166
BCD/BTC,1572586868406,2019-11-01T05:41:08.406Z,buy,5.57e-05,79.0,0.0044003
BCD/BTC,1572587047917,2019-11-01T05:44:07.917Z,sell,5.57e-05,100.0,0.00557
BCD/BTC,1572587047917,2019-11-01T05:44:07.917Z,sell,5.569e-05,298.0,0.01659562
BCD/BTC,1572587050099,2019-11-01T05:44:10.099Z,buy,5.569e-05,292.0,0.01626148
BCD/BTC,1572587112288,2019-11-01T05:45:12.288Z,buy,5.568e-05,1100.0,0.061248
BCD/BTC,1572587112288,2019-11-01T05:45:12.288Z,buy,5.568e-05,1100.0,0.061248
BCD/BTC,1572588264076,2019-11-01T06:04:24.076Z,buy,5.588e-05,358.0,0.02000504
BCD/BTC,1572588264076,2019-11-01T06:04:24.076Z,buy,5.589e-05,762.0,0.04258818
BCD/BTC,1572588294062,2019-11-01T06:04:54.062Z,buy,5.593e-05,143.0,0.00799799
BCD/BTC,1572588297751,2019-11-01T06:04:57.751Z,buy,5.594e-05,137.0,0.00766378
BCD/BTC,1572588951020,2019-11-01T06:15:51.020Z,sell,5.565e-05,67.0,0.0037285499999999
BCD/BTC,1572588951020,2019-11-01T06:15:51.020Z,sell,5.564e-05,56.0,0.00311584
BCD/BTC,1572588951022,2019-11-01T06:15:51.022Z,sell,5.564e-05,176.0,0.00979264
BCD/BTC,1572588951062,2019-11-01T06:15:51.062Z,sell,5.564e-05,127.0,0.00706628
BCD/BTC,1572588951062,2019-11-01T06:15:51.062Z,sell,5.563e-05,66.0,0.00367158
BCD/BTC,1572588951062,2019-11-01T06:15:51.062Z,sell,5.561e-05,66.0,0.00367026
BCD/BTC,1572588951062,2019-11-01T06:15:51.062Z,sell,5.558e-05,289.0,0.01606262
BCD/BTC,1572588951138,2019-11-01T06:15:51.138Z,sell,5.558e-05,394.0,0.02189852
BCD/BTC,1572588951144,2019-11-01T06:15:51.144Z,sell,5.558e-05,71.0,0.00394618
BCD/BTC,1572588951155,2019-11-01T06:15:51.155Z,sell,5.558e-05,12.0,0.00066696
BCD/BTC,1572588951155,2019-11-01T06:15:51.155Z,sell,5.555e-05,3.0,0.00016665
BCD/BTC,1572588951179,2019-11-01T06:15:51.179Z,buy,5.549e-05,108.0,0.00599292
BCD/BTC,1572588951197,2019-11-01T06:15:51.197Z,buy,5.549e-05,59.0,0.00327391
BCD/BTC,1572588951201,2019-11-01T06:15:51.201Z,buy,5.549e-05,89.0,0.0049386099999999
BCD/BTC,1572588951209,2019-11-01T06:15:51.209Z,buy,5.549e-05,84.0,0.00466116
BCD/BTC,1572588953618,2019-11-01T06:15:53.618Z,buy,5.557e-05,395.0,0.0219501499999999
BCD/BTC,1572588953758,2019-11-01T06:15:53.758Z,buy,5.59e-05,25.0,0.0013974999999999
BCD/BTC,1572588957807,2019-11-01T06:15:57.807Z,sell,5.544e-05,125.0,0.0069299999999999
BCD/BTC,1572588982188,2019-11-01T06:16:22.188Z,buy,5.578e-05,231.0,0.01288518
BCD/BTC,1572588984374,2019-11-01T06:16:24.374Z,buy,5.578e-05,89.0,0.00496442
BCD/BTC,1572589062092,2019-11-01T06:17:42.092Z,buy,5.574e-05,483.0,0.02692242
BCD/BTC,1572589062092,2019-11-01T06:17:42.092Z,buy,5.575e-05,611.0,0.03406325
BCD/BTC,1572589970043,2019-11-01T06:32:50.043Z,sell,5.576e-05,20.0,0.0011152
BCD/BTC,1572589970043,2019-11-01T06:32:50.043Z,sell,5.575e-05,881.0,0.04911575
BCD/BTC,1572590283003,2019-11-01T06:38:03.003Z,sell,5.575e-05,20.0,0.001115
BCD/BTC,1572590585725,2019-11-01T06:43:05.725Z,sell,5.575e-05,8.0,0.000446
BCD/BTC,1572590604249,2019-11-01T06:43:24.249Z,sell,5.57e-05,97.0,0.0054028999999999
BCD/BTC,1572590604249,2019-11-01T06:43:24.249Z,sell,5.57e-05,97.0,0.0054028999999999
BCD/BTC,1572590786600,2019-11-01T06:46:26.600Z,sell,5.571e-05,332.0,0.01849572
BCD/BTC,1572590786600,2019-11-01T06:46:26.600Z,sell,5.57e-05,170.0,0.009469
BCD/BTC,1572590786612,2019-11-01T06:46:26.612Z,sell,5.57e-05,91.0,0.0050687
BCD/BTC,1572590786993,2019-11-01T06:46:26.993Z,sell,5.569e-05,30.0,0.0016707
BCD/BTC,1572590787772,2019-11-01T06:46:27.772Z,sell,5.569e-05,17.0,0.0009467299999999
BCD/BTC,1572590788011,2019-11-01T06:46:28.011Z,sell,5.569e-05,153.0,0.00852057
BCD/BTC,1572590789008,2019-11-01T06:46:29.008Z,sell,5.566e-05,48.0,0.00267168
BCD/BTC,1572590791273,2019-11-01T06:46:31.273Z,sell,5.566e-05,30.0,0.0016698
BCD/BTC,1572591024193,2019-11-01T06:50:24.193Z,buy,5.567e-05,360.0,0.0200412
BCD/BTC,1572591094407,2019-11-01T06:51:34.407Z,sell,5.55e-05,156.0,0.008658
BCD/BTC,1572591094407,2019-11-01T06:51:34.407Z,sell,5.549e-05,81.0,0.00449469
BCD/BTC,1572591309081,2019-11-01T06:55:09.081Z,buy,5.573e-05,136.0,0.00757928
BCD/BTC,1572592206926,2019-11-01T07:10:06.926Z,sell,5.569e-05,19.0,0.00105811
BCD/BTC,1572592214528,2019-11-01T07:10:14.528Z,sell,5.574e-05,9.0,0.00050166
BCD/BTC,1572592214748,2019-11-01T07:10:14.748Z,sell,5.574e-05,9.0,0.00050166
BCD/BTC,1572592214757,2019-11-01T07:10:14.757Z,sell,5.574e-05,30.0,0.0016722
BCD/BTC,1572592228569,2019-11-01T07:10:28.569Z,sell,5.574e-05,21.0,0.0011705399999999
BCD/BTC,1572592228569,2019-11-01T07:10:28.569Z,sell,5.569e-05,1.0,5.569e-05
BCD/BTC,1572592306178,2019-11-01T07:11:46.178Z,buy,5.577e-05,90.0,0.0050193
BCD/BTC,1572592634169,2019-11-01T07:17:14.169Z,buy,5.571e-05,59.0,0.00328689
BCD/BTC,1572592922468,2019-11-01T07:22:02.468Z,buy,5.578e-05,1.0,5.578e-05
BCD/BTC,1572593345391,2019-11-01T07:29:05.391Z,buy,5.576e-05,59.0,0.00328984
BCD/BTC,1572593346563,2019-11-01T07:29:06.563Z,buy,5.575e-05,31.0,0.00172825
BCD/BTC,1572593347396,2019-11-01T07:29:07.396Z,buy,5.575e-05,25.0,0.00139375
BCD/BTC,1572593349726,2019-11-01T07:29:09.726Z,buy,5.577e-05,3.0,0.00016731
BCD/BTC,1572593349726,2019-11-01T07:29:09.726Z,buy,5.578e-05,2.0,0.00011156
BCD/BTC,1572593349726,2019-11-01T07:29:09.726Z,buy,5.582e-05,53.0,0.00295846
BCD/BTC,1572593354925,2019-11-01T07:29:14.925Z,buy,5.582e-05,6.0,0.00033492
BCD/BTC,1572593354925,2019-11-01T07:29:14.925Z,buy,5.59e-05,3.0,0.0001676999999999
BCD/BTC,1572593354925,2019-11-01T07:29:14.925Z,buy,5.591e-05,191.0,0.01067881
BCD/BTC,1572593357583,2019-11-01T07:29:17.583Z,buy,5.59e-05,9.0,0.0005030999999999
BCD/BTC,1572593357583,2019-11-01T07:29:17.583Z,buy,5.591e-05,753.0,0.0421002299999999
BCD/BTC,1572593394301,2019-11-01T07:29:54.301Z,buy,5.592e-05,1639.0,0.09165288
BCD/BTC,1572593414479,2019-11-01T07:30:14.479Z,buy,5.596e-05,19.0,0.00106324
BCD/BTC,1572593414479,2019-11-01T07:30:14.479Z,buy,5.596e-05,19.0,0.00106324
BCD/BTC,1572594247671,2019-11-01T07:44:07.671Z,buy,5.596e-05,13.0,0.00072748
BCD/BTC,1572594978479,2019-11-01T07:56:18.479Z,sell,5.568e-05,238.0,0.01325184
BCD/BTC,1572594978479,2019-11-01T07:56:18.479Z,sell,5.567e-05,358.0,0.01992986
BCD/BTC,1572594978479,2019-11-01T07:56:18.479Z,sell,5.566e-05,238.0,0.01324708
BCD/BTC,1572594978479,2019-11-01T07:56:18.479Z,sell,5.56e-05,71.0,0.0039476
BCD/BTC,1572594978479,2019-11-01T07:56:18.479Z,sell,5.556e-05,134.0,0.00744504
BCD/BTC,1572594978479,2019-11-01T07:56:18.479Z,sell,5.555e-05,3.0,0.00016665
BCD/BTC,1572594978479,2019-11-01T07:56:18.479Z,sell,5.552e-05,439.0,0.0243732799999999
BCD/BTC,1572594978496,2019-11-01T07:56:18.496Z,sell,5.552e-05,422.0,0.02342944
BCD/BTC,1572594978496,2019-11-01T07:56:18.496Z,sell,5.551e-05,22.0,0.00122122
BCD/BTC,1572594978507,2019-11-01T07:56:18.507Z,sell,5.551e-05,634.0,0.03519334
BCD/BTC,1572594978507,2019-11-01T07:56:18.507Z,sell,5.548e-05,147.0,0.00815556
BCD/BTC,1572594978507,2019-11-01T07:56:18.507Z,sell,5.544e-05,278.0,0.01541232
BCD/BTC,1572594978507,2019-11-01T07:56:18.507Z,sell,5.543e-05,55.0,0.00304865
BCD/BTC,1572594978533,2019-11-01T07:56:18.533Z,buy,5.542e-05,30.0,0.0016626
BCD/BTC,1572594978566,2019-11-01T07:56:18.566Z,buy,5.542e-05,114.0,0.00631788
BCD/BTC,1572594978701,2019-11-01T07:56:18.701Z,sell,5.539e-05,13.0,0.00072007
BCD/BTC,1572594978701,2019-11-01T07:56:18.701Z,sell,5.538e-05,334.0,0.01849692
BCD/BTC,1572594979473,2019-11-01T07:56:19.473Z,buy,5.542e-05,25.0,0.0013855
BCD/BTC,1572594979655,2019-11-01T07:56:19.655Z,buy,5.542e-05,722.0,0.04001324
BCD/BTC,1572594979655,2019-11-01T07:56:19.655Z,buy,5.545e-05,1216.0,0.0674271999999999
BCD/BTC,1572594979655,2019-11-01T07:56:19.655Z,buy,5.55e-05,118.0,0.006549
BCD/BTC,1572595006965,2019-11-01T07:56:46.965Z,buy,5.57e-05,161.0,0.0089677
BCD/BTC,1572595012143,2019-11-01T07:56:52.143Z,buy,5.57e-05,107.0,0.0059599
BCD/BTC,1572595012143,2019-11-01T07:56:52.143Z,buy,5.571e-05,41.0,0.00228411
BCD/BTC,1572595012143,2019-11-01T07:56:52.143Z,buy,5.577e-05,250.0,0.0139425
BCD/BTC,1572595014405,2019-11-01T07:56:54.405Z,buy,5.57e-05,71.0,0.0039547
BCD/BTC,1572595321996,2019-11-01T08:02:01.996Z,sell,5.57e-05,62.0,0.0034533999999999
BCD/BTC,1572595337555,2019-11-01T08:02:17.555Z,sell,5.57e-05,19.0,0.0010582999999999
BCD/BTC,1572595337555,2019-11-01T08:02:17.555Z,sell,5.547e-05,30.0,0.0016641
BCD/BTC,1572595901782,2019-11-01T08:11:41.782Z,sell,5.579e-05,200.0,0.011158
BCD/BTC,1572596012969,2019-11-01T08:13:32.969Z,sell,5.56e-05,100.0,0.00556
BCD/BTC,1572596016797,2019-11-01T08:13:36.797Z,sell,5.56e-05,30.0,0.001668
BCD/BTC,1572596016863,2019-11-01T08:13:36.863Z,sell,5.56e-05,10.0,0.000556
BCD/BTC,1572596018540,2019-11-01T08:13:38.540Z,sell,5.56e-05,41.0,0.0022796
BCD/BTC,1572596018540,2019-11-01T08:13:38.540Z,sell,5.559e-05,282.0,0.01567638
BCD/BTC,1572596018540,2019-11-01T08:13:38.540Z,sell,5.558e-05,15.0,0.0008337
BCD/BTC,1572596018994,2019-11-01T08:13:38.994Z,sell,5.561e-05,24.0,0.00133464
BCD/BTC,1572596580268,2019-11-01T08:23:00.268Z,buy,5.566e-05,131.0,0.00729146
BCD/BTC,1572596580268,2019-11-01T08:23:00.268Z,buy,5.567e-05,390.0,0.0217113
BCD/BTC,1572596580268,2019-11-01T08:23:00.268Z,buy,5.568e-05,72.0,0.00400896
BCD/BTC,1572596582372,2019-11-01T08:23:02.372Z,buy,5.566e-05,25.0,0.0013915
BCD/BTC,1572596582544,2019-11-01T08:23:02.544Z,buy,5.566e-05,62.0,0.00345092
BCD/BTC,1572596584756,2019-11-01T08:23:04.756Z,buy,5.585e-05,58.0,0.0032393
BCD/BTC,1572596587162,2019-11-01T08:23:07.162Z,buy,5.585e-05,117.0,0.00653445
BCD/BTC,1572596744158,2019-11-01T08:25:44.158Z,buy,5.586e-05,13.0,0.00072618
BCD/BTC,1572596744158,2019-11-01T08:25:44.158Z,buy,5.59e-05,3.0,0.0001676999999999
BCD/BTC,1572596744158,2019-11-01T08:25:44.158Z,buy,5.594e-05,142.0,0.00794348
BCD/BTC,1572596804404,2019-11-01T08:26:44.404Z,buy,5.594e-05,87.0,0.00486678
BCD/BTC,1572596917366,2019-11-01T08:28:37.366Z,buy,5.594e-05,71.0,0.00397174
BCD/BTC,1572596950494,2019-11-01T08:29:10.494Z,buy,5.595e-05,74.0,0.0041402999999999
BCD/BTC,1572596950494,2019-11-01T08:29:10.494Z,buy,5.596e-05,698.0,0.03906008
BCD/BTC,1572596950494,2019-11-01T08:29:10.494Z,buy,5.597e-05,5.0,0.00027985
BCD/BTC,1572596950494,2019-11-01T08:29:10.494Z,buy,5.602e-05,55.0,0.0030811
BCD/BTC,1572596952707,2019-11-01T08:29:12.707Z,buy,5.602e-05,9.0,0.00050418
BCD/BTC,1572596952707,2019-11-01T08:29:12.707Z,buy,5.603e-05,3.0,0.00016809
BCD/BTC,1572596952707,2019-11-01T08:29:12.707Z,buy,5.605e-05,41.0,0.00229805
BCD/BTC,1572596952707,2019-11-01T08:29:12.707Z,buy,5.607e-05,362.0,0.02029734
BCD/BTC,1572596956401,2019-11-01T08:29:16.401Z,buy,5.608e-05,206.0,0.01155248
BCD/BTC,1572596975898,2019-11-01T08:29:35.898Z,sell,5.576e-05,30.0,0.0016728
BCD/BTC,1572596976225,2019-11-01T08:29:36.225Z,sell,5.576e-05,30.0,0.0016728
BCD/BTC,1572596976456,2019-11-01T08:29:36.456Z,sell,5.576e-05,38.0,0.00211888
BCD/BTC,1572596976649,2019-11-01T08:29:36.649Z,sell,5.576e-05,142.0,0.00791792
BCD/BTC,1572596976649,2019-11-01T08:29:36.649Z,sell,5.571e-05,10.0,0.0005571
BCD/BTC,1572596976874,2019-11-01T08:29:36.874Z,sell,5.577e-05,55.0,0.00306735
BCD/BTC,1572596977083,2019-11-01T08:29:37.083Z,sell,5.577e-05,105.0,0.00585585
BCD/BTC,1572596977083,2019-11-01T08:29:37.083Z,sell,5.571e-05,14.0,0.00077994
BCD/BTC,1572596978174,2019-11-01T08:29:38.174Z,sell,5.573e-05,226.0,0.0125949799999999
BCD/BTC,1572596979992,2019-11-01T08:29:39.992Z,sell,5.575e-05,71.0,0.00395825
BCD/BTC,1572596980041,2019-11-01T08:29:40.041Z,sell,5.575e-05,61.0,0.00340075
BCD/BTC,1572596980041,2019-11-01T08:29:40.041Z,sell,5.574e-05,107.0,0.0059641799999999
BCD/BTC,1572596980041,2019-11-01T08:29:40.041Z,sell,5.573e-05,36.0,0.00200628
BCD/BTC,1572596981118,2019-11-01T08:29:41.118Z,sell,5.574e-05,47.0,0.00261978
BCD/BTC,1572596983826,2019-11-01T08:29:43.826Z,buy,5.604e-05,175.0,0.009807
BCD/BTC,1572596984602,2019-11-01T08:29:44.602Z,sell,5.574e-05,30.0,0.0016722
BCD/BTC,1572596985184,2019-11-01T08:29:45.184Z,sell,5.574e-05,106.0,0.00590844
BCD/BTC,1572596985192,2019-11-01T08:29:45.192Z,sell,5.574e-05,51.0,0.00284274
BCD/BTC,1572596985192,2019-11-01T08:29:45.192Z,sell,5.571e-05,17.0,0.00094707
BCD/BTC,1572596985192,2019-11-01T08:29:45.192Z,sell,5.569e-05,3.0,0.0001670699999999
BCD/BTC,1572596985260,2019-11-01T08:29:45.260Z,buy,5.568e-05,26.0,0.00144768
BCD/BTC,1572596985898,2019-11-01T08:29:45.898Z,buy,5.568e-05,106.0,0.00590208
BCD/BTC,1572596985898,2019-11-01T08:29:45.898Z,buy,5.603e-05,189.0,0.0105896699999999
BCD/BTC,1572596986354,2019-11-01T08:29:46.354Z,buy,5.605e-05,25.0,0.00140125
BCD/BTC,1572596988328,2019-11-01T08:29:48.328Z,buy,5.603e-05,177.0,0.00991731
BCD/BTC,1572596993700,2019-11-01T08:29:53.700Z,buy,5.602e-05,177.0,0.00991554
BCD/BTC,1572596993979,2019-11-01T08:29:53.979Z,sell,5.572e-05,37.0,0.00206164
BCD/BTC,1572596995961,2019-11-01T08:29:55.961Z,buy,5.602e-05,118.0,0.00661036
BCD/BTC,1572596999193,2019-11-01T08:29:59.193Z,buy,5.598e-05,66.0,0.00369468
BCD/BTC,1572596999193,2019-11-01T08:29:59.193Z,buy,5.6e-05,66.0,0.003696
BCD/BTC,1572597001501,2019-11-01T08:30:01.501Z,buy,5.598e-05,141.0,0.00789318
BCD/BTC,1572597001501,2019-11-01T08:30:01.501Z,buy,5.598e-05,141.0,0.00789318
BCD/BTC,1572597016994,2019-11-01T08:30:16.994Z,buy,5.605e-05,16.0,0.0008968
BCD/BTC,1572597016994,2019-11-01T08:30:16.994Z,buy,5.609e-05,45.0,0.00252405
BCD/BTC,1572597016994,2019-11-01T08:30:16.994Z,buy,5.61e-05,123.0,0.0069003
BCD/BTC,1572597018928,2019-11-01T08:30:18.928Z,sell,5.576e-05,87.0,0.00485112
BCD/BTC,1572597019731,2019-11-01T08:30:19.731Z,sell,5.576e-05,10.0,0.0005576
BCD/BTC,1572597020024,2019-11-01T08:30:20.024Z,sell,5.576e-05,55.0,0.0030668
BCD/BTC,1572597209921,2019-11-01T08:33:29.921Z,buy,5.608e-05,65.0,0.0036452
BCD/BTC,1572597209921,2019-11-01T08:33:29.921Z,buy,5.609e-05,15.0,0.00084135
BCD/BTC,1572597210160,2019-11-01T08:33:30.160Z,buy,5.608e-05,52.0,0.00291616
BCD/BTC,1572597210400,2019-11-01T08:33:30.400Z,buy,5.608e-05,35.0,0.0019628
BCD/BTC,1572597210400,2019-11-01T08:33:30.400Z,buy,5.609e-05,8.0,0.00044872
BCD/BTC,1572597210642,2019-11-01T08:33:30.642Z,buy,5.609e-05,39.0,0.00218751
BCD/BTC,1572597324964,2019-11-01T08:35:24.964Z,buy,5.609e-05,10.0,0.0005609
BCD/BTC,1572597324964,2019-11-01T08:35:24.964Z,buy,5.61e-05,199.0,0.0111639
BCD/BTC,1572597324964,2019-11-01T08:35:24.964Z,buy,5.611e-05,19.0,0.00106609
BCD/BTC,1572597324964,2019-11-01T08:35:24.964Z,buy,5.612e-05,6.0,0.00033672
BCD/BTC,1572597324964,2019-11-01T08:35:24.964Z,buy,5.616e-05,20.0,0.0011232
BCD/BTC,1572597324964,2019-11-01T08:35:24.964Z,buy,5.618e-05,18.0,0.00101124
BCD/BTC,1572597324964,2019-11-01T08:35:24.964Z,buy,5.623e-05,867.0,0.04875141
BCD/BTC,1572597331065,2019-11-01T08:35:31.065Z,sell,5.582e-05,266.0,0.01484812
BCD/BTC,1572597331065,2019-11-01T08:35:31.065Z,sell,5.581e-05,109.0,0.00608329
BCD/BTC,1572597333307,2019-11-01T08:35:33.307Z,buy,5.621e-05,89.0,0.00500269
BCD/BTC,1572597333307,2019-11-01T08:35:33.307Z,buy,5.622e-05,193.0,0.01085046
BCD/BTC,1572597336665,2019-11-01T08:35:36.665Z,buy,5.619e-05,89.0,0.00500091
BCD/BTC,1572597340119,2019-11-01T08:35:40.119Z,buy,5.619e-05,180.0,0.0101142
BCD/BTC,1572597342410,2019-11-01T08:35:42.410Z,buy,5.619e-05,39.0,0.00219141
BCD/BTC,1572597342410,2019-11-01T08:35:42.410Z,buy,5.623e-05,34.0,0.00191182
BCD/BTC,1572597400054,2019-11-01T08:36:40.054Z,sell,5.592e-05,111.0,0.00620712
BCD/BTC,1572597400906,2019-11-01T08:36:40.906Z,sell,5.594e-05,63.0,0.00352422
BCD/BTC,1572597401032,2019-11-01T08:36:41.032Z,sell,5.594e-05,177.0,0.00990138
BCD/BTC,1572597401032,2019-11-01T08:36:41.032Z,sell,5.593e-05,118.0,0.00659974
BCD/BTC,1572597403511,2019-11-01T08:36:43.511Z,sell,5.594e-05,139.0,0.00777566
BCD/BTC,1572597403707,2019-11-01T08:36:43.707Z,sell,5.595e-05,20.0,0.001119
BCD/BTC,1572597403923,2019-11-01T08:36:43.923Z,sell,5.595e-05,63.0,0.00352485
BCD/BTC,1572597403923,2019-11-01T08:36:43.923Z,sell,5.594e-05,181.0,0.01012514
BCD/BTC,1572597403955,2019-11-01T08:36:43.955Z,sell,5.594e-05,50.0,0.002797
BCD/BTC,1572597416258,2019-11-01T08:36:56.258Z,sell,5.594e-05,72.0,0.00402768
BCD/BTC,1572597416258,2019-11-01T08:36:56.258Z,sell,5.593e-05,109.0,0.00609637
BCD/BTC,1572597416327,2019-11-01T08:36:56.327Z,sell,5.594e-05,83.0,0.00464302
BCD/BTC,1572597416327,2019-11-01T08:36:56.327Z,sell,5.593e-05,130.0,0.0072709
BCD/BTC,1572597433416,2019-11-01T08:37:13.416Z,sell,5.571e-05,41.0,0.00228411
BCD/BTC,1572597433416,2019-11-01T08:37:13.416Z,sell,5.569e-05,3.0,0.0001670699999999
BCD/BTC,1572597433416,2019-11-01T08:37:13.416Z,sell,5.567e-05,1.0,5.567e-05
BCD/BTC,1572597736995,2019-11-01T08:42:16.995Z,buy,5.594e-05,10.0,0.0005594
BCD/BTC,1572597989508,2019-11-01T08:46:29.508Z,buy,5.593e-05,7.0,0.00039151
BCD/BTC,1572599223300,2019-11-01T09:07:03.300Z,sell,5.566e-05,7.0,0.0003896199999999
BCD/BTC,1572599223300,2019-11-01T09:07:03.300Z,sell,5.563e-05,5.0,0.00027815
BCD/BTC,1572599223300,2019-11-01T09:07:03.300Z,sell,5.555e-05,3.0,0.00016665
BCD/BTC,1572599223300,2019-11-01T09:07:03.300Z,sell,5.547e-05,30.0,0.0016641
BCD/BTC,1572599224317,2019-11-01T09:07:04.317Z,sell,5.566e-05,74.0,0.00411884
BCD/BTC,1572599274254,2019-11-01T09:07:54.254Z,sell,5.55e-05,768.0,0.042624
BCD/BTC,1572599282389,2019-11-01T09:08:02.389Z,sell,5.55e-05,372.0,0.020646
BCD/BTC,1572599549252,2019-11-01T09:12:29.252Z,buy,5.579e-05,182.0,0.01015378
BCD/BTC,1572599550095,2019-11-01T09:12:30.095Z,sell,5.579e-05,35.0,0.00195265
BCD/BTC,1572599607634,2019-11-01T09:13:27.634Z,sell,5.567e-05,71.0,0.00395257
BCD/BTC,1572599924301,2019-11-01T09:18:44.301Z,buy,5.58e-05,237.0,0.0132246
BCD/BTC,1572599924301,2019-11-01T09:18:44.301Z,buy,5.581e-05,359.0,0.02003579
BCD/BTC,1572599928454,2019-11-01T09:18:48.454Z,buy,5.58e-05,157.0,0.0087606
BCD/BTC,1572599928454,2019-11-01T09:18:48.454Z,buy,5.581e-05,215.0,0.01199915
BCD/BTC,1572599930672,2019-11-01T09:18:50.672Z,buy,5.58e-05,105.0,0.005859
BCD/BTC,1572600312899,2019-11-01T09:25:12.899Z,sell,5.581e-05,2.0,0.00011162
BCD/BTC,1572600442539,2019-11-01T09:27:22.539Z,sell,5.581e-05,7.0,0.00039067
BCD/BTC,1572600442539,2019-11-01T09:27:22.539Z,sell,5.581e-05,7.0,0.00039067
BCD/BTC,1572601606561,2019-11-01T09:46:46.561Z,sell,5.582e-05,5.0,0.0002791
BCD/BTC,1572601803191,2019-11-01T09:50:03.191Z,buy,5.584e-05,66.0,0.00368544
BCD/BTC,1572602059424,2019-11-01T09:54:19.424Z,buy,5.585e-05,19.0,0.00106115
BCD/BTC,1572602394012,2019-11-01T09:59:54.012Z,sell,5.589e-05,8.0,0.00044712
BCD/BTC,1572602793045,2019-11-01T10:06:33.045Z,sell,5.589e-05,67.0,0.00374463
BCD/BTC,1572602830764,2019-11-01T10:07:10.764Z,sell,5.589e-05,72.0,0.00402408
BCD/BTC,1572602834952,2019-11-01T10:07:14.952Z,sell,5.589e-05,9.0,0.00050301
BCD/BTC,1572602835174,2019-11-01T10:07:15.174Z,sell,5.589e-05,9.0,0.00050301
BCD/BTC,1572602835228,2019-11-01T10:07:15.228Z,sell,5.589e-05,9.0,0.00050301
BCD/BTC,1572602835680,2019-11-01T10:07:15.680Z,sell,5.589e-05,9.0,0.00050301
BCD/BTC,1572603341796,2019-11-01T10:15:41.796Z,buy,5.59e-05,3.0,0.0001676999999999
BCD/BTC,1572603379075,2019-11-01T10:16:19.075Z,buy,5.597e-05,3.0,0.00016791
BCD/BTC,1572603827717,2019-11-01T10:23:47.717Z,sell,5.594e-05,64.0,0.00358016
BCD/BTC,1572603902275,2019-11-01T10:25:02.275Z,sell,5.594e-05,11.0,0.00061534
BCD/BTC,1572603902275,2019-11-01T10:25:02.275Z,sell,5.594e-05,11.0,0.00061534
BCD/BTC,1572604160553,2019-11-01T10:29:20.553Z,buy,5.589e-05,25.0,0.00139725
BCD/BTC,1572604161526,2019-11-01T10:29:21.526Z,buy,5.589e-05,32.0,0.00178848
BCD/BTC,1572604161526,2019-11-01T10:29:21.526Z,buy,5.597e-05,2.0,0.00011194
BCD/BTC,1572604161526,2019-11-01T10:29:21.526Z,buy,5.6e-05,20.0,0.00112
BCD/BTC,1572604161526,2019-11-01T10:29:21.526Z,buy,5.602e-05,16.0,0.00089632
BCD/BTC,1572604161616,2019-11-01T10:29:21.616Z,buy,5.602e-05,13.0,0.00072826
BCD/BTC,1572604161616,2019-11-01T10:29:21.616Z,buy,5.603e-05,3.0,0.00016809
BCD/BTC,1572604161616,2019-11-01T10:29:21.616Z,buy,5.605e-05,9.0,0.00050445
BCD/BTC,1572604164284,2019-11-01T10:29:24.284Z,buy,5.605e-05,32.0,0.0017936
BCD/BTC,1572604164284,2019-11-01T10:29:24.284Z,buy,5.611e-05,34.0,0.00190774
BCD/BTC,1572604183827,2019-11-01T10:29:43.827Z,buy,5.609e-05,71.0,0.00398239
BCD/BTC,1572604745110,2019-11-01T10:39:05.110Z,buy,5.607e-05,29.0,0.0016260299999999
BCD/BTC,1572605675354,2019-11-01T10:54:35.354Z,sell,5.59e-05,30.0,0.0016769999999999
BCD/BTC,1572605676205,2019-11-01T10:54:36.205Z,sell,5.59e-05,30.0,0.0016769999999999
BCD/BTC,1572605686730,2019-11-01T10:54:46.730Z,sell,5.587e-05,30.0,0.0016761
BCD/BTC,1572605686738,2019-11-01T10:54:46.738Z,sell,5.587e-05,35.0,0.00195545
BCD/BTC,1572605687525,2019-11-01T10:54:47.525Z,sell,5.587e-05,47.0,0.00262589
BCD/BTC,1572605783522,2019-11-01T10:56:23.522Z,sell,5.59e-05,25.0,0.0013974999999999
BCD/BTC,1572605783998,2019-11-01T10:56:23.998Z,sell,5.59e-05,171.0,0.0095588999999999
BCD/BTC,1572605784495,2019-11-01T10:56:24.495Z,sell,5.59e-05,25.0,0.0013974999999999
BCD/BTC,1572605787406,2019-11-01T10:56:27.406Z,sell,5.582e-05,25.0,0.0013955
BCD/BTC,1572605787406,2019-11-01T10:56:27.406Z,sell,5.581e-05,76.0,0.00424156
BCD/BTC,1572605789586,2019-11-01T10:56:29.586Z,sell,5.581e-05,25.0,0.00139525
BCD/BTC,1572605789586,2019-11-01T10:56:29.586Z,sell,5.58e-05,46.0,0.0025668
BCD/BTC,1572605789588,2019-11-01T10:56:29.588Z,sell,5.58e-05,25.0,0.001395
BCD/BTC,1572605789623,2019-11-01T10:56:29.623Z,sell,5.571e-05,25.0,0.00139275
BCD/BTC,1572605790000,2019-11-01T10:56:30.000Z,sell,5.571e-05,2.0,0.00011142
BCD/BTC,1572605791113,2019-11-01T10:56:31.113Z,sell,5.572e-05,47.0,0.00261884
BCD/BTC,1572606546523,2019-11-01T11:09:06.523Z,sell,5.572e-05,30.0,0.0016716
BCD/BTC,1572606548826,2019-11-01T11:09:08.826Z,sell,5.572e-05,54.0,0.00300888
BCD/BTC,1572606549051,2019-11-01T11:09:09.051Z,sell,5.572e-05,31.0,0.00172732
BCD/BTC,1572606549226,2019-11-01T11:09:09.226Z,sell,5.572e-05,14.0,0.00078008
BCD/BTC,1572606549280,2019-11-01T11:09:09.280Z,sell,5.572e-05,68.0,0.00378896
BCD/BTC,1572606555029,2019-11-01T11:09:15.029Z,sell,5.573e-05,62.0,0.00345526
BCD/BTC,1572606596113,2019-11-01T11:09:56.113Z,sell,5.573e-05,19.0,0.00105887
BCD/BTC,1572606597272,2019-11-01T11:09:57.272Z,sell,5.573e-05,11.0,0.00061303
BCD/BTC,1572606606092,2019-11-01T11:10:06.092Z,sell,5.572e-05,9.0,0.00050148
BCD/BTC,1572606691423,2019-11-01T11:11:31.423Z,sell,5.572e-05,4.0,0.00022288
BCD/BTC,1572606902667,2019-11-01T11:15:02.667Z,sell,5.571e-05,14.0,0.00077994
BCD/BTC,1572606902667,2019-11-01T11:15:02.667Z,sell,5.569e-05,3.0,0.0001670699999999
BCD/BTC,1572606929230,2019-11-01T11:15:29.230Z,buy,5.568e-05,9.0,0.00050112
BCD/BTC,1572606961190,2019-11-01T11:16:01.190Z,buy,5.568e-05,1.0,5.568e-05
BCD/BTC,1572606961190,2019-11-01T11:16:01.190Z,buy,5.578e-05,72.0,0.0040161599999999
BCD/BTC,1572606961759,2019-11-01T11:16:01.759Z,buy,5.578e-05,4.0,0.00022312
BCD/BTC,1572606984637,2019-11-01T11:16:24.637Z,sell,5.566e-05,7.0,0.0003896199999999
BCD/BTC,1572606984637,2019-11-01T11:16:24.637Z,sell,5.565e-05,44.0,0.0024486
BCD/BTC,1572607080840,2019-11-01T11:18:00.840Z,sell,5.564e-05,6.0,0.00033384
BCD/BTC,1572607080840,2019-11-01T11:18:00.840Z,sell,5.563e-05,5.0,0.00027815
BCD/BTC,1572607080840,2019-11-01T11:18:00.840Z,sell,5.555e-05,40.0,0.002222
BCD/BTC,1572607080840,2019-11-01T11:18:00.840Z,sell,5.554e-05,2.0,0.00011108
BCD/BTC,1572607082112,2019-11-01T11:18:02.112Z,sell,5.554e-05,69.0,0.00383226
BCD/BTC,1572607082112,2019-11-01T11:18:02.112Z,sell,5.552e-05,215.0,0.0119368
BCD/BTC,1572607082112,2019-11-01T11:18:02.112Z,sell,5.551e-05,895.0,0.04968145
BCD/BTC,1572607082112,2019-11-01T11:18:02.112Z,sell,5.55e-05,2052.0,0.113886
BCD/BTC,1572607148947,2019-11-01T11:19:08.947Z,sell,5.55e-05,34.0,0.001887
BCD/BTC,1572607202710,2019-11-01T11:20:02.710Z,sell,5.55e-05,27.0,0.0014985
BCD/BTC,1572607262268,2019-11-01T11:21:02.268Z,sell,5.55e-05,1056.0,0.058608
BCD/BTC,1572607298383,2019-11-01T11:21:38.383Z,buy,5.549e-05,18.0,0.00099882
BCD/BTC,1572607321739,2019-11-01T11:22:01.739Z,sell,5.547e-05,159.0,0.00881973
BCD/BTC,1572607321739,2019-11-01T11:22:01.739Z,sell,5.542e-05,180.0,0.0099756
BCD/BTC,1572607321739,2019-11-01T11:22:01.739Z,sell,5.541e-05,28.0,0.00155148
BCD/BTC,1572607355067,2019-11-01T11:22:35.067Z,buy,5.548e-05,9.0,0.0004993199999999
BCD/BTC,1572607371433,2019-11-01T11:22:51.433Z,buy,5.548e-05,30.0,0.0016644
BCD/BTC,1572607371434,2019-11-01T11:22:51.434Z,buy,5.548e-05,51.0,0.0028294799999999
BCD/BTC,1572607371723,2019-11-01T11:22:51.723Z,buy,5.548e-05,31.0,0.00171988
BCD/BTC,1572607371841,2019-11-01T11:22:51.841Z,sell,5.547e-05,1099.0,0.06096153
BCD/BTC,1572607371904,2019-11-01T11:22:51.904Z,buy,5.542e-05,128.0,0.00709376
BCD/BTC,1572607373572,2019-11-01T11:22:53.572Z,sell,5.541e-05,44.0,0.00243804
BCD/BTC,1572607374362,2019-11-01T11:22:54.362Z,buy,5.541e-05,15.0,0.00083115
BCD/BTC,1572607434523,2019-11-01T11:23:54.523Z,buy,5.54e-05,7.0,0.0003878
BCD/BTC,1572607483474,2019-11-01T11:24:43.474Z,sell,5.539e-05,4.0,0.00022156
BCD/BTC,1572607485220,2019-11-01T11:24:45.220Z,sell,5.539e-05,9.0,0.00049851
BCD/BTC,1572607485220,2019-11-01T11:24:45.220Z,sell,5.539e-05,9.0,0.00049851
BCD/BTC,1572607503052,2019-11-01T11:25:03.052Z,sell,5.538e-05,14.0,0.00077532
BCD/BTC,1572607504102,2019-11-01T11:25:04.102Z,sell,5.538e-05,9.0,0.00049842
BCD/BTC,1572607505329,2019-11-01T11:25:05.329Z,sell,5.538e-05,18.0,0.00099684
BCD/BTC,1572607628161,2019-11-01T11:27:08.161Z,sell,5.537e-05,17.0,0.00094129
BCD/BTC,1572607720596,2019-11-01T11:28:40.596Z,sell,5.534e-05,3.0,0.00016602
BCD/BTC,1572607881217,2019-11-01T11:31:21.217Z,sell,5.532e-05,275.0,0.0152129999999999
BCD/BTC,1572607927638,2019-11-01T11:32:07.638Z,buy,5.533e-05,372.0,0.02058276
BCD/BTC,1572607927893,2019-11-01T11:32:07.893Z,buy,5.533e-05,254.0,0.01405382
BCD/BTC,1572607976881,2019-11-01T11:32:56.881Z,buy,5.533e-05,829.0,0.04586857
BCD/BTC,1572607996368,2019-11-01T11:33:16.368Z,buy,5.533e-05,197.0,0.01090001
BCD/BTC,1572608018907,2019-11-01T11:33:38.907Z,buy,5.533e-05,586.0,0.03242338
BCD/BTC,1572608018907,2019-11-01T11:33:38.907Z,buy,5.534e-05,307.0,0.01698938
BCD/BTC,1572608018907,2019-11-01T11:33:38.907Z,buy,5.536e-05,180.0,0.0099648
BCD/BTC,1572608022313,2019-11-01T11:33:42.313Z,sell,5.534e-05,12.0,0.00066408
BCD/BTC,1572608036464,2019-11-01T11:33:56.464Z,buy,5.536e-05,115.0,0.0063663999999999
BCD/BTC,1572608098460,2019-11-01T11:34:58.460Z,buy,5.538e-05,74.0,0.00409812
BCD/BTC,1572608104367,2019-11-01T11:35:04.367Z,buy,5.538e-05,204.0,0.01129752
BCD/BTC,1572608104476,2019-11-01T11:35:04.476Z,buy,5.541e-05,143.0,0.00792363
BCD/BTC,1572608480320,2019-11-01T11:41:20.320Z,buy,5.56e-05,10.0,0.000556
BCD/BTC,1572608499549,2019-11-01T11:41:39.549Z,sell,5.558e-05,275.0,0.0152845
BCD/BTC,1572608519954,2019-11-01T11:41:59.954Z,sell,5.536e-05,19.0,0.00105184
BCD/BTC,1572608678128,2019-11-01T11:44:38.128Z,sell,5.541e-05,9.0,0.00049869
BCD/BTC,1572608881757,2019-11-01T11:48:01.757Z,buy,5.567e-05,28.0,0.00155876
BCD/BTC,1572608881757,2019-11-01T11:48:01.757Z,buy,5.568e-05,141.0,0.00785088
BCD/BTC,1572608897043,2019-11-01T11:48:17.043Z,buy,5.553e-05,8.0,0.00044424
BCD/BTC,1572608897064,2019-11-01T11:48:17.064Z,buy,5.553e-05,8.0,0.00044424
BCD/BTC,1572608897069,2019-11-01T11:48:17.069Z,buy,5.553e-05,8.0,0.00044424
BCD/BTC,1572608933448,2019-11-01T11:48:53.448Z,buy,5.552e-05,8.0,0.00044416
BCD/BTC,1572608989624,2019-11-01T11:49:49.624Z,buy,5.553e-05,47.0,0.00260991
BCD/BTC,1572608989624,2019-11-01T11:49:49.624Z,buy,5.568e-05,15.0,0.0008352
BCD/BTC,1572608991767,2019-11-01T11:49:51.767Z,buy,5.568e-05,83.0,0.00462144
BCD/BTC,1572609126667,2019-11-01T11:52:06.667Z,sell,5.558e-05,4.0,0.00022232
BCD/BTC,1572609298315,2019-11-01T11:54:58.315Z,buy,5.568e-05,90.0,0.0050112
BCD/BTC,1572609304737,2019-11-01T11:55:04.737Z,buy,5.569e-05,85.0,0.00473365
BCD/BTC,1572609721928,2019-11-01T12:02:01.928Z,sell,5.561e-05,359.0,0.01996399
BCD/BTC,1572609721928,2019-11-01T12:02:01.928Z,sell,5.56e-05,119.0,0.0066164
BCD/BTC,1572609835937,2019-11-01T12:03:55.937Z,sell,5.537e-05,3.0,0.00016611
BCD/BTC,1572610573940,2019-11-01T12:16:13.940Z,buy,5.554e-05,20.0,0.0011108
BCD/BTC,1572610620228,2019-11-01T12:17:00.228Z,sell,5.539e-05,202.0,0.01118878
BCD/BTC,1572610664121,2019-11-01T12:17:44.121Z,buy,5.553e-05,192.0,0.01066176
BCD/BTC,1572610831066,2019-11-01T12:20:31.066Z,buy,5.555e-05,100.0,0.005555
BCD/BTC,1572610831066,2019-11-01T12:20:31.066Z,buy,5.556e-05,79.0,0.00438924
BCD/BTC,1572610831075,2019-11-01T12:20:31.075Z,buy,5.556e-05,147.0,0.00816732
BCD/BTC,1572610831610,2019-11-01T12:20:31.610Z,buy,5.555e-05,35.0,0.00194425
BCD/BTC,1572610832410,2019-11-01T12:20:32.410Z,buy,5.555e-05,11.0,0.00061105
BCD/BTC,1572610833422,2019-11-01T12:20:33.422Z,buy,5.555e-05,9.0,0.00049995
BCD/BTC,1572610839242,2019-11-01T12:20:39.242Z,buy,5.559e-05,30.0,0.0016677
BCD/BTC,1572610840490,2019-11-01T12:20:40.490Z,buy,5.559e-05,30.0,0.0016677
BCD/BTC,1572610892846,2019-11-01T12:21:32.846Z,buy,5.559e-05,9.0,0.00050031
BCD/BTC,1572610894435,2019-11-01T12:21:34.435Z,buy,5.559e-05,9.0,0.00050031
BCD/BTC,1572611038796,2019-11-01T12:23:58.796Z,sell,5.556e-05,4.0,0.00022224
BCD/BTC,1572611038796,2019-11-01T12:23:58.796Z,sell,5.556e-05,4.0,0.00022224
BCD/BTC,1572611643919,2019-11-01T12:34:03.919Z,sell,5.558e-05,113.0,0.00628054
BCD/BTC,1572611646629,2019-11-01T12:34:06.629Z,sell,5.558e-05,228.0,0.01267224
BCD/BTC,1572611646629,2019-11-01T12:34:06.629Z,sell,5.557e-05,74.0,0.00411218
BCD/BTC,1572611651760,2019-11-01T12:34:11.760Z,buy,5.551e-05,679.0,0.03769129
BCD/BTC,1572611651792,2019-11-01T12:34:11.792Z,buy,5.551e-05,342.0,0.01898442
BCD/BTC,1572611651792,2019-11-01T12:34:11.792Z,buy,5.559e-05,6.0,0.00033354
BCD/BTC,1572611651792,2019-11-01T12:34:11.792Z,buy,5.571e-05,41.0,0.00228411
BCD/BTC,1572611651792,2019-11-01T12:34:11.792Z,buy,5.578e-05,17.0,0.0009482599999999
BCD/BTC,1572611651792,2019-11-01T12:34:11.792Z,buy,5.586e-05,13.0,0.00072618
BCD/BTC,1572611651792,2019-11-01T12:34:11.792Z,buy,5.59e-05,3.0,0.0001676999999999
BCD/BTC,1572611651792,2019-11-01T12:34:11.792Z,buy,5.597e-05,5.0,0.00027985
BCD/BTC,1572611651792,2019-11-01T12:34:11.792Z,buy,5.603e-05,3.0,0.00016809
BCD/BTC,1572611651792,2019-11-01T12:34:11.792Z,buy,5.605e-05,41.0,0.00229805
BCD/BTC,1572611651792,2019-11-01T12:34:11.792Z,buy,5.612e-05,70.0,0.0039284
BCD/BTC,1572611651792,2019-11-01T12:34:11.792Z,buy,5.617e-05,12.0,0.00067404
BCD/BTC,1572611651792,2019-11-01T12:34:11.792Z,buy,5.624e-05,39.0,0.0021933599999999
BCD/BTC,1572611653690,2019-11-01T12:34:13.690Z,sell,5.569e-05,3.0,0.0001670699999999
BCD/BTC,1572611653883,2019-11-01T12:34:13.883Z,sell,5.571e-05,41.0,0.00228411
BCD/BTC,1572611900443,2019-11-01T12:38:20.443Z,sell,5.59e-05,3.0,0.0001676999999999
BCD/BTC,1572611900471,2019-11-01T12:38:20.471Z,buy,5.567e-05,1096.0,0.06101432
BCD/BTC,1572611975121,2019-11-01T12:39:35.121Z,sell,5.563e-05,5.0,0.00027815
BCD/BTC,1572612177324,2019-11-01T12:42:57.324Z,sell,5.555e-05,3.0,0.00016665
BCD/BTC,1572612177592,2019-11-01T12:42:57.592Z,buy,5.555e-05,33.0,0.00183315
BCD/BTC,1572612177619,2019-11-01T12:42:57.619Z,buy,5.556e-05,360.0,0.0200016
BCD/BTC,1572612177619,2019-11-01T12:42:57.619Z,buy,5.557e-05,894.0,0.04967958
BCD/BTC,1572612177643,2019-11-01T12:42:57.643Z,sell,5.555e-05,96.0,0.0053328
BCD/BTC,1572612177657,2019-11-01T12:42:57.657Z,sell,5.555e-05,90.0,0.0049995
BCD/BTC,1572612178162,2019-11-01T12:42:58.162Z,sell,5.556e-05,30.0,0.0016668
BCD/BTC,1572612178470,2019-11-01T12:42:58.470Z,sell,5.557e-05,61.0,0.00338977
BCD/BTC,1572612178784,2019-11-01T12:42:58.784Z,sell,5.558e-05,34.0,0.00188972
BCD/BTC,1572612230931,2019-11-01T12:43:50.931Z,sell,5.557e-05,52.0,0.0028896399999999
BCD/BTC,1572612232573,2019-11-01T12:43:52.573Z,sell,5.557e-05,42.0,0.00233394
BCD/BTC,1572612439234,2019-11-01T12:47:19.234Z,sell,5.549e-05,55.0,0.00305195
BCD/BTC,1572612439356,2019-11-01T12:47:19.356Z,sell,5.549e-05,148.0,0.00821252
BCD/BTC,1572612439405,2019-11-01T12:47:19.405Z,sell,5.549e-05,17.0,0.00094333
BCD/BTC,1572612439441,2019-11-01T12:47:19.441Z,sell,5.544e-05,72.0,0.00399168
BCD/BTC,1572612439506,2019-11-01T12:47:19.506Z,buy,5.543e-05,232.0,0.01285976
BCD/BTC,1572612439506,2019-11-01T12:47:19.506Z,buy,5.548e-05,78.0,0.00432744
BCD/BTC,1572612439624,2019-11-01T12:47:19.624Z,sell,5.549e-05,121.0,0.0067142899999999
BCD/BTC,1572612454018,2019-11-01T12:47:34.018Z,sell,5.551e-05,146.0,0.00810446
BCD/BTC,1572612454018,2019-11-01T12:47:34.018Z,sell,5.55e-05,45.0,0.0024975
BCD/BTC,1572613051256,2019-11-01T12:57:31.256Z,sell,5.551e-05,30.0,0.0016653
BCD/BTC,1572613232580,2019-11-01T13:00:32.580Z,sell,5.553e-05,42.0,0.00233226
BCD/BTC,1572613232580,2019-11-01T13:00:32.580Z,sell,5.552e-05,5.0,0.0002775999999999
BCD/BTC,1572613232770,2019-11-01T13:00:32.770Z,sell,5.552e-05,9.0,0.00049968
BCD/BTC,1572613263075,2019-11-01T13:01:03.075Z,sell,5.552e-05,93.0,0.00516336
BCD/BTC,1572613263075,2019-11-01T13:01:03.075Z,sell,5.541e-05,93.0,0.00515313
BCD/BTC,1572613263075,2019-11-01T13:01:03.075Z,sell,5.54e-05,72.0,0.0039888
BCD/BTC,1572613263344,2019-11-01T13:01:03.344Z,buy,5.546e-05,128.0,0.00709888
BCD/BTC,1572613263579,2019-11-01T13:01:03.579Z,sell,5.552e-05,30.0,0.0016656
BCD/BTC,1572613263767,2019-11-01T13:01:03.767Z,sell,5.552e-05,134.0,0.00743968
BCD/BTC,1572613263936,2019-11-01T13:01:03.936Z,sell,5.552e-05,188.0,0.0104377599999999
BCD/BTC,1572613273621,2019-11-01T13:01:13.621Z,sell,5.539e-05,13.0,0.00072007
BCD/BTC,1572613273621,2019-11-01T13:01:13.621Z,sell,5.538e-05,27.0,0.00149526
BCD/BTC,1572613295703,2019-11-01T13:01:35.703Z,sell,5.538e-05,14.0,0.00077532
BCD/BTC,1572613295703,2019-11-01T13:01:35.703Z,sell,5.537e-05,17.0,0.00094129
BCD/BTC,1572613295703,2019-11-01T13:01:35.703Z,sell,5.534e-05,3.0,0.00016602
BCD/BTC,1572613295703,2019-11-01T13:01:35.703Z,sell,5.529e-05,42.0,0.00232218
BCD/BTC,1572613295703,2019-11-01T13:01:35.703Z,sell,5.527e-05,16.0,0.00088432
BCD/BTC,1572613295703,2019-11-01T13:01:35.703Z,sell,5.524e-05,42.0,0.00232008
BCD/BTC,1572613404333,2019-11-01T13:03:24.333Z,sell,5.528e-05,30.0,0.0016584
BCD/BTC,1572613405610,2019-11-01T13:03:25.610Z,sell,5.528e-05,30.0,0.0016584
BCD/BTC,1572613415486,2019-11-01T13:03:35.486Z,sell,5.528e-05,14.0,0.00077392
BCD/BTC,1572613415486,2019-11-01T13:03:35.486Z,sell,5.527e-05,226.0,0.01249102
BCD/BTC,1572613418825,2019-11-01T13:03:38.825Z,sell,5.527e-05,28.0,0.00154756
BCD/BTC,1572613418825,2019-11-01T13:03:38.825Z,sell,5.526e-05,2.0,0.00011052
BCD/BTC,1572613422314,2019-11-01T13:03:42.314Z,sell,5.526e-05,47.0,0.00259722
BCD/BTC,1572613422314,2019-11-01T13:03:42.314Z,sell,5.525e-05,31.0,0.00171275
BCD/BTC,1572613422915,2019-11-01T13:03:42.915Z,sell,5.525e-05,30.0,0.0016575
BCD/BTC,1572613428321,2019-11-01T13:03:48.321Z,sell,5.526e-05,73.0,0.00403398
BCD/BTC,1572613429744,2019-11-01T13:03:49.744Z,sell,5.526e-05,25.0,0.0013815
BCD/BTC,1572613429744,2019-11-01T13:03:49.744Z,sell,5.525e-05,5.0,0.00027625
BCD/BTC,1572614028944,2019-11-01T13:13:48.944Z,buy,5.543e-05,237.0,0.01313691
BCD/BTC,1572614028944,2019-11-01T13:13:48.944Z,buy,5.544e-05,192.0,0.01064448
BCD/BTC,1572614074694,2019-11-01T13:14:34.694Z,sell,5.525e-05,69.0,0.00381225
BCD/BTC,1572614074885,2019-11-01T13:14:34.885Z,sell,5.525e-05,3.0,0.00016575
BCD/BTC,1572614074885,2019-11-01T13:14:34.885Z,sell,5.524e-05,2.0,0.00011048
BCD/BTC,1572614074885,2019-11-01T13:14:34.885Z,sell,5.521e-05,17.0,0.00093857
BCD/BTC,1572614075078,2019-11-01T13:14:35.078Z,sell,5.521e-05,55.0,0.00303655
BCD/BTC,1572614075352,2019-11-01T13:14:35.352Z,sell,5.521e-05,7.0,0.00038647
BCD/BTC,1572614075352,2019-11-01T13:14:35.352Z,sell,5.52e-05,23.0,0.0012696
BCD/BTC,1572614076448,2019-11-01T13:14:36.448Z,sell,5.52e-05,49.0,0.0027048
BCD/BTC,1572614076717,2019-11-01T13:14:36.717Z,sell,5.52e-05,144.0,0.0079488
BCD/BTC,1572614081260,2019-11-01T13:14:41.260Z,sell,5.52e-05,150.0,0.00828
BCD/BTC,1572614082982,2019-11-01T13:14:42.982Z,sell,5.519e-05,34.0,0.00187646
BCD/BTC,1572614104774,2019-11-01T13:15:04.774Z,sell,5.519e-05,74.0,0.00408406
BCD/BTC,1572614106523,2019-11-01T13:15:06.523Z,sell,5.52e-05,50.0,0.00276
BCD/BTC,1572614118308,2019-11-01T13:15:18.308Z,buy,5.541e-05,222.0,0.01230102
BCD/BTC,1572614120464,2019-11-01T13:15:20.464Z,buy,5.542e-05,227.0,0.01258034
BCD/BTC,1572614148914,2019-11-01T13:15:48.914Z,buy,5.546e-05,170.0,0.0094282
BCD/BTC,1572614255142,2019-11-01T13:17:35.142Z,buy,5.548e-05,124.0,0.00687952
BCD/BTC,1572614265493,2019-11-01T13:17:45.493Z,buy,5.548e-05,899.0,0.04987652
BCD/BTC,1572614265493,2019-11-01T13:17:45.493Z,buy,5.549e-05,92.0,0.00510508
BCD/BTC,1572614265493,2019-11-01T13:17:45.493Z,buy,5.553e-05,71.0,0.00394263
BCD/BTC,1572614265493,2019-11-01T13:17:45.493Z,buy,5.555e-05,3.0,0.00016665
BCD/BTC,1572614265493,2019-11-01T13:17:45.493Z,buy,5.556e-05,189.0,0.01050084
BCD/BTC,1572614276961,2019-11-01T13:17:56.961Z,buy,5.555e-05,25.0,0.00138875
BCD/BTC,1572614278235,2019-11-01T13:17:58.235Z,buy,5.555e-05,25.0,0.00138875
BCD/BTC,1572614278262,2019-11-01T13:17:58.262Z,buy,5.555e-05,101.0,0.00561055
BCD/BTC,1572614279310,2019-11-01T13:17:59.310Z,buy,5.555e-05,25.0,0.00138875
BCD/BTC,1572614280328,2019-11-01T13:18:00.328Z,buy,5.555e-05,54.0,0.0029997
BCD/BTC,1572614280580,2019-11-01T13:18:00.580Z,buy,5.555e-05,25.0,0.00138875
BCD/BTC,1572614281711,2019-11-01T13:18:01.711Z,buy,5.555e-05,690.0,0.0383295
BCD/BTC,1572614313923,2019-11-01T13:18:33.923Z,buy,5.556e-05,3.0,0.00016668
BCD/BTC,1572614313923,2019-11-01T13:18:33.923Z,buy,5.568e-05,54.0,0.00300672
BCD/BTC,1572614339067,2019-11-01T13:18:59.067Z,sell,5.532e-05,14.0,0.00077448
BCD/BTC,1572614339451,2019-11-01T13:18:59.451Z,sell,5.533e-05,30.0,0.0016599
BCD/BTC,1572614341228,2019-11-01T13:19:01.228Z,sell,5.534e-05,54.0,0.00298836
BCD/BTC,1572614341228,2019-11-01T13:19:01.228Z,sell,5.533e-05,37.0,0.00204721
BCD/BTC,1572614341460,2019-11-01T13:19:01.460Z,sell,5.534e-05,87.0,0.00481458
BCD/BTC,1572614341540,2019-11-01T13:19:01.540Z,sell,5.535e-05,52.0,0.0028782
BCD/BTC,1572614341839,2019-11-01T13:19:01.839Z,sell,5.535e-05,72.0,0.0039851999999999
BCD/BTC,1572614341934,2019-11-01T13:19:01.934Z,sell,5.535e-05,70.0,0.0038745
BCD/BTC,1572614342576,2019-11-01T13:19:02.576Z,sell,5.535e-05,54.0,0.0029888999999999
BCD/BTC,1572614352027,2019-11-01T13:19:12.027Z,sell,5.539e-05,30.0,0.0016617
BCD/BTC,1572614352826,2019-11-01T13:19:12.826Z,sell,5.539e-05,229.0,0.01268431
BCD/BTC,1572614353983,2019-11-01T13:19:13.983Z,sell,5.539e-05,257.0,0.01423523
BCD/BTC,1572614354851,2019-11-01T13:19:14.851Z,sell,5.54e-05,12.0,0.0006648
BCD/BTC,1572614354851,2019-11-01T13:19:14.851Z,sell,5.539e-05,121.0,0.00670219
BCD/BTC,1572614356118,2019-11-01T13:19:16.118Z,sell,5.539e-05,43.0,0.00238177
BCD/BTC,1572614468675,2019-11-01T13:21:08.675Z,buy,5.563e-05,441.0,0.02453283
BCD/BTC,1572614468675,2019-11-01T13:21:08.675Z,buy,5.564e-05,463.0,0.02576132
BCD/BTC,1572614471295,2019-11-01T13:21:11.295Z,buy,5.562e-05,79.0,0.00439398
BCD/BTC,1572614471295,2019-11-01T13:21:11.295Z,buy,5.566e-05,171.0,0.00951786
BCD/BTC,1572614584958,2019-11-01T13:23:04.958Z,sell,5.544e-05,30.0,0.0016631999999999
BCD/BTC,1572614585229,2019-11-01T13:23:05.229Z,sell,5.545e-05,30.0,0.0016635
BCD/BTC,1572614585612,2019-11-01T13:23:05.612Z,sell,5.545e-05,73.0,0.0040478499999999
BCD/BTC,1572614586097,2019-11-01T13:23:06.097Z,sell,5.545e-05,49.0,0.00271705
BCD/BTC,1572614586097,2019-11-01T13:23:06.097Z,sell,5.544e-05,75.0,0.004158
BCD/BTC,1572614587425,2019-11-01T13:23:07.425Z,sell,5.544e-05,50.0,0.0027719999999999
BCD/BTC,1572614587736,2019-11-01T13:23:07.736Z,sell,5.544e-05,30.0,0.0016631999999999
BCD/BTC,1572614587736,2019-11-01T13:23:07.736Z,sell,5.544e-05,30.0,0.0016631999999999
BCD/BTC,1572614651773,2019-11-01T13:24:11.773Z,buy,5.568e-05,128.0,0.00712704
BCD/BTC,1572614652204,2019-11-01T13:24:12.204Z,buy,5.568e-05,37.0,0.00206016
BCD/BTC,1572614664359,2019-11-01T13:24:24.359Z,buy,5.568e-05,35.0,0.0019488
BCD/BTC,1572614664359,2019-11-01T13:24:24.359Z,buy,5.569e-05,3.0,0.0001670699999999
BCD/BTC,1572614664359,2019-11-01T13:24:24.359Z,buy,5.57e-05,322.0,0.0179354
BCD/BTC,1572614901173,2019-11-01T13:28:21.173Z,sell,5.551e-05,192.0,0.01065792
BCD/BTC,1572614901173,2019-11-01T13:28:21.173Z,sell,5.534e-05,3.0,0.00016602
BCD/BTC,1572614901173,2019-11-01T13:28:21.173Z,sell,5.52e-05,3.0,0.0001656
BCD/BTC,1572614901173,2019-11-01T13:28:21.173Z,sell,5.519e-05,129.0,0.00711951
BCD/BTC,1572614905812,2019-11-01T13:28:25.812Z,buy,5.554e-05,233.0,0.01294082
BCD/BTC,1572614934265,2019-11-01T13:28:54.265Z,sell,5.543e-05,100.0,0.005543
BCD/BTC,1572614935483,2019-11-01T13:28:55.483Z,sell,5.543e-05,225.0,0.01247175
BCD/BTC,1572614935904,2019-11-01T13:28:55.904Z,sell,5.544e-05,85.0,0.0047123999999999
BCD/BTC,1572614935904,2019-11-01T13:28:55.904Z,sell,5.543e-05,46.0,0.00254978
BCD/BTC,1572614936215,2019-11-01T13:28:56.215Z,sell,5.543e-05,40.0,0.0022172
BCD/BTC,1572614936410,2019-11-01T13:28:56.410Z,buy,5.537e-05,62.0,0.00343294
BCD/BTC,1572614994773,2019-11-01T13:29:54.773Z,buy,5.554e-05,175.0,0.0097195
BCD/BTC,1572614996845,2019-11-01T13:29:56.845Z,buy,5.554e-05,87.0,0.00483198
BCD/BTC,1572614999064,2019-11-01T13:29:59.064Z,buy,5.554e-05,66.0,0.00366564
BCD/BTC,1572615046467,2019-11-01T13:30:46.467Z,buy,5.555e-05,3.0,0.00016665
BCD/BTC,1572615046467,2019-11-01T13:30:46.467Z,buy,5.559e-05,54.0,0.00300186
BCD/BTC,1572615118104,2019-11-01T13:31:58.104Z,buy,5.561e-05,7.0,0.00038927
BCD/BTC,1572615480083,2019-11-01T13:38:00.083Z,buy,5.558e-05,69.0,0.00383502
BCD/BTC,1572615486873,2019-11-01T13:38:06.873Z,buy,5.554e-05,67.0,0.00372118
BCD/BTC,1572615486873,2019-11-01T13:38:06.873Z,buy,5.555e-05,124.0,0.0068882
BCD/BTC,1572615489795,2019-11-01T13:38:09.795Z,buy,5.553e-05,67.0,0.00372051
BCD/BTC,1572615492580,2019-11-01T13:38:12.580Z,buy,5.553e-05,364.0,0.02021292
BCD/BTC,1572615499802,2019-11-01T13:38:19.802Z,buy,5.553e-05,364.0,0.02021292
BCD/BTC,1572615506094,2019-11-01T13:38:26.094Z,buy,5.554e-05,67.0,0.00372118
BCD/BTC,1572615731717,2019-11-01T13:42:11.717Z,buy,5.568e-05,192.0,0.01069056
BCD/BTC,1572615733958,2019-11-01T13:42:13.958Z,sell,5.567e-05,304.0,0.01692368
BCD/BTC,1572615736390,2019-11-01T13:42:16.390Z,buy,5.561e-05,532.0,0.02958452
BCD/BTC,1572615736390,2019-11-01T13:42:16.390Z,buy,5.569e-05,309.0,0.0172082099999999
BCD/BTC,1572615915643,2019-11-01T13:45:15.643Z,sell,5.56e-05,236.0,0.0131216
BCD/BTC,1572615923202,2019-11-01T13:45:23.202Z,buy,5.57e-05,79.0,0.0044003
BCD/BTC,1572615923695,2019-11-01T13:45:23.695Z,sell,5.561e-05,157.0,0.0087307699999999
BCD/BTC,1572615926013,2019-11-01T13:45:26.013Z,buy,5.57e-05,79.0,0.0044003
BCD/BTC,1572615932821,2019-11-01T13:45:32.821Z,buy,5.57e-05,82.0,0.0045674
BCD/BTC,1572615936203,2019-11-01T13:45:36.203Z,buy,5.569e-05,55.0,0.00306295
BCD/BTC,1572615970377,2019-11-01T13:46:10.377Z,buy,5.57e-05,98.0,0.0054586
BCD/BTC,1572615998118,2019-11-01T13:46:38.118Z,buy,5.571e-05,63.0,0.00350973
BCD/BTC,1572616144413,2019-11-01T13:49:04.413Z,sell,5.56e-05,236.0,0.0131216
BCD/BTC,1572616144413,2019-11-01T13:49:04.413Z,sell,5.559e-05,22.0,0.00122298
BCD/BTC,1572616147576,2019-11-01T13:49:07.576Z,sell,5.56e-05,157.0,0.0087292
BCD/BTC,1572616163283,2019-11-01T13:49:23.283Z,sell,5.55e-05,105.0,0.0058275
BCD/BTC,1572616179916,2019-11-01T13:49:39.916Z,sell,5.55e-05,10.0,0.000555
BCD/BTC,1572616181031,2019-11-01T13:49:41.031Z,sell,5.55e-05,30.0,0.001665
BCD/BTC,1572616181352,2019-11-01T13:49:41.352Z,sell,5.55e-05,10.0,0.000555
BCD/BTC,1572616181657,2019-11-01T13:49:41.657Z,sell,5.55e-05,20.0,0.00111
BCD/BTC,1572616189083,2019-11-01T13:49:49.083Z,buy,5.54e-05,10.0,0.000554
BCD/BTC,1572616315903,2019-11-01T13:51:55.903Z,sell,5.551e-05,140.0,0.0077714
BCD/BTC,1572616315903,2019-11-01T13:51:55.903Z,sell,5.548e-05,360.0,0.0199728
BCD/BTC,1572616315903,2019-11-01T13:51:55.903Z,sell,5.547e-05,37.0,0.00205239
BCD/BTC,1572616316041,2019-11-01T13:51:56.041Z,sell,5.547e-05,35.0,0.00194145
BCD/BTC,1572616316231,2019-11-01T13:51:56.231Z,buy,5.541e-05,451.0,0.02498991
BCD/BTC,1572616318275,2019-11-01T13:51:58.275Z,buy,5.541e-05,501.0,0.02776041
BCD/BTC,1572616318275,2019-11-01T13:51:58.275Z,buy,5.542e-05,54.0,0.00299268
BCD/BTC,1572616318821,2019-11-01T13:51:58.821Z,buy,5.542e-05,14.0,0.00077588
BCD/BTC,1572616318821,2019-11-01T13:51:58.821Z,buy,5.568e-05,11.0,0.00061248
BCD/BTC,1572616321305,2019-11-01T13:52:01.305Z,buy,5.566e-05,121.0,0.00673486
BCD/BTC,1572616460625,2019-11-01T13:54:20.625Z,sell,5.539e-05,30.0,0.0016617
BCD/BTC,1572616461316,2019-11-01T13:54:21.316Z,sell,5.539e-05,376.0,0.02082664
BCD/BTC,1572616463838,2019-11-01T13:54:23.838Z,sell,5.539e-05,377.0,0.02088203
BCD/BTC,1572616464120,2019-11-01T13:54:24.120Z,sell,5.539e-05,297.0,0.01645083
BCD/BTC,1572616464436,2019-11-01T13:54:24.436Z,sell,5.539e-05,63.0,0.00348957
BCD/BTC,1572616540967,2019-11-01T13:55:40.967Z,sell,5.545e-05,9.0,0.00049905
BCD/BTC,1572616562106,2019-11-01T13:56:02.106Z,buy,5.562e-05,15.0,0.0008343
BCD/BTC,1572616585078,2019-11-01T13:56:25.078Z,buy,5.559e-05,235.0,0.01306365
BCD/BTC,1572616585078,2019-11-01T13:56:25.078Z,buy,5.561e-05,235.0,0.01306835
BCD/BTC,1572616587244,2019-11-01T13:56:27.244Z,buy,5.559e-05,78.0,0.00433602
BCD/BTC,1572617139080,2019-11-01T14:05:39.080Z,buy,5.564e-05,45.0,0.0025038
BCD/BTC,1572617353033,2019-11-01T14:09:13.033Z,sell,5.55e-05,115.0,0.0063825
BCD/BTC,1572617353368,2019-11-01T14:09:13.368Z,sell,5.55e-05,46.0,0.002553
BCD/BTC,1572617353590,2019-11-01T14:09:13.590Z,sell,5.55e-05,12.0,0.000666
BCD/BTC,1572617353590,2019-11-01T14:09:13.590Z,sell,5.55e-05,12.0,0.000666
BCD/BTC,1572618884063,2019-11-01T14:34:44.063Z,buy,5.568e-05,25.0,0.001392
BCD/BTC,1572618885092,2019-11-01T14:34:45.092Z,buy,5.568e-05,25.0,0.001392
BCD/BTC,1572618886323,2019-11-01T14:34:46.323Z,buy,5.568e-05,25.0,0.001392
BCD/BTC,1572618891336,2019-11-01T14:34:51.336Z,sell,5.566e-05,60.0,0.0033396
BCD/BTC,1572618918886,2019-11-01T14:35:18.886Z,sell,5.566e-05,59.0,0.00328394
BCD/BTC,1572619118671,2019-11-01T14:38:38.671Z,sell,5.558e-05,60.0,0.0033348
BCD/BTC,1572619192835,2019-11-01T14:39:52.835Z,sell,5.558e-05,18.0,0.00100044
BCD/BTC,1572619192877,2019-11-01T14:39:52.877Z,sell,5.558e-05,13.0,0.00072254
BCD/BTC,1572619192903,2019-11-01T14:39:52.903Z,sell,5.558e-05,1.0,5.558e-05
BCD/BTC,1572619224530,2019-11-01T14:40:24.530Z,sell,5.538e-05,14.0,0.00077532
BCD/BTC,1572619280932,2019-11-01T14:41:20.932Z,sell,5.538e-05,27.0,0.00149526
BCD/BTC,1572619280932,2019-11-01T14:41:20.932Z,sell,5.534e-05,3.0,0.00016602
BCD/BTC,1572619280932,2019-11-01T14:41:20.932Z,sell,5.527e-05,170.0,0.0093959
BCD/BTC,1572619280932,2019-11-01T14:41:20.932Z,sell,5.526e-05,72.0,0.00397872
BCD/BTC,1572619280932,2019-11-01T14:41:20.932Z,sell,5.52e-05,3.0,0.0001656
BCD/BTC,1572619280932,2019-11-01T14:41:20.932Z,sell,5.519e-05,52.0,0.00286988
BCD/BTC,1572619285008,2019-11-01T14:41:25.008Z,buy,5.547e-05,25.0,0.00138675
BCD/BTC,1572619286338,2019-11-01T14:41:26.338Z,buy,5.547e-05,25.0,0.00138675
BCD/BTC,1572619287429,2019-11-01T14:41:27.429Z,buy,5.547e-05,20.0,0.0011094
BCD/BTC,1572619287429,2019-11-01T14:41:27.429Z,buy,5.548e-05,5.0,0.0002773999999999
BCD/BTC,1572619307352,2019-11-01T14:41:47.352Z,buy,5.552e-05,25.0,0.001388
BCD/BTC,1572619308308,2019-11-01T14:41:48.308Z,buy,5.552e-05,25.0,0.001388
BCD/BTC,1572619309259,2019-11-01T14:41:49.259Z,buy,5.55e-05,25.0,0.0013875
BCD/BTC,1572619310259,2019-11-01T14:41:50.259Z,buy,5.55e-05,25.0,0.0013875
BCD/BTC,1572619311353,2019-11-01T14:41:51.353Z,buy,5.55e-05,25.0,0.0013875
BCD/BTC,1572619312517,2019-11-01T14:41:52.517Z,buy,5.554e-05,25.0,0.0013885
BCD/BTC,1572619315851,2019-11-01T14:41:55.851Z,buy,5.552e-05,25.0,0.001388
BCD/BTC,1572619317136,2019-11-01T14:41:57.136Z,buy,5.552e-05,25.0,0.001388
BCD/BTC,1572619322855,2019-11-01T14:42:02.855Z,buy,5.552e-05,25.0,0.001388
BCD/BTC,1572619323821,2019-11-01T14:42:03.821Z,buy,5.552e-05,25.0,0.001388
BCD/BTC,1572619327827,2019-11-01T14:42:07.827Z,buy,5.551e-05,25.0,0.00138775
BCD/BTC,1572619328802,2019-11-01T14:42:08.802Z,buy,5.551e-05,25.0,0.00138775
BCD/BTC,1572619463238,2019-11-01T14:44:23.238Z,sell,5.53e-05,196.0,0.0108388
BCD/BTC,1572619463245,2019-11-01T14:44:23.245Z,sell,5.53e-05,40.0,0.002212
BCD/BTC,1572619463254,2019-11-01T14:44:23.254Z,sell,5.52e-05,33.0,0.0018216
BCD/BTC,1572619465636,2019-11-01T14:44:25.636Z,buy,5.525e-05,23.0,0.00127075
BCD/BTC,1572619466347,2019-11-01T14:44:26.347Z,buy,5.525e-05,25.0,0.00138125
BCD/BTC,1572619466389,2019-11-01T14:44:26.389Z,buy,5.525e-05,83.0,0.00458575
BCD/BTC,1572619467777,2019-11-01T14:44:27.777Z,buy,5.55e-05,25.0,0.0013875
BCD/BTC,1572619525726,2019-11-01T14:45:25.726Z,buy,5.554e-05,25.0,0.0013885
BCD/BTC,1572619526976,2019-11-01T14:45:26.976Z,buy,5.554e-05,25.0,0.0013885
BCD/BTC,1572619528176,2019-11-01T14:45:28.176Z,sell,5.523e-05,191.0,0.01054893
BCD/BTC,1572619528176,2019-11-01T14:45:28.176Z,sell,5.522e-05,1029.0,0.05682138
BCD/BTC,1572619528176,2019-11-01T14:45:28.176Z,sell,5.518e-05,72.0,0.0039729599999999
BCD/BTC,1572619528176,2019-11-01T14:45:28.176Z,sell,5.517e-05,19.0,0.00104823
BCD/BTC,1572619528176,2019-11-01T14:45:28.176Z,sell,5.511e-05,363.0,0.02000493
BCD/BTC,1572619528176,2019-11-01T14:45:28.176Z,sell,5.51e-05,407.0,0.0224257
BCD/BTC,1572619528176,2019-11-01T14:45:28.176Z,sell,5.509e-05,556.0,0.03063004
BCD/BTC,1572619528176,2019-11-01T14:45:28.176Z,sell,5.508e-05,279.0,0.01536732
BCD/BTC,1572619528176,2019-11-01T14:45:28.176Z,sell,5.507e-05,7.0,0.00038549
BCD/BTC,1572619528176,2019-11-01T14:45:28.176Z,sell,5.505e-05,41.0,0.00225705
BCD/BTC,1572619528176,2019-11-01T14:45:28.176Z,sell,5.504e-05,130.0,0.0071552
BCD/BTC,1572619528176,2019-11-01T14:45:28.176Z,sell,5.5e-05,20.0,0.0011
BCD/BTC,1572619528176,2019-11-01T14:45:28.176Z,sell,5.499e-05,3.0,0.00016497
BCD/BTC,1572619528176,2019-11-01T14:45:28.176Z,sell,5.496e-05,17.0,0.00093432
BCD/BTC,1572619528176,2019-11-01T14:45:28.176Z,sell,5.495e-05,5.0,0.00027475
BCD/BTC,1572619528176,2019-11-01T14:45:28.176Z,sell,5.493e-05,13.0,0.00071409
BCD/BTC,1572619528176,2019-11-01T14:45:28.176Z,sell,5.489e-05,104.0,0.00570856
BCD/BTC,1572619528176,2019-11-01T14:45:28.176Z,sell,5.487e-05,93.0,0.00510291
BCD/BTC,1572619528176,2019-11-01T14:45:28.176Z,sell,5.486e-05,3.0,0.00016458
BCD/BTC,1572619528176,2019-11-01T14:45:28.176Z,sell,5.482e-05,358.0,0.01962556
BCD/BTC,1572619528176,2019-11-01T14:45:28.176Z,sell,5.479e-05,915.0,0.05013285
BCD/BTC,1572619528270,2019-11-01T14:45:28.270Z,buy,5.554e-05,25.0,0.0013885
BCD/BTC,1572619529193,2019-11-01T14:45:29.193Z,sell,5.523e-05,25.0,0.00138075
BCD/BTC,1572619529236,2019-11-01T14:45:29.236Z,buy,5.532e-05,25.0,0.001383
BCD/BTC,1572619530404,2019-11-01T14:45:30.404Z,buy,5.529e-05,5.0,0.00027645
BCD/BTC,1572619530404,2019-11-01T14:45:30.404Z,buy,5.532e-05,20.0,0.0011064
BCD/BTC,1572619530474,2019-11-01T14:45:30.474Z,sell,5.523e-05,3.0,0.00016569
BCD/BTC,1572619531408,2019-11-01T14:45:31.408Z,buy,5.532e-05,25.0,0.001383
BCD/BTC,1572619532327,2019-11-01T14:45:32.327Z,buy,5.532e-05,9.0,0.00049788
BCD/BTC,1572619532327,2019-11-01T14:45:32.327Z,buy,5.534e-05,3.0,0.00016602
BCD/BTC,1572619532327,2019-11-01T14:45:32.327Z,buy,5.537e-05,13.0,0.00071981
BCD/BTC,1572619533416,2019-11-01T14:45:33.416Z,buy,5.535e-05,25.0,0.00138375
BCD/BTC,1572619534022,2019-11-01T14:45:34.022Z,buy,5.535e-05,80.0,0.004428
BCD/BTC,1572619534409,2019-11-01T14:45:34.409Z,buy,5.535e-05,18.0,0.0009962999999999
BCD/BTC,1572619534409,2019-11-01T14:45:34.409Z,buy,5.536e-05,7.0,0.00038752
BCD/BTC,1572619535550,2019-11-01T14:45:35.550Z,buy,5.535e-05,25.0,0.00138375
BCD/BTC,1572619536481,2019-11-01T14:45:36.481Z,buy,5.534e-05,25.0,0.0013835
BCD/BTC,1572619537452,2019-11-01T14:45:37.452Z,buy,5.533e-05,25.0,0.00138325
BCD/BTC,1572619538636,2019-11-01T14:45:38.636Z,buy,5.533e-05,25.0,0.00138325
BCD/BTC,1572619539655,2019-11-01T14:45:39.655Z,buy,5.533e-05,25.0,0.00138325
BCD/BTC,1572619540905,2019-11-01T14:45:40.905Z,buy,5.533e-05,7.0,0.00038731
BCD/BTC,1572619540905,2019-11-01T14:45:40.905Z,buy,5.537e-05,4.0,0.00022148
BCD/BTC,1572619540905,2019-11-01T14:45:40.905Z,buy,5.538e-05,14.0,0.00077532
BCD/BTC,1572619542666,2019-11-01T14:45:42.666Z,buy,5.532e-05,25.0,0.001383
BCD/BTC,1572619543636,2019-11-01T14:45:43.636Z,buy,5.532e-05,25.0,0.001383
BCD/BTC,1572619544608,2019-11-01T14:45:44.608Z,buy,5.532e-05,25.0,0.001383
BCD/BTC,1572619545584,2019-11-01T14:45:45.584Z,buy,5.537e-05,25.0,0.00138425
BCD/BTC,1572619546733,2019-11-01T14:45:46.733Z,buy,5.537e-05,25.0,0.00138425
BCD/BTC,1572619548079,2019-11-01T14:45:48.079Z,buy,5.537e-05,25.0,0.00138425
BCD/BTC,1572619549250,2019-11-01T14:45:49.250Z,buy,5.537e-05,25.0,0.00138425
BCD/BTC,1572619550441,2019-11-01T14:45:50.441Z,buy,5.537e-05,25.0,0.00138425
BCD/BTC,1572619551484,2019-11-01T14:45:51.484Z,buy,5.537e-05,25.0,0.00138425
BCD/BTC,1572619552393,2019-11-01T14:45:52.393Z,buy,5.537e-05,25.0,0.00138425
BCD/BTC,1572619553448,2019-11-01T14:45:53.448Z,buy,5.537e-05,25.0,0.00138425
BCD/BTC,1572619554391,2019-11-01T14:45:54.391Z,buy,5.537e-05,25.0,0.00138425
BCD/BTC,1572619555738,2019-11-01T14:45:55.738Z,buy,5.537e-05,25.0,0.00138425
BCD/BTC,1572619556783,2019-11-01T14:45:56.783Z,buy,5.537e-05,25.0,0.00138425
BCD/BTC,1572619558075,2019-11-01T14:45:58.075Z,buy,5.537e-05,25.0,0.00138425
BCD/BTC,1572619559140,2019-11-01T14:45:59.140Z,buy,5.537e-05,25.0,0.00138425
BCD/BTC,1572619560368,2019-11-01T14:46:00.368Z,buy,5.537e-05,25.0,0.00138425
BCD/BTC,1572619561368,2019-11-01T14:46:01.368Z,buy,5.537e-05,25.0,0.00138425
BCD/BTC,1572619562409,2019-11-01T14:46:02.409Z,buy,5.538e-05,25.0,0.0013845
BCD/BTC,1572619563404,2019-11-01T14:46:03.404Z,buy,5.538e-05,2.0,0.00011076
BCD/BTC,1572619563404,2019-11-01T14:46:03.404Z,buy,5.539e-05,13.0,0.00072007
BCD/BTC,1572619563404,2019-11-01T14:46:03.404Z,buy,5.546e-05,7.0,0.00038822
BCD/BTC,1572619563404,2019-11-01T14:46:03.404Z,buy,5.555e-05,3.0,0.00016665
BCD/BTC,1572619620589,2019-11-01T14:47:00.589Z,buy,5.556e-05,54.0,0.00300024
BCD/BTC,1572620290821,2019-11-01T14:58:10.821Z,buy,5.542e-05,72.0,0.00399024
BCD/BTC,1572620290821,2019-11-01T14:58:10.821Z,buy,5.552e-05,360.0,0.0199872
BCD/BTC,1572620290821,2019-11-01T14:58:10.821Z,buy,5.553e-05,281.0,0.01560393
BCD/BTC,1572620290821,2019-11-01T14:58:10.821Z,buy,5.556e-05,200.0,0.011112
BCD/BTC,1572620293003,2019-11-01T14:58:13.003Z,buy,5.556e-05,70.0,0.0038892
BCD/BTC,1572620368478,2019-11-01T14:59:28.478Z,sell,5.539e-05,31.0,0.00171709
BCD/BTC,1572620369041,2019-11-01T14:59:29.041Z,sell,5.54e-05,175.0,0.009695
BCD/BTC,1572620369133,2019-11-01T14:59:29.133Z,sell,5.54e-05,47.0,0.0026038
BCD/BTC,1572620369224,2019-11-01T14:59:29.224Z,sell,5.54e-05,9.0,0.0004986
BCD/BTC,1572620369312,2019-11-01T14:59:29.312Z,sell,5.54e-05,9.0,0.0004986
BCD/BTC,1572620369312,2019-11-01T14:59:29.312Z,sell,5.539e-05,72.0,0.00398808
BCD/BTC,1572620370303,2019-11-01T14:59:30.303Z,sell,5.54e-05,120.0,0.0066479999999999
BCD/BTC,1572620370303,2019-11-01T14:59:30.303Z,sell,5.539e-05,85.0,0.00470815
BCD/BTC,1572620381404,2019-11-01T14:59:41.404Z,sell,5.54e-05,51.0,0.0028254
BCD/BTC,1572620381801,2019-11-01T14:59:41.801Z,sell,5.54e-05,30.0,0.0016619999999999
BCD/BTC,1572620405568,2019-11-01T15:00:05.568Z,buy,5.556e-05,2.0,0.00011112
BCD/BTC,1572620405568,2019-11-01T15:00:05.568Z,buy,5.562e-05,162.0,0.00901044
BCD/BTC,1572620405568,2019-11-01T15:00:05.568Z,buy,5.563e-05,31.0,0.00172453
BCD/BTC,1572620405568,2019-11-01T15:00:05.568Z,buy,5.564e-05,78.0,0.00433992
BCD/BTC,1572620405966,2019-11-01T15:00:05.966Z,sell,5.54e-05,103.0,0.0057062
BCD/BTC,1572620406726,2019-11-01T15:00:06.726Z,sell,5.542e-05,256.0,0.01418752
BCD/BTC,1572620406950,2019-11-01T15:00:06.950Z,sell,5.542e-05,25.0,0.0013855
BCD/BTC,1572620406950,2019-11-01T15:00:06.950Z,sell,5.541e-05,38.0,0.00210558
BCD/BTC,1572620407100,2019-11-01T15:00:07.100Z,sell,5.543e-05,57.0,0.00315951
BCD/BTC,1572620407100,2019-11-01T15:00:07.100Z,sell,5.541e-05,101.0,0.00559641
BCD/BTC,1572620407100,2019-11-01T15:00:07.100Z,sell,5.54e-05,221.0,0.0122434
BCD/BTC,1572620407187,2019-11-01T15:00:07.187Z,sell,5.543e-05,60.0,0.0033258
BCD/BTC,1572620408126,2019-11-01T15:00:08.126Z,sell,5.543e-05,5.0,0.00027715
BCD/BTC,1572620408126,2019-11-01T15:00:08.126Z,sell,5.54e-05,52.0,0.0028807999999999
BCD/BTC,1572620408415,2019-11-01T15:00:08.415Z,sell,5.54e-05,30.0,0.0016619999999999
BCD/BTC,1572620410459,2019-11-01T15:00:10.459Z,sell,5.54e-05,3.0,0.0001662
BCD/BTC,1572620410459,2019-11-01T15:00:10.459Z,sell,5.539e-05,108.0,0.00598212
BCD/BTC,1572620411000,2019-11-01T15:00:11.000Z,sell,5.539e-05,40.0,0.0022156
BCD/BTC,1572620411643,2019-11-01T15:00:11.643Z,sell,5.539e-05,30.0,0.0016617
BCD/BTC,1572620412071,2019-11-01T15:00:12.071Z,buy,5.561e-05,164.0,0.00912004
BCD/BTC,1572620412071,2019-11-01T15:00:12.071Z,buy,5.564e-05,33.0,0.00183612
BCD/BTC,1572620412139,2019-11-01T15:00:12.139Z,sell,5.564e-05,38.0,0.00211432
BCD/BTC,1572620414175,2019-11-01T15:00:14.175Z,buy,5.557e-05,133.0,0.0073908099999999
BCD/BTC,1572620414175,2019-11-01T15:00:14.175Z,buy,5.558e-05,247.0,0.01372826
BCD/BTC,1572620414947,2019-11-01T15:00:14.947Z,sell,5.539e-05,5.0,0.00027695
BCD/BTC,1572620414947,2019-11-01T15:00:14.947Z,sell,5.534e-05,33.0,0.00182622
BCD/BTC,1572620415001,2019-11-01T15:00:15.001Z,sell,5.534e-05,19.0,0.00105146
BCD/BTC,1572620416335,2019-11-01T15:00:16.335Z,buy,5.557e-05,89.0,0.00494573
BCD/BTC,1572620417799,2019-11-01T15:00:17.799Z,sell,5.531e-05,19.0,0.0010508899999999
BCD/BTC,1572620418703,2019-11-01T15:00:18.703Z,buy,5.558e-05,123.0,0.00683634
BCD/BTC,1572620441020,2019-11-01T15:00:41.020Z,buy,5.556e-05,83.0,0.00461148
BCD/BTC,1572620445793,2019-11-01T15:00:45.793Z,buy,5.554e-05,82.0,0.00455428
BCD/BTC,1572620448251,2019-11-01T15:00:48.251Z,buy,5.554e-05,84.0,0.00466536
BCD/BTC,1572620528856,2019-11-01T15:02:08.856Z,buy,5.542e-05,375.0,0.0207825
BCD/BTC,1572620772364,2019-11-01T15:06:12.364Z,buy,5.566e-05,55.0,0.0030613
BCD/BTC,1572620887350,2019-11-01T15:08:07.350Z,buy,5.548e-05,90.0,0.0049932
BCD/BTC,1572620936906,2019-11-01T15:08:56.906Z,sell,5.533e-05,30.0,0.0016599
BCD/BTC,1572620936910,2019-11-01T15:08:56.910Z,sell,5.533e-05,42.0,0.00232386
BCD/BTC,1572620936910,2019-11-01T15:08:56.910Z,sell,5.53e-05,6.0,0.0003318
BCD/BTC,1572620937101,2019-11-01T15:08:57.101Z,sell,5.527e-05,6.0,0.0003316199999999
BCD/BTC,1572620937360,2019-11-01T15:08:57.360Z,buy,5.521e-05,60.0,0.0033126
BCD/BTC,1572620937634,2019-11-01T15:08:57.634Z,buy,5.521e-05,43.0,0.00237403
BCD/BTC,1572620937918,2019-11-01T15:08:57.918Z,sell,5.521e-05,69.0,0.00380949
BCD/BTC,1572620938566,2019-11-01T15:08:58.566Z,sell,5.521e-05,30.0,0.0016563
BCD/BTC,1572620938584,2019-11-01T15:08:58.584Z,sell,5.521e-05,143.0,0.00789503
BCD/BTC,1572620938845,2019-11-01T15:08:58.845Z,buy,5.527e-05,25.0,0.00138175
BCD/BTC,1572620939064,2019-11-01T15:08:59.064Z,sell,5.521e-05,130.0,0.0071773
BCD/BTC,1572620939807,2019-11-01T15:08:59.807Z,buy,5.527e-05,5.0,0.0002763499999999
BCD/BTC,1572620939807,2019-11-01T15:08:59.807Z,buy,5.551e-05,20.0,0.0011102
BCD/BTC,1572620940583,2019-11-01T15:09:00.583Z,sell,5.521e-05,30.0,0.0016563
BCD/BTC,1572620940583,2019-11-01T15:09:00.583Z,sell,5.521e-05,30.0,0.0016563
BCD/BTC,1572620969167,2019-11-01T15:09:29.167Z,buy,5.55e-05,361.0,0.0200355
BCD/BTC,1572620969167,2019-11-01T15:09:29.167Z,buy,5.551e-05,341.0,0.01892891
BCD/BTC,1572621075286,2019-11-01T15:11:15.286Z,sell,5.524e-05,153.0,0.00845172
BCD/BTC,1572621075424,2019-11-01T15:11:15.424Z,sell,5.524e-05,57.0,0.00314868
BCD/BTC,1572621075424,2019-11-01T15:11:15.424Z,sell,5.52e-05,185.0,0.010212
BCD/BTC,1572621075572,2019-11-01T15:11:15.572Z,sell,5.52e-05,37.0,0.0020424
BCD/BTC,1572621107379,2019-11-01T15:11:47.379Z,buy,5.543e-05,361.0,0.02001023
BCD/BTC,1572621114504,2019-11-01T15:11:54.504Z,sell,5.522e-05,210.0,0.0115962
BCD/BTC,1572621115217,2019-11-01T15:11:55.217Z,sell,5.522e-05,160.0,0.0088352
BCD/BTC,1572621115426,2019-11-01T15:11:55.426Z,sell,5.522e-05,142.0,0.00784124
BCD/BTC,1572621115426,2019-11-01T15:11:55.426Z,sell,5.521e-05,50.0,0.0027605
BCD/BTC,1572621122419,2019-11-01T15:12:02.419Z,buy,5.542e-05,89.0,0.00493238
BCD/BTC,1572621125542,2019-11-01T15:12:05.542Z,buy,5.542e-05,90.0,0.0049878
BCD/BTC,1572621131360,2019-11-01T15:12:11.360Z,buy,5.543e-05,361.0,0.02001023
BCD/BTC,1572621136638,2019-11-01T15:12:16.638Z,sell,5.52e-05,66.0,0.0036432
BCD/BTC,1572621136912,2019-11-01T15:12:16.912Z,sell,5.52e-05,69.0,0.0038088
BCD/BTC,1572621137817,2019-11-01T15:12:17.817Z,sell,5.521e-05,188.0,0.01037948
BCD/BTC,1572621138271,2019-11-01T15:12:18.271Z,sell,5.522e-05,78.0,0.00430716
BCD/BTC,1572621151616,2019-11-01T15:12:31.616Z,buy,5.544e-05,56.0,0.0031046399999999
BCD/BTC,1572621161145,2019-11-01T15:12:41.145Z,buy,5.543e-05,95.0,0.00526585
BCD/BTC,1572621163390,2019-11-01T15:12:43.390Z,buy,5.542e-05,362.0,0.02006204
BCD/BTC,1572621163390,2019-11-01T15:12:43.390Z,buy,5.543e-05,77.0,0.00426811
BCD/BTC,1572621248804,2019-11-01T15:14:08.804Z,buy,5.546e-05,39.0,0.00216294
BCD/BTC,1572621421262,2019-11-01T15:17:01.262Z,buy,5.545e-05,16.0,0.0008872
BCD/BTC,1572621421262,2019-11-01T15:17:01.262Z,buy,5.546e-05,112.0,0.00621152
BCD/BTC,1572621805554,2019-11-01T15:23:25.554Z,buy,5.545e-05,1883.0,0.10441235
BCD/BTC,1572622705194,2019-11-01T15:38:25.194Z,buy,5.544e-05,25.0,0.0013859999999999
BCD/BTC,1572622706234,2019-11-01T15:38:26.234Z,buy,5.544e-05,25.0,0.0013859999999999
BCD/BTC,1572622707478,2019-11-01T15:38:27.478Z,buy,5.544e-05,25.0,0.0013859999999999
BCD/BTC,1572622769783,2019-11-01T15:39:29.783Z,buy,5.544e-05,1237.0,0.0685792799999999
BCD/BTC,1572623043603,2019-11-01T15:44:03.603Z,sell,5.534e-05,16.0,0.00088544
BCD/BTC,1572623050605,2019-11-01T15:44:10.605Z,sell,5.534e-05,4.0,0.00022136
BCD/BTC,1572623456215,2019-11-01T15:50:56.215Z,sell,5.542e-05,235.0,0.0130237
BCD/BTC,1572623665062,2019-11-01T15:54:25.062Z,buy,5.542e-05,10.0,0.0005542
BCD/BTC,1572623734006,2019-11-01T15:55:34.006Z,sell,5.535e-05,30.0,0.0016604999999999
BCD/BTC,1572623744577,2019-11-01T15:55:44.577Z,sell,5.535e-05,9.0,0.0004981499999999
BCD/BTC,1572623745599,2019-11-01T15:55:45.599Z,sell,5.535e-05,54.0,0.0029888999999999
BCD/BTC,1572623745790,2019-11-01T15:55:45.790Z,sell,5.535e-05,4.0,0.0002214
BCD/BTC,1572623749365,2019-11-01T15:55:49.365Z,sell,5.519e-05,30.0,0.0016557
BCD/BTC,1572623750300,2019-11-01T15:55:50.300Z,sell,5.519e-05,30.0,0.0016557
BCD/BTC,1572623752864,2019-11-01T15:55:52.864Z,sell,5.519e-05,9.0,0.00049671
BCD/BTC,1572623754171,2019-11-01T15:55:54.171Z,sell,5.519e-05,11.0,0.00060709
BCD/BTC,1572623754171,2019-11-01T15:55:54.171Z,sell,5.515e-05,37.0,0.00204055
BCD/BTC,1572623754622,2019-11-01T15:55:54.622Z,sell,5.515e-05,9.0,0.00049635
BCD/BTC,1572623755411,2019-11-01T15:55:55.411Z,sell,5.515e-05,311.0,0.01715165
BCD/BTC,1572623755778,2019-11-01T15:55:55.778Z,sell,5.515e-05,5.0,0.00027575
BCD/BTC,1572623756000,2019-11-01T15:55:56.000Z,sell,5.51e-05,160.0,0.008816
BCD/BTC,1572623756000,2019-11-01T15:55:56.000Z,sell,5.509e-05,64.0,0.00352576
BCD/BTC,1572623756396,2019-11-01T15:55:56.396Z,buy,5.509e-05,23.0,0.00126707
BCD/BTC,1572623759296,2019-11-01T15:55:59.296Z,sell,5.51e-05,69.0,0.0038019
BCD/BTC,1572623760949,2019-11-01T15:56:00.949Z,sell,5.506e-05,54.0,0.00297324
BCD/BTC,1572623761957,2019-11-01T15:56:01.957Z,sell,5.506e-05,30.0,0.0016518
BCD/BTC,1572623762718,2019-11-01T15:56:02.718Z,buy,5.528e-05,165.0,0.0091212
BCD/BTC,1572623821085,2019-11-01T15:57:01.085Z,sell,5.506e-05,2.0,0.00011012
BCD/BTC,1572623821085,2019-11-01T15:57:01.085Z,sell,5.505e-05,24.0,0.0013212
BCD/BTC,1572623833980,2019-11-01T15:57:13.980Z,sell,5.505e-05,17.0,0.00093585
BCD/BTC,1572623833980,2019-11-01T15:57:13.980Z,sell,5.504e-05,44.0,0.00242176
BCD/BTC,1572623833980,2019-11-01T15:57:13.980Z,sell,5.5e-05,10.0,0.00055
BCD/BTC,1572623942016,2019-11-01T15:59:02.016Z,buy,5.52e-05,25.0,0.00138
BCD/BTC,1572623943396,2019-11-01T15:59:03.396Z,buy,5.52e-05,518.0,0.0285936
BCD/BTC,1572623943661,2019-11-01T15:59:03.661Z,buy,5.521e-05,25.0,0.00138025
BCD/BTC,1572623945593,2019-11-01T15:59:05.593Z,buy,5.519e-05,25.0,0.00137975
BCD/BTC,1572623947524,2019-11-01T15:59:07.524Z,buy,5.519e-05,25.0,0.00137975
BCD/BTC,1572623949502,2019-11-01T15:59:09.502Z,buy,5.529e-05,25.0,0.00138225
BCD/BTC,1572623951530,2019-11-01T15:59:11.530Z,buy,5.529e-05,25.0,0.00138225
BCD/BTC,1572623953140,2019-11-01T15:59:13.140Z,buy,5.529e-05,22.0,0.00121638
BCD/BTC,1572623953140,2019-11-01T15:59:13.140Z,buy,5.53e-05,3.0,0.0001659
BCD/BTC,1572623991526,2019-11-01T15:59:51.526Z,buy,5.52e-05,25.0,0.00138
BCD/BTC,1572623993190,2019-11-01T15:59:53.190Z,buy,5.52e-05,25.0,0.00138
BCD/BTC,1572623997046,2019-11-01T15:59:57.046Z,buy,5.52e-05,22.0,0.0012144
BCD/BTC,1572623997046,2019-11-01T15:59:57.046Z,buy,5.53e-05,3.0,0.0001659
BCD/BTC,1572623998429,2019-11-01T15:59:58.429Z,buy,5.53e-05,356.0,0.0196868
BCD/BTC,1572624001001,2019-11-01T16:00:01.001Z,buy,5.532e-05,25.0,0.001383
BCD/BTC,1572624002575,2019-11-01T16:00:02.575Z,buy,5.532e-05,25.0,0.001383
BCD/BTC,1572624004009,2019-11-01T16:00:04.009Z,buy,5.532e-05,25.0,0.001383
BCD/BTC,1572624005586,2019-11-01T16:00:05.586Z,buy,5.532e-05,25.0,0.001383
BCD/BTC,1572624007202,2019-11-01T16:00:07.202Z,buy,5.532e-05,25.0,0.001383
BCD/BTC,1572624008820,2019-11-01T16:00:08.820Z,buy,5.532e-05,25.0,0.001383
BCD/BTC,1572624009856,2019-11-01T16:00:09.856Z,buy,5.532e-05,103.0,0.00569796
BCD/BTC,1572624010633,2019-11-01T16:00:10.633Z,buy,5.537e-05,25.0,0.00138425
BCD/BTC,1572624012082,2019-11-01T16:00:12.082Z,buy,5.537e-05,25.0,0.00138425
BCD/BTC,1572624013314,2019-11-01T16:00:13.314Z,buy,5.537e-05,25.0,0.00138425
BCD/BTC,1572624014766,2019-11-01T16:00:14.766Z,buy,5.537e-05,25.0,0.00138425
BCD/BTC,1572624015789,2019-11-01T16:00:15.789Z,buy,5.536e-05,25.0,0.001384
BCD/BTC,1572624016885,2019-11-01T16:00:16.885Z,buy,5.536e-05,25.0,0.001384
BCD/BTC,1572624018180,2019-11-01T16:00:18.180Z,buy,5.536e-05,25.0,0.001384
BCD/BTC,1572624019360,2019-11-01T16:00:19.360Z,buy,5.536e-05,25.0,0.001384
BCD/BTC,1572624034737,2019-11-01T16:00:34.737Z,buy,5.527e-05,9.0,0.00049743
BCD/BTC,1572624034824,2019-11-01T16:00:34.824Z,buy,5.527e-05,25.0,0.00138175
BCD/BTC,1572624083778,2019-11-01T16:01:23.778Z,sell,5.507e-05,21.0,0.00115647
BCD/BTC,1572624083797,2019-11-01T16:01:23.797Z,sell,5.507e-05,130.0,0.0071591
BCD/BTC,1572624083864,2019-11-01T16:01:23.864Z,sell,5.507e-05,40.0,0.0022028
BCD/BTC,1572624083931,2019-11-01T16:01:23.931Z,sell,5.507e-05,18.0,0.0009912599999999
BCD/BTC,1572624083982,2019-11-01T16:01:23.982Z,sell,5.507e-05,14.0,0.00077098
BCD/BTC,1572624221444,2019-11-01T16:03:41.444Z,buy,5.532e-05,25.0,0.001383
BCD/BTC,1572624225732,2019-11-01T16:03:45.732Z,buy,5.532e-05,25.0,0.001383
BCD/BTC,1572624235994,2019-11-01T16:03:55.994Z,buy,5.533e-05,25.0,0.00138325
BCD/BTC,1572624237740,2019-11-01T16:03:57.740Z,buy,5.533e-05,25.0,0.00138325
BCD/BTC,1572624238803,2019-11-01T16:03:58.803Z,buy,5.533e-05,22.0,0.00121726
BCD/BTC,1572624238803,2019-11-01T16:03:58.803Z,buy,5.535e-05,3.0,0.00016605
BCD/BTC,1572624245288,2019-11-01T16:04:05.288Z,buy,5.537e-05,31.0,0.00171647
BCD/BTC,1572624293025,2019-11-01T16:04:53.025Z,buy,5.537e-05,7.0,0.00038759
BCD/BTC,1572624389442,2019-11-01T16:06:29.442Z,buy,5.533e-05,272.0,0.01504976
BCD/BTC,1572624389442,2019-11-01T16:06:29.442Z,buy,5.533e-05,272.0,0.01504976
BCD/BTC,1572624678295,2019-11-01T16:11:18.295Z,buy,5.529e-05,182.0,0.01006278
BCD/BTC,1572624678295,2019-11-01T16:11:18.295Z,buy,5.53e-05,1923.0,0.1063419
BCD/BTC,1572624756166,2019-11-01T16:12:36.166Z,buy,5.531e-05,181.0,0.01001111
BCD/BTC,1572624891686,2019-11-01T16:14:51.686Z,buy,5.536e-05,239.0,0.01323104
BCD/BTC,1572624935559,2019-11-01T16:15:35.559Z,buy,5.537e-05,581.0,0.03216997
BCD/BTC,1572625297881,2019-11-01T16:21:37.881Z,buy,5.538e-05,9.0,0.00049842
BCD/BTC,1572625586692,2019-11-01T16:26:26.692Z,buy,5.538e-05,28.0,0.00155064
BCD/BTC,1572625818399,2019-11-01T16:30:18.399Z,buy,5.538e-05,4.0,0.00022152
BCD/BTC,1572625818399,2019-11-01T16:30:18.399Z,buy,5.542e-05,27.0,0.00149634
BCD/BTC,1572626090171,2019-11-01T16:34:50.171Z,buy,5.512e-05,234.0,0.01289808
BCD/BTC,1572626120582,2019-11-01T16:35:20.582Z,buy,5.54e-05,10.0,0.000554
BCD/BTC,1572626128236,2019-11-01T16:35:28.236Z,sell,5.51e-05,9.0,0.0004959
BCD/BTC,1572626130817,2019-11-01T16:35:30.817Z,buy,5.512e-05,31.0,0.00170872
BCD/BTC,1572627012253,2019-11-01T16:50:12.253Z,buy,5.54e-05,9.0,0.0004986
BCD/BTC,1572627012253,2019-11-01T16:50:12.253Z,buy,5.541e-05,99.0,0.00548559
BCD/BTC,1572627012253,2019-11-01T16:50:12.253Z,buy,5.542e-05,1310.0,0.0726002
BCD/BTC,1572627370044,2019-11-01T16:56:10.044Z,buy,5.542e-05,38.0,0.00210596
BCD/BTC,1572627914284,2019-11-01T17:05:14.284Z,buy,5.541e-05,3.0,0.00016623
BCD/BTC,1572627914284,2019-11-01T17:05:14.284Z,buy,5.541e-05,3.0,0.00016623
BCD/BTC,1572628366263,2019-11-01T17:12:46.263Z,buy,5.541e-05,75.0,0.00415575
BCD/BTC,1572628463036,2019-11-01T17:14:23.036Z,sell,5.52e-05,244.0,0.0134688
BCD/BTC,1572628463036,2019-11-01T17:14:23.036Z,sell,5.513e-05,362.0,0.01995706
BCD/BTC,1572628463036,2019-11-01T17:14:23.036Z,sell,5.512e-05,202.0,0.01113424
BCD/BTC,1572628463036,2019-11-01T17:14:23.036Z,sell,5.505e-05,41.0,0.00225705
BCD/BTC,1572628463036,2019-11-01T17:14:23.036Z,sell,5.501e-05,180.0,0.0099017999999999
BCD/BTC,1572628463036,2019-11-01T17:14:23.036Z,sell,5.499e-05,3.0,0.00016497
BCD/BTC,1572628463036,2019-11-01T17:14:23.036Z,sell,5.496e-05,17.0,0.00093432
BCD/BTC,1572628463036,2019-11-01T17:14:23.036Z,sell,5.495e-05,5.0,0.00027475
BCD/BTC,1572628463036,2019-11-01T17:14:23.036Z,sell,5.493e-05,13.0,0.00071409
BCD/BTC,1572628463036,2019-11-01T17:14:23.036Z,sell,5.488e-05,7.0,0.00038416
BCD/BTC,1572628463036,2019-11-01T17:14:23.036Z,sell,5.478e-05,326.0,0.01785828
BCD/BTC,1572628463036,2019-11-01T17:14:23.036Z,sell,5.477e-05,1254.0,0.0686815799999999
BCD/BTC,1572628463054,2019-11-01T17:14:23.054Z,buy,5.477e-05,202.0,0.01106354
BCD/BTC,1572628463150,2019-11-01T17:14:23.150Z,sell,5.507e-05,36.0,0.0019825199999999
BCD/BTC,1572628463266,2019-11-01T17:14:23.266Z,sell,5.507e-05,72.0,0.0039650399999999
BCD/BTC,1572628463371,2019-11-01T17:14:23.371Z,sell,5.507e-05,116.0,0.00638812
BCD/BTC,1572628470718,2019-11-01T17:14:30.718Z,buy,5.526e-05,7.0,0.00038682
BCD/BTC,1572628470718,2019-11-01T17:14:30.718Z,buy,5.529e-05,5.0,0.00027645
BCD/BTC,1572628470718,2019-11-01T17:14:30.718Z,buy,5.531e-05,18.0,0.00099558
BCD/BTC,1572628474009,2019-11-01T17:14:34.009Z,sell,5.508e-05,135.0,0.0074358
BCD/BTC,1572628474009,2019-11-01T17:14:34.009Z,sell,5.507e-05,1011.0,0.05567577
BCD/BTC,1572628474009,2019-11-01T17:14:34.009Z,sell,5.506e-05,1492.0,0.08214952
BCD/BTC,1572628479756,2019-11-01T17:14:39.756Z,buy,5.528e-05,141.0,0.0077944799999999
BCD/BTC,1572628509396,2019-11-01T17:15:09.396Z,buy,5.53e-05,30.0,0.001659
BCD/BTC,1572629026448,2019-11-01T17:23:46.448Z,buy,5.525e-05,48.0,0.002652
BCD/BTC,1572629029386,2019-11-01T17:23:49.386Z,buy,5.525e-05,54.0,0.0029835
BCD/BTC,1572629029688,2019-11-01T17:23:49.688Z,buy,5.525e-05,43.0,0.00237575
BCD/BTC,1572629030458,2019-11-01T17:23:50.458Z,buy,5.525e-05,26.0,0.0014365
BCD/BTC,1572629033090,2019-11-01T17:23:53.090Z,buy,5.525e-05,25.0,0.00138125
BCD/BTC,1572629067088,2019-11-01T17:24:27.088Z,buy,5.525e-05,19.0,0.00104975
BCD/BTC,1572629068146,2019-11-01T17:24:28.146Z,buy,5.526e-05,18.0,0.00099468
BCD/BTC,1572629907986,2019-11-01T17:38:27.986Z,sell,5.52e-05,127.0,0.0070104
BCD/BTC,1572629974580,2019-11-01T17:39:34.580Z,buy,5.53e-05,115.0,0.0063595
BCD/BTC,1572629974594,2019-11-01T17:39:34.594Z,buy,5.53e-05,151.0,0.0083503
BCD/BTC,1572629975724,2019-11-01T17:39:35.724Z,buy,5.53e-05,44.0,0.0024332
BCD/BTC,1572629975730,2019-11-01T17:39:35.730Z,buy,5.53e-05,33.0,0.0018249
BCD/BTC,1572629978429,2019-11-01T17:39:38.429Z,buy,5.53e-05,30.0,0.001659
BCD/BTC,1572629978441,2019-11-01T17:39:38.441Z,buy,5.53e-05,2.0,0.0001106
BCD/BTC,1572630178925,2019-11-01T17:42:58.925Z,buy,5.534e-05,3.0,0.00016602
BCD/BTC,1572630178925,2019-11-01T17:42:58.925Z,buy,5.537e-05,17.0,0.00094129
BCD/BTC,1572630178925,2019-11-01T17:42:58.925Z,buy,5.538e-05,41.0,0.00227058
BCD/BTC,1572630178925,2019-11-01T17:42:58.925Z,buy,5.539e-05,44.0,0.00243716
BCD/BTC,1572630311093,2019-11-01T17:45:11.093Z,sell,5.526e-05,10.0,0.0005526
BCD/BTC,1572630324497,2019-11-01T17:45:24.497Z,buy,5.538e-05,43.0,0.00238134
BCD/BTC,1572630324497,2019-11-01T17:45:24.497Z,buy,5.539e-05,18.0,0.00099702
BCD/BTC,1572630472672,2019-11-01T17:47:52.672Z,buy,5.539e-05,30.0,0.0016617
BCD/BTC,1572630972473,2019-11-01T17:56:12.473Z,buy,5.539e-05,13.0,0.00072007
BCD/BTC,1572630972473,2019-11-01T17:56:12.473Z,buy,5.541e-05,400.0,0.022164
BCD/BTC,1572630972473,2019-11-01T17:56:12.473Z,buy,5.542e-05,662.0,0.03668804
BCD/BTC,1572631029708,2019-11-01T17:57:09.708Z,sell,5.54e-05,1090.0,0.0603859999999999
BCD/BTC,1572631058913,2019-11-01T17:57:38.913Z,sell,5.516e-05,19.0,0.00104804
BCD/BTC,1572631060880,2019-11-01T17:57:40.880Z,buy,5.537e-05,76.0,0.00420812
BCD/BTC,1572631162794,2019-11-01T17:59:22.794Z,buy,5.539e-05,19.0,0.00105241
BCD/BTC,1572631162794,2019-11-01T17:59:22.794Z,buy,5.54e-05,78.0,0.0043212
BCD/BTC,1572631166517,2019-11-01T17:59:26.517Z,buy,5.54e-05,19.0,0.0010525999999999
BCD/BTC,1572631166517,2019-11-01T17:59:26.517Z,buy,5.541e-05,170.0,0.0094197
BCD/BTC,1572631175108,2019-11-01T17:59:35.108Z,buy,5.54e-05,72.0,0.0039888
BCD/BTC,1572631325111,2019-11-01T18:02:05.111Z,buy,5.54e-05,44.0,0.0024376
BCD/BTC,1572631325111,2019-11-01T18:02:05.111Z,buy,5.541e-05,890.0,0.0493149
BCD/BTC,1572631368539,2019-11-01T18:02:48.539Z,buy,5.542e-05,1088.0,0.06029696
BCD/BTC,1572631370261,2019-11-01T18:02:50.261Z,buy,5.542e-05,19.0,0.00105298
BCD/BTC,1572631370261,2019-11-01T18:02:50.261Z,buy,5.542e-05,19.0,0.00105298
BCD/BTC,1572631562636,2019-11-01T18:06:02.636Z,buy,5.542e-05,96.0,0.00532032
BCD/BTC,1572631586731,2019-11-01T18:06:26.731Z,buy,5.542e-05,702.0,0.03890484
BCD/BTC,1572631771673,2019-11-01T18:09:31.673Z,buy,5.542e-05,310.0,0.0171802
BCD/BTC,1572631802315,2019-11-01T18:10:02.315Z,buy,5.542e-05,110.0,0.0060962
BCD/BTC,1572632102263,2019-11-01T18:15:02.263Z,buy,5.542e-05,95.0,0.0052649
BCD/BTC,1572632402275,2019-11-01T18:20:02.275Z,buy,5.54e-05,26.0,0.0014403999999999
BCD/BTC,1572632402275,2019-11-01T18:20:02.275Z,buy,5.542e-05,33.0,0.00182886
BCD/BTC,1572632625065,2019-11-01T18:23:45.065Z,buy,5.542e-05,21.0,0.00116382
BCD/BTC,1572633002733,2019-11-01T18:30:02.733Z,buy,5.542e-05,30.0,0.0016626
BCD/BTC,1572633240763,2019-11-01T18:34:00.763Z,buy,5.542e-05,961.0,0.05325862
BCD/BTC,1572633240769,2019-11-01T18:34:00.769Z,buy,5.542e-05,132.0,0.00731544
BCD/BTC,1572633240860,2019-11-01T18:34:00.860Z,buy,5.542e-05,473.0,0.02621366
BCD/BTC,1572633240951,2019-11-01T18:34:00.951Z,buy,5.542e-05,116.0,0.00642872
BCD/BTC,1572633241144,2019-11-01T18:34:01.144Z,buy,5.542e-05,50.0,0.002771
BCD/BTC,1572633247159,2019-11-01T18:34:07.159Z,buy,5.542e-05,27.0,0.00149634
BCD/BTC,1572633247159,2019-11-01T18:34:07.159Z,buy,5.543e-05,3.0,0.00016629
BCD/BTC,1572633247160,2019-11-01T18:34:07.160Z,buy,5.543e-05,41.0,0.00227263
BCD/BTC,1572633473422,2019-11-01T18:37:53.422Z,sell,5.552e-05,125.0,0.00694
BCD/BTC,1572633602713,2019-11-01T18:40:02.713Z,buy,5.559e-05,9.0,0.00050031
BCD/BTC,1572633684534,2019-11-01T18:41:24.534Z,buy,5.559e-05,76.0,0.00422484
BCD/BTC,1572633687859,2019-11-01T18:41:27.859Z,sell,5.559e-05,2.0,0.00011118
BCD/BTC,1572633852640,2019-11-01T18:44:12.640Z,sell,5.559e-05,28.0,0.00155652
BCD/BTC,1572633852779,2019-11-01T18:44:12.779Z,sell,5.559e-05,97.0,0.00539223
BCD/BTC,1572633857091,2019-11-01T18:44:17.091Z,buy,5.56e-05,2.0,0.0001112
BCD/BTC,1572633880011,2019-11-01T18:44:40.011Z,sell,5.559e-05,272.0,0.01512048
BCD/BTC,1572633886950,2019-11-01T18:44:46.950Z,buy,5.56e-05,1252.0,0.0696112
BCD/BTC,1572633887119,2019-11-01T18:44:47.119Z,buy,5.564e-05,369.0,0.02053116
BCD/BTC,1572633887207,2019-11-01T18:44:47.207Z,sell,5.567e-05,20.0,0.0011134
BCD/BTC,1572633887209,2019-11-01T18:44:47.209Z,sell,5.567e-05,30.0,0.0016701
BCD/BTC,1572633913015,2019-11-01T18:45:13.015Z,sell,5.561e-05,30.0,0.0016683
BCD/BTC,1572634002979,2019-11-01T18:46:42.979Z,buy,5.569e-05,233.0,0.01297577
BCD/BTC,1572634077539,2019-11-01T18:47:57.539Z,buy,5.568e-05,30.0,0.0016704
BCD/BTC,1572634077539,2019-11-01T18:47:57.539Z,buy,5.569e-05,206.0,0.0114721399999999
BCD/BTC,1572634077574,2019-11-01T18:47:57.574Z,sell,5.569e-05,68.0,0.0037869199999999
BCD/BTC,1572634118423,2019-11-01T18:48:38.423Z,buy,5.571e-05,41.0,0.00228411
BCD/BTC,1572634118423,2019-11-01T18:48:38.423Z,buy,5.578e-05,16.0,0.00089248
BCD/BTC,1572634277609,2019-11-01T18:51:17.609Z,sell,5.569e-05,27.0,0.00150363
BCD/BTC,1572634277609,2019-11-01T18:51:17.609Z,sell,5.569e-05,27.0,0.00150363
BCD/BTC,1572635052410,2019-11-01T19:04:12.410Z,sell,5.569e-05,25.0,0.0013922499999999
BCD/BTC,1572635269270,2019-11-01T19:07:49.270Z,sell,5.569e-05,63.0,0.0035084699999999
BCD/BTC,1572635277164,2019-11-01T19:07:57.164Z,sell,5.569e-05,29.0,0.0016150099999999
BCD/BTC,1572635309575,2019-11-01T19:08:29.575Z,sell,5.569e-05,45.0,0.0025060499999999
BCD/BTC,1572635309577,2019-11-01T19:08:29.577Z,sell,5.569e-05,4.0,0.00022276
BCD/BTC,1572635325455,2019-11-01T19:08:45.455Z,sell,5.546e-05,30.0,0.0016638
BCD/BTC,1572635341719,2019-11-01T19:09:01.719Z,sell,5.547e-05,21.0,0.00116487
BCD/BTC,1572635538190,2019-11-01T19:12:18.190Z,sell,5.55e-05,309.0,0.0171495
BCD/BTC,1572635538190,2019-11-01T19:12:18.190Z,sell,5.549e-05,240.0,0.0133175999999999
BCD/BTC,1572635538190,2019-11-01T19:12:18.190Z,sell,5.547e-05,309.0,0.01714023
BCD/BTC,1572635538190,2019-11-01T19:12:18.190Z,sell,5.546e-05,330.0,0.0183018
BCD/BTC,1572635538190,2019-11-01T19:12:18.190Z,sell,5.54e-05,44.0,0.0024376
BCD/BTC,1572635538190,2019-11-01T19:12:18.190Z,sell,5.538e-05,41.0,0.00227058
BCD/BTC,1572635538190,2019-11-01T19:12:18.190Z,sell,5.534e-05,3.0,0.00016602
BCD/BTC,1572635538190,2019-11-01T19:12:18.190Z,sell,5.531e-05,7.0,0.00038717
BCD/BTC,1572635538190,2019-11-01T19:12:18.190Z,sell,5.523e-05,72.0,0.00397656
BCD/BTC,1572635538190,2019-11-01T19:12:18.190Z,sell,5.52e-05,78.0,0.0043056
BCD/BTC,1572635538190,2019-11-01T19:12:18.190Z,sell,5.511e-05,376.0,0.02072136
BCD/BTC,1572635819419,2019-11-01T19:16:59.419Z,sell,5.527e-05,57.0,0.00315039
BCD/BTC,1572636347989,2019-11-01T19:25:47.989Z,buy,5.539e-05,8.0,0.00044312
BCD/BTC,1572636348089,2019-11-01T19:25:48.089Z,buy,5.539e-05,8.0,0.00044312
BCD/BTC,1572636348185,2019-11-01T19:25:48.185Z,buy,5.539e-05,8.0,0.00044312
BCD/BTC,1572636348291,2019-11-01T19:25:48.291Z,buy,5.539e-05,8.0,0.00044312
BCD/BTC,1572636348406,2019-11-01T19:25:48.406Z,buy,5.539e-05,8.0,0.00044312
BCD/BTC,1572636348506,2019-11-01T19:25:48.506Z,buy,5.539e-05,8.0,0.00044312
BCD/BTC,1572636348612,2019-11-01T19:25:48.612Z,buy,5.539e-05,8.0,0.00044312
BCD/BTC,1572636348713,2019-11-01T19:25:48.713Z,buy,5.539e-05,8.0,0.00044312
BCD/BTC,1572636348816,2019-11-01T19:25:48.816Z,buy,5.539e-05,8.0,0.00044312
BCD/BTC,1572636542520,2019-11-01T19:29:02.520Z,buy,5.559e-05,74.0,0.00411366
BCD/BTC,1572636550295,2019-11-01T19:29:10.295Z,buy,5.562e-05,99.0,0.00550638
BCD/BTC,1572636554885,2019-11-01T19:29:14.885Z,buy,5.558e-05,62.0,0.00344596
BCD/BTC,1572636568387,2019-11-01T19:29:28.387Z,buy,5.56e-05,62.0,0.0034472
BCD/BTC,1572636631609,2019-11-01T19:30:31.609Z,buy,5.555e-05,1099.0,0.06104945
BCD/BTC,1572637041543,2019-11-01T19:37:21.543Z,buy,5.567e-05,71.0,0.00395257
BCD/BTC,1572637597612,2019-11-01T19:46:37.612Z,buy,5.567e-05,2.0,0.00011134
BCD/BTC,1572637597612,2019-11-01T19:46:37.612Z,buy,5.567e-05,2.0,0.00011134
BCD/BTC,1572638006870,2019-11-01T19:53:26.870Z,buy,5.569e-05,84.0,0.00467796
BCD/BTC,1572638007453,2019-11-01T19:53:27.453Z,buy,5.568e-05,4.0,0.00022272
BCD/BTC,1572638019647,2019-11-01T19:53:39.647Z,sell,5.538e-05,50.0,0.002769
BCD/BTC,1572639799265,2019-11-01T20:23:19.265Z,buy,5.563e-05,10.0,0.0005563
BCD/BTC,1572640257559,2019-11-01T20:30:57.559Z,buy,5.563e-05,10.0,0.0005563
BCD/BTC,1572640257559,2019-11-01T20:30:57.559Z,buy,5.567e-05,103.0,0.00573401
BCD/BTC,1572640290060,2019-11-01T20:31:30.060Z,buy,5.561e-05,44.0,0.00244684
BCD/BTC,1572641145521,2019-11-01T20:45:45.521Z,sell,5.537e-05,71.0,0.00393127
BCD/BTC,1572641145521,2019-11-01T20:45:45.521Z,sell,5.537e-05,71.0,0.00393127
BCD/BTC,1572641210817,2019-11-01T20:46:50.817Z,sell,5.537e-05,44.0,0.00243628
BCD/BTC,1572641457278,2019-11-01T20:50:57.278Z,buy,5.566e-05,121.0,0.00673486
BCD/BTC,1572641457278,2019-11-01T20:50:57.278Z,buy,5.567e-05,360.0,0.0200412
BCD/BTC,1572641457278,2019-11-01T20:50:57.278Z,buy,5.57e-05,7.0,0.0003899
BCD/BTC,1572641457278,2019-11-01T20:50:57.278Z,buy,5.571e-05,41.0,0.00228411
BCD/BTC,1572641457278,2019-11-01T20:50:57.278Z,buy,5.572e-05,78.0,0.00434616
BCD/BTC,1572641457278,2019-11-01T20:50:57.278Z,buy,5.578e-05,1.0,5.578e-05
BCD/BTC,1572641457278,2019-11-01T20:50:57.278Z,buy,5.583e-05,199.0,0.0111101699999999
BCD/BTC,1572641457278,2019-11-01T20:50:57.278Z,buy,5.584e-05,292.0,0.01630528
BCD/BTC,1572641617305,2019-11-01T20:53:37.305Z,sell,5.555e-05,113.0,0.00627715
BCD/BTC,1572642511275,2019-11-01T21:08:31.275Z,buy,5.555e-05,1.0,5.555e-05
BCD/BTC,1572642511275,2019-11-01T21:08:31.275Z,buy,5.58e-05,360.0,0.020088
BCD/BTC,1572642524416,2019-11-01T21:08:44.416Z,buy,5.58e-05,54.0,0.0030132
BCD/BTC,1572642544110,2019-11-01T21:09:04.110Z,buy,5.579e-05,90.0,0.0050211
BCD/BTC,1572642564621,2019-11-01T21:09:24.621Z,buy,5.579e-05,91.0,0.00507689
BCD/BTC,1572642624603,2019-11-01T21:10:24.603Z,buy,5.58e-05,72.0,0.0040176
BCD/BTC,1572642624603,2019-11-01T21:10:24.603Z,buy,5.581e-05,179.0,0.00998999
BCD/BTC,1572642825516,2019-11-01T21:13:45.516Z,buy,5.586e-05,371.0,0.02072406
BCD/BTC,1572642943964,2019-11-01T21:15:43.964Z,sell,5.554e-05,3.0,0.00016662
BCD/BTC,1572643066566,2019-11-01T21:17:46.566Z,sell,5.561e-05,359.0,0.01996399
BCD/BTC,1572643066566,2019-11-01T21:17:46.566Z,sell,5.56e-05,239.0,0.0132884
BCD/BTC,1572643066566,2019-11-01T21:17:46.566Z,sell,5.552e-05,179.0,0.00993808
BCD/BTC,1572643066566,2019-11-01T21:17:46.566Z,sell,5.55e-05,641.0,0.0355755
BCD/BTC,1572643066588,2019-11-01T21:17:46.588Z,buy,5.55e-05,76.0,0.004218
BCD/BTC,1572643066604,2019-11-01T21:17:46.604Z,buy,5.55e-05,27.0,0.0014985
BCD/BTC,1572643066605,2019-11-01T21:17:46.605Z,buy,5.55e-05,127.0,0.0070485
BCD/BTC,1572643066608,2019-11-01T21:17:46.608Z,buy,5.55e-05,76.0,0.004218
BCD/BTC,1572643066611,2019-11-01T21:17:46.611Z,buy,5.55e-05,127.0,0.0070485
BCD/BTC,1572643066613,2019-11-01T21:17:46.613Z,buy,5.55e-05,64.0,0.003552
BCD/BTC,1572643066633,2019-11-01T21:17:46.633Z,buy,5.55e-05,41.0,0.0022755
BCD/BTC,1572643066760,2019-11-01T21:17:46.760Z,buy,5.55e-05,2940.0,0.16317
BCD/BTC,1572643066838,2019-11-01T21:17:46.838Z,buy,5.55e-05,1203.0,0.0667665
BCD/BTC,1572643066838,2019-11-01T21:17:46.838Z,buy,5.572e-05,15.0,0.0008358
BCD/BTC,1572643066867,2019-11-01T21:17:46.867Z,sell,5.572e-05,22.0,0.00122584
BCD/BTC,1572643066881,2019-11-01T21:17:46.881Z,sell,5.572e-05,25.0,0.001393
BCD/BTC,1572643067226,2019-11-01T21:17:47.226Z,buy,5.587e-05,80.0,0.0044696
BCD/BTC,1572643067226,2019-11-01T21:17:47.226Z,buy,5.588e-05,1123.0,0.06275324
BCD/BTC,1572643081232,2019-11-01T21:18:01.232Z,buy,5.586e-05,32.0,0.00178752
BCD/BTC,1572643766183,2019-11-01T21:29:26.183Z,buy,5.587e-05,233.0,0.01301771
BCD/BTC,1572643766226,2019-11-01T21:29:26.226Z,sell,5.587e-05,61.0,0.00340807
BCD/BTC,1572643766587,2019-11-01T21:29:26.587Z,sell,5.587e-05,11.0,0.0006145699999999
BCD/BTC,1572643781985,2019-11-01T21:29:41.985Z,sell,5.563e-05,19.0,0.00105697
BCD/BTC,1572644151007,2019-11-01T21:35:51.007Z,buy,5.586e-05,87.0,0.00485982
BCD/BTC,1572644185630,2019-11-01T21:36:25.630Z,buy,5.586e-05,3.0,0.00016758
BCD/BTC,1572644583477,2019-11-01T21:43:03.477Z,buy,5.573e-05,8.0,0.00044584
BCD/BTC,1572644583477,2019-11-01T21:43:03.477Z,buy,5.574e-05,171.0,0.00953154
BCD/BTC,1572644583477,2019-11-01T21:43:03.477Z,buy,5.573e-05,8.0,0.00044584
BCD/BTC,1572644583477,2019-11-01T21:43:03.477Z,buy,5.574e-05,171.0,0.00953154
BCD/BTC,1572644779572,2019-11-01T21:46:19.572Z,buy,5.557e-05,25.0,0.0013892499999999
BCD/BTC,1572644780623,2019-11-01T21:46:20.623Z,buy,5.557e-05,25.0,0.0013892499999999
BCD/BTC,1572644781165,2019-11-01T21:46:21.165Z,buy,5.557e-05,321.0,0.0178379699999999
BCD/BTC,1572644781853,2019-11-01T21:46:21.853Z,buy,5.574e-05,25.0,0.0013935
BCD/BTC,1572644793975,2019-11-01T21:46:33.975Z,sell,5.548e-05,24.0,0.0013315199999999
BCD/BTC,1572644895149,2019-11-01T21:48:15.149Z,buy,5.572e-05,243.0,0.01353996
BCD/BTC,1572645005828,2019-11-01T21:50:05.828Z,buy,5.559e-05,179.0,0.00995061
BCD/BTC,1572645350446,2019-11-01T21:55:50.446Z,buy,5.569e-05,279.0,0.01553751
BCD/BTC,1572645745578,2019-11-01T22:02:25.578Z,buy,5.573e-05,302.0,0.01683046
BCD/BTC,1572645745578,2019-11-01T22:02:25.578Z,buy,5.576e-05,18.0,0.00100368
BCD/BTC,1572645745600,2019-11-01T22:02:25.600Z,sell,5.579e-05,6.0,0.00033474
BCD/BTC,1572645745633,2019-11-01T22:02:25.633Z,sell,5.579e-05,20.0,0.0011158
BCD/BTC,1572645745635,2019-11-01T22:02:25.635Z,sell,5.579e-05,11.0,0.00061369
BCD/BTC,1572645904426,2019-11-01T22:05:04.426Z,sell,5.58e-05,133.0,0.0074214
BCD/BTC,1572645976480,2019-11-01T22:06:16.480Z,sell,5.58e-05,201.0,0.0112158
BCD/BTC,1572646020844,2019-11-01T22:07:00.844Z,sell,5.58e-05,24.0,0.0013392
BCD/BTC,1572646021453,2019-11-01T22:07:01.453Z,sell,5.579e-05,162.0,0.00903798
BCD/BTC,1572646119831,2019-11-01T22:08:39.831Z,sell,5.579e-05,283.0,0.01578857
BCD/BTC,1572646204094,2019-11-01T22:10:04.094Z,sell,5.579e-05,85.0,0.00474215
BCD/BTC,1572646204667,2019-11-01T22:10:04.667Z,sell,5.579e-05,79.0,0.00440741
BCD/BTC,1572646209174,2019-11-01T22:10:09.174Z,sell,5.579e-05,477.0,0.02661183
BCD/BTC,1572646209175,2019-11-01T22:10:09.175Z,sell,5.579e-05,239.0,0.01333381
BCD/BTC,1572646209193,2019-11-01T22:10:09.193Z,sell,5.579e-05,152.0,0.00848008
BCD/BTC,1572646209360,2019-11-01T22:10:09.360Z,sell,5.579e-05,139.0,0.00775481
BCD/BTC,1572646209595,2019-11-01T22:10:09.595Z,sell,5.579e-05,20.0,0.0011158
BCD/BTC,1572646258015,2019-11-01T22:10:58.015Z,sell,5.579e-05,282.0,0.01573278
BCD/BTC,1572646258773,2019-11-01T22:10:58.773Z,sell,5.579e-05,413.0,0.02304127
BCD/BTC,1572646269161,2019-11-01T22:11:09.161Z,buy,5.572e-05,111.0,0.00618492
BCD/BTC,1572646275668,2019-11-01T22:11:15.668Z,buy,5.572e-05,491.0,0.02735852
BCD/BTC,1572646278176,2019-11-01T22:11:18.176Z,buy,5.572e-05,1.0,5.572e-05
BCD/BTC,1572646278176,2019-11-01T22:11:18.176Z,buy,5.578e-05,171.0,0.0095383799999999
BCD/BTC,1572646498506,2019-11-01T22:14:58.506Z,buy,5.578e-05,17.0,0.0009482599999999
BCD/BTC,1572646636342,2019-11-01T22:17:16.342Z,buy,5.579e-05,170.0,0.0094843
BCD/BTC,1572646643274,2019-11-01T22:17:23.274Z,buy,5.58e-05,407.0,0.0227106
BCD/BTC,1572646904419,2019-11-01T22:21:44.419Z,buy,5.593e-05,1.0,5.593e-05
BCD/BTC,1572646915118,2019-11-01T22:21:55.118Z,buy,5.592e-05,132.0,0.00738144
BCD/BTC,1572646931790,2019-11-01T22:22:11.790Z,buy,5.592e-05,2.0,0.00011184
BCD/BTC,1572646931790,2019-11-01T22:22:11.790Z,buy,5.593e-05,23.0,0.00128639
BCD/BTC,1572646932226,2019-11-01T22:22:12.226Z,buy,5.593e-05,329.0,0.01840097
BCD/BTC,1572646932740,2019-11-01T22:22:12.740Z,buy,5.597e-05,5.0,0.00027985
BCD/BTC,1572646932740,2019-11-01T22:22:12.740Z,buy,5.599e-05,2.0,0.00011198
BCD/BTC,1572646932740,2019-11-01T22:22:12.740Z,buy,5.6e-05,18.0,0.001008
BCD/BTC,1572647002414,2019-11-01T22:23:22.414Z,buy,5.603e-05,3.0,0.00016809
BCD/BTC,1572647002414,2019-11-01T22:23:22.414Z,buy,5.605e-05,24.0,0.0013452
BCD/BTC,1572647098875,2019-11-01T22:24:58.875Z,buy,5.6e-05,2.0,0.000112
BCD/BTC,1572647098875,2019-11-01T22:24:58.875Z,buy,5.605e-05,17.0,0.00095285
BCD/BTC,1572647098875,2019-11-01T22:24:58.875Z,buy,5.614e-05,6.0,0.00033684
BCD/BTC,1572647211014,2019-11-01T22:26:51.014Z,buy,5.614e-05,69.0,0.00387366
BCD/BTC,1572647290013,2019-11-01T22:28:10.013Z,buy,5.619e-05,188.0,0.01056372
BCD/BTC,1572647290013,2019-11-01T22:28:10.013Z,buy,5.62e-05,442.0,0.0248404
BCD/BTC,1572647318591,2019-11-01T22:28:38.591Z,sell,5.615e-05,7.0,0.00039305
BCD/BTC,1572647321446,2019-11-01T22:28:41.446Z,sell,5.615e-05,13.0,0.00072995
BCD/BTC,1572647323307,2019-11-01T22:28:43.307Z,sell,5.592e-05,170.0,0.0095064
BCD/BTC,1572647402335,2019-11-01T22:30:02.335Z,buy,5.619e-05,56.0,0.00314664
BCD/BTC,1572647402335,2019-11-01T22:30:02.335Z,buy,5.62e-05,1344.0,0.0755328
BCD/BTC,1572647419235,2019-11-01T22:30:19.235Z,buy,5.619e-05,114.0,0.00640566
BCD/BTC,1572647419235,2019-11-01T22:30:19.235Z,buy,5.62e-05,1446.0,0.0812652
BCD/BTC,1572647419235,2019-11-01T22:30:19.235Z,buy,5.624e-05,114.0,0.00641136
BCD/BTC,1572647419235,2019-11-01T22:30:19.235Z,buy,5.625e-05,236.0,0.013275
BCD/BTC,1572647421652,2019-11-01T22:30:21.652Z,buy,5.63e-05,25.0,0.0014075
BCD/BTC,1572647422635,2019-11-01T22:30:22.635Z,buy,5.63e-05,25.0,0.0014075
BCD/BTC,1572647423540,2019-11-01T22:30:23.540Z,buy,5.63e-05,25.0,0.0014075
BCD/BTC,1572647424675,2019-11-01T22:30:24.675Z,buy,5.63e-05,25.0,0.0014075
BCD/BTC,1572647425574,2019-11-01T22:30:25.574Z,buy,5.63e-05,25.0,0.0014075
BCD/BTC,1572647426775,2019-11-01T22:30:26.775Z,buy,5.63e-05,25.0,0.0014075
BCD/BTC,1572647437123,2019-11-01T22:30:37.123Z,buy,5.63e-05,1320.0,0.074316
BCD/BTC,1572647443068,2019-11-01T22:30:43.068Z,buy,5.631e-05,5.0,0.00028155
BCD/BTC,1572647444445,2019-11-01T22:30:44.445Z,sell,5.631e-05,49.0,0.00275919
BCD/BTC,1572647447976,2019-11-01T22:30:47.976Z,buy,5.633e-05,6.0,0.00033798
BCD/BTC,1572647471640,2019-11-01T22:31:11.640Z,buy,5.633e-05,7.0,0.00039431
BCD/BTC,1572647471640,2019-11-01T22:31:11.640Z,buy,5.634e-05,640.0,0.0360576
BCD/BTC,1572647471640,2019-11-01T22:31:11.640Z,buy,5.635e-05,273.0,0.01538355
BCD/BTC,1572647488153,2019-11-01T22:31:28.153Z,buy,5.634e-05,25.0,0.0014085
BCD/BTC,1572647489210,2019-11-01T22:31:29.210Z,buy,5.634e-05,3.0,0.00016902
BCD/BTC,1572647489210,2019-11-01T22:31:29.210Z,buy,5.635e-05,22.0,0.0012397
BCD/BTC,1572647490119,2019-11-01T22:31:30.119Z,buy,5.634e-05,25.0,0.0014085
BCD/BTC,1572647490957,2019-11-01T22:31:30.957Z,buy,5.634e-05,741.0,0.04174794
BCD/BTC,1572647491248,2019-11-01T22:31:31.248Z,buy,5.634e-05,25.0,0.0014085
BCD/BTC,1572647492279,2019-11-01T22:31:32.279Z,buy,5.634e-05,25.0,0.0014085
BCD/BTC,1572647493320,2019-11-01T22:31:33.320Z,buy,5.634e-05,25.0,0.0014085
BCD/BTC,1572647493818,2019-11-01T22:31:33.818Z,buy,5.634e-05,560.0,0.0315504
BCD/BTC,1572647493818,2019-11-01T22:31:33.818Z,buy,5.635e-05,100.0,0.005635
BCD/BTC,1572647495592,2019-11-01T22:31:35.592Z,buy,5.635e-05,25.0,0.00140875
BCD/BTC,1572647541610,2019-11-01T22:32:21.610Z,sell,5.607e-05,356.0,0.01996092
BCD/BTC,1572647566174,2019-11-01T22:32:46.174Z,buy,5.633e-05,2.0,0.00011266
BCD/BTC,1572647566174,2019-11-01T22:32:46.174Z,buy,5.635e-05,19.0,0.00107065
BCD/BTC,1572647566174,2019-11-01T22:32:46.174Z,buy,5.637e-05,4.0,0.00022548
BCD/BTC,1572647594696,2019-11-01T22:33:14.696Z,sell,5.607e-05,240.0,0.0134568
BCD/BTC,1572647633282,2019-11-01T22:33:53.282Z,sell,5.607e-05,160.0,0.0089711999999999
BCD/BTC,1572647648847,2019-11-01T22:34:08.847Z,buy,5.633e-05,244.0,0.01374452
BCD/BTC,1572647703154,2019-11-01T22:35:03.154Z,sell,5.605e-05,42.0,0.0023541
BCD/BTC,1572647738447,2019-11-01T22:35:38.447Z,buy,5.633e-05,133.0,0.0074918899999999
BCD/BTC,1572647749908,2019-11-01T22:35:49.908Z,buy,5.637e-05,89.0,0.00501693
BCD/BTC,1572647779440,2019-11-01T22:36:19.440Z,sell,5.618e-05,28.0,0.00157304
BCD/BTC,1572647833351,2019-11-01T22:37:13.351Z,sell,5.618e-05,25.0,0.0014045
BCD/BTC,1572647866840,2019-11-01T22:37:46.840Z,buy,5.637e-05,217.0,0.01223229
BCD/BTC,1572647866840,2019-11-01T22:37:46.840Z,buy,5.638e-05,44.0,0.00248072
BCD/BTC,1572647866840,2019-11-01T22:37:46.840Z,buy,5.641e-05,25.0,0.0014102499999999
BCD/BTC,1572647866840,2019-11-01T22:37:46.840Z,buy,5.645e-05,223.0,0.01258835
BCD/BTC,1572647866840,2019-11-01T22:37:46.840Z,buy,5.65e-05,908.0,0.051302
BCD/BTC,1572647866840,2019-11-01T22:37:46.840Z,buy,5.657e-05,147.0,0.00831579
BCD/BTC,1572647866840,2019-11-01T22:37:46.840Z,buy,5.658e-05,54.0,0.00305532
BCD/BTC,1572647866840,2019-11-01T22:37:46.840Z,buy,5.664e-05,102.0,0.00577728
BCD/BTC,1572647884547,2019-11-01T22:38:04.547Z,buy,5.636e-05,136.0,0.00766496
BCD/BTC,1572647934398,2019-11-01T22:38:54.398Z,buy,5.652e-05,30.0,0.0016956
BCD/BTC,1572647934405,2019-11-01T22:38:54.405Z,buy,5.652e-05,7.0,0.00039564
BCD/BTC,1572647943553,2019-11-01T22:39:03.553Z,sell,5.637e-05,28.0,0.00157836
BCD/BTC,1572647943553,2019-11-01T22:39:03.553Z,sell,5.637e-05,28.0,0.00157836
BCD/BTC,1572648308336,2019-11-01T22:45:08.336Z,sell,5.64e-05,27.0,0.0015228
BCD/BTC,1572648403226,2019-11-01T22:46:43.226Z,buy,5.664e-05,3.0,0.00016992
BCD/BTC,1572648409582,2019-11-01T22:46:49.582Z,buy,5.665e-05,4.0,0.0002266
BCD/BTC,1572648457340,2019-11-01T22:47:37.340Z,buy,5.665e-05,1.0,5.665e-05
BCD/BTC,1572648457368,2019-11-01T22:47:37.368Z,sell,5.665e-05,99.0,0.00560835
BCD/BTC,1572648582162,2019-11-01T22:49:42.162Z,sell,5.664e-05,9.0,0.0005097599999999
BCD/BTC,1572648605295,2019-11-01T22:50:05.295Z,sell,5.664e-05,6.0,0.00033984
BCD/BTC,1572648605295,2019-11-01T22:50:05.295Z,sell,5.639e-05,10.0,0.0005639
BCD/BTC,1572648872779,2019-11-01T22:54:32.779Z,sell,5.65e-05,38.0,0.002147
BCD/BTC,1572648949823,2019-11-01T22:55:49.823Z,sell,5.653e-05,305.0,0.01724165
BCD/BTC,1572648949823,2019-11-01T22:55:49.823Z,sell,5.652e-05,214.0,0.01209528
BCD/BTC,1572648949823,2019-11-01T22:55:49.823Z,sell,5.65e-05,305.0,0.0172324999999999
BCD/BTC,1572648949823,2019-11-01T22:55:49.823Z,sell,5.645e-05,221.0,0.01247545
BCD/BTC,1572648949823,2019-11-01T22:55:49.823Z,sell,5.644e-05,70.0,0.0039508
BCD/BTC,1572648949823,2019-11-01T22:55:49.823Z,sell,5.639e-05,343.0,0.01934177
BCD/BTC,1572648949823,2019-11-01T22:55:49.823Z,sell,5.631e-05,5.0,0.00028155
BCD/BTC,1572648949823,2019-11-01T22:55:49.823Z,sell,5.62e-05,27.0,0.0015174
BCD/BTC,1572648949823,2019-11-01T22:55:49.823Z,sell,5.62e-05,44.0,0.0024728
BCD/BTC,1572648949842,2019-11-01T22:55:49.842Z,buy,5.619e-05,134.0,0.00752946
BCD/BTC,1572648949842,2019-11-01T22:55:49.842Z,buy,5.622e-05,167.0,0.00938874
BCD/BTC,1572648949844,2019-11-01T22:55:49.844Z,buy,5.622e-05,519.0,0.02917818
BCD/BTC,1572648949851,2019-11-01T22:55:49.851Z,buy,5.622e-05,519.0,0.02917818
BCD/BTC,1572648949858,2019-11-01T22:55:49.858Z,buy,5.622e-05,106.0,0.00595932
BCD/BTC,1572648949863,2019-11-01T22:55:49.863Z,buy,5.622e-05,73.0,0.00410406
BCD/BTC,1572648949869,2019-11-01T22:55:49.869Z,sell,5.618e-05,77.0,0.00432586
BCD/BTC,1572648949869,2019-11-01T22:55:49.869Z,sell,5.606e-05,442.0,0.02477852
BCD/BTC,1572648949871,2019-11-01T22:55:49.871Z,buy,5.622e-05,218.0,0.01225596
BCD/BTC,1572648949969,2019-11-01T22:55:49.969Z,buy,5.622e-05,358.0,0.02012676
BCD/BTC,1572648949970,2019-11-01T22:55:49.970Z,buy,5.622e-05,207.0,0.01163754
BCD/BTC,1572648949982,2019-11-01T22:55:49.982Z,buy,5.622e-05,517.0,0.02906574
BCD/BTC,1572648999427,2019-11-01T22:56:39.427Z,buy,5.647e-05,1.0,5.647e-05
BCD/BTC,1572649075214,2019-11-01T22:57:55.214Z,buy,5.633e-05,1.0,5.633e-05
BCD/BTC,1572649142195,2019-11-01T22:59:02.195Z,sell,5.605e-05,23.0,0.00128915
BCD/BTC,1572649257612,2019-11-01T23:00:57.612Z,buy,5.61e-05,219.0,0.0122859
BCD/BTC,1572649259679,2019-11-01T23:00:59.679Z,buy,5.609e-05,744.0,0.04173096
BCD/BTC,1572649277226,2019-11-01T23:01:17.226Z,sell,5.605e-05,18.0,0.0010089
BCD/BTC,1572649277226,2019-11-01T23:01:17.226Z,sell,5.603e-05,94.0,0.0052668199999999
BCD/BTC,1572649300060,2019-11-01T23:01:40.060Z,buy,5.603e-05,94.0,0.0052668199999999
BCD/BTC,1572649302143,2019-11-01T23:01:42.143Z,buy,5.602e-05,357.0,0.01999914
BCD/BTC,1572649302143,2019-11-01T23:01:42.143Z,buy,5.603e-05,506.0,0.02835118
BCD/BTC,1572649306126,2019-11-01T23:01:46.126Z,buy,5.602e-05,3.0,0.00016806
BCD/BTC,1572649306126,2019-11-01T23:01:46.126Z,buy,5.603e-05,101.0,0.00565903
BCD/BTC,1572650001940,2019-11-01T23:13:21.940Z,buy,5.606e-05,385.0,0.0215831
BCD/BTC,1572650526573,2019-11-01T23:22:06.573Z,buy,5.608e-05,107.0,0.0060005599999999
BCD/BTC,1572650526573,2019-11-01T23:22:06.573Z,buy,5.613e-05,357.0,0.02003841
BCD/BTC,1572650526573,2019-11-01T23:22:06.573Z,buy,5.614e-05,216.0,0.01212624
BCD/BTC,1572650922223,2019-11-01T23:28:42.223Z,buy,5.599e-05,52.0,0.0029114799999999
BCD/BTC,1572650948971,2019-11-01T23:29:08.971Z,buy,5.599e-05,2.0,0.00011198
BCD/BTC,1572651060806,2019-11-01T23:31:00.806Z,sell,5.597e-05,23.0,0.00128731
BCD/BTC,1572651061185,2019-11-01T23:31:01.185Z,sell,5.597e-05,7.0,0.00039179
BCD/BTC,1572651061185,2019-11-01T23:31:01.185Z,sell,5.586e-05,13.0,0.00072618
BCD/BTC,1572651180735,2019-11-01T23:33:00.735Z,buy,5.584e-05,2.0,0.00011168
BCD/BTC,1572651336770,2019-11-01T23:35:36.770Z,buy,5.584e-05,2.0,0.00011168
BCD/BTC,1572651338116,2019-11-01T23:35:38.116Z,sell,5.58e-05,210.0,0.011718
BCD/BTC,1572651341964,2019-11-01T23:35:41.964Z,sell,5.581e-05,290.0,0.0161849
BCD/BTC,1572651368114,2019-11-01T23:36:08.114Z,sell,5.574e-05,98.0,0.00546252
BCD/BTC,1572651517030,2019-11-01T23:38:37.030Z,buy,5.584e-05,47.0,0.00262448
BCD/BTC,1572651517030,2019-11-01T23:38:37.030Z,buy,5.588e-05,100.0,0.005588
BCD/BTC,1572651517030,2019-11-01T23:38:37.030Z,buy,5.584e-05,47.0,0.00262448
BCD/BTC,1572651517030,2019-11-01T23:38:37.030Z,buy,5.588e-05,100.0,0.005588
BCD/BTC,1572651587794,2019-11-01T23:39:47.794Z,buy,5.597e-05,4.0,0.00022388
BCD/BTC,1572651661382,2019-11-01T23:41:01.382Z,buy,5.589e-05,99.0,0.00553311
BCD/BTC,1572651661382,2019-11-01T23:41:01.382Z,buy,5.59e-05,354.0,0.0197886
BCD/BTC,1572651661382,2019-11-01T23:41:01.382Z,buy,5.591e-05,99.0,0.0055350899999999
BCD/BTC,1572651661382,2019-11-01T23:41:01.382Z,buy,5.603e-05,683.0,0.0382684899999999
BCD/BTC,1572651661382,2019-11-01T23:41:01.382Z,buy,5.631e-05,5.0,0.00028155
BCD/BTC,1572651661382,2019-11-01T23:41:01.382Z,buy,5.633e-05,13.0,0.00073229
BCD/BTC,1572651661382,2019-11-01T23:41:01.382Z,buy,5.638e-05,44.0,0.00248072
BCD/BTC,1572651661382,2019-11-01T23:41:01.382Z,buy,5.639e-05,886.0,0.04996154
BCD/BTC,1572651661382,2019-11-01T23:41:01.382Z,buy,5.64e-05,211.0,0.0119004
BCD/BTC,1572651661382,2019-11-01T23:41:01.382Z,buy,5.652e-05,1728.0,0.09766656
BCD/BTC,1572651661382,2019-11-01T23:41:01.382Z,buy,5.665e-05,5.0,0.00028325
BCD/BTC,1572651661382,2019-11-01T23:41:01.382Z,buy,5.672e-05,41.0,0.0023255199999999
BCD/BTC,1572651661382,2019-11-01T23:41:01.382Z,buy,5.673e-05,3.0,0.00017019
BCD/BTC,1572651661382,2019-11-01T23:41:01.382Z,buy,5.677e-05,6.0,0.00034062
BCD/BTC,1572651661382,2019-11-01T23:41:01.382Z,buy,5.679e-05,13.0,0.00073827
BCD/BTC,1572651661382,2019-11-01T23:41:01.382Z,buy,5.688e-05,283.0,0.01609704
BCD/BTC,1572651661382,2019-11-01T23:41:01.382Z,buy,5.691e-05,508.0,0.02891028
BCD/BTC,1572651661382,2019-11-01T23:41:01.382Z,buy,5.694e-05,115.0,0.0065481
BCD/BTC,1572651661382,2019-11-01T23:41:01.382Z,buy,5.695e-05,212.0,0.0120734
BCD/BTC,1572651661382,2019-11-01T23:41:01.382Z,buy,5.696e-05,1502.0,0.0855539199999999
BCD/BTC,1572651661382,2019-11-01T23:41:01.382Z,buy,5.697e-05,640.0,0.0364608
BCD/BTC,1572651661382,2019-11-01T23:41:01.382Z,buy,5.698e-05,266.0,0.01515668
BCD/BTC,1572651661382,2019-11-01T23:41:01.382Z,buy,5.7e-05,150.0,0.00855
BCD/BTC,1572651661402,2019-11-01T23:41:01.402Z,sell,5.7e-05,1124.0,0.064068
BCD/BTC,1572651661406,2019-11-01T23:41:01.406Z,sell,5.7e-05,236.0,0.013452
BCD/BTC,1572651661409,2019-11-01T23:41:01.409Z,sell,5.7e-05,519.0,0.029583
BCD/BTC,1572651661416,2019-11-01T23:41:01.416Z,sell,5.7e-05,89.0,0.005073
BCD/BTC,1572651661420,2019-11-01T23:41:01.420Z,sell,5.7e-05,41.0,0.002337
BCD/BTC,1572651661431,2019-11-01T23:41:01.431Z,sell,5.7e-05,41.0,0.002337
BCD/BTC,1572651661433,2019-11-01T23:41:01.433Z,sell,5.7e-05,386.0,0.022002
BCD/BTC,1572651661444,2019-11-01T23:41:01.444Z,buy,5.705e-05,8.0,0.0004564
BCD/BTC,1572651661444,2019-11-01T23:41:01.444Z,buy,5.706e-05,41.0,0.00233946
BCD/BTC,1572651661444,2019-11-01T23:41:01.444Z,buy,5.708e-05,3.0,0.00017124
BCD/BTC,1572651661444,2019-11-01T23:41:01.444Z,buy,5.709e-05,88.0,0.0050239199999999
BCD/BTC,1572651661444,2019-11-01T23:41:01.444Z,buy,5.714e-05,179.0,0.0102280599999999
BCD/BTC,1572651661444,2019-11-01T23:41:01.444Z,buy,5.715e-05,8.0,0.0004572
BCD/BTC,1572651661444,2019-11-01T23:41:01.444Z,buy,5.72e-05,249.0,0.0142428
BCD/BTC,1572651661447,2019-11-01T23:41:01.447Z,sell,5.7e-05,1429.0,0.081453
BCD/BTC,1572651661471,2019-11-01T23:41:01.471Z,sell,5.7e-05,3000.0,0.171
BCD/BTC,1572651661564,2019-11-01T23:41:01.564Z,sell,5.701e-05,54.0,0.00307854
BCD/BTC,1572651661570,2019-11-01T23:41:01.570Z,sell,5.701e-05,73.0,0.00416173
BCD/BTC,1572651661575,2019-11-01T23:41:01.575Z,sell,5.701e-05,73.0,0.00416173
BCD/BTC,1572651661577,2019-11-01T23:41:01.577Z,sell,5.701e-05,395.0,0.02251895
BCD/BTC,1572651661577,2019-11-01T23:41:01.577Z,sell,5.7e-05,390.0,0.02223
BCD/BTC,1572651661582,2019-11-01T23:41:01.582Z,sell,5.7e-05,102.0,0.005814
BCD/BTC,1572651661582,2019-11-01T23:41:01.582Z,sell,5.7e-05,73.0,0.004161
BCD/BTC,1572651661584,2019-11-01T23:41:01.584Z,sell,5.7e-05,44.0,0.002508
BCD/BTC,1572651661595,2019-11-01T23:41:01.595Z,sell,5.7e-05,2830.0,0.16131
BCD/BTC,1572651661608,2019-11-01T23:41:01.608Z,sell,5.7e-05,54.0,0.003078
BCD/BTC,1572651661615,2019-11-01T23:41:01.615Z,sell,5.7e-05,600.0,0.0342
BCD/BTC,1572651661619,2019-11-01T23:41:01.619Z,sell,5.7e-05,2000.0,0.114
BCD/BTC,1572651661623,2019-11-01T23:41:01.623Z,sell,5.7e-05,3592.0,0.204744
BCD/BTC,1572651661624,2019-11-01T23:41:01.624Z,sell,5.7e-05,317.0,0.018069
BCD/BTC,1572651661698,2019-11-01T23:41:01.698Z,sell,5.7e-05,500.0,0.0285
BCD/BTC,1572651661714,2019-11-01T23:41:01.714Z,sell,5.7e-05,1000.0,0.057
BCD/BTC,1572651661784,2019-11-01T23:41:01.784Z,buy,5.724e-05,40.0,0.0022896
BCD/BTC,1572651661894,2019-11-01T23:41:01.894Z,sell,5.7e-05,1000.0,0.057
BCD/BTC,1572651662076,2019-11-01T23:41:02.076Z,sell,5.701e-05,125.0,0.00712625
BCD/BTC,1572651662084,2019-11-01T23:41:02.084Z,sell,5.701e-05,470.0,0.0267946999999999
BCD/BTC,1572651662084,2019-11-01T23:41:02.084Z,sell,5.7e-05,30.0,0.00171
BCD/BTC,1572651662102,2019-11-01T23:41:02.102Z,sell,5.7e-05,19.0,0.001083
BCD/BTC,1572651662148,2019-11-01T23:41:02.148Z,sell,5.7e-05,867.0,0.049419
BCD/BTC,1572651662243,2019-11-01T23:41:02.243Z,sell,5.7e-05,102.0,0.005814
BCD/BTC,1572651662561,2019-11-01T23:41:02.561Z,sell,5.7e-05,164.0,0.009348
BCD/BTC,1572651662642,2019-11-01T23:41:02.642Z,sell,5.7e-05,700.0,0.0399
BCD/BTC,1572651662699,2019-11-01T23:41:02.699Z,sell,5.7e-05,185.0,0.010545
BCD/BTC,1572651662754,2019-11-01T23:41:02.754Z,sell,5.7e-05,8.0,0.000456
BCD/BTC,1572651662878,2019-11-01T23:41:02.878Z,sell,5.7e-05,82.0,0.004674
BCD/BTC,1572651662949,2019-11-01T23:41:02.949Z,sell,5.7e-05,56.0,0.003192
BCD/BTC,1572651662977,2019-11-01T23:41:02.977Z,buy,5.724e-05,210.0,0.0120204
BCD/BTC,1572651663095,2019-11-01T23:41:03.095Z,sell,5.701e-05,70.0,0.0039907
BCD/BTC,1572651663095,2019-11-01T23:41:03.095Z,sell,5.7e-05,13.0,0.000741
BCD/BTC,1572651663271,2019-11-01T23:41:03.271Z,sell,5.701e-05,342.0,0.0194974199999999
BCD/BTC,1572651663271,2019-11-01T23:41:03.271Z,sell,5.7e-05,149.0,0.008493
BCD/BTC,1572651663331,2019-11-01T23:41:03.331Z,sell,5.701e-05,146.0,0.00832346
BCD/BTC,1572651663449,2019-11-01T23:41:03.449Z,sell,5.701e-05,5.0,0.00028505
BCD/BTC,1572651663580,2019-11-01T23:41:03.580Z,sell,5.701e-05,145.0,0.00826645
BCD/BTC,1572651663730,2019-11-01T23:41:03.730Z,sell,5.701e-05,114.0,0.00649914
BCD/BTC,1572651663730,2019-11-01T23:41:03.730Z,sell,5.7e-05,87.0,0.004959
BCD/BTC,1572651663840,2019-11-01T23:41:03.840Z,sell,5.701e-05,25.0,0.0014252499999999
BCD/BTC,1572651664116,2019-11-01T23:41:04.116Z,sell,5.701e-05,45.0,0.00256545
BCD/BTC,1572651664116,2019-11-01T23:41:04.116Z,sell,5.7e-05,74.0,0.004218
BCD/BTC,1572651664139,2019-11-01T23:41:04.139Z,sell,5.7e-05,357.0,0.020349
BCD/BTC,1572651664287,2019-11-01T23:41:04.287Z,sell,5.7e-05,119.0,0.006783
BCD/BTC,1572651665193,2019-11-01T23:41:05.193Z,sell,5.7e-05,102.0,0.005814
BCD/BTC,1572651665451,2019-11-01T23:41:05.451Z,sell,5.7e-05,31.0,0.001767
BCD/BTC,1572651665650,2019-11-01T23:41:05.650Z,sell,5.7e-05,15.0,0.000855
BCD/BTC,1572651665735,2019-11-01T23:41:05.735Z,sell,5.7e-05,15.0,0.000855
BCD/BTC,1572651665783,2019-11-01T23:41:05.783Z,buy,5.709e-05,591.0,0.0337401899999999
BCD/BTC,1572651665893,2019-11-01T23:41:05.893Z,sell,5.701e-05,595.0,0.03392095
BCD/BTC,1572651665893,2019-11-01T23:41:05.893Z,sell,5.7e-05,105.0,0.005985
BCD/BTC,1572651669410,2019-11-01T23:41:09.410Z,sell,5.701e-05,15.0,0.0008551499999999
BCD/BTC,1572651670998,2019-11-01T23:41:10.998Z,sell,5.675e-05,90.0,0.0051075
BCD/BTC,1572651673838,2019-11-01T23:41:13.838Z,buy,5.695e-05,520.0,0.029614
BCD/BTC,1572651675474,2019-11-01T23:41:15.474Z,buy,5.695e-05,51.0,0.00290445
BCD/BTC,1572651675635,2019-11-01T23:41:15.635Z,buy,5.695e-05,8.0,0.0004556
BCD/BTC,1572651676441,2019-11-01T23:41:16.441Z,sell,5.701e-05,15.0,0.0008551499999999
BCD/BTC,1572651676441,2019-11-01T23:41:16.441Z,sell,5.674e-05,20.0,0.0011348
BCD/BTC,1572651677312,2019-11-01T23:41:17.312Z,sell,5.676e-05,30.0,0.0017028
BCD/BTC,1572651688448,2019-11-01T23:41:28.448Z,buy,5.693e-05,2.0,0.00011386
BCD/BTC,1572651700297,2019-11-01T23:41:40.297Z,buy,5.694e-05,278.0,0.01582932
BCD/BTC,1572651700297,2019-11-01T23:41:40.297Z,buy,5.699e-05,214.0,0.01219586
BCD/BTC,1572651700297,2019-11-01T23:41:40.297Z,buy,5.7e-05,224.0,0.012768
BCD/BTC,1572651700324,2019-11-01T23:41:40.324Z,buy,5.701e-05,44.0,0.00250844
BCD/BTC,1572651700324,2019-11-01T23:41:40.324Z,buy,5.723e-05,72.0,0.00412056
BCD/BTC,1572651700324,2019-11-01T23:41:40.324Z,buy,5.724e-05,1315.0,0.0752706
BCD/BTC,1572651700324,2019-11-01T23:41:40.324Z,buy,5.725e-05,866.0,0.0495785
BCD/BTC,1572651700385,2019-11-01T23:41:40.385Z,buy,5.726e-05,13.0,0.00074438
BCD/BTC,1572651700385,2019-11-01T23:41:40.385Z,buy,5.728e-05,2.0,0.00011456
BCD/BTC,1572651700549,2019-11-01T23:41:40.549Z,buy,5.734e-05,5.0,0.0002867
BCD/BTC,1572651700549,2019-11-01T23:41:40.549Z,buy,5.739e-05,14.0,0.00080346
BCD/BTC,1572651700549,2019-11-01T23:41:40.549Z,buy,5.74e-05,61.0,0.0035014
BCD/BTC,1572651700549,2019-11-01T23:41:40.549Z,buy,5.741e-05,17.0,0.00097597
BCD/BTC,1572651703366,2019-11-01T23:41:43.366Z,buy,5.74e-05,91.0,0.0052234
BCD/BTC,1572651703366,2019-11-01T23:41:43.366Z,buy,5.741e-05,90.0,0.0051669
BCD/BTC,1572651703366,2019-11-01T23:41:43.366Z,buy,5.742e-05,90.0,0.0051678
BCD/BTC,1572651703366,2019-11-01T23:41:43.366Z,buy,5.743e-05,3.0,0.00017229
BCD/BTC,1572651703366,2019-11-01T23:41:43.366Z,buy,5.746e-05,16.0,0.00091936
BCD/BTC,1572651703366,2019-11-01T23:41:43.366Z,buy,5.749e-05,8.0,0.00045992
BCD/BTC,1572651703366,2019-11-01T23:41:43.366Z,buy,5.75e-05,13.0,0.0007475
BCD/BTC,1572651703412,2019-11-01T23:41:43.412Z,buy,5.74e-05,91.0,0.0052234
BCD/BTC,1572651703412,2019-11-01T23:41:43.412Z,buy,5.75e-05,487.0,0.0280025
BCD/BTC,1572651703412,2019-11-01T23:41:43.412Z,buy,5.751e-05,2.0,0.00011502
BCD/BTC,1572651707131,2019-11-01T23:41:47.131Z,sell,5.716e-05,2.0,0.00011432
BCD/BTC,1572651707573,2019-11-01T23:41:47.573Z,buy,5.745e-05,297.0,0.01706265
BCD/BTC,1572651707700,2019-11-01T23:41:47.700Z,buy,5.745e-05,957.0,0.05497965
BCD/BTC,1572651708860,2019-11-01T23:41:48.860Z,buy,5.76e-05,5.0,0.000288
BCD/BTC,1572651709603,2019-11-01T23:41:49.603Z,sell,5.721e-05,80.0,0.0045768
BCD/BTC,1572651713079,2019-11-01T23:41:53.079Z,sell,5.741e-05,209.0,0.01199869
BCD/BTC,1572651713079,2019-11-01T23:41:53.079Z,sell,5.726e-05,275.0,0.0157465
BCD/BTC,1572651713923,2019-11-01T23:41:53.923Z,sell,5.726e-05,73.0,0.00417998
BCD/BTC,1572651714338,2019-11-01T23:41:54.338Z,sell,5.726e-05,18.0,0.00103068
BCD/BTC,1572651714400,2019-11-01T23:41:54.400Z,buy,5.75e-05,65.0,0.0037375
BCD/BTC,1572651714597,2019-11-01T23:41:54.597Z,sell,5.726e-05,418.0,0.02393468
BCD/BTC,1572651714597,2019-11-01T23:41:54.597Z,sell,5.724e-05,4.0,0.00022896
BCD/BTC,1572651714768,2019-11-01T23:41:54.768Z,sell,5.727e-05,144.0,0.00824688
BCD/BTC,1572651714864,2019-11-01T23:41:54.864Z,sell,5.708e-05,182.0,0.01038856
BCD/BTC,1572651714864,2019-11-01T23:41:54.864Z,sell,5.708e-05,2.0,0.00011416
BCD/BTC,1572651716297,2019-11-01T23:41:56.297Z,sell,5.706e-05,41.0,0.00233946
BCD/BTC,1572651716297,2019-11-01T23:41:56.297Z,sell,5.7e-05,5.0,0.000285
BCD/BTC,1572651716297,2019-11-01T23:41:56.297Z,sell,5.682e-05,6.0,0.00034092
BCD/BTC,1572651718023,2019-11-01T23:41:58.023Z,sell,5.686e-05,18.0,0.00102348
BCD/BTC,1572651718025,2019-11-01T23:41:58.025Z,sell,5.686e-05,33.0,0.00187638
BCD/BTC,1572651721446,2019-11-01T23:42:01.446Z,buy,5.731e-05,43.0,0.00246433
BCD/BTC,1572651723884,2019-11-01T23:42:03.884Z,buy,5.731e-05,249.0,0.01427019
BCD/BTC,1572651723884,2019-11-01T23:42:03.884Z,buy,5.732e-05,13.0,0.00074516
BCD/BTC,1572651736746,2019-11-01T23:42:16.746Z,sell,5.707e-05,104.0,0.00593528
BCD/BTC,1572651740739,2019-11-01T23:42:20.739Z,buy,5.73e-05,194.0,0.0111162
BCD/BTC,1572651740751,2019-11-01T23:42:20.751Z,buy,5.732e-05,38.0,0.00217816
BCD/BTC,1572651740751,2019-11-01T23:42:20.751Z,buy,5.734e-05,5.0,0.0002867
BCD/BTC,1572651741162,2019-11-01T23:42:21.162Z,buy,5.73e-05,112.0,0.0064176
BCD/BTC,1572651746108,2019-11-01T23:42:26.108Z,sell,5.712e-05,63.0,0.00359856
BCD/BTC,1572651752740,2019-11-01T23:42:32.740Z,sell,5.702e-05,8.0,0.00045616
BCD/BTC,1572651753514,2019-11-01T23:42:33.514Z,sell,5.702e-05,135.0,0.0076977
BCD/BTC,1572651757303,2019-11-01T23:42:37.303Z,sell,5.704e-05,107.0,0.00610328
BCD/BTC,1572651766303,2019-11-01T23:42:46.303Z,buy,5.726e-05,166.0,0.00950516
BCD/BTC,1572651766394,2019-11-01T23:42:46.394Z,buy,5.726e-05,155.0,0.0088753
BCD/BTC,1572651766416,2019-11-01T23:42:46.416Z,buy,5.727e-05,149.0,0.00853323
BCD/BTC,1572651766575,2019-11-01T23:42:46.575Z,buy,5.727e-05,94.0,0.00538338
BCD/BTC,1572651769316,2019-11-01T23:42:49.316Z,buy,5.727e-05,63.0,0.00360801
BCD/BTC,1572651769316,2019-11-01T23:42:49.316Z,buy,5.74e-05,41.0,0.0023534
BCD/BTC,1572651772063,2019-11-01T23:42:52.063Z,sell,5.711e-05,21.0,0.00119931
BCD/BTC,1572651772642,2019-11-01T23:42:52.642Z,buy,5.737e-05,89.0,0.00510593
BCD/BTC,1572651774197,2019-11-01T23:42:54.197Z,sell,5.713e-05,110.0,0.0062843
BCD/BTC,1572651775668,2019-11-01T23:42:55.668Z,buy,5.736e-05,107.0,0.00613752
BCD/BTC,1572651780995,2019-11-01T23:43:00.995Z,sell,5.712e-05,5.0,0.0002856
BCD/BTC,1572651781552,2019-11-01T23:43:01.552Z,buy,5.742e-05,3.0,0.00017226
BCD/BTC,1572651783307,2019-11-01T23:43:03.307Z,buy,5.74e-05,55.0,0.003157
BCD/BTC,1572651783311,2019-11-01T23:43:03.311Z,buy,5.74e-05,104.0,0.0059696
BCD/BTC,1572651783311,2019-11-01T23:43:03.311Z,buy,5.74e-05,55.0,0.003157
BCD/BTC,1572651783318,2019-11-01T23:43:03.318Z,buy,5.74e-05,30.0,0.001722
BCD/BTC,1572651783334,2019-11-01T23:43:03.334Z,sell,5.707e-05,56.0,0.00319592
BCD/BTC,1572651787789,2019-11-01T23:43:07.789Z,buy,5.734e-05,58.0,0.00332572
BCD/BTC,1572651787789,2019-11-01T23:43:07.789Z,buy,5.735e-05,6.0,0.0003440999999999
BCD/BTC,1572651787789,2019-11-01T23:43:07.789Z,buy,5.74e-05,71.0,0.0040754
BCD/BTC,1572651795449,2019-11-01T23:43:15.449Z,buy,5.742e-05,1.0,5.742e-05
BCD/BTC,1572651796997,2019-11-01T23:43:16.997Z,sell,5.712e-05,202.0,0.01153824
BCD/BTC,1572651796997,2019-11-01T23:43:16.997Z,sell,5.707e-05,202.0,0.01152814
BCD/BTC,1572651796997,2019-11-01T23:43:16.997Z,sell,5.706e-05,390.0,0.0222534
BCD/BTC,1572651796997,2019-11-01T23:43:16.997Z,sell,5.7e-05,5.0,0.000285
BCD/BTC,1572651796997,2019-11-01T23:43:16.997Z,sell,5.682e-05,24.0,0.00136368
BCD/BTC,1572651796997,2019-11-01T23:43:16.997Z,sell,5.679e-05,13.0,0.00073827
BCD/BTC,1572651796997,2019-11-01T23:43:16.997Z,sell,5.678e-05,75.0,0.0042585
BCD/BTC,1572651796997,2019-11-01T23:43:16.997Z,sell,5.676e-05,30.0,0.0017028
BCD/BTC,1572651796997,2019-11-01T23:43:16.997Z,sell,5.673e-05,3.0,0.00017019
BCD/BTC,1572651796997,2019-11-01T23:43:16.997Z,sell,5.672e-05,41.0,0.0023255199999999
BCD/BTC,1572651796997,2019-11-01T23:43:16.997Z,sell,5.667e-05,8.0,0.00045336
BCD/BTC,1572651796997,2019-11-01T23:43:16.997Z,sell,5.665e-05,5.0,0.00028325
BCD/BTC,1572651796997,2019-11-01T23:43:16.997Z,sell,5.662e-05,16.0,0.00090592
BCD/BTC,1572651796997,2019-11-01T23:43:16.997Z,sell,5.659e-05,17.0,0.00096203
BCD/BTC,1572651796997,2019-11-01T23:43:16.997Z,sell,5.652e-05,14.0,0.00079128
BCD/BTC,1572651796997,2019-11-01T23:43:16.997Z,sell,5.652e-05,13.0,0.00073476
BCD/BTC,1572651796997,2019-11-01T23:43:16.997Z,sell,5.65e-05,3.0,0.0001695
BCD/BTC,1572651796997,2019-11-01T23:43:16.997Z,sell,5.649e-05,36.0,0.00203364
BCD/BTC,1572651796997,2019-11-01T23:43:16.997Z,sell,5.649e-05,11.0,0.00062139
BCD/BTC,1572651796997,2019-11-01T23:43:16.997Z,sell,5.645e-05,36.0,0.0020322
BCD/BTC,1572651797015,2019-11-01T23:43:17.015Z,buy,5.672e-05,44.0,0.00249568
BCD/BTC,1572651797015,2019-11-01T23:43:17.015Z,buy,5.672e-05,1.0,5.672e-05
BCD/BTC,1572651802641,2019-11-01T23:43:22.641Z,buy,5.678e-05,1.0,5.678e-05
BCD/BTC,1572651808849,2019-11-01T23:43:28.849Z,sell,5.67e-05,3.0,0.0001701
BCD/BTC,1572651808849,2019-11-01T23:43:28.849Z,sell,5.669e-05,35.0,0.00198415
BCD/BTC,1572651812931,2019-11-01T23:43:32.931Z,sell,5.674e-05,11.0,0.00062414
BCD/BTC,1572651813174,2019-11-01T23:43:33.174Z,sell,5.675e-05,17.0,0.0009647499999999
BCD/BTC,1572651817041,2019-11-01T23:43:37.041Z,sell,5.677e-05,36.0,0.00204372
BCD/BTC,1572651841302,2019-11-01T23:44:01.302Z,sell,5.673e-05,27.0,0.00153171
BCD/BTC,1572651867930,2019-11-01T23:44:27.930Z,buy,5.69e-05,1.0,5.69e-05
BCD/BTC,1572651874966,2019-11-01T23:44:34.966Z,buy,5.684e-05,151.0,0.00858284
BCD/BTC,1572651874966,2019-11-01T23:44:34.966Z,buy,5.685e-05,4815.0,0.27373275
BCD/BTC,1572651874966,2019-11-01T23:44:34.966Z,buy,5.69e-05,1.0,5.69e-05
BCD/BTC,1572651874966,2019-11-01T23:44:34.966Z,buy,5.696e-05,24.0,0.00136704
BCD/BTC,1572651874966,2019-11-01T23:44:34.966Z,buy,5.697e-05,352.0,0.02005344
BCD/BTC,1572651874966,2019-11-01T23:44:34.966Z,buy,5.7e-05,5.0,0.000285
BCD/BTC,1572651874991,2019-11-01T23:44:34.991Z,sell,5.7e-05,181.0,0.010317
BCD/BTC,1572651874992,2019-11-01T23:44:34.992Z,sell,5.7e-05,206.0,0.011742
BCD/BTC,1572651874993,2019-11-01T23:44:34.993Z,sell,5.7e-05,103.0,0.005871
BCD/BTC,1572651875028,2019-11-01T23:44:35.028Z,buy,5.704e-05,8.0,0.00045632
BCD/BTC,1572651875028,2019-11-01T23:44:35.028Z,buy,5.706e-05,74.0,0.00422244
BCD/BTC,1572651875028,2019-11-01T23:44:35.028Z,buy,5.708e-05,3.0,0.00017124
BCD/BTC,1572651875028,2019-11-01T23:44:35.028Z,buy,5.716e-05,26.0,0.00148616
BCD/BTC,1572651875028,2019-11-01T23:44:35.028Z,buy,5.716e-05,20.0,0.0011432
BCD/BTC,1572651875028,2019-11-01T23:44:35.028Z,buy,5.719e-05,75.0,0.00428925
BCD/BTC,1572651875028,2019-11-01T23:44:35.028Z,buy,5.726e-05,13.0,0.00074438
BCD/BTC,1572651875034,2019-11-01T23:44:35.034Z,buy,5.734e-05,5.0,0.0002867
BCD/BTC,1572651877764,2019-11-01T23:44:37.764Z,buy,5.739e-05,162.0,0.00929718
BCD/BTC,1572651877764,2019-11-01T23:44:37.764Z,buy,5.74e-05,41.0,0.0023534
BCD/BTC,1572651877764,2019-11-01T23:44:37.764Z,buy,5.743e-05,6.0,0.00034458
BCD/BTC,1572651877764,2019-11-01T23:44:37.764Z,buy,5.75e-05,116.0,0.00667
BCD/BTC,1572651878196,2019-11-01T23:44:38.196Z,buy,5.739e-05,108.0,0.00619812
BCD/BTC,1572651881788,2019-11-01T23:44:41.788Z,buy,5.749e-05,72.0,0.00413928
BCD/BTC,1572651881788,2019-11-01T23:44:41.788Z,buy,5.75e-05,27.0,0.0015525
BCD/BTC,1572651881788,2019-11-01T23:44:41.788Z,buy,5.751e-05,25.0,0.00143775
BCD/BTC,1572651922789,2019-11-01T23:45:22.789Z,sell,5.738e-05,107.0,0.00613966
BCD/BTC,1572651922789,2019-11-01T23:45:22.789Z,sell,5.737e-05,186.0,0.01067082
BCD/BTC,1572651922789,2019-11-01T23:45:22.789Z,sell,5.736e-05,107.0,0.00613752
BCD/BTC,1572651922789,2019-11-01T23:45:22.789Z,sell,5.735e-05,185.0,0.01060975
BCD/BTC,1572651922807,2019-11-01T23:45:22.807Z,buy,5.734e-05,1.0,5.734e-05
BCD/BTC,1572651922835,2019-11-01T23:45:22.835Z,buy,5.734e-05,101.0,0.00579134
BCD/BTC,1572651926795,2019-11-01T23:45:26.795Z,sell,5.722e-05,102.0,0.00583644
BCD/BTC,1572651941081,2019-11-01T23:45:41.081Z,buy,5.74e-05,53.0,0.0030422
BCD/BTC,1572651944582,2019-11-01T23:45:44.582Z,buy,5.738e-05,6.0,0.00034428
BCD/BTC,1572652042811,2019-11-01T23:47:22.811Z,buy,5.722e-05,6.0,0.00034332
BCD/BTC,1572652051973,2019-11-01T23:47:31.973Z,sell,5.726e-05,402.0,0.0230185199999999
BCD/BTC,1572652051973,2019-11-01T23:47:31.973Z,sell,5.725e-05,428.0,0.024503
BCD/BTC,1572652054936,2019-11-01T23:47:34.936Z,sell,5.726e-05,53.0,0.00303478
BCD/BTC,1572652054936,2019-11-01T23:47:34.936Z,sell,5.723e-05,48.0,0.00274704
BCD/BTC,1572652055060,2019-11-01T23:47:35.060Z,sell,5.723e-05,108.0,0.00618084
BCD/BTC,1572652055061,2019-11-01T23:47:35.061Z,sell,5.723e-05,205.0,0.01173215
BCD/BTC,1572652058102,2019-11-01T23:47:38.102Z,sell,5.712e-05,124.0,0.00708288
BCD/BTC,1572652058382,2019-11-01T23:47:38.382Z,sell,5.712e-05,328.0,0.01873536
BCD/BTC,1572652058413,2019-11-01T23:47:38.413Z,sell,5.712e-05,314.0,0.01793568
BCD/BTC,1572652058503,2019-11-01T23:47:38.503Z,sell,5.712e-05,133.0,0.00759696
BCD/BTC,1572652061208,2019-11-01T23:47:41.208Z,sell,5.708e-05,3.0,0.00017124
BCD/BTC,1572652061208,2019-11-01T23:47:41.208Z,sell,5.706e-05,41.0,0.00233946
BCD/BTC,1572652061208,2019-11-01T23:47:41.208Z,sell,5.704e-05,53.0,0.00302312
BCD/BTC,1572652278035,2019-11-01T23:51:18.035Z,buy,5.701e-05,685.0,0.03905185
BCD/BTC,1572652278035,2019-11-01T23:51:18.035Z,buy,5.728e-05,239.0,0.01368992
BCD/BTC,1572652278035,2019-11-01T23:51:18.035Z,buy,5.729e-05,16.0,0.00091664
BCD/BTC,1572652278035,2019-11-01T23:51:18.035Z,buy,5.738e-05,35.0,0.0020083
BCD/BTC,1572652278035,2019-11-01T23:51:18.035Z,buy,5.74e-05,41.0,0.0023534
BCD/BTC,1572652278035,2019-11-01T23:51:18.035Z,buy,5.743e-05,3.0,0.00017229
BCD/BTC,1572652278035,2019-11-01T23:51:18.035Z,buy,5.751e-05,3.0,0.00017253
BCD/BTC,1572652278035,2019-11-01T23:51:18.035Z,buy,5.76e-05,74.0,0.0042623999999999
BCD/BTC,1572652278035,2019-11-01T23:51:18.035Z,buy,5.769e-05,5.0,0.00028845
BCD/BTC,1572652278035,2019-11-01T23:51:18.035Z,buy,5.77e-05,60.0,0.003462
BCD/BTC,1572652278035,2019-11-01T23:51:18.035Z,buy,5.773e-05,197.0,0.0113728099999999
BCD/BTC,1572652278035,2019-11-01T23:51:18.035Z,buy,5.774e-05,53.0,0.0030602199999999
BCD/BTC,1572652278035,2019-11-01T23:51:18.035Z,buy,5.775e-05,41.0,0.00236775
BCD/BTC,1572652278035,2019-11-01T23:51:18.035Z,buy,5.778e-05,3.0,0.00017334
BCD/BTC,1572652278035,2019-11-01T23:51:18.035Z,buy,5.781e-05,262.0,0.0151462199999999
BCD/BTC,1572652278035,2019-11-01T23:51:18.035Z,buy,5.783e-05,77.0,0.00445291
BCD/BTC,1572652278035,2019-11-01T23:51:18.035Z,buy,5.788e-05,2.0,0.00011576
BCD/BTC,1572652278035,2019-11-01T23:51:18.035Z,buy,5.792e-05,48.0,0.00278016
BCD/BTC,1572652278035,2019-11-01T23:51:18.035Z,buy,5.798e-05,304.0,0.01762592
BCD/BTC,1572652278035,2019-11-01T23:51:18.035Z,buy,5.799e-05,135.0,0.00782865
BCD/BTC,1572652278035,2019-11-01T23:51:18.035Z,buy,5.8e-05,7344.0,0.425952
BCD/BTC,1572652278061,2019-11-01T23:51:18.061Z,sell,5.8e-05,217.0,0.012586
BCD/BTC,1572652278062,2019-11-01T23:51:18.062Z,sell,5.8e-05,321.0,0.018618
BCD/BTC,1572652278064,2019-11-01T23:51:18.064Z,sell,5.8e-05,41.0,0.002378
BCD/BTC,1572652278073,2019-11-01T23:51:18.073Z,buy,5.805e-05,308.0,0.0178794
BCD/BTC,1572652278073,2019-11-01T23:51:18.073Z,buy,5.806e-05,408.0,0.02368848
BCD/BTC,1572652278085,2019-11-01T23:51:18.085Z,sell,5.8e-05,183.0,0.010614
BCD/BTC,1572652278086,2019-11-01T23:51:18.086Z,sell,5.8e-05,135.0,0.00783
BCD/BTC,1572652278104,2019-11-01T23:51:18.104Z,buy,5.806e-05,43.0,0.00249658
BCD/BTC,1572652278110,2019-11-01T23:51:18.110Z,buy,5.806e-05,25.0,0.0014515
BCD/BTC,1572652278110,2019-11-01T23:51:18.110Z,buy,5.809e-05,41.0,0.00238169
BCD/BTC,1572652278110,2019-11-01T23:51:18.110Z,buy,5.812e-05,64.0,0.00371968
BCD/BTC,1572652278110,2019-11-01T23:51:18.110Z,buy,5.82e-05,13.0,0.0007566
BCD/BTC,1572652278110,2019-11-01T23:51:18.110Z,buy,5.822e-05,2.0,0.00011644
BCD/BTC,1572652278110,2019-11-01T23:51:18.110Z,buy,5.836e-05,82.0,0.00478552
BCD/BTC,1572652278110,2019-11-01T23:51:18.110Z,buy,5.838e-05,15.0,0.0008757
BCD/BTC,1572652278112,2019-11-01T23:51:18.112Z,sell,5.8e-05,774.0,0.044892
BCD/BTC,1572652278126,2019-11-01T23:51:18.126Z,sell,5.8e-05,455.0,0.02639
BCD/BTC,1572652278209,2019-11-01T23:51:18.209Z,sell,5.801e-05,625.0,0.03625625
BCD/BTC,1572652278209,2019-11-01T23:51:18.209Z,sell,5.8e-05,2165.0,0.12557
BCD/BTC,1572652278233,2019-11-01T23:51:18.233Z,sell,5.8e-05,4.0,0.000232
BCD/BTC,1572652278236,2019-11-01T23:51:18.236Z,sell,5.8e-05,40.0,0.00232
BCD/BTC,1572652278278,2019-11-01T23:51:18.278Z,sell,5.801e-05,342.0,0.01983942
BCD/BTC,1572652278278,2019-11-01T23:51:18.278Z,sell,5.8e-05,320.0,0.01856
BCD/BTC,1572652278288,2019-11-01T23:51:18.288Z,sell,5.8e-05,600.0,0.0348
BCD/BTC,1572652278353,2019-11-01T23:51:18.353Z,sell,5.8e-05,3927.0,0.227766
BCD/BTC,1572652279392,2019-11-01T23:51:19.392Z,sell,5.748e-05,40.0,0.0022992
BCD/BTC,1572652279425,2019-11-01T23:51:19.425Z,buy,5.787e-05,9.0,0.00052083
BCD/BTC,1572652279548,2019-11-01T23:51:19.548Z,buy,5.787e-05,30.0,0.0017361
BCD/BTC,1572652281010,2019-11-01T23:51:21.010Z,sell,5.778e-05,3.0,0.00017334
BCD/BTC,1572652281010,2019-11-01T23:51:21.010Z,sell,5.775e-05,41.0,0.00236775
BCD/BTC,1572652281010,2019-11-01T23:51:21.010Z,sell,5.769e-05,5.0,0.00028845
BCD/BTC,1572652281010,2019-11-01T23:51:21.010Z,sell,5.747e-05,213.0,0.01224111
BCD/BTC,1572652281010,2019-11-01T23:51:21.010Z,sell,5.741e-05,436.0,0.02503076
BCD/BTC,1572652281074,2019-11-01T23:51:21.074Z,buy,5.787e-05,1.0,5.787e-05
BCD/BTC,1572652281074,2019-11-01T23:51:21.074Z,buy,5.788e-05,418.0,0.02419384
BCD/BTC,1572652281224,2019-11-01T23:51:21.224Z,buy,5.788e-05,4.0,0.00023152
BCD/BTC,1572652282322,2019-11-01T23:51:22.322Z,sell,5.774e-05,25.0,0.0014435
BCD/BTC,1572652283272,2019-11-01T23:51:23.272Z,buy,5.782e-05,25.0,0.0014455
BCD/BTC,1572652283341,2019-11-01T23:51:23.341Z,buy,5.782e-05,25.0,0.0014455
BCD/BTC,1572652283345,2019-11-01T23:51:23.345Z,buy,5.782e-05,291.0,0.01682562
BCD/BTC,1572652283350,2019-11-01T23:51:23.350Z,sell,5.775e-05,25.0,0.00144375
BCD/BTC,1572652283428,2019-11-01T23:51:23.428Z,buy,5.782e-05,91.0,0.00526162
BCD/BTC,1572652283567,2019-11-01T23:51:23.567Z,sell,5.775e-05,55.0,0.00317625
BCD/BTC,1572652283567,2019-11-01T23:51:23.567Z,sell,5.774e-05,222.0,0.01281828
BCD/BTC,1572652283886,2019-11-01T23:51:23.886Z,sell,5.774e-05,55.0,0.0031757
BCD/BTC,1572652284549,2019-11-01T23:51:24.549Z,sell,5.775e-05,25.0,0.00144375
BCD/BTC,1572652284695,2019-11-01T23:51:24.695Z,sell,5.775e-05,23.0,0.00132825
BCD/BTC,1572652285488,2019-11-01T23:51:25.488Z,sell,5.775e-05,25.0,0.00144375
BCD/BTC,1572652286616,2019-11-01T23:51:26.616Z,sell,5.775e-05,8.0,0.000462
BCD/BTC,1572652286616,2019-11-01T23:51:26.616Z,sell,5.773e-05,13.0,0.0007504899999999
BCD/BTC,1572652286616,2019-11-01T23:51:26.616Z,sell,5.743e-05,3.0,0.00017229
BCD/BTC,1572652286616,2019-11-01T23:51:26.616Z,sell,5.741e-05,1.0,5.741e-05
BCD/BTC,1572652286713,2019-11-01T23:51:26.713Z,sell,5.775e-05,8.0,0.000462
BCD/BTC,1572652287764,2019-11-01T23:51:27.764Z,sell,5.775e-05,25.0,0.00144375
BCD/BTC,1572652288772,2019-11-01T23:51:28.772Z,sell,5.775e-05,25.0,0.00144375
BCD/BTC,1572652289942,2019-11-01T23:51:29.942Z,sell,5.775e-05,23.0,0.00132825
BCD/BTC,1572652289942,2019-11-01T23:51:29.942Z,sell,5.74e-05,2.0,0.0001148
BCD/BTC,1572652291512,2019-11-01T23:51:31.512Z,sell,5.74e-05,39.0,0.0022386
BCD/BTC,1572652291512,2019-11-01T23:51:31.512Z,sell,5.734e-05,5.0,0.0002867
BCD/BTC,1572652291512,2019-11-01T23:51:31.512Z,sell,5.73e-05,10.0,0.0005729999999999
BCD/BTC,1572652294065,2019-11-01T23:51:34.065Z,sell,5.73e-05,2.0,0.0001146
BCD/BTC,1572652294065,2019-11-01T23:51:34.065Z,sell,5.726e-05,13.0,0.00074438
BCD/BTC,1572652294065,2019-11-01T23:51:34.065Z,sell,5.724e-05,34.0,0.00194616
BCD/BTC,1572652294065,2019-11-01T23:51:34.065Z,sell,5.717e-05,34.0,0.00194378
BCD/BTC,1572652294065,2019-11-01T23:51:34.065Z,sell,5.716e-05,34.0,0.00194344
BCD/BTC,1572652294065,2019-11-01T23:51:34.065Z,sell,5.711e-05,45.0,0.00256995
BCD/BTC,1572652294065,2019-11-01T23:51:34.065Z,sell,5.711e-05,169.0,0.00965159
BCD/BTC,1572652294065,2019-11-01T23:51:34.065Z,sell,5.71e-05,348.0,0.0198708
BCD/BTC,1572652294065,2019-11-01T23:51:34.065Z,sell,5.708e-05,3.0,0.00017124
BCD/BTC,1572652294065,2019-11-01T23:51:34.065Z,sell,5.706e-05,15.0,0.0008558999999999
BCD/BTC,1572652294065,2019-11-01T23:51:34.065Z,sell,5.706e-05,26.0,0.00148356
BCD/BTC,1572652294065,2019-11-01T23:51:34.065Z,sell,5.704e-05,510.0,0.0290904
BCD/BTC,1572652294105,2019-11-01T23:51:34.105Z,sell,5.717e-05,8.0,0.00045736
BCD/BTC,1572652294107,2019-11-01T23:51:34.107Z,sell,5.717e-05,22.0,0.00125774
BCD/BTC,1572652295283,2019-11-01T23:51:35.283Z,sell,5.706e-05,87.0,0.00496422
BCD/BTC,1572652296031,2019-11-01T23:51:36.031Z,sell,5.706e-05,30.0,0.0017117999999999
BCD/BTC,1572652297651,2019-11-01T23:51:37.651Z,buy,5.732e-05,30.0,0.0017196
BCD/BTC,1572652300929,2019-11-01T23:51:40.929Z,sell,5.706e-05,16.0,0.00091296
BCD/BTC,1572652301539,2019-11-01T23:51:41.539Z,sell,5.706e-05,10.0,0.0005706
BCD/BTC,1572652303618,2019-11-01T23:51:43.618Z,sell,5.706e-05,16.0,0.00091296
BCD/BTC,1572652323127,2019-11-01T23:52:03.127Z,buy,5.728e-05,262.0,0.01500736
BCD/BTC,1572652323593,2019-11-01T23:52:03.593Z,buy,5.728e-05,67.0,0.00383776
BCD/BTC,1572652323595,2019-11-01T23:52:03.595Z,buy,5.728e-05,19.0,0.00108832
BCD/BTC,1572652323595,2019-11-01T23:52:03.595Z,buy,5.733e-05,48.0,0.00275184
BCD/BTC,1572652323597,2019-11-01T23:52:03.597Z,buy,5.733e-05,86.0,0.00493038
BCD/BTC,1572652323611,2019-11-01T23:52:03.611Z,buy,5.733e-05,37.0,0.00212121
BCD/BTC,1572652323618,2019-11-01T23:52:03.618Z,buy,5.733e-05,19.0,0.00108927
BCD/BTC,1572652323618,2019-11-01T23:52:03.618Z,sell,5.702e-05,67.0,0.0038203399999999
BCD/BTC,1572652470300,2019-11-01T23:54:30.300Z,sell,5.703e-05,140.0,0.0079842
BCD/BTC,1572652470300,2019-11-01T23:54:30.300Z,sell,5.702e-05,2.0,0.00011404
BCD/BTC,1572652490204,2019-11-01T23:54:50.204Z,sell,5.701e-05,89.0,0.00507389
BCD/BTC,1572652529216,2019-11-01T23:55:29.216Z,buy,5.706e-05,19.0,0.00108414
BCD/BTC,1572652529216,2019-11-01T23:55:29.216Z,buy,5.712e-05,75.0,0.004284
BCD/BTC,1572652529216,2019-11-01T23:55:29.216Z,buy,5.726e-05,234.0,0.0133988399999999
BCD/BTC,1572652529216,2019-11-01T23:55:29.216Z,buy,5.727e-05,494.0,0.0282913799999999
BCD/BTC,1572652529216,2019-11-01T23:55:29.216Z,buy,5.728e-05,473.0,0.02709344
BCD/BTC,1572652529216,2019-11-01T23:55:29.216Z,buy,5.733e-05,265.0,0.01519245
BCD/BTC,1572652529501,2019-11-01T23:55:29.501Z,buy,5.726e-05,26.0,0.00148876
BCD/BTC,1572652529803,2019-11-01T23:55:29.803Z,buy,5.726e-05,102.0,0.00584052
BCD/BTC,1572652530241,2019-11-01T23:55:30.241Z,buy,5.726e-05,12.0,0.0006871199999999
BCD/BTC,1572652530389,2019-11-01T23:55:30.389Z,buy,5.726e-05,12.0,0.0006871199999999
BCD/BTC,1572652530389,2019-11-01T23:55:30.389Z,buy,5.733e-05,18.0,0.00103194
BCD/BTC,1572652532608,2019-11-01T23:55:32.608Z,buy,5.733e-05,24.0,0.00137592
BCD/BTC,1572652534647,2019-11-01T23:55:34.647Z,buy,5.733e-05,9.0,0.00051597
BCD/BTC,1572652540937,2019-11-01T23:55:40.937Z,buy,5.733e-05,4.0,0.00022932
BCD/BTC,1572652540937,2019-11-01T23:55:40.937Z,buy,5.74e-05,5.0,0.000287
BCD/BTC,1572652580696,2019-11-01T23:56:20.696Z,buy,5.74e-05,36.0,0.0020664
BCD/BTC,1572652580696,2019-11-01T23:56:20.696Z,buy,5.743e-05,3.0,0.00017229
BCD/BTC,1572652580696,2019-11-01T23:56:20.696Z,buy,5.746e-05,24.0,0.00137904
BCD/BTC,1572652580696,2019-11-01T23:56:20.696Z,buy,5.747e-05,115.0,0.00660905
BCD/BTC,1572652608334,2019-11-01T23:56:48.334Z,sell,5.715e-05,120.0,0.006858
BCD/BTC,1572652608334,2019-11-01T23:56:48.334Z,sell,5.714e-05,92.0,0.00525688
BCD/BTC,1572652623420,2019-11-01T23:57:03.420Z,sell,5.732e-05,256.0,0.01467392
BCD/BTC,1572652623420,2019-11-01T23:57:03.420Z,sell,5.731e-05,139.0,0.00796609
BCD/BTC,1572652636989,2019-11-01T23:57:16.989Z,buy,5.733e-05,214.0,0.01226862
BCD/BTC,1572652639149,2019-11-01T23:57:19.149Z,buy,5.732e-05,103.0,0.00590396
BCD/BTC,1572652639149,2019-11-01T23:57:19.149Z,buy,5.733e-05,62.0,0.00355446
BCD/BTC,1572652643823,2019-11-01T23:57:23.823Z,buy,5.731e-05,134.0,0.0076795399999999
BCD/BTC,1572652653939,2019-11-01T23:57:33.939Z,buy,5.742e-05,94.0,0.00539748
BCD/BTC,1572652653939,2019-11-01T23:57:33.939Z,buy,5.743e-05,71.0,0.00407753
BCD/BTC,1572652728129,2019-11-01T23:58:48.129Z,buy,5.744e-05,64.0,0.00367616
BCD/BTC,1572652773439,2019-11-01T23:59:33.439Z,sell,5.715e-05,72.0,0.0041148
BCD/BTC,1572652775161,2019-11-01T23:59:35.161Z,sell,5.715e-05,25.0,0.00142875
BCD/BTC,1572652776195,2019-11-01T23:59:36.195Z,sell,5.715e-05,21.0,0.00120015
BCD/BTC,1572652776195,2019-11-01T23:59:36.195Z,sell,5.708e-05,3.0,0.00017124
BCD/BTC,1572652776195,2019-11-01T23:59:36.195Z,sell,5.707e-05,1.0,5.707e-05
BCD/BTC,1572652789379,2019-11-01T23:59:49.379Z,buy,5.731e-05,11.0,0.00063041
BCD/BTC,1572652802583,2019-11-02T00:00:02.583Z,sell,5.714e-05,79.0,0.00451406
BCD/BTC,1572652814274,2019-11-02T00:00:14.274Z,sell,5.709e-05,25.0,0.00142725
BCD/BTC,1572652815323,2019-11-02T00:00:15.323Z,sell,5.709e-05,25.0,0.00142725
BCD/BTC,1572652820948,2019-11-02T00:00:20.948Z,sell,5.716e-05,25.0,0.001429
BCD/BTC,1572652821896,2019-11-02T00:00:21.896Z,sell,5.716e-05,25.0,0.001429
BCD/BTC,1572652822842,2019-11-02T00:00:22.842Z,sell,5.716e-05,25.0,0.001429
BCD/BTC,1572652823730,2019-11-02T00:00:23.730Z,sell,5.717e-05,25.0,0.00142925
BCD/BTC,1572652823964,2019-11-02T00:00:23.964Z,sell,5.717e-05,29.0,0.00165793
BCD/BTC,1572652824792,2019-11-02T00:00:24.792Z,sell,5.717e-05,25.0,0.00142925
BCD/BTC,1572652825218,2019-11-02T00:00:25.218Z,sell,5.718e-05,107.0,0.0061182599999999
BCD/BTC,1572652825740,2019-11-02T00:00:25.740Z,sell,5.717e-05,25.0,0.00142925
BCD/BTC,1572652861448,2019-11-02T00:01:01.448Z,sell,5.707e-05,71.0,0.00405197
BCD/BTC,1572652862233,2019-11-02T00:01:02.233Z,sell,5.706e-05,25.0,0.0014265
BCD/BTC,1572652881542,2019-11-02T00:01:21.542Z,sell,5.706e-05,16.0,0.00091296
BCD/BTC,1572652881542,2019-11-02T00:01:21.542Z,sell,5.701e-05,9.0,0.00051309
BCD/BTC,1572652890263,2019-11-02T00:01:30.263Z,sell,5.701e-05,61.0,0.00347761
BCD/BTC,1572652961957,2019-11-02T00:02:41.957Z,sell,5.7e-05,5.0,0.000285
BCD/BTC,1572652963447,2019-11-02T00:02:43.447Z,sell,5.69e-05,2.0,0.0001138
BCD/BTC,1572652970657,2019-11-02T00:02:50.657Z,sell,5.69e-05,12.0,0.0006828
BCD/BTC,1572652971271,2019-11-02T00:02:51.271Z,sell,5.69e-05,179.0,0.0101851
BCD/BTC,1572652977107,2019-11-02T00:02:57.107Z,sell,5.692e-05,25.0,0.001423
BCD/BTC,1572652978022,2019-11-02T00:02:58.022Z,sell,5.692e-05,25.0,0.001423
BCD/BTC,1572653005858,2019-11-02T00:03:25.858Z,sell,5.693e-05,25.0,0.00142325
BCD/BTC,1572653006914,2019-11-02T00:03:26.914Z,sell,5.693e-05,25.0,0.00142325
BCD/BTC,1572653008602,2019-11-02T00:03:28.602Z,sell,5.693e-05,20.0,0.0011386
BCD/BTC,1572653008602,2019-11-02T00:03:28.602Z,sell,5.692e-05,5.0,0.0002846
BCD/BTC,1572653103894,2019-11-02T00:05:03.894Z,sell,5.692e-05,70.0,0.0039844
BCD/BTC,1572653103894,2019-11-02T00:05:03.894Z,sell,5.691e-05,1140.0,0.0648774
BCD/BTC,1572653103894,2019-11-02T00:05:03.894Z,sell,5.679e-05,13.0,0.00073827
BCD/BTC,1572653103894,2019-11-02T00:05:03.894Z,sell,5.673e-05,3.0,0.00017019
BCD/BTC,1572653103894,2019-11-02T00:05:03.894Z,sell,5.672e-05,41.0,0.0023255199999999
BCD/BTC,1572653103894,2019-11-02T00:05:03.894Z,sell,5.665e-05,21.0,0.00118965
BCD/BTC,1572653103894,2019-11-02T00:05:03.894Z,sell,5.658e-05,55.0,0.0031119
BCD/BTC,1572653103894,2019-11-02T00:05:03.894Z,sell,5.657e-05,7.0,0.00039599
BCD/BTC,1572653103894,2019-11-02T00:05:03.894Z,sell,5.657e-05,17.0,0.00096169
BCD/BTC,1572653103894,2019-11-02T00:05:03.894Z,sell,5.656e-05,2.0,0.00011312
BCD/BTC,1572653103894,2019-11-02T00:05:03.894Z,sell,5.654e-05,6.0,0.00033924
BCD/BTC,1572653104397,2019-11-02T00:05:04.397Z,sell,5.665e-05,70.0,0.0039655
BCD/BTC,1572653105885,2019-11-02T00:05:05.885Z,sell,5.661e-05,34.0,0.00192474
BCD/BTC,1572653108183,2019-11-02T00:05:08.183Z,buy,5.689e-05,89.0,0.00506321
BCD/BTC,1572653108183,2019-11-02T00:05:08.183Z,buy,5.69e-05,157.0,0.0089333
BCD/BTC,1572653110856,2019-11-02T00:05:10.856Z,buy,5.689e-05,33.0,0.00187737
BCD/BTC,1572653111377,2019-11-02T00:05:11.377Z,buy,5.689e-05,33.0,0.00187737
BCD/BTC,1572653125269,2019-11-02T00:05:25.269Z,buy,5.685e-05,16.0,0.0009096
BCD/BTC,1572653125269,2019-11-02T00:05:25.269Z,buy,5.688e-05,14.0,0.00079632
BCD/BTC,1572653125394,2019-11-02T00:05:25.394Z,buy,5.688e-05,10.0,0.0005688
BCD/BTC,1572653127288,2019-11-02T00:05:27.288Z,buy,5.693e-05,20.0,0.0011386
BCD/BTC,1572653128358,2019-11-02T00:05:28.358Z,buy,5.693e-05,8.0,0.00045544
BCD/BTC,1572653138164,2019-11-02T00:05:38.164Z,buy,5.696e-05,47.0,0.00267712
BCD/BTC,1572653145609,2019-11-02T00:05:45.609Z,buy,5.695e-05,1.0,5.695e-05
BCD/BTC,1572653155857,2019-11-02T00:05:55.857Z,buy,5.694e-05,9.0,0.00051246
BCD/BTC,1572653172466,2019-11-02T00:06:12.466Z,buy,5.692e-05,51.0,0.00290292
BCD/BTC,1572653174277,2019-11-02T00:06:14.277Z,buy,5.691e-05,64.0,0.00364224
BCD/BTC,1572653185219,2019-11-02T00:06:25.219Z,buy,5.693e-05,128.0,0.00728704
BCD/BTC,1572653185219,2019-11-02T00:06:25.219Z,buy,5.694e-05,41.0,0.00233454
BCD/BTC,1572653203227,2019-11-02T00:06:43.227Z,buy,5.69e-05,114.0,0.0064866
BCD/BTC,1572653220630,2019-11-02T00:07:00.630Z,buy,5.691e-05,53.0,0.00301623
BCD/BTC,1572653257903,2019-11-02T00:07:37.903Z,buy,5.69e-05,6.0,0.0003414
BCD/BTC,1572653257903,2019-11-02T00:07:37.903Z,buy,5.695e-05,37.0,0.00210715
BCD/BTC,1572653295506,2019-11-02T00:08:15.506Z,sell,5.676e-05,159.0,0.00902484
BCD/BTC,1572653298370,2019-11-02T00:08:18.370Z,buy,5.688e-05,4.0,0.00022752
BCD/BTC,1572653298370,2019-11-02T00:08:18.370Z,buy,5.689e-05,51.0,0.00290139
BCD/BTC,1572653351193,2019-11-02T00:09:11.193Z,buy,5.688e-05,84.0,0.00477792
BCD/BTC,1572653353634,2019-11-02T00:09:13.634Z,sell,5.692e-05,50.0,0.002846
BCD/BTC,1572653355366,2019-11-02T00:09:15.366Z,buy,5.695e-05,84.0,0.0047838
BCD/BTC,1572653567184,2019-11-02T00:12:47.184Z,buy,5.69e-05,1.0,5.69e-05
BCD/BTC,1572653624456,2019-11-02T00:13:44.456Z,sell,5.658e-05,8.0,0.00045264
BCD/BTC,1572653771901,2019-11-02T00:16:11.901Z,sell,5.674e-05,284.0,0.01611416
BCD/BTC,1572653774035,2019-11-02T00:16:14.035Z,sell,5.673e-05,147.0,0.00833931
BCD/BTC,1572653782325,2019-11-02T00:16:22.325Z,sell,5.659e-05,98.0,0.00554582
BCD/BTC,1572653782325,2019-11-02T00:16:22.325Z,sell,5.658e-05,2.0,0.00011316
BCD/BTC,1572653782325,2019-11-02T00:16:22.325Z,sell,5.65e-05,24.0,0.001356
BCD/BTC,1572653782325,2019-11-02T00:16:22.325Z,sell,5.642e-05,70.0,0.0039494
BCD/BTC,1572653782325,2019-11-02T00:16:22.325Z,sell,5.641e-05,19.0,0.00107179
BCD/BTC,1572653791621,2019-11-02T00:16:31.621Z,sell,5.646e-05,14.0,0.00079044
BCD/BTC,1572653791913,2019-11-02T00:16:31.913Z,sell,5.646e-05,21.0,0.00118566
BCD/BTC,1572653793600,2019-11-02T00:16:33.600Z,buy,5.684e-05,53.0,0.00301252
BCD/BTC,1572653793787,2019-11-02T00:16:33.787Z,buy,5.684e-05,88.0,0.00500192
BCD/BTC,1572653795990,2019-11-02T00:16:35.990Z,buy,5.684e-05,37.0,0.00210308
BCD/BTC,1572653796007,2019-11-02T00:16:36.007Z,buy,5.685e-05,3.0,0.00017055
BCD/BTC,1572653798249,2019-11-02T00:16:38.249Z,buy,5.695e-05,161.0,0.00916895
BCD/BTC,1572653798538,2019-11-02T00:16:38.538Z,buy,5.695e-05,5.0,0.00028475
BCD/BTC,1572653799154,2019-11-02T00:16:39.154Z,buy,5.696e-05,64.0,0.00364544
BCD/BTC,1572653830299,2019-11-02T00:17:10.299Z,sell,5.665e-05,88.0,0.0049852
BCD/BTC,1572653837992,2019-11-02T00:17:17.992Z,buy,5.695e-05,1.0,5.695e-05
BCD/BTC,1572654059138,2019-11-02T00:20:59.138Z,sell,5.685e-05,17.0,0.00096645
BCD/BTC,1572654059138,2019-11-02T00:20:59.138Z,sell,5.674e-05,19.0,0.00107806
BCD/BTC,1572654175648,2019-11-02T00:22:55.648Z,buy,5.696e-05,1.0,5.696e-05
BCD/BTC,1572654178884,2019-11-02T00:22:58.884Z,buy,5.698e-05,110.0,0.0062678
BCD/BTC,1572654201023,2019-11-02T00:23:21.023Z,sell,5.675e-05,133.0,0.00754775
BCD/BTC,1572654221136,2019-11-02T00:23:41.136Z,buy,5.694e-05,1.0,5.694e-05
BCD/BTC,1572654616149,2019-11-02T00:30:16.149Z,buy,5.7e-05,8.0,0.000456
BCD/BTC,1572654650144,2019-11-02T00:30:50.144Z,buy,5.7e-05,6.0,0.000342
BCD/BTC,1572654845700,2019-11-02T00:34:05.700Z,sell,5.695e-05,250.0,0.0142375
BCD/BTC,1572654845700,2019-11-02T00:34:05.700Z,sell,5.694e-05,1033.0,0.05881902
BCD/BTC,1572654845700,2019-11-02T00:34:05.700Z,sell,5.695e-05,250.0,0.0142375
BCD/BTC,1572654845700,2019-11-02T00:34:05.700Z,sell,5.694e-05,1033.0,0.05881902
BCD/BTC,1572654845700,2019-11-02T00:34:05.700Z,sell,5.691e-05,315.0,0.01792665
BCD/BTC,1572654845700,2019-11-02T00:34:05.700Z,sell,5.69e-05,82.0,0.0046658
BCD/BTC,1572654845824,2019-11-02T00:34:05.824Z,sell,5.695e-05,98.0,0.0055811
BCD/BTC,1572654848963,2019-11-02T00:34:08.963Z,sell,5.695e-05,98.0,0.0055811
BCD/BTC,1572654848963,2019-11-02T00:34:08.963Z,sell,5.69e-05,12.0,0.0006828
BCD/BTC,1572654945387,2019-11-02T00:35:45.387Z,buy,5.691e-05,1.0,5.691e-05
BCD/BTC,1572655200758,2019-11-02T00:40:00.758Z,sell,5.674e-05,7.0,0.00039718
BCD/BTC,1572655200758,2019-11-02T00:40:00.758Z,sell,5.668e-05,23.0,0.00130364
BCD/BTC,1572655452265,2019-11-02T00:44:12.265Z,buy,5.681e-05,92.0,0.00522652
BCD/BTC,1572655452664,2019-11-02T00:44:12.664Z,buy,5.681e-05,5.0,0.00028405
BCD/BTC,1572655587818,2019-11-02T00:46:27.818Z,buy,5.674e-05,3.0,0.00017022
BCD/BTC,1572655661790,2019-11-02T00:47:41.790Z,buy,5.673e-05,1.0,5.673e-05
BCD/BTC,1572655718793,2019-11-02T00:48:38.793Z,sell,5.665e-05,7.0,0.00039655
BCD/BTC,1572655718793,2019-11-02T00:48:38.793Z,sell,5.658e-05,22.0,0.00124476
BCD/BTC,1572655718793,2019-11-02T00:48:38.793Z,sell,5.658e-05,77.0,0.00435666
BCD/BTC,1572655718793,2019-11-02T00:48:38.793Z,sell,5.657e-05,29.0,0.00164053
BCD/BTC,1572655718801,2019-11-02T00:48:38.801Z,sell,5.657e-05,87.0,0.00492159
BCD/BTC,1572655722234,2019-11-02T00:48:42.234Z,sell,5.657e-05,142.0,0.00803294
BCD/BTC,1572655732749,2019-11-02T00:48:52.749Z,sell,5.652e-05,146.0,0.00825192
BCD/BTC,1572655738069,2019-11-02T00:48:58.069Z,buy,5.669e-05,1.0,5.669e-05
BCD/BTC,1572656047687,2019-11-02T00:54:07.687Z,buy,5.663e-05,7.0,0.00039641
BCD/BTC,1572656047687,2019-11-02T00:54:07.687Z,buy,5.668e-05,228.0,0.01292304
BCD/BTC,1572656047793,2019-11-02T00:54:07.793Z,sell,5.671e-05,34.0,0.0019281399999999
BCD/BTC,1572656047811,2019-11-02T00:54:07.811Z,sell,5.671e-05,330.0,0.0187143
BCD/BTC,1572656147789,2019-11-02T00:55:47.789Z,sell,5.66e-05,12.0,0.0006792
BCD/BTC,1572656295205,2019-11-02T00:58:15.205Z,sell,5.642e-05,54.0,0.00304668
BCD/BTC,1572656308233,2019-11-02T00:58:28.233Z,sell,5.641e-05,107.0,0.00603587
BCD/BTC,1572656308353,2019-11-02T00:58:28.353Z,sell,5.641e-05,215.0,0.0121281499999999
BCD/BTC,1572656310501,2019-11-02T00:58:30.501Z,sell,5.64e-05,103.0,0.0058092
BCD/BTC,1572656311386,2019-11-02T00:58:31.386Z,sell,5.64e-05,74.0,0.0041736
BCD/BTC,1572656311386,2019-11-02T00:58:31.386Z,sell,5.638e-05,44.0,0.00248072
BCD/BTC,1572656318033,2019-11-02T00:58:38.033Z,sell,5.633e-05,13.0,0.00073229
BCD/BTC,1572656318033,2019-11-02T00:58:38.033Z,sell,5.631e-05,183.0,0.01030473
BCD/BTC,1572656510388,2019-11-02T01:01:50.388Z,buy,5.649e-05,168.0,0.00949032
BCD/BTC,1572656510388,2019-11-02T01:01:50.388Z,buy,5.65e-05,52.0,0.002938
BCD/BTC,1572656510395,2019-11-02T01:01:50.395Z,buy,5.65e-05,156.0,0.0088139999999999
BCD/BTC,1572656510408,2019-11-02T01:01:50.408Z,buy,5.65e-05,6.0,0.000339
BCD/BTC,1572656510408,2019-11-02T01:01:50.408Z,buy,5.651e-05,166.0,0.00938066
BCD/BTC,1572656512431,2019-11-02T01:01:52.431Z,buy,5.649e-05,50.0,0.0028245
BCD/BTC,1572656513385,2019-11-02T01:01:53.385Z,buy,5.649e-05,62.0,0.00350238
BCD/BTC,1572656522540,2019-11-02T01:02:02.540Z,sell,5.644e-05,26.0,0.00146744
BCD/BTC,1572656525471,2019-11-02T01:02:05.471Z,buy,5.662e-05,30.0,0.0016986
BCD/BTC,1572656526219,2019-11-02T01:02:06.219Z,buy,5.662e-05,4.0,0.00022648
BCD/BTC,1572656579172,2019-11-02T01:02:59.172Z,buy,5.659e-05,9.0,0.00050931
BCD/BTC,1572656587820,2019-11-02T01:03:07.820Z,buy,5.659e-05,9.0,0.00050931
BCD/BTC,1572656595272,2019-11-02T01:03:15.272Z,buy,5.659e-05,9.0,0.00050931
BCD/BTC,1572656598986,2019-11-02T01:03:18.986Z,buy,5.659e-05,9.0,0.00050931
BCD/BTC,1572656602001,2019-11-02T01:03:22.001Z,buy,5.659e-05,1.0,5.659e-05
BCD/BTC,1572656628844,2019-11-02T01:03:48.844Z,buy,5.657e-05,9.0,0.00050913
BCD/BTC,1572656629446,2019-11-02T01:03:49.446Z,buy,5.657e-05,9.0,0.00050913
BCD/BTC,1572656684586,2019-11-02T01:04:44.586Z,sell,5.643e-05,54.0,0.00304722
BCD/BTC,1572656684586,2019-11-02T01:04:44.586Z,sell,5.642e-05,62.0,0.00349804
BCD/BTC,1572656702024,2019-11-02T01:05:02.024Z,buy,5.638e-05,24.0,0.00135312
BCD/BTC,1572656703487,2019-11-02T01:05:03.487Z,buy,5.638e-05,19.0,0.00107122
BCD/BTC,1572656706194,2019-11-02T01:05:06.194Z,buy,5.638e-05,30.0,0.0016914
BCD/BTC,1572656751989,2019-11-02T01:05:51.989Z,buy,5.638e-05,40.0,0.0022551999999999
BCD/BTC,1572656751995,2019-11-02T01:05:51.995Z,buy,5.638e-05,3.0,0.00016914
BCD/BTC,1572656751995,2019-11-02T01:05:51.995Z,buy,5.643e-05,10.0,0.0005643
BCD/BTC,1572656752390,2019-11-02T01:05:52.390Z,buy,5.645e-05,30.0,0.0016935
BCD/BTC,1572656752501,2019-11-02T01:05:52.501Z,buy,5.645e-05,30.0,0.0016935
BCD/BTC,1572656752516,2019-11-02T01:05:52.516Z,sell,5.644e-05,30.0,0.0016932
BCD/BTC,1572656752516,2019-11-02T01:05:52.516Z,sell,5.635e-05,7.0,0.00039445
BCD/BTC,1572656752599,2019-11-02T01:05:52.599Z,buy,5.645e-05,28.0,0.0015806
BCD/BTC,1572656752599,2019-11-02T01:05:52.599Z,buy,5.646e-05,2.0,0.00011292
BCD/BTC,1572656757407,2019-11-02T01:05:57.407Z,buy,5.646e-05,1.0,5.646e-05
BCD/BTC,1572656757407,2019-11-02T01:05:57.407Z,buy,5.647e-05,8.0,0.00045176
BCD/BTC,1572656785174,2019-11-02T01:06:25.174Z,buy,5.647e-05,3.0,0.00016941
BCD/BTC,1572656863373,2019-11-02T01:07:43.373Z,sell,5.638e-05,168.0,0.00947184
BCD/BTC,1572656863394,2019-11-02T01:07:43.394Z,sell,5.637e-05,89.0,0.00501693
BCD/BTC,1572656863396,2019-11-02T01:07:43.396Z,sell,5.637e-05,58.0,0.0032694599999999
BCD/BTC,1572656864823,2019-11-02T01:07:44.823Z,buy,5.637e-05,166.0,0.00935742
BCD/BTC,1572656864823,2019-11-02T01:07:44.823Z,buy,5.638e-05,1379.0,0.07774802
BCD/BTC,1572656885921,2019-11-02T01:08:05.921Z,buy,5.637e-05,49.0,0.00276213
BCD/BTC,1572656901402,2019-11-02T01:08:21.402Z,buy,5.663e-05,1.0,5.663e-05
BCD/BTC,1572656980662,2019-11-02T01:09:40.662Z,buy,5.657e-05,120.0,0.0067884
BCD/BTC,1572657059832,2019-11-02T01:10:59.832Z,buy,5.657e-05,1.0,5.657e-05
BCD/BTC,1572657308337,2019-11-02T01:15:08.337Z,sell,5.622e-05,210.0,0.0118062
BCD/BTC,1572657344554,2019-11-02T01:15:44.554Z,sell,5.622e-05,201.0,0.01130022
BCD/BTC,1572657353798,2019-11-02T01:15:53.798Z,buy,5.621e-05,2.0,0.00011242
BCD/BTC,1572657353798,2019-11-02T01:15:53.798Z,buy,5.629e-05,91.0,0.00512239
BCD/BTC,1572657353829,2019-11-02T01:15:53.829Z,buy,5.629e-05,61.0,0.00343369
BCD/BTC,1572657353829,2019-11-02T01:15:53.829Z,buy,5.63e-05,36.0,0.0020268
BCD/BTC,1572657452469,2019-11-02T01:17:32.469Z,buy,5.629e-05,766.0,0.04311814
BCD/BTC,1572657501499,2019-11-02T01:18:21.499Z,buy,5.631e-05,2.0,0.00011262
BCD/BTC,1572657501499,2019-11-02T01:18:21.499Z,buy,5.632e-05,145.0,0.0081664
BCD/BTC,1572657724065,2019-11-02T01:22:04.065Z,sell,5.63e-05,59.0,0.0033217
BCD/BTC,1572657750699,2019-11-02T01:22:30.699Z,sell,5.63e-05,10.0,0.000563
BCD/BTC,1572657754876,2019-11-02T01:22:34.876Z,sell,5.63e-05,10.0,0.000563
BCD/BTC,1572657766990,2019-11-02T01:22:46.990Z,sell,5.63e-05,10.0,0.000563
BCD/BTC,1572657789583,2019-11-02T01:23:09.583Z,sell,5.63e-05,10.0,0.000563
BCD/BTC,1572657792917,2019-11-02T01:23:12.917Z,sell,5.63e-05,10.0,0.000563
BCD/BTC,1572657964523,2019-11-02T01:26:04.523Z,sell,5.63e-05,415.0,0.0233645
BCD/BTC,1572657984523,2019-11-02T01:26:24.523Z,sell,5.629e-05,2.0,0.00011258
BCD/BTC,1572658097854,2019-11-02T01:28:17.854Z,buy,5.626e-05,3.0,0.00016878
BCD/BTC,1572658129517,2019-11-02T01:28:49.517Z,sell,5.622e-05,71.0,0.00399162
BCD/BTC,1572658151920,2019-11-02T01:29:11.920Z,sell,5.607e-05,127.0,0.0071208899999999
BCD/BTC,1572658152820,2019-11-02T01:29:12.820Z,buy,5.606e-05,49.0,0.00274694
BCD/BTC,1572658153830,2019-11-02T01:29:13.830Z,buy,5.606e-05,58.0,0.00325148
BCD/BTC,1572658304331,2019-11-02T01:31:44.331Z,sell,5.606e-05,34.0,0.00190604
BCD/BTC,1572658304331,2019-11-02T01:31:44.331Z,sell,5.606e-05,34.0,0.00190604
BCD/BTC,1572658505806,2019-11-02T01:35:05.806Z,buy,5.628e-05,125.0,0.007035
BCD/BTC,1572658505806,2019-11-02T01:35:05.806Z,buy,5.629e-05,355.0,0.01998295
BCD/BTC,1572658505806,2019-11-02T01:35:05.806Z,buy,5.63e-05,34.0,0.0019142
BCD/BTC,1572658752069,2019-11-02T01:39:12.069Z,buy,5.62e-05,30.0,0.001686
BCD/BTC,1572658778949,2019-11-02T01:39:38.949Z,buy,5.62e-05,30.0,0.001686
BCD/BTC,1572658780283,2019-11-02T01:39:40.283Z,buy,5.62e-05,30.0,0.001686
BCD/BTC,1572658812448,2019-11-02T01:40:12.448Z,sell,5.605e-05,41.0,0.00229805
BCD/BTC,1572658829444,2019-11-02T01:40:29.444Z,buy,5.62e-05,1.0,5.62e-05
BCD/BTC,1572658837076,2019-11-02T01:40:37.076Z,buy,5.62e-05,17.0,0.0009553999999999
BCD/BTC,1572658891437,2019-11-02T01:41:31.437Z,buy,5.615e-05,40.0,0.002246
BCD/BTC,1572659036779,2019-11-02T01:43:56.779Z,buy,5.628e-05,10.0,0.0005628
BCD/BTC,1572659496595,2019-11-02T01:51:36.595Z,buy,5.629e-05,12.0,0.00067548
BCD/BTC,1572659622943,2019-11-02T01:53:42.943Z,buy,5.632e-05,11.0,0.00061952
BCD/BTC,1572659689773,2019-11-02T01:54:49.773Z,sell,5.619e-05,118.0,0.00663042
BCD/BTC,1572659753382,2019-11-02T01:55:53.382Z,sell,5.626e-05,228.0,0.01282728
BCD/BTC,1572659753385,2019-11-02T01:55:53.385Z,sell,5.626e-05,98.0,0.00551348
BCD/BTC,1572659753391,2019-11-02T01:55:53.391Z,sell,5.626e-05,29.0,0.00163154
BCD/BTC,1572659753391,2019-11-02T01:55:53.391Z,sell,5.625e-05,50.0,0.0028125
BCD/BTC,1572659753397,2019-11-02T01:55:53.397Z,sell,5.625e-05,55.0,0.0030937499999999
BCD/BTC,1572659753397,2019-11-02T01:55:53.397Z,sell,5.62e-05,42.0,0.0023604
BCD/BTC,1572659753413,2019-11-02T01:55:53.413Z,sell,5.627e-05,105.0,0.00590835
BCD/BTC,1572659753413,2019-11-02T01:55:53.413Z,sell,5.62e-05,139.0,0.0078118
BCD/BTC,1572659753413,2019-11-02T01:55:53.413Z,sell,5.615e-05,71.0,0.00398665
BCD/BTC,1572659753413,2019-11-02T01:55:53.413Z,sell,5.613e-05,71.0,0.00398523
BCD/BTC,1572659753413,2019-11-02T01:55:53.413Z,sell,5.603e-05,3.0,0.00016809
BCD/BTC,1572659753413,2019-11-02T01:55:53.413Z,sell,5.602e-05,2.0,0.00011204
BCD/BTC,1572659753413,2019-11-02T01:55:53.413Z,sell,5.599e-05,17.0,0.00095183
BCD/BTC,1572659753549,2019-11-02T01:55:53.549Z,sell,5.621e-05,106.0,0.00595826
BCD/BTC,1572659753723,2019-11-02T01:55:53.723Z,buy,5.632e-05,22.0,0.00123904
BCD/BTC,1572659969215,2019-11-02T01:59:29.215Z,sell,5.605e-05,128.0,0.0071744
BCD/BTC,1572659969215,2019-11-02T01:59:29.215Z,sell,5.601e-05,66.0,0.00369666
BCD/BTC,1572659970488,2019-11-02T01:59:30.488Z,sell,5.601e-05,38.0,0.00212838
BCD/BTC,1572659970488,2019-11-02T01:59:30.488Z,sell,5.597e-05,5.0,0.00027985
BCD/BTC,1572659970488,2019-11-02T01:59:30.488Z,sell,5.596e-05,25.0,0.001399
BCD/BTC,1572659970488,2019-11-02T01:59:30.488Z,sell,5.587e-05,112.0,0.0062574399999999
BCD/BTC,1572659972874,2019-11-02T01:59:32.874Z,buy,5.625e-05,111.0,0.00624375
BCD/BTC,1572660348783,2019-11-02T02:05:48.783Z,buy,5.631e-05,5.0,0.00028155
BCD/BTC,1572660348783,2019-11-02T02:05:48.783Z,buy,5.637e-05,244.0,0.0137542799999999
BCD/BTC,1572660348783,2019-11-02T02:05:48.783Z,buy,5.638e-05,44.0,0.00248072
BCD/BTC,1572660348783,2019-11-02T02:05:48.783Z,buy,5.664e-05,201.0,0.01138464
BCD/BTC,1572660380766,2019-11-02T02:06:20.766Z,buy,5.631e-05,39.0,0.00219609
BCD/BTC,1572660429381,2019-11-02T02:07:09.381Z,sell,5.638e-05,62.0,0.00349556
BCD/BTC,1572660529688,2019-11-02T02:08:49.688Z,buy,5.662e-05,899.0,0.0509013799999999
BCD/BTC,1572660529717,2019-11-02T02:08:49.717Z,sell,5.664e-05,30.0,0.0016992
BCD/BTC,1572660529725,2019-11-02T02:08:49.725Z,sell,5.664e-05,30.0,0.0016992
BCD/BTC,1572660529737,2019-11-02T02:08:49.737Z,sell,5.664e-05,28.0,0.00158592
BCD/BTC,1572660529781,2019-11-02T02:08:49.781Z,sell,5.664e-05,34.0,0.0019257599999999
BCD/BTC,1572660530278,2019-11-02T02:08:50.278Z,sell,5.664e-05,33.0,0.00186912
BCD/BTC,1572660530338,2019-11-02T02:08:50.338Z,sell,5.664e-05,110.0,0.0062304
BCD/BTC,1572660530381,2019-11-02T02:08:50.381Z,sell,5.664e-05,23.0,0.00130272
BCD/BTC,1572660531147,2019-11-02T02:08:51.147Z,sell,5.664e-05,15.0,0.0008496
BCD/BTC,1572660531188,2019-11-02T02:08:51.188Z,sell,5.664e-05,427.0,0.02418528
BCD/BTC,1572660531744,2019-11-02T02:08:51.744Z,sell,5.664e-05,25.0,0.001416
BCD/BTC,1572660532896,2019-11-02T02:08:52.896Z,sell,5.664e-05,25.0,0.001416
BCD/BTC,1572660533491,2019-11-02T02:08:53.491Z,sell,5.664e-05,577.0,0.03268128
BCD/BTC,1572660556854,2019-11-02T02:09:16.854Z,buy,5.665e-05,5.0,0.00028325
BCD/BTC,1572660619302,2019-11-02T02:10:19.302Z,buy,5.671e-05,146.0,0.00827966
BCD/BTC,1572660619728,2019-11-02T02:10:19.728Z,sell,5.671e-05,892.0,0.0505853199999999
BCD/BTC,1572660622253,2019-11-02T02:10:22.253Z,sell,5.671e-05,79.0,0.00448009
BCD/BTC,1572660626789,2019-11-02T02:10:26.789Z,sell,5.671e-05,75.0,0.00425325
BCD/BTC,1572660627261,2019-11-02T02:10:27.261Z,sell,5.671e-05,435.0,0.02466885
BCD/BTC,1572660630214,2019-11-02T02:10:30.214Z,sell,5.671e-05,236.0,0.01338356
BCD/BTC,1572660874495,2019-11-02T02:14:34.495Z,buy,5.67e-05,11.0,0.0006237
BCD/BTC,1572660884781,2019-11-02T02:14:44.781Z,buy,5.67e-05,223.0,0.0126441
BCD/BTC,1572660884781,2019-11-02T02:14:44.781Z,buy,5.671e-05,2.0,0.00011342
BCD/BTC,1572660884781,2019-11-02T02:14:44.781Z,buy,5.672e-05,41.0,0.0023255199999999
BCD/BTC,1572660884781,2019-11-02T02:14:44.781Z,buy,5.673e-05,3.0,0.00017019
BCD/BTC,1572660884781,2019-11-02T02:14:44.781Z,buy,5.674e-05,173.0,0.00981602
BCD/BTC,1572660884781,2019-11-02T02:14:44.781Z,buy,5.679e-05,13.0,0.00073827
BCD/BTC,1572660884781,2019-11-02T02:14:44.781Z,buy,5.681e-05,142.0,0.00806702
BCD/BTC,1572660884781,2019-11-02T02:14:44.781Z,buy,5.688e-05,164.0,0.00932832
BCD/BTC,1572660884781,2019-11-02T02:14:44.781Z,buy,5.7e-05,71.0,0.004047
BCD/BTC,1572660884781,2019-11-02T02:14:44.781Z,buy,5.706e-05,41.0,0.00233946
BCD/BTC,1572660884781,2019-11-02T02:14:44.781Z,buy,5.708e-05,3.0,0.00017124
BCD/BTC,1572660884781,2019-11-02T02:14:44.781Z,buy,5.726e-05,13.0,0.00074438
BCD/BTC,1572660884781,2019-11-02T02:14:44.781Z,buy,5.733e-05,62.0,0.00355446
BCD/BTC,1572660884781,2019-11-02T02:14:44.781Z,buy,5.734e-05,5.0,0.0002867
BCD/BTC,1572660884781,2019-11-02T02:14:44.781Z,buy,5.737e-05,11.0,0.00063107
BCD/BTC,1572660884781,2019-11-02T02:14:44.781Z,buy,5.74e-05,41.0,0.0023534
BCD/BTC,1572660884781,2019-11-02T02:14:44.781Z,buy,5.743e-05,53.0,0.0030437899999999
BCD/BTC,1572660884781,2019-11-02T02:14:44.781Z,buy,5.746e-05,338.0,0.01942148
BCD/BTC,1572660887179,2019-11-02T02:14:47.179Z,sell,5.708e-05,3.0,0.00017124
BCD/BTC,1572660887179,2019-11-02T02:14:47.179Z,sell,5.706e-05,41.0,0.00233946
BCD/BTC,1572660887179,2019-11-02T02:14:47.179Z,sell,5.7e-05,2.0,0.000114
BCD/BTC,1572660887251,2019-11-02T02:14:47.251Z,sell,5.7e-05,3.0,0.000171
BCD/BTC,1572660889035,2019-11-02T02:14:49.035Z,buy,5.7e-05,129.0,0.007353
BCD/BTC,1572660889035,2019-11-02T02:14:49.035Z,buy,5.745e-05,191.0,0.01097295
BCD/BTC,1572660889035,2019-11-02T02:14:49.035Z,buy,5.746e-05,210.0,0.0120666
BCD/BTC,1572660889035,2019-11-02T02:14:49.035Z,buy,5.75e-05,6.0,0.000345
BCD/BTC,1572660889035,2019-11-02T02:14:49.035Z,buy,5.751e-05,25.0,0.00143775
BCD/BTC,1572660889035,2019-11-02T02:14:49.035Z,buy,5.762e-05,2.0,0.00011524
BCD/BTC,1572660889035,2019-11-02T02:14:49.035Z,buy,5.769e-05,5.0,0.00028845
BCD/BTC,1572660889035,2019-11-02T02:14:49.035Z,buy,5.773e-05,13.0,0.0007504899999999
BCD/BTC,1572660889035,2019-11-02T02:14:49.035Z,buy,5.775e-05,51.0,0.00294525
BCD/BTC,1572660889035,2019-11-02T02:14:49.035Z,buy,5.777e-05,262.0,0.01513574
BCD/BTC,1572660889035,2019-11-02T02:14:49.035Z,buy,5.778e-05,3.0,0.00017334
BCD/BTC,1572660889035,2019-11-02T02:14:49.035Z,buy,5.805e-05,5.0,0.00029025
BCD/BTC,1572660889035,2019-11-02T02:14:49.035Z,buy,5.809e-05,41.0,0.00238169
BCD/BTC,1572660889035,2019-11-02T02:14:49.035Z,buy,5.812e-05,3.0,0.00017436
BCD/BTC,1572660889035,2019-11-02T02:14:49.035Z,buy,5.82e-05,13.0,0.0007566
BCD/BTC,1572660889035,2019-11-02T02:14:49.035Z,buy,5.837e-05,74.0,0.00431938
BCD/BTC,1572660889424,2019-11-02T02:14:49.424Z,sell,5.681e-05,1000.0,0.05681
BCD/BTC,1572660889424,2019-11-02T02:14:49.424Z,sell,5.68e-05,804.0,0.0456672
BCD/BTC,1572660889588,2019-11-02T02:14:49.588Z,buy,5.681e-05,30.0,0.0017043
BCD/BTC,1572660890015,2019-11-02T02:14:50.015Z,sell,5.734e-05,5.0,0.0002867
BCD/BTC,1572660890239,2019-11-02T02:14:50.239Z,buy,5.738e-05,41.0,0.00235258
BCD/BTC,1572660890537,2019-11-02T02:14:50.537Z,buy,5.738e-05,41.0,0.00235258
BCD/BTC,1572660890750,2019-11-02T02:14:50.750Z,buy,5.738e-05,5.0,0.0002869
BCD/BTC,1572660890851,2019-11-02T02:14:50.851Z,buy,5.738e-05,3.0,0.00017214
BCD/BTC,1572660891601,2019-11-02T02:14:51.601Z,sell,5.708e-05,3.0,0.00017124
BCD/BTC,1572660891601,2019-11-02T02:14:51.601Z,sell,5.7e-05,5.0,0.000285
BCD/BTC,1572660891601,2019-11-02T02:14:51.601Z,sell,5.681e-05,918.0,0.05215158
BCD/BTC,1572660891991,2019-11-02T02:14:51.991Z,buy,5.713e-05,13.0,0.00074269
BCD/BTC,1572660892305,2019-11-02T02:14:52.305Z,buy,5.713e-05,13.0,0.00074269
BCD/BTC,1572660893085,2019-11-02T02:14:53.085Z,buy,5.712e-05,783.0,0.04472496
BCD/BTC,1572660903287,2019-11-02T02:15:03.287Z,buy,5.692e-05,591.0,0.03363972
BCD/BTC,1572660903287,2019-11-02T02:15:03.287Z,buy,5.733e-05,82.0,0.00470106
BCD/BTC,1572660903287,2019-11-02T02:15:03.287Z,buy,5.734e-05,5.0,0.0002867
BCD/BTC,1572660903287,2019-11-02T02:15:03.287Z,buy,5.739e-05,67.0,0.00384513
BCD/BTC,1572660903287,2019-11-02T02:15:03.287Z,buy,5.74e-05,41.0,0.0023534
BCD/BTC,1572660903287,2019-11-02T02:15:03.287Z,buy,5.743e-05,3.0,0.00017229
BCD/BTC,1572660903287,2019-11-02T02:15:03.287Z,buy,5.769e-05,5.0,0.00028845
BCD/BTC,1572660903287,2019-11-02T02:15:03.287Z,buy,5.773e-05,13.0,0.0007504899999999
BCD/BTC,1572660903287,2019-11-02T02:15:03.287Z,buy,5.775e-05,41.0,0.00236775
BCD/BTC,1572660903287,2019-11-02T02:15:03.287Z,buy,5.778e-05,3.0,0.00017334
BCD/BTC,1572660903287,2019-11-02T02:15:03.287Z,buy,5.804e-05,113.0,0.00655852
BCD/BTC,1572660903287,2019-11-02T02:15:03.287Z,buy,5.805e-05,5.0,0.00029025
BCD/BTC,1572660903287,2019-11-02T02:15:03.287Z,buy,5.809e-05,41.0,0.00238169
BCD/BTC,1572660903287,2019-11-02T02:15:03.287Z,buy,5.812e-05,3.0,0.00017436
BCD/BTC,1572660903287,2019-11-02T02:15:03.287Z,buy,5.82e-05,13.0,0.0007566
BCD/BTC,1572660903287,2019-11-02T02:15:03.287Z,buy,5.837e-05,107.0,0.00624559
BCD/BTC,1572660903287,2019-11-02T02:15:03.287Z,buy,5.838e-05,617.0,0.03602046
BCD/BTC,1572660904136,2019-11-02T02:15:04.136Z,sell,5.695e-05,25.0,0.00142375
BCD/BTC,1572660904257,2019-11-02T02:15:04.257Z,sell,5.695e-05,17.0,0.00096815
BCD/BTC,1572660904627,2019-11-02T02:15:04.627Z,buy,5.732e-05,5.0,0.0002866
BCD/BTC,1572660904731,2019-11-02T02:15:04.731Z,sell,5.701e-05,157.0,0.00895057
BCD/BTC,1572660904734,2019-11-02T02:15:04.734Z,sell,5.701e-05,5.0,0.00028505
BCD/BTC,1572660904734,2019-11-02T02:15:04.734Z,sell,5.7e-05,5.0,0.000285
BCD/BTC,1572660904734,2019-11-02T02:15:04.734Z,sell,5.695e-05,158.0,0.0089981
BCD/BTC,1572660904742,2019-11-02T02:15:04.742Z,buy,5.731e-05,5.0,0.00028655
BCD/BTC,1572660904834,2019-11-02T02:15:04.834Z,sell,5.695e-05,15.0,0.00085425
BCD/BTC,1572660904887,2019-11-02T02:15:04.887Z,sell,5.706e-05,36.0,0.00205416
BCD/BTC,1572660904922,2019-11-02T02:15:04.922Z,sell,5.706e-05,5.0,0.0002853
BCD/BTC,1572660905097,2019-11-02T02:15:05.097Z,sell,5.695e-05,47.0,0.00267665
BCD/BTC,1572660905269,2019-11-02T02:15:05.269Z,buy,5.689e-05,41.0,0.00233249
BCD/BTC,1572660905630,2019-11-02T02:15:05.630Z,buy,5.689e-05,30.0,0.0017067
BCD/BTC,1572660905630,2019-11-02T02:15:05.630Z,buy,5.7e-05,11.0,0.000627
BCD/BTC,1572660906423,2019-11-02T02:15:06.423Z,buy,5.7e-05,13.0,0.000741
BCD/BTC,1572660906919,2019-11-02T02:15:06.919Z,buy,5.7e-05,13.0,0.000741
BCD/BTC,1572660907130,2019-11-02T02:15:07.130Z,buy,5.7e-05,2.0,0.000114
BCD/BTC,1572660907130,2019-11-02T02:15:07.130Z,buy,5.722e-05,1.0,5.722e-05
BCD/BTC,1572660907638,2019-11-02T02:15:07.638Z,buy,5.721e-05,3.0,0.00017163
BCD/BTC,1572660907672,2019-11-02T02:15:07.672Z,sell,5.683e-05,123.0,0.00699009
BCD/BTC,1572660917213,2019-11-02T02:15:17.213Z,sell,5.708e-05,3.0,0.00017124
BCD/BTC,1572660917355,2019-11-02T02:15:17.355Z,buy,5.722e-05,150.0,0.008583
BCD/BTC,1572660917445,2019-11-02T02:15:17.445Z,sell,5.722e-05,390.0,0.0223158
BCD/BTC,1572660917449,2019-11-02T02:15:17.449Z,sell,5.722e-05,24.0,0.00137328
BCD/BTC,1572660925043,2019-11-02T02:15:25.043Z,sell,5.681e-05,107.0,0.0060786699999999
BCD/BTC,1572660925043,2019-11-02T02:15:25.043Z,sell,5.68e-05,307.0,0.0174376
BCD/BTC,1572660925949,2019-11-02T02:15:25.949Z,sell,5.681e-05,83.0,0.00471523
BCD/BTC,1572660925949,2019-11-02T02:15:25.949Z,sell,5.68e-05,331.0,0.0188008
BCD/BTC,1572660929132,2019-11-02T02:15:29.132Z,sell,5.681e-05,51.0,0.00289731
BCD/BTC,1572660929176,2019-11-02T02:15:29.176Z,sell,5.681e-05,4.0,0.00022724
BCD/BTC,1572660929176,2019-11-02T02:15:29.176Z,sell,5.68e-05,196.0,0.0111328
BCD/BTC,1572660931143,2019-11-02T02:15:31.143Z,sell,5.681e-05,111.0,0.00630591
BCD/BTC,1572660935298,2019-11-02T02:15:35.298Z,sell,5.679e-05,13.0,0.00073827
BCD/BTC,1572660935298,2019-11-02T02:15:35.298Z,sell,5.676e-05,175.0,0.0099329999999999
BCD/BTC,1572660935298,2019-11-02T02:15:35.298Z,sell,5.673e-05,3.0,0.00017019
BCD/BTC,1572660935298,2019-11-02T02:15:35.298Z,sell,5.672e-05,41.0,0.0023255199999999
BCD/BTC,1572660935298,2019-11-02T02:15:35.298Z,sell,5.666e-05,182.0,0.01031212
BCD/BTC,1572660963002,2019-11-02T02:16:03.002Z,buy,5.695e-05,264.0,0.0150348
BCD/BTC,1572661174986,2019-11-02T02:19:34.986Z,sell,5.665e-05,5.0,0.00028325
BCD/BTC,1572661175024,2019-11-02T02:19:35.024Z,buy,5.665e-05,26.0,0.0014729
BCD/BTC,1572661175059,2019-11-02T02:19:35.059Z,buy,5.665e-05,4.0,0.0002266
BCD/BTC,1572661195673,2019-11-02T02:19:55.673Z,sell,5.642e-05,11.0,0.00062062
BCD/BTC,1572661195673,2019-11-02T02:19:55.673Z,sell,5.641e-05,245.0,0.01382045
BCD/BTC,1572661199494,2019-11-02T02:19:59.494Z,sell,5.64e-05,6.0,0.0003384
BCD/BTC,1572661215787,2019-11-02T02:20:15.787Z,sell,5.641e-05,16.0,0.00090256
BCD/BTC,1572661389644,2019-11-02T02:23:09.644Z,buy,5.664e-05,11.0,0.00062304
BCD/BTC,1572661390334,2019-11-02T02:23:10.334Z,buy,5.665e-05,279.0,0.01580535
BCD/BTC,1572661798718,2019-11-02T02:29:58.718Z,sell,5.652e-05,1322.0,0.07471944
BCD/BTC,1572661798718,2019-11-02T02:29:58.718Z,sell,5.651e-05,428.0,0.02418628
BCD/BTC,1572661798718,2019-11-02T02:29:58.718Z,sell,5.652e-05,1322.0,0.07471944
BCD/BTC,1572661798718,2019-11-02T02:29:58.718Z,sell,5.651e-05,428.0,0.02418628
BCD/BTC,1572662064346,2019-11-02T02:34:24.346Z,sell,5.651e-05,812.0,0.04588612
BCD/BTC,1572662064346,2019-11-02T02:34:24.346Z,sell,5.647e-05,176.0,0.00993872
BCD/BTC,1572662064346,2019-11-02T02:34:24.346Z,sell,5.642e-05,13.0,0.00073346
BCD/BTC,1572662064346,2019-11-02T02:34:24.346Z,sell,5.641e-05,43.0,0.00242563
BCD/BTC,1572662064346,2019-11-02T02:34:24.346Z,sell,5.638e-05,44.0,0.00248072
BCD/BTC,1572662064346,2019-11-02T02:34:24.346Z,sell,5.633e-05,13.0,0.00073229
BCD/BTC,1572662064346,2019-11-02T02:34:24.346Z,sell,5.632e-05,960.0,0.0540672
BCD/BTC,1572662064346,2019-11-02T02:34:24.346Z,sell,5.631e-05,3462.0,0.19494522
BCD/BTC,1572662090246,2019-11-02T02:34:50.246Z,sell,5.634e-05,134.0,0.00754956
BCD/BTC,1572662090246,2019-11-02T02:34:50.246Z,sell,5.631e-05,3946.0,0.22219926
BCD/BTC,1572662267924,2019-11-02T02:37:47.924Z,buy,5.657e-05,1.0,5.657e-05
BCD/BTC,1572662377884,2019-11-02T02:39:37.884Z,buy,5.656e-05,1.0,5.656e-05
BCD/BTC,1572662488009,2019-11-02T02:41:28.009Z,buy,5.657e-05,1.0,5.657e-05
BCD/BTC,1572662569952,2019-11-02T02:42:49.952Z,sell,5.633e-05,3.0,0.00016899
BCD/BTC,1572662569952,2019-11-02T02:42:49.952Z,sell,5.632e-05,10.0,0.0005632
BCD/BTC,1572662920451,2019-11-02T02:48:40.451Z,sell,5.632e-05,43.0,0.00242176
BCD/BTC,1572663044020,2019-11-02T02:50:44.020Z,buy,5.65e-05,105.0,0.0059324999999999
BCD/BTC,1572663044600,2019-11-02T02:50:44.600Z,buy,5.651e-05,5.0,0.00028255
BCD/BTC,1572663893799,2019-11-02T03:04:53.799Z,sell,5.651e-05,7.0,0.00039557
BCD/BTC,1572663928958,2019-11-02T03:05:28.958Z,buy,5.651e-05,28.0,0.00158228
BCD/BTC,1572663928958,2019-11-02T03:05:28.958Z,buy,5.659e-05,252.0,0.01426068
BCD/BTC,1572663928958,2019-11-02T03:05:28.958Z,buy,5.66e-05,231.0,0.0130746
BCD/BTC,1572663928958,2019-11-02T03:05:28.958Z,buy,5.665e-05,5.0,0.00028325
BCD/BTC,1572663928958,2019-11-02T03:05:28.958Z,buy,5.672e-05,41.0,0.0023255199999999
BCD/BTC,1572663928958,2019-11-02T03:05:28.958Z,buy,5.673e-05,19.0,0.00107787
BCD/BTC,1572663928958,2019-11-02T03:05:28.958Z,buy,5.675e-05,49.0,0.00278075
BCD/BTC,1572663928958,2019-11-02T03:05:28.958Z,buy,5.679e-05,13.0,0.00073827
BCD/BTC,1572663928958,2019-11-02T03:05:28.958Z,buy,5.695e-05,128.0,0.0072896
BCD/BTC,1572663928958,2019-11-02T03:05:28.958Z,buy,5.698e-05,283.0,0.01612534
BCD/BTC,1572664286160,2019-11-02T03:11:26.160Z,buy,5.664e-05,18.0,0.0010195199999999
BCD/BTC,1572664816887,2019-11-02T03:20:16.887Z,buy,5.66e-05,6.0,0.0003396
BCD/BTC,1572665083217,2019-11-02T03:24:43.217Z,sell,5.639e-05,133.0,0.00749987
BCD/BTC,1572665083217,2019-11-02T03:24:43.217Z,sell,5.638e-05,44.0,0.00248072
BCD/BTC,1572665083217,2019-11-02T03:24:43.217Z,sell,5.635e-05,83.0,0.00467705
BCD/BTC,1572665083217,2019-11-02T03:24:43.217Z,sell,5.634e-05,573.0,0.03228282
BCD/BTC,1572665083217,2019-11-02T03:24:43.217Z,sell,5.633e-05,190.0,0.0107026999999999
BCD/BTC,1572665083217,2019-11-02T03:24:43.217Z,sell,5.632e-05,758.0,0.04269056
BCD/BTC,1572665083217,2019-11-02T03:24:43.217Z,sell,5.631e-05,377.0,0.02122887
BCD/BTC,1572665083244,2019-11-02T03:24:43.244Z,buy,5.654e-05,1.0,5.654e-05
BCD/BTC,1572665232153,2019-11-02T03:27:12.153Z,buy,5.649e-05,1.0,5.649e-05
BCD/BTC,1572665286755,2019-11-02T03:28:06.755Z,buy,5.648e-05,3.0,0.00016944
BCD/BTC,1572665286755,2019-11-02T03:28:06.755Z,buy,5.649e-05,438.0,0.02474262
BCD/BTC,1572665319342,2019-11-02T03:28:39.342Z,buy,5.651e-05,354.0,0.02000454
BCD/BTC,1572665319342,2019-11-02T03:28:39.342Z,buy,5.651e-05,354.0,0.02000454
BCD/BTC,1572665584135,2019-11-02T03:33:04.135Z,buy,5.651e-05,28.0,0.00158228
BCD/BTC,1572665643303,2019-11-02T03:34:03.303Z,sell,5.668e-05,136.0,0.00770848
BCD/BTC,1572665728861,2019-11-02T03:35:28.861Z,sell,5.667e-05,146.0,0.00827382
BCD/BTC,1572665771487,2019-11-02T03:36:11.487Z,sell,5.667e-05,414.0,0.02346138
BCD/BTC,1572665771487,2019-11-02T03:36:11.487Z,sell,5.666e-05,735.0,0.0416451
BCD/BTC,1572665846033,2019-11-02T03:37:26.033Z,buy,5.663e-05,63.0,0.00356769
BCD/BTC,1572665927914,2019-11-02T03:38:47.914Z,buy,5.668e-05,11.0,0.00062348
BCD/BTC,1572665963239,2019-11-02T03:39:23.239Z,buy,5.661e-05,176.0,0.00996336
BCD/BTC,1572665963239,2019-11-02T03:39:23.239Z,buy,5.662e-05,354.0,0.02004348
BCD/BTC,1572665963239,2019-11-02T03:39:23.239Z,buy,5.663e-05,176.0,0.00996688
BCD/BTC,1572665965349,2019-11-02T03:39:25.349Z,buy,5.661e-05,129.0,0.00730269
BCD/BTC,1572665968125,2019-11-02T03:39:28.125Z,buy,5.661e-05,118.0,0.00667998
BCD/BTC,1572665968125,2019-11-02T03:39:28.125Z,buy,5.662e-05,8.0,0.00045296
BCD/BTC,1572665970153,2019-11-02T03:39:30.153Z,buy,5.662e-05,53.0,0.0030008599999999
BCD/BTC,1572665986546,2019-11-02T03:39:46.546Z,buy,5.662e-05,9.0,0.0005095799999999
BCD/BTC,1572665986546,2019-11-02T03:39:46.546Z,buy,5.665e-05,125.0,0.00708125
BCD/BTC,1572665986546,2019-11-02T03:39:46.546Z,buy,5.666e-05,377.0,0.02136082
BCD/BTC,1572666024147,2019-11-02T03:40:24.147Z,buy,5.666e-05,9.0,0.00050994
BCD/BTC,1572666050041,2019-11-02T03:40:50.041Z,sell,5.666e-05,1.0,5.666e-05
BCD/BTC,1572666176464,2019-11-02T03:42:56.464Z,buy,5.666e-05,2.0,0.00011332
BCD/BTC,1572666311946,2019-11-02T03:45:11.946Z,sell,5.654e-05,234.0,0.01323036
BCD/BTC,1572666590442,2019-11-02T03:49:50.442Z,buy,5.665e-05,538.0,0.0304777
BCD/BTC,1572666594899,2019-11-02T03:49:54.899Z,buy,5.665e-05,310.0,0.0175615
BCD/BTC,1572666618185,2019-11-02T03:50:18.185Z,buy,5.666e-05,97.0,0.00549602
BCD/BTC,1572667050001,2019-11-02T03:57:30.001Z,buy,5.668e-05,2.0,0.00011336
BCD/BTC,1572667050001,2019-11-02T03:57:30.001Z,buy,5.67e-05,499.0,0.0282933
BCD/BTC,1572667206257,2019-11-02T04:00:06.257Z,sell,5.671e-05,63.0,0.0035727299999999
BCD/BTC,1572667351994,2019-11-02T04:02:31.994Z,buy,5.672e-05,18.0,0.00102096
BCD/BTC,1572667474077,2019-11-02T04:04:34.077Z,sell,5.671e-05,178.0,0.01009438
BCD/BTC,1572667952893,2019-11-02T04:12:32.893Z,buy,5.672e-05,278.0,0.01576816
BCD/BTC,1572668686723,2019-11-02T04:24:46.723Z,sell,5.669e-05,154.0,0.00873026
BCD/BTC,1572668686723,2019-11-02T04:24:46.723Z,sell,5.668e-05,353.0,0.02000804
BCD/BTC,1572668688896,2019-11-02T04:24:48.896Z,sell,5.669e-05,103.0,0.00583907
BCD/BTC,1572668778420,2019-11-02T04:26:18.420Z,sell,5.669e-05,2.0,0.00011338
BCD/BTC,1572668778420,2019-11-02T04:26:18.420Z,sell,5.663e-05,66.0,0.00373758
BCD/BTC,1572668778420,2019-11-02T04:26:18.420Z,sell,5.669e-05,2.0,0.00011338
BCD/BTC,1572668778420,2019-11-02T04:26:18.420Z,sell,5.663e-05,66.0,0.00373758
BCD/BTC,1572669079705,2019-11-02T04:31:19.705Z,sell,5.655e-05,69.0,0.00390195
BCD/BTC,1572669079705,2019-11-02T04:31:19.705Z,sell,5.654e-05,70.0,0.0039578
BCD/BTC,1572669230955,2019-11-02T04:33:50.955Z,sell,5.654e-05,64.0,0.00361856
BCD/BTC,1572670454285,2019-11-02T04:54:14.285Z,sell,5.669e-05,67.0,0.00379823
BCD/BTC,1572670454285,2019-11-02T04:54:14.285Z,sell,5.654e-05,77.0,0.00435358
BCD/BTC,1572670454285,2019-11-02T04:54:14.285Z,sell,5.653e-05,156.0,0.00881868
BCD/BTC,1572670463078,2019-11-02T04:54:23.078Z,buy,5.673e-05,3.0,0.00017019
BCD/BTC,1572670463078,2019-11-02T04:54:23.078Z,buy,5.679e-05,7.0,0.00039753
BCD/BTC,1572670473695,2019-11-02T04:54:33.695Z,buy,5.679e-05,6.0,0.0003407399999999
BCD/BTC,1572670473695,2019-11-02T04:54:33.695Z,buy,5.693e-05,229.0,0.01303697
BCD/BTC,1572670473695,2019-11-02T04:54:33.695Z,buy,5.694e-05,265.0,0.0150891
BCD/BTC,1572670479375,2019-11-02T04:54:39.375Z,sell,5.661e-05,78.0,0.00441558
BCD/BTC,1572670479375,2019-11-02T04:54:39.375Z,sell,5.66e-05,265.0,0.014999
BCD/BTC,1572670479375,2019-11-02T04:54:39.375Z,sell,5.653e-05,69.0,0.00390057
BCD/BTC,1572670485495,2019-11-02T04:54:45.495Z,buy,5.692e-05,187.0,0.0106440399999999
BCD/BTC,1572670485495,2019-11-02T04:54:45.495Z,buy,5.693e-05,625.0,0.03558125
BCD/BTC,1572670485535,2019-11-02T04:54:45.535Z,buy,5.693e-05,266.0,0.01514338
BCD/BTC,1572670485535,2019-11-02T04:54:45.535Z,buy,5.694e-05,234.0,0.01332396
BCD/BTC,1572670495007,2019-11-02T04:54:55.007Z,sell,5.664e-05,333.0,0.01886112
BCD/BTC,1572670495007,2019-11-02T04:54:55.007Z,sell,5.662e-05,8.0,0.00045296
BCD/BTC,1572671468829,2019-11-02T05:11:08.829Z,buy,5.682e-05,300.0,0.017046
BCD/BTC,1572671836972,2019-11-02T05:17:16.972Z,buy,5.682e-05,1.0,5.682e-05
BCD/BTC,1572672197746,2019-11-02T05:23:17.746Z,buy,5.682e-05,1.0,5.682e-05
BCD/BTC,1572672197746,2019-11-02T05:23:17.746Z,buy,5.692e-05,3.0,0.00017076
BCD/BTC,1572672197746,2019-11-02T05:23:17.746Z,buy,5.698e-05,52.0,0.00296296
BCD/BTC,1572672197746,2019-11-02T05:23:17.746Z,buy,5.699e-05,110.0,0.0062689
BCD/BTC,1572672198318,2019-11-02T05:23:18.318Z,buy,5.699e-05,8.0,0.00045592
BCD/BTC,1572672250360,2019-11-02T05:24:10.360Z,sell,5.685e-05,30.0,0.0017055
BCD/BTC,1572672256052,2019-11-02T05:24:16.052Z,sell,5.686e-05,9.0,0.00051174
BCD/BTC,1572672259463,2019-11-02T05:24:19.463Z,sell,5.686e-05,9.0,0.00051174
BCD/BTC,1572672259463,2019-11-02T05:24:19.463Z,sell,5.686e-05,9.0,0.00051174
BCD/BTC,1572672391758,2019-11-02T05:26:31.758Z,buy,5.693e-05,2.0,0.00011386
BCD/BTC,1572672391758,2019-11-02T05:26:31.758Z,buy,5.699e-05,57.0,0.00324843
BCD/BTC,1572672391758,2019-11-02T05:26:31.758Z,buy,5.7e-05,5.0,0.000285
BCD/BTC,1572672391758,2019-11-02T05:26:31.758Z,buy,5.704e-05,100.0,0.005704
BCD/BTC,1572672391758,2019-11-02T05:26:31.758Z,buy,5.705e-05,175.0,0.00998375
BCD/BTC,1572672391758,2019-11-02T05:26:31.758Z,buy,5.706e-05,41.0,0.00233946
BCD/BTC,1572672391758,2019-11-02T05:26:31.758Z,buy,5.708e-05,3.0,0.00017124
BCD/BTC,1572672391758,2019-11-02T05:26:31.758Z,buy,5.71e-05,6.0,0.0003426
BCD/BTC,1572672391758,2019-11-02T05:26:31.758Z,buy,5.716e-05,58.0,0.00331528
BCD/BTC,1572672392329,2019-11-02T05:26:32.329Z,buy,5.716e-05,20.0,0.0011432
BCD/BTC,1572672392435,2019-11-02T05:26:32.435Z,sell,5.686e-05,403.0,0.02291458
BCD/BTC,1572672648799,2019-11-02T05:30:48.799Z,buy,5.688e-05,6.0,0.00034128
BCD/BTC,1572672859410,2019-11-02T05:34:19.410Z,buy,5.694e-05,4.0,0.00022776
BCD/BTC,1572673199203,2019-11-02T05:39:59.203Z,sell,5.675e-05,9.0,0.0005107499999999
BCD/BTC,1572673199227,2019-11-02T05:39:59.227Z,sell,5.675e-05,9.0,0.0005107499999999
BCD/BTC,1572673199375,2019-11-02T05:39:59.375Z,sell,5.675e-05,22.0,0.0012485
BCD/BTC,1572673199375,2019-11-02T05:39:59.375Z,sell,5.674e-05,8.0,0.00045392
BCD/BTC,1572673208155,2019-11-02T05:40:08.155Z,sell,5.674e-05,48.0,0.00272352
BCD/BTC,1572673208155,2019-11-02T05:40:08.155Z,sell,5.673e-05,3.0,0.00017019
BCD/BTC,1572673209296,2019-11-02T05:40:09.296Z,sell,5.674e-05,73.0,0.00414202
BCD/BTC,1572673210299,2019-11-02T05:40:10.299Z,sell,5.674e-05,31.0,0.00175894
BCD/BTC,1572673210299,2019-11-02T05:40:10.299Z,sell,5.672e-05,2.0,0.00011344
BCD/BTC,1572673222080,2019-11-02T05:40:22.080Z,sell,5.672e-05,30.0,0.0017016
BCD/BTC,1572673267088,2019-11-02T05:41:07.088Z,sell,5.672e-05,9.0,0.00051048
BCD/BTC,1572673434133,2019-11-02T05:43:54.133Z,buy,5.686e-05,7.0,0.00039802
BCD/BTC,1572674239574,2019-11-02T05:57:19.574Z,sell,5.666e-05,7.0,0.00039662
BCD/BTC,1572674239574,2019-11-02T05:57:19.574Z,sell,5.665e-05,123.0,0.00696795
BCD/BTC,1572674239574,2019-11-02T05:57:19.574Z,sell,5.666e-05,7.0,0.00039662
BCD/BTC,1572674239574,2019-11-02T05:57:19.574Z,sell,5.665e-05,123.0,0.00696795
BCD/BTC,1572676395105,2019-11-02T06:33:15.105Z,sell,5.666e-05,70.0,0.0039662
BCD/BTC,1572676395105,2019-11-02T06:33:15.105Z,sell,5.665e-05,1260.0,0.071379
BCD/BTC,1572676395105,2019-11-02T06:33:15.105Z,sell,5.666e-05,70.0,0.0039662
BCD/BTC,1572676395105,2019-11-02T06:33:15.105Z,sell,5.665e-05,1260.0,0.071379
BCD/BTC,1572677852694,2019-11-02T06:57:32.694Z,sell,5.666e-05,70.0,0.0039662
BCD/BTC,1572677852694,2019-11-02T06:57:32.694Z,sell,5.665e-05,240.0,0.013596
BCD/BTC,1572677852694,2019-11-02T06:57:32.694Z,sell,5.664e-05,20.0,0.0011328
BCD/BTC,1572677976079,2019-11-02T06:59:36.079Z,buy,5.683e-05,71.0,0.00403493
BCD/BTC,1572679398586,2019-11-02T07:23:18.586Z,sell,5.677e-05,217.0,0.01231909
BCD/BTC,1572679982053,2019-11-02T07:33:02.053Z,sell,5.66e-05,7.0,0.0003962
BCD/BTC,1572679982053,2019-11-02T07:33:02.053Z,sell,5.66e-05,7.0,0.0003962
BCD/BTC,1572680330332,2019-11-02T07:38:50.332Z,buy,5.676e-05,60.0,0.0034056
BCD/BTC,1572680632582,2019-11-02T07:43:52.582Z,sell,5.661e-05,70.0,0.0039627
BCD/BTC,1572680742817,2019-11-02T07:45:42.817Z,sell,5.659e-05,4.0,0.00022636
BCD/BTC,1572680742817,2019-11-02T07:45:42.817Z,sell,5.654e-05,169.0,0.00955526
BCD/BTC,1572680751673,2019-11-02T07:45:51.673Z,sell,5.654e-05,4.0,0.00022616
BCD/BTC,1572680751673,2019-11-02T07:45:51.673Z,sell,5.648e-05,60.0,0.0033888
BCD/BTC,1572680751673,2019-11-02T07:45:51.673Z,sell,5.647e-05,176.0,0.00993872
BCD/BTC,1572680751673,2019-11-02T07:45:51.673Z,sell,5.645e-05,127.0,0.00716915
BCD/BTC,1572680751673,2019-11-02T07:45:51.673Z,sell,5.644e-05,274.0,0.01546456
BCD/BTC,1572680756710,2019-11-02T07:45:56.710Z,sell,5.645e-05,64.0,0.0036128
BCD/BTC,1572680759303,2019-11-02T07:45:59.303Z,sell,5.644e-05,4.0,0.00022576
BCD/BTC,1572680768467,2019-11-02T07:46:08.467Z,sell,5.641e-05,90.0,0.0050769
BCD/BTC,1572680768697,2019-11-02T07:46:08.697Z,buy,5.644e-05,2.0,0.00011288
BCD/BTC,1572680774891,2019-11-02T07:46:14.891Z,sell,5.641e-05,1.0,5.641e-05
BCD/BTC,1572680774891,2019-11-02T07:46:14.891Z,sell,5.64e-05,38.0,0.0021432
BCD/BTC,1572680774891,2019-11-02T07:46:14.891Z,sell,5.639e-05,285.0,0.01607115
BCD/BTC,1572680774907,2019-11-02T07:46:14.907Z,sell,5.639e-05,324.0,0.01827036
BCD/BTC,1572680775016,2019-11-02T07:46:15.016Z,sell,5.639e-05,233.0,0.01313887
BCD/BTC,1572680775178,2019-11-02T07:46:15.178Z,sell,5.639e-05,98.0,0.00552622
BCD/BTC,1572680779229,2019-11-02T07:46:19.229Z,sell,5.64e-05,3.0,0.0001692
BCD/BTC,1572680779229,2019-11-02T07:46:19.229Z,sell,5.639e-05,52.0,0.00293228
BCD/BTC,1572680780627,2019-11-02T07:46:20.627Z,sell,5.639e-05,4.0,0.00022556
BCD/BTC,1572680780627,2019-11-02T07:46:20.627Z,sell,5.638e-05,44.0,0.00248072
BCD/BTC,1572680780627,2019-11-02T07:46:20.627Z,sell,5.636e-05,252.0,0.01420272
BCD/BTC,1572680781942,2019-11-02T07:46:21.942Z,sell,5.636e-05,27.0,0.00152172
BCD/BTC,1572680781942,2019-11-02T07:46:21.942Z,sell,5.633e-05,13.0,0.00073229
BCD/BTC,1572680781942,2019-11-02T07:46:21.942Z,sell,5.632e-05,15.0,0.0008448
BCD/BTC,1572680781942,2019-11-02T07:46:21.942Z,sell,5.631e-05,5.0,0.00028155
BCD/BTC,1572680781942,2019-11-02T07:46:21.942Z,sell,5.63e-05,220.0,0.012386
BCD/BTC,1572680785840,2019-11-02T07:46:25.840Z,buy,5.643e-05,15.0,0.00084645
BCD/BTC,1572680785840,2019-11-02T07:46:25.840Z,buy,5.644e-05,5.0,0.0002822
BCD/BTC,1572680785840,2019-11-02T07:46:25.840Z,buy,5.664e-05,78.0,0.00441792
BCD/BTC,1572680803634,2019-11-02T07:46:43.634Z,buy,5.663e-05,233.0,0.01319479
BCD/BTC,1572680806899,2019-11-02T07:46:46.899Z,buy,5.661e-05,122.0,0.00690642
BCD/BTC,1572680806899,2019-11-02T07:46:46.899Z,buy,5.662e-05,202.0,0.01143724
BCD/BTC,1572680807065,2019-11-02T07:46:47.065Z,buy,5.662e-05,3.0,0.0001698599999999
BCD/BTC,1572680807238,2019-11-02T07:46:47.238Z,sell,5.662e-05,35.0,0.0019817
BCD/BTC,1572680807408,2019-11-02T07:46:47.408Z,sell,5.662e-05,93.0,0.0052656599999999
BCD/BTC,1572680808528,2019-11-02T07:46:48.528Z,sell,5.662e-05,25.0,0.0014154999999999
BCD/BTC,1572680809474,2019-11-02T07:46:49.474Z,sell,5.662e-05,30.0,0.0016986
BCD/BTC,1572680809555,2019-11-02T07:46:49.555Z,sell,5.662e-05,25.0,0.0014154999999999
BCD/BTC,1572680809630,2019-11-02T07:46:49.630Z,sell,5.662e-05,113.0,0.00639806
BCD/BTC,1572680809630,2019-11-02T07:46:49.630Z,sell,5.64e-05,55.0,0.003102
BCD/BTC,1572680812382,2019-11-02T07:46:52.382Z,sell,5.643e-05,100.0,0.005643
BCD/BTC,1572680822408,2019-11-02T07:47:02.408Z,sell,5.643e-05,299.0,0.01687257
BCD/BTC,1572680832829,2019-11-02T07:47:12.829Z,sell,5.641e-05,78.0,0.0043999799999999
BCD/BTC,1572681305240,2019-11-02T07:55:05.240Z,buy,5.643e-05,2.0,0.00011286
BCD/BTC,1572681305240,2019-11-02T07:55:05.240Z,buy,5.645e-05,25.0,0.00141125
BCD/BTC,1572681501764,2019-11-02T07:58:21.764Z,buy,5.647e-05,146.0,0.00824462
BCD/BTC,1572681501764,2019-11-02T07:58:21.764Z,buy,5.663e-05,329.0,0.01863127
BCD/BTC,1572681501764,2019-11-02T07:58:21.764Z,buy,5.665e-05,5.0,0.00028325
BCD/BTC,1572681501764,2019-11-02T07:58:21.764Z,buy,5.671e-05,51.0,0.0028922099999999
BCD/BTC,1572681509326,2019-11-02T07:58:29.326Z,sell,5.641e-05,723.0,0.0407844299999999
BCD/BTC,1572681797735,2019-11-02T08:03:17.735Z,sell,5.669e-05,28.0,0.00158732
BCD/BTC,1572681797754,2019-11-02T08:03:17.754Z,sell,5.669e-05,7.0,0.00039683
BCD/BTC,1572681802290,2019-11-02T08:03:22.290Z,sell,5.647e-05,23.0,0.00129881
BCD/BTC,1572681803107,2019-11-02T08:03:23.107Z,buy,5.663e-05,64.0,0.00362432
BCD/BTC,1572681803207,2019-11-02T08:03:23.207Z,sell,5.669e-05,59.0,0.00334471
BCD/BTC,1572681803225,2019-11-02T08:03:23.225Z,sell,5.669e-05,227.0,0.01286863
BCD/BTC,1572681805494,2019-11-02T08:03:25.494Z,sell,5.648e-05,64.0,0.00361472
BCD/BTC,1572681805494,2019-11-02T08:03:25.494Z,sell,5.647e-05,219.0,0.01236693
BCD/BTC,1572681806408,2019-11-02T08:03:26.408Z,sell,5.647e-05,111.0,0.00626817
BCD/BTC,1572681806408,2019-11-02T08:03:26.408Z,sell,5.646e-05,95.0,0.0053637
BCD/BTC,1572681806408,2019-11-02T08:03:26.408Z,sell,5.645e-05,59.0,0.00333055
BCD/BTC,1572681806508,2019-11-02T08:03:26.508Z,sell,5.645e-05,25.0,0.00141125
BCD/BTC,1572681810239,2019-11-02T08:03:30.239Z,sell,5.645e-05,92.0,0.0051934
BCD/BTC,1572681810239,2019-11-02T08:03:30.239Z,sell,5.642e-05,10.0,0.0005641999999999
BCD/BTC,1572681810239,2019-11-02T08:03:30.239Z,sell,5.641e-05,70.0,0.0039486999999999
BCD/BTC,1572681810239,2019-11-02T08:03:30.239Z,sell,5.631e-05,81.0,0.00456111
BCD/BTC,1572681810239,2019-11-02T08:03:30.239Z,sell,5.62e-05,29.0,0.0016297999999999
BCD/BTC,1572681813844,2019-11-02T08:03:33.844Z,sell,5.639e-05,30.0,0.0016917
BCD/BTC,1572681834631,2019-11-02T08:03:54.631Z,sell,5.639e-05,126.0,0.00710514
BCD/BTC,1572681834631,2019-11-02T08:03:54.631Z,sell,5.62e-05,13.0,0.0007306
BCD/BTC,1572681878411,2019-11-02T08:04:38.411Z,sell,5.624e-05,88.0,0.0049491199999999
BCD/BTC,1572682338984,2019-11-02T08:12:18.984Z,sell,5.634e-05,6.0,0.00033804
BCD/BTC,1572682338984,2019-11-02T08:12:18.984Z,sell,5.627e-05,6.0,0.00033762
BCD/BTC,1572682338984,2019-11-02T08:12:18.984Z,sell,5.624e-05,26.0,0.0014622399999999
BCD/BTC,1572682900373,2019-11-02T08:21:40.373Z,buy,5.635e-05,29.0,0.00163415
BCD/BTC,1572682900373,2019-11-02T08:21:40.373Z,buy,5.656e-05,31.0,0.00175336
BCD/BTC,1572682900373,2019-11-02T08:21:40.373Z,buy,5.635e-05,29.0,0.00163415
BCD/BTC,1572682900373,2019-11-02T08:21:40.373Z,buy,5.656e-05,31.0,0.00175336
BCD/BTC,1572683639534,2019-11-02T08:33:59.534Z,sell,5.656e-05,213.0,0.01204728
BCD/BTC,1572683652944,2019-11-02T08:34:12.944Z,sell,5.636e-05,2.0,0.00011272
BCD/BTC,1572683717214,2019-11-02T08:35:17.214Z,sell,5.636e-05,83.0,0.00467788
BCD/BTC,1572683717245,2019-11-02T08:35:17.245Z,buy,5.636e-05,30.0,0.0016908
BCD/BTC,1572683717486,2019-11-02T08:35:17.486Z,buy,5.636e-05,41.0,0.00231076
BCD/BTC,1572684647672,2019-11-02T08:50:47.672Z,sell,5.648e-05,6.0,0.00033888
BCD/BTC,1572684647672,2019-11-02T08:50:47.672Z,sell,5.643e-05,20.0,0.0011286
BCD/BTC,1572684647672,2019-11-02T08:50:47.672Z,sell,5.641e-05,5.0,0.00028205
BCD/BTC,1572684647672,2019-11-02T08:50:47.672Z,sell,5.636e-05,679.0,0.03826844
BCD/BTC,1572684647958,2019-11-02T08:50:47.958Z,sell,5.636e-05,2.0,0.00011272
BCD/BTC,1572684647958,2019-11-02T08:50:47.958Z,sell,5.621e-05,23.0,0.00129283
BCD/BTC,1572684663944,2019-11-02T08:51:03.944Z,buy,5.654e-05,111.0,0.00627594
BCD/BTC,1572684665203,2019-11-02T08:51:05.203Z,sell,5.626e-05,62.0,0.00348812
BCD/BTC,1572684723430,2019-11-02T08:52:03.430Z,sell,5.631e-05,90.0,0.0050679
BCD/BTC,1572684851181,2019-11-02T08:54:11.181Z,buy,5.649e-05,177.0,0.00999873
BCD/BTC,1572685071844,2019-11-02T08:57:51.844Z,sell,5.625e-05,104.0,0.00585
BCD/BTC,1572685071844,2019-11-02T08:57:51.844Z,sell,5.624e-05,279.0,0.01569096
BCD/BTC,1572685077378,2019-11-02T08:57:57.378Z,sell,5.626e-05,58.0,0.00326308
BCD/BTC,1572685080114,2019-11-02T08:58:00.114Z,sell,5.626e-05,1.0,5.626e-05
BCD/BTC,1572685080114,2019-11-02T08:58:00.114Z,sell,5.625e-05,10.0,0.0005625
BCD/BTC,1572685080114,2019-11-02T08:58:00.114Z,sell,5.621e-05,2.0,0.00011242
BCD/BTC,1572685080114,2019-11-02T08:58:00.114Z,sell,5.62e-05,85.0,0.004777
BCD/BTC,1572685557178,2019-11-02T09:05:57.178Z,sell,5.643e-05,134.0,0.00756162
BCD/BTC,1572685567538,2019-11-02T09:06:07.538Z,buy,5.648e-05,167.0,0.00943216
BCD/BTC,1572685567538,2019-11-02T09:06:07.538Z,buy,5.649e-05,36.0,0.00203364
BCD/BTC,1572685855809,2019-11-02T09:10:55.809Z,buy,5.647e-05,86.0,0.00485642
BCD/BTC,1572685856815,2019-11-02T09:10:56.815Z,buy,5.647e-05,75.0,0.00423525
BCD/BTC,1572685983390,2019-11-02T09:13:03.390Z,buy,5.664e-05,18.0,0.0010195199999999
BCD/BTC,1572686014794,2019-11-02T09:13:34.794Z,buy,5.665e-05,5.0,0.00028325
BCD/BTC,1572686014958,2019-11-02T09:13:34.958Z,sell,5.665e-05,84.0,0.0047586
BCD/BTC,1572686115827,2019-11-02T09:15:15.827Z,sell,5.651e-05,77.0,0.00435127
BCD/BTC,1572686235877,2019-11-02T09:17:15.877Z,sell,5.631e-05,5.0,0.00028155
BCD/BTC,1572686454024,2019-11-02T09:20:54.024Z,sell,5.627e-05,73.0,0.00410771
BCD/BTC,1572686476933,2019-11-02T09:21:16.933Z,sell,5.628e-05,74.0,0.00416472
BCD/BTC,1572686476933,2019-11-02T09:21:16.933Z,sell,5.628e-05,74.0,0.00416472
BCD/BTC,1572686501084,2019-11-02T09:21:41.084Z,sell,5.629e-05,208.0,0.01170832
BCD/BTC,1572686793862,2019-11-02T09:26:33.862Z,sell,5.63e-05,71.0,0.0039973
BCD/BTC,1572686793862,2019-11-02T09:26:33.862Z,sell,5.628e-05,56.0,0.00315168
BCD/BTC,1572686793862,2019-11-02T09:26:33.862Z,sell,5.627e-05,74.0,0.00416398
BCD/BTC,1572687244146,2019-11-02T09:34:04.146Z,buy,5.645e-05,95.0,0.00536275
BCD/BTC,1572687353382,2019-11-02T09:35:53.382Z,buy,5.627e-05,4.0,0.00022508
BCD/BTC,1572687354237,2019-11-02T09:35:54.237Z,buy,5.627e-05,363.0,0.02042601
BCD/BTC,1572688014172,2019-11-02T09:46:54.172Z,buy,5.63e-05,21.0,0.0011823
BCD/BTC,1572688022478,2019-11-02T09:47:02.478Z,buy,5.63e-05,8.0,0.0004504
BCD/BTC,1572688286763,2019-11-02T09:51:26.763Z,buy,5.63e-05,264.0,0.0148632
BCD/BTC,1572688625814,2019-11-02T09:57:05.814Z,sell,5.63e-05,19.0,0.0010697
BCD/BTC,1572688715713,2019-11-02T09:58:35.713Z,buy,5.633e-05,257.0,0.01447681
BCD/BTC,1572688717765,2019-11-02T09:58:37.765Z,buy,5.633e-05,79.0,0.0044500699999999
BCD/BTC,1572688793133,2019-11-02T09:59:53.133Z,buy,5.633e-05,21.0,0.00118293
BCD/BTC,1572688803603,2019-11-02T10:00:03.603Z,buy,5.633e-05,2.0,0.00011266
BCD/BTC,1572688803603,2019-11-02T10:00:03.603Z,buy,5.654e-05,25.0,0.0014134999999999
BCD/BTC,1572688985110,2019-11-02T10:03:05.110Z,buy,5.65e-05,1.0,5.65e-05
BCD/BTC,1572689024308,2019-11-02T10:03:44.308Z,buy,5.647e-05,322.0,0.01818334
BCD/BTC,1572689307687,2019-11-02T10:08:27.687Z,buy,5.652e-05,8.0,0.00045216
BCD/BTC,1572689307687,2019-11-02T10:08:27.687Z,buy,5.653e-05,43.0,0.00243079
BCD/BTC,1572689310765,2019-11-02T10:08:30.765Z,buy,5.647e-05,3.0,0.00016941
BCD/BTC,1572689310765,2019-11-02T10:08:30.765Z,buy,5.653e-05,128.0,0.00723584
BCD/BTC,1572689312505,2019-11-02T10:08:32.505Z,buy,5.653e-05,341.0,0.01927673
BCD/BTC,1572689312505,2019-11-02T10:08:32.505Z,buy,5.664e-05,21.0,0.00118944
BCD/BTC,1572689333781,2019-11-02T10:08:53.781Z,buy,5.662e-05,153.0,0.00866286
BCD/BTC,1572689333781,2019-11-02T10:08:53.781Z,buy,5.663e-05,67.0,0.0037942099999999
BCD/BTC,1572689335371,2019-11-02T10:08:55.371Z,buy,5.662e-05,40.0,0.0022648
BCD/BTC,1572689483820,2019-11-02T10:11:23.820Z,sell,5.636e-05,47.0,0.00264892
BCD/BTC,1572689484285,2019-11-02T10:11:24.285Z,buy,5.658e-05,2.0,0.00011316
BCD/BTC,1572689484285,2019-11-02T10:11:24.285Z,buy,5.662e-05,47.0,0.0026611399999999
BCD/BTC,1572689484285,2019-11-02T10:11:24.285Z,buy,5.663e-05,49.0,0.00277487
BCD/BTC,1572689484871,2019-11-02T10:11:24.871Z,buy,5.663e-05,5.0,0.0002831499999999
BCD/BTC,1572689538801,2019-11-02T10:12:18.801Z,buy,5.663e-05,19.0,0.0010759699999999
BCD/BTC,1572690031017,2019-11-02T10:20:31.017Z,buy,5.662e-05,67.0,0.0037935399999999
BCD/BTC,1572690031108,2019-11-02T10:20:31.108Z,buy,5.662e-05,24.0,0.0013588799999999
BCD/BTC,1572690031108,2019-11-02T10:20:31.108Z,buy,5.663e-05,6.0,0.00033978
BCD/BTC,1572690031448,2019-11-02T10:20:31.448Z,buy,5.662e-05,81.0,0.0045862199999999
BCD/BTC,1572690031448,2019-11-02T10:20:31.448Z,buy,5.663e-05,19.0,0.0010759699999999
BCD/BTC,1572690035843,2019-11-02T10:20:35.843Z,buy,5.663e-05,428.0,0.0242376399999999
BCD/BTC,1572690038790,2019-11-02T10:20:38.790Z,buy,5.663e-05,53.0,0.00300139
BCD/BTC,1572690052856,2019-11-02T10:20:52.856Z,buy,5.663e-05,25.0,0.00141575
BCD/BTC,1572690052856,2019-11-02T10:20:52.856Z,buy,5.665e-05,5.0,0.00028325
BCD/BTC,1572690052856,2019-11-02T10:20:52.856Z,buy,5.667e-05,54.0,0.00306018
BCD/BTC,1572690054927,2019-11-02T10:20:54.927Z,buy,5.667e-05,17.0,0.00096339
BCD/BTC,1572690054927,2019-11-02T10:20:54.927Z,buy,5.668e-05,676.0,0.03831568
BCD/BTC,1572690054927,2019-11-02T10:20:54.927Z,buy,5.667e-05,17.0,0.00096339
BCD/BTC,1572690054927,2019-11-02T10:20:54.927Z,buy,5.668e-05,676.0,0.03831568
BCD/BTC,1572690726136,2019-11-02T10:32:06.136Z,buy,5.668e-05,35.0,0.0019838
BCD/BTC,1572690726782,2019-11-02T10:32:06.782Z,buy,5.668e-05,5.0,0.0002834
BCD/BTC,1572692305575,2019-11-02T10:58:25.575Z,sell,5.666e-05,7.0,0.00039662
BCD/BTC,1572692306316,2019-11-02T10:58:26.316Z,sell,5.666e-05,7.0,0.00039662
BCD/BTC,1572692450285,2019-11-02T11:00:50.285Z,sell,5.667e-05,21.0,0.0011900699999999
BCD/BTC,1572692456288,2019-11-02T11:00:56.288Z,buy,5.668e-05,3.0,0.00017004
BCD/BTC,1572692463887,2019-11-02T11:01:03.887Z,sell,5.664e-05,220.0,0.0124608
BCD/BTC,1572692463887,2019-11-02T11:01:03.887Z,sell,5.663e-05,65.0,0.0036809499999999
BCD/BTC,1572692641031,2019-11-02T11:04:01.031Z,sell,5.664e-05,180.0,0.0101952
BCD/BTC,1572692645790,2019-11-02T11:04:05.790Z,sell,5.662e-05,499.0,0.0282533799999999
BCD/BTC,1572692844668,2019-11-02T11:07:24.668Z,sell,5.655e-05,21.0,0.0011875499999999
BCD/BTC,1572692932302,2019-11-02T11:08:52.302Z,sell,5.64e-05,98.0,0.0055272
BCD/BTC,1572692932337,2019-11-02T11:08:52.337Z,buy,5.639e-05,48.0,0.00270672
BCD/BTC,1572692932337,2019-11-02T11:08:52.337Z,buy,5.639e-05,36.0,0.00203004
BCD/BTC,1572692943896,2019-11-02T11:09:03.896Z,buy,5.639e-05,30.0,0.0016917
BCD/BTC,1572692964612,2019-11-02T11:09:24.612Z,sell,5.637e-05,769.0,0.0433485299999999
BCD/BTC,1572693523717,2019-11-02T11:18:43.717Z,buy,5.661e-05,1.0,5.661e-05
BCD/BTC,1572693558894,2019-11-02T11:19:18.894Z,sell,5.658e-05,9.0,0.00050922
BCD/BTC,1572693594564,2019-11-02T11:19:54.564Z,buy,5.661e-05,1.0,5.661e-05
BCD/BTC,1572693594564,2019-11-02T11:19:54.564Z,buy,5.661e-05,1.0,5.661e-05
BCD/BTC,1572694133980,2019-11-02T11:28:53.980Z,sell,5.658e-05,8.0,0.00045264
BCD/BTC,1572694399239,2019-11-02T11:33:19.239Z,buy,5.644e-05,9.0,0.00050796
BCD/BTC,1572694399750,2019-11-02T11:33:19.750Z,buy,5.644e-05,408.0,0.02302752
BCD/BTC,1572695667273,2019-11-02T11:54:27.273Z,buy,5.651e-05,18.0,0.00101718
BCD/BTC,1572695667373,2019-11-02T11:54:27.373Z,buy,5.651e-05,4.0,0.00022604
BCD/BTC,1572695667373,2019-11-02T11:54:27.373Z,buy,5.667e-05,13.0,0.00073671
BCD/BTC,1572695745059,2019-11-02T11:55:45.059Z,sell,5.642e-05,11.0,0.00062062
BCD/BTC,1572696176459,2019-11-02T12:02:56.459Z,sell,5.644e-05,14.0,0.00079016
BCD/BTC,1572696176459,2019-11-02T12:02:56.459Z,sell,5.643e-05,63.0,0.00355509
BCD/BTC,1572696176459,2019-11-02T12:02:56.459Z,sell,5.642e-05,760.0,0.0428792
BCD/BTC,1572696176459,2019-11-02T12:02:56.459Z,sell,5.641e-05,94.0,0.00530254
BCD/BTC,1572696181517,2019-11-02T12:03:01.517Z,sell,5.641e-05,15.0,0.0008461499999999
BCD/BTC,1572696239027,2019-11-02T12:03:59.027Z,sell,5.631e-05,5.0,0.00028155
BCD/BTC,1572696239027,2019-11-02T12:03:59.027Z,sell,5.626e-05,119.0,0.00669494
BCD/BTC,1572696240627,2019-11-02T12:04:00.627Z,sell,5.626e-05,5.0,0.0002813
BCD/BTC,1572696240627,2019-11-02T12:04:00.627Z,sell,5.625e-05,47.0,0.00264375
BCD/BTC,1572696240627,2019-11-02T12:04:00.627Z,sell,5.625e-05,135.0,0.00759375
BCD/BTC,1572696309320,2019-11-02T12:05:09.320Z,buy,5.641e-05,30.0,0.0016922999999999
BCD/BTC,1572696310340,2019-11-02T12:05:10.340Z,buy,5.641e-05,79.0,0.00445639
BCD/BTC,1572696310865,2019-11-02T12:05:10.865Z,buy,5.648e-05,127.0,0.00717296
BCD/BTC,1572696460451,2019-11-02T12:07:40.451Z,sell,5.628e-05,93.0,0.00523404
BCD/BTC,1572696485913,2019-11-02T12:08:05.913Z,sell,5.628e-05,35.0,0.0019698
BCD/BTC,1572696485913,2019-11-02T12:08:05.913Z,sell,5.627e-05,15.0,0.00084405
BCD/BTC,1572696977263,2019-11-02T12:16:17.263Z,buy,5.649e-05,3.0,0.00016947
BCD/BTC,1572696977263,2019-11-02T12:16:17.263Z,buy,5.65e-05,355.0,0.0200575
BCD/BTC,1572696977263,2019-11-02T12:16:17.263Z,buy,5.651e-05,231.0,0.0130538099999999
BCD/BTC,1572696977263,2019-11-02T12:16:17.263Z,buy,5.653e-05,177.0,0.01000581
BCD/BTC,1572696977263,2019-11-02T12:16:17.263Z,buy,5.664e-05,447.0,0.02531808
BCD/BTC,1572697094174,2019-11-02T12:18:14.174Z,sell,5.634e-05,25.0,0.0014085
BCD/BTC,1572697094174,2019-11-02T12:18:14.174Z,sell,5.634e-05,25.0,0.0014085
BCD/BTC,1572697229968,2019-11-02T12:20:29.968Z,sell,5.639e-05,25.0,0.00140975
BCD/BTC,1572697231072,2019-11-02T12:20:31.072Z,sell,5.639e-05,25.0,0.00140975
BCD/BTC,1572697414138,2019-11-02T12:23:34.138Z,buy,5.654e-05,64.0,0.00361856
BCD/BTC,1572697414156,2019-11-02T12:23:34.156Z,buy,5.658e-05,15.0,0.0008487
BCD/BTC,1572697414156,2019-11-02T12:23:34.156Z,buy,5.659e-05,20.0,0.0011318
BCD/BTC,1572697414200,2019-11-02T12:23:34.200Z,sell,5.656e-05,64.0,0.00361984
BCD/BTC,1572697593893,2019-11-02T12:26:33.893Z,sell,5.636e-05,354.0,0.01995144
BCD/BTC,1572698040095,2019-11-02T12:34:00.095Z,sell,5.627e-05,25.0,0.00140675
BCD/BTC,1572698041155,2019-11-02T12:34:01.155Z,sell,5.627e-05,25.0,0.00140675
BCD/BTC,1572698091266,2019-11-02T12:34:51.266Z,sell,5.625e-05,25.0,0.00140625
BCD/BTC,1572698092206,2019-11-02T12:34:52.206Z,sell,5.625e-05,25.0,0.00140625
BCD/BTC,1572698093282,2019-11-02T12:34:53.282Z,sell,5.625e-05,25.0,0.00140625
BCD/BTC,1572698196277,2019-11-02T12:36:36.277Z,sell,5.625e-05,322.0,0.0181125
BCD/BTC,1572698448047,2019-11-02T12:40:48.047Z,sell,5.625e-05,40.0,0.00225
BCD/BTC,1572698484125,2019-11-02T12:41:24.125Z,sell,5.615e-05,11.0,0.00061765
BCD/BTC,1572698484179,2019-11-02T12:41:24.179Z,buy,5.615e-05,48.0,0.0026952
BCD/BTC,1572698611172,2019-11-02T12:43:31.172Z,sell,5.614e-05,4.0,0.00022456
BCD/BTC,1572698611290,2019-11-02T12:43:31.290Z,buy,5.614e-05,203.0,0.01139642
BCD/BTC,1572698800538,2019-11-02T12:46:40.538Z,buy,5.614e-05,26.0,0.00145964
BCD/BTC,1572698964729,2019-11-02T12:49:24.729Z,buy,5.618e-05,72.0,0.00404496
BCD/BTC,1572698970129,2019-11-02T12:49:30.129Z,buy,5.614e-05,284.0,0.01594376
BCD/BTC,1572698970129,2019-11-02T12:49:30.129Z,buy,5.618e-05,291.0,0.01634838
BCD/BTC,1572699065824,2019-11-02T12:51:05.824Z,sell,5.613e-05,4.0,0.00022452
BCD/BTC,1572699066172,2019-11-02T12:51:06.172Z,buy,5.61e-05,280.0,0.015708
BCD/BTC,1572699066479,2019-11-02T12:51:06.479Z,buy,5.616e-05,25.0,0.0014039999999999
BCD/BTC,1572699067994,2019-11-02T12:51:07.994Z,sell,5.604e-05,23.0,0.00128892
BCD/BTC,1572699402096,2019-11-02T12:56:42.096Z,sell,5.604e-05,73.0,0.00409092
BCD/BTC,1572699402096,2019-11-02T12:56:42.096Z,sell,5.603e-05,918.0,0.0514355399999999
BCD/BTC,1572699402096,2019-11-02T12:56:42.096Z,sell,5.603e-05,124.0,0.0069477199999999
BCD/BTC,1572699418104,2019-11-02T12:56:58.104Z,buy,5.607e-05,2.0,0.00011214
BCD/BTC,1572699437879,2019-11-02T12:57:17.879Z,buy,5.606e-05,26.0,0.00145756
BCD/BTC,1572699439434,2019-11-02T12:57:19.434Z,buy,5.605e-05,26.0,0.0014573
BCD/BTC,1572699521939,2019-11-02T12:58:41.939Z,sell,5.603e-05,300.0,0.0168089999999999
BCD/BTC,1572699526179,2019-11-02T12:58:46.179Z,buy,5.605e-05,178.0,0.0099769
BCD/BTC,1572699528697,2019-11-02T12:58:48.697Z,sell,5.603e-05,61.0,0.0034178299999999
BCD/BTC,1572699615270,2019-11-02T13:00:15.270Z,sell,5.603e-05,21.0,0.00117663
BCD/BTC,1572699743996,2019-11-02T13:02:23.996Z,sell,5.597e-05,5.0,0.00027985
BCD/BTC,1572699743996,2019-11-02T13:02:23.996Z,sell,5.596e-05,25.0,0.001399
BCD/BTC,1572699743996,2019-11-02T13:02:23.996Z,sell,5.591e-05,94.0,0.0052555399999999
BCD/BTC,1572699743996,2019-11-02T13:02:23.996Z,sell,5.59e-05,134.0,0.0074905999999999
BCD/BTC,1572699746128,2019-11-02T13:02:26.128Z,sell,5.591e-05,131.0,0.0073242099999999
BCD/BTC,1572699749913,2019-11-02T13:02:29.913Z,sell,5.59e-05,96.0,0.0053663999999999
BCD/BTC,1572699769111,2019-11-02T13:02:49.111Z,buy,5.595e-05,72.0,0.0040284
BCD/BTC,1572699791422,2019-11-02T13:03:11.422Z,sell,5.59e-05,263.0,0.0147017
BCD/BTC,1572699793464,2019-11-02T13:03:13.464Z,sell,5.591e-05,72.0,0.0040255199999999
BCD/BTC,1572699798325,2019-11-02T13:03:18.325Z,buy,5.59e-05,28.0,0.0015651999999999
BCD/BTC,1572699800578,2019-11-02T13:03:20.578Z,sell,5.587e-05,3.0,0.00016761
BCD/BTC,1572699800578,2019-11-02T13:03:20.578Z,sell,5.586e-05,13.0,0.00072618
BCD/BTC,1572699800578,2019-11-02T13:03:20.578Z,sell,5.569e-05,3.0,0.0001670699999999
BCD/BTC,1572699800578,2019-11-02T13:03:20.578Z,sell,5.567e-05,76.0,0.00423092
BCD/BTC,1572699800608,2019-11-02T13:03:20.608Z,buy,5.59e-05,28.0,0.0015651999999999
BCD/BTC,1572699807910,2019-11-02T13:03:27.910Z,sell,5.567e-05,108.0,0.00601236
BCD/BTC,1572699829177,2019-11-02T13:03:49.177Z,sell,5.568e-05,127.0,0.00707136
BCD/BTC,1572699829177,2019-11-02T13:03:49.177Z,sell,5.563e-05,9.0,0.00050067
BCD/BTC,1572699829177,2019-11-02T13:03:49.177Z,sell,5.557e-05,143.0,0.00794651
BCD/BTC,1572699860127,2019-11-02T13:04:20.127Z,sell,5.568e-05,2.0,0.00011136
BCD/BTC,1572699860183,2019-11-02T13:04:20.183Z,buy,5.568e-05,1707.0,0.09504576
BCD/BTC,1572699863481,2019-11-02T13:04:23.481Z,buy,5.586e-05,1.0,5.586e-05
BCD/BTC,1572699881098,2019-11-02T13:04:41.098Z,buy,5.584e-05,334.0,0.01865056
BCD/BTC,1572699921821,2019-11-02T13:05:21.821Z,buy,5.584e-05,2.0,0.00011168
BCD/BTC,1572700007804,2019-11-02T13:06:47.804Z,buy,5.585e-05,143.0,0.00798655
BCD/BTC,1572700007811,2019-11-02T13:06:47.811Z,buy,5.585e-05,36.0,0.0020106
BCD/BTC,1572700007847,2019-11-02T13:06:47.847Z,buy,5.596e-05,22.0,0.00123112
BCD/BTC,1572700007847,2019-11-02T13:06:47.847Z,buy,5.597e-05,5.0,0.00027985
BCD/BTC,1572700008129,2019-11-02T13:06:48.129Z,buy,5.603e-05,3.0,0.00016809
BCD/BTC,1572700009092,2019-11-02T13:06:49.092Z,sell,5.603e-05,27.0,0.0015128099999999
BCD/BTC,1572700010136,2019-11-02T13:06:50.136Z,buy,5.628e-05,21.0,0.00118188
BCD/BTC,1572700012374,2019-11-02T13:06:52.374Z,sell,5.591e-05,9.0,0.0005031899999999
BCD/BTC,1572700014804,2019-11-02T13:06:54.804Z,buy,5.623e-05,30.0,0.0016869
BCD/BTC,1572700016348,2019-11-02T13:06:56.348Z,buy,5.622e-05,30.0,0.0016866
BCD/BTC,1572700023400,2019-11-02T13:07:03.400Z,sell,5.591e-05,166.0,0.0092810599999999
BCD/BTC,1572700250003,2019-11-02T13:10:50.003Z,sell,5.576e-05,51.0,0.00284376
BCD/BTC,1572700250003,2019-11-02T13:10:50.003Z,sell,5.575e-05,134.0,0.0074705
BCD/BTC,1572700250003,2019-11-02T13:10:50.003Z,sell,5.574e-05,72.0,0.00401328
BCD/BTC,1572700309958,2019-11-02T13:11:49.958Z,buy,5.595e-05,86.0,0.0048116999999999
BCD/BTC,1572700313495,2019-11-02T13:11:53.495Z,buy,5.595e-05,17.0,0.00095115
BCD/BTC,1572700340705,2019-11-02T13:12:20.705Z,buy,5.595e-05,24.0,0.0013428
BCD/BTC,1572700432644,2019-11-02T13:13:52.644Z,buy,5.603e-05,119.0,0.0066675699999999
BCD/BTC,1572700432727,2019-11-02T13:13:52.727Z,buy,5.602e-05,72.0,0.00403344
BCD/BTC,1572700432727,2019-11-02T13:13:52.727Z,buy,5.603e-05,50.0,0.0028014999999999
BCD/BTC,1572700434933,2019-11-02T13:13:54.933Z,buy,5.604e-05,42.0,0.00235368
BCD/BTC,1572700650105,2019-11-02T13:17:30.105Z,sell,5.597e-05,357.0,0.01998129
BCD/BTC,1572700650105,2019-11-02T13:17:30.105Z,sell,5.595e-05,123.0,0.00688185
BCD/BTC,1572700673906,2019-11-02T13:17:53.906Z,buy,5.61e-05,217.0,0.0121737
BCD/BTC,1572700673988,2019-11-02T13:17:53.988Z,sell,5.617e-05,497.0,0.02791649
BCD/BTC,1572700673988,2019-11-02T13:17:53.988Z,sell,5.612e-05,452.0,0.0253662399999999
BCD/BTC,1572700674703,2019-11-02T13:17:54.703Z,sell,5.617e-05,55.0,0.00308935
BCD/BTC,1572700675516,2019-11-02T13:17:55.516Z,sell,5.617e-05,25.0,0.00140425
BCD/BTC,1572700676027,2019-11-02T13:17:56.027Z,buy,5.619e-05,58.0,0.00325902
BCD/BTC,1572700677061,2019-11-02T13:17:57.061Z,buy,5.619e-05,146.0,0.00820374
BCD/BTC,1572700677061,2019-11-02T13:17:57.061Z,buy,5.619e-05,146.0,0.00820374
BCD/BTC,1572700699458,2019-11-02T13:18:19.458Z,sell,5.594e-05,71.0,0.00397174
BCD/BTC,1572700699529,2019-11-02T13:18:19.529Z,buy,5.594e-05,39.0,0.00218166
BCD/BTC,1572700699532,2019-11-02T13:18:19.532Z,buy,5.594e-05,38.0,0.00212572
BCD/BTC,1572700714772,2019-11-02T13:18:34.772Z,sell,5.6e-05,30.0,0.00168
BCD/BTC,1572700714772,2019-11-02T13:18:34.772Z,sell,5.593e-05,39.0,0.00218127
BCD/BTC,1572700717582,2019-11-02T13:18:37.582Z,sell,5.594e-05,1123.0,0.06282062
BCD/BTC,1572700792523,2019-11-02T13:19:52.523Z,sell,5.6e-05,95.0,0.00532
BCD/BTC,1572700834002,2019-11-02T13:20:34.002Z,buy,5.604e-05,3.0,0.00016812
BCD/BTC,1572701013535,2019-11-02T13:23:33.535Z,buy,5.61e-05,55.0,0.0030855
BCD/BTC,1572701228234,2019-11-02T13:27:08.234Z,sell,5.587e-05,58.0,0.00324046
BCD/BTC,1572701510507,2019-11-02T13:31:50.507Z,buy,5.599e-05,174.0,0.0097422599999999
BCD/BTC,1572701510551,2019-11-02T13:31:50.551Z,sell,5.599e-05,217.0,0.0121498299999999
BCD/BTC,1572701518027,2019-11-02T13:31:58.027Z,buy,5.604e-05,110.0,0.0061644
BCD/BTC,1572701700983,2019-11-02T13:35:00.983Z,buy,5.599e-05,63.0,0.0035273699999999
BCD/BTC,1572701959035,2019-11-02T13:39:19.035Z,buy,5.601e-05,357.0,0.01999557
BCD/BTC,1572701968023,2019-11-02T13:39:28.023Z,sell,5.601e-05,139.0,0.00778539
BCD/BTC,1572701971135,2019-11-02T13:39:31.135Z,buy,5.602e-05,3.0,0.00016806
BCD/BTC,1572701972351,2019-11-02T13:39:32.351Z,sell,5.601e-05,108.0,0.00604908
BCD/BTC,1572701974588,2019-11-02T13:39:34.588Z,sell,5.601e-05,628.0,0.03517428
BCD/BTC,1572701978160,2019-11-02T13:39:38.160Z,sell,5.601e-05,190.0,0.0106419
BCD/BTC,1572702646907,2019-11-02T13:50:46.907Z,buy,5.61e-05,197.0,0.0110517
BCD/BTC,1572702647004,2019-11-02T13:50:47.004Z,sell,5.624e-05,96.0,0.00539904
BCD/BTC,1572702647005,2019-11-02T13:50:47.005Z,sell,5.624e-05,334.0,0.0187841599999999
BCD/BTC,1572702647014,2019-11-02T13:50:47.014Z,sell,5.624e-05,42.0,0.00236208
BCD/BTC,1572702661252,2019-11-02T13:51:01.252Z,sell,5.583e-05,90.0,0.0050247
BCD/BTC,1572702848757,2019-11-02T13:54:08.757Z,buy,5.61e-05,30.0,0.001683
BCD/BTC,1572702849391,2019-11-02T13:54:09.391Z,buy,5.609e-05,30.0,0.0016827
BCD/BTC,1572703093245,2019-11-02T13:58:13.245Z,buy,5.616e-05,32.0,0.00179712
BCD/BTC,1572703097672,2019-11-02T13:58:17.672Z,buy,5.613e-05,281.0,0.01577253
BCD/BTC,1572703373989,2019-11-02T14:02:53.989Z,sell,5.592e-05,173.0,0.00967416
BCD/BTC,1572703415094,2019-11-02T14:03:35.094Z,buy,5.6e-05,54.0,0.0030239999999999
BCD/BTC,1572703415160,2019-11-02T14:03:35.160Z,buy,5.6e-05,17.0,0.0009519999999999
BCD/BTC,1572703432350,2019-11-02T14:03:52.350Z,buy,5.619e-05,2.0,0.00011238
BCD/BTC,1572703432350,2019-11-02T14:03:52.350Z,buy,5.625e-05,23.0,0.00129375
BCD/BTC,1572703498737,2019-11-02T14:04:58.737Z,sell,5.599e-05,305.0,0.01707695
BCD/BTC,1572703504398,2019-11-02T14:05:04.398Z,sell,5.6e-05,96.0,0.005376
BCD/BTC,1572703819419,2019-11-02T14:10:19.419Z,buy,5.62e-05,114.0,0.0064068
BCD/BTC,1572703819419,2019-11-02T14:10:19.419Z,buy,5.62e-05,114.0,0.0064068
BCD/BTC,1572704937618,2019-11-02T14:28:57.618Z,sell,5.598e-05,49.0,0.00274302
BCD/BTC,1572704941014,2019-11-02T14:29:01.014Z,buy,5.584e-05,18.0,0.00100512
BCD/BTC,1572704941036,2019-11-02T14:29:01.036Z,buy,5.584e-05,11.0,0.00061424
BCD/BTC,1572704941204,2019-11-02T14:29:01.204Z,buy,5.584e-05,16.0,0.00089344
BCD/BTC,1572704941964,2019-11-02T14:29:01.964Z,sell,5.583e-05,53.0,0.00295899
BCD/BTC,1572704941964,2019-11-02T14:29:01.964Z,sell,5.582e-05,43.0,0.00240026
BCD/BTC,1572704942000,2019-11-02T14:29:02.000Z,buy,5.575e-05,456.0,0.025422
BCD/BTC,1572704949786,2019-11-02T14:29:09.786Z,buy,5.616e-05,169.0,0.00949104
BCD/BTC,1572706818606,2019-11-02T15:00:18.606Z,buy,5.6e-05,6.0,0.000336
BCD/BTC,1572706818606,2019-11-02T15:00:18.606Z,buy,5.606e-05,129.0,0.00723174
BCD/BTC,1572706818626,2019-11-02T15:00:18.626Z,sell,5.608e-05,39.0,0.00218712
BCD/BTC,1572706821300,2019-11-02T15:00:21.300Z,sell,5.608e-05,3.0,0.00016824
BCD/BTC,1572707254130,2019-11-02T15:07:34.130Z,sell,5.608e-05,1.0,5.608e-05
BCD/BTC,1572707254155,2019-11-02T15:07:34.155Z,sell,5.59e-05,178.0,0.0099502
BCD/BTC,1572707254155,2019-11-02T15:07:34.155Z,sell,5.59e-05,178.0,0.0099502
BCD/BTC,1572707474766,2019-11-02T15:11:14.766Z,buy,5.611e-05,359.0,0.02014349
BCD/BTC,1572707474813,2019-11-02T15:11:14.813Z,buy,5.611e-05,68.0,0.00381548
BCD/BTC,1572707474838,2019-11-02T15:11:14.838Z,buy,5.611e-05,12.0,0.00067332
BCD/BTC,1572707475027,2019-11-02T15:11:15.027Z,buy,5.61e-05,61.0,0.0034221
BCD/BTC,1572707475104,2019-11-02T15:11:15.104Z,buy,5.61e-05,138.0,0.0077418
BCD/BTC,1572707475184,2019-11-02T15:11:15.184Z,buy,5.61e-05,30.0,0.001683
BCD/BTC,1572707476098,2019-11-02T15:11:16.098Z,buy,5.61e-05,112.0,0.0062832
BCD/BTC,1572707476133,2019-11-02T15:11:16.133Z,buy,5.616e-05,87.0,0.00488592
BCD/BTC,1572707476133,2019-11-02T15:11:16.133Z,buy,5.617e-05,71.0,0.00398807
BCD/BTC,1572707476133,2019-11-02T15:11:16.133Z,buy,5.618e-05,28.0,0.00157304
BCD/BTC,1572707476214,2019-11-02T15:11:16.214Z,buy,5.618e-05,129.0,0.00724722
BCD/BTC,1572707477741,2019-11-02T15:11:17.741Z,buy,5.616e-05,57.0,0.00320112
BCD/BTC,1572707477741,2019-11-02T15:11:17.741Z,buy,5.618e-05,53.0,0.00297754
BCD/BTC,1572707477758,2019-11-02T15:11:17.758Z,buy,5.618e-05,32.0,0.00179776
BCD/BTC,1572707477915,2019-11-02T15:11:17.915Z,buy,5.617e-05,15.0,0.00084255
BCD/BTC,1572707477915,2019-11-02T15:11:17.915Z,buy,5.618e-05,39.0,0.00219102
BCD/BTC,1572707478830,2019-11-02T15:11:18.830Z,buy,5.618e-05,51.0,0.00286518
BCD/BTC,1572707480081,2019-11-02T15:11:20.081Z,sell,5.613e-05,4.0,0.00022452
BCD/BTC,1572707480868,2019-11-02T15:11:20.868Z,buy,5.618e-05,50.0,0.002809
BCD/BTC,1572707481402,2019-11-02T15:11:21.402Z,buy,5.623e-05,116.0,0.00652268
BCD/BTC,1572707483890,2019-11-02T15:11:23.890Z,buy,5.624e-05,822.0,0.04622928
BCD/BTC,1572707486934,2019-11-02T15:11:26.934Z,buy,5.631e-05,5.0,0.00028155
BCD/BTC,1572707486934,2019-11-02T15:11:26.934Z,buy,5.633e-05,707.0,0.0398253099999999
BCD/BTC,1572707587679,2019-11-02T15:13:07.679Z,buy,5.633e-05,384.0,0.02163072
BCD/BTC,1572707606170,2019-11-02T15:13:26.170Z,sell,5.632e-05,231.0,0.01300992
BCD/BTC,1572707616203,2019-11-02T15:13:36.203Z,sell,5.631e-05,155.0,0.00872805
BCD/BTC,1572707618346,2019-11-02T15:13:38.346Z,sell,5.631e-05,77.0,0.00433587
BCD/BTC,1572707620632,2019-11-02T15:13:40.632Z,sell,5.631e-05,77.0,0.00433587
BCD/BTC,1572707625571,2019-11-02T15:13:45.571Z,sell,5.629e-05,51.0,0.00287079
BCD/BTC,1572707625571,2019-11-02T15:13:45.571Z,sell,5.628e-05,355.0,0.0199794
BCD/BTC,1572707628013,2019-11-02T15:13:48.013Z,sell,5.629e-05,104.0,0.00585416
BCD/BTC,1572707639069,2019-11-02T15:13:59.069Z,sell,5.627e-05,71.0,0.00399517
BCD/BTC,1572707639069,2019-11-02T15:13:59.069Z,sell,5.622e-05,177.0,0.00995094
BCD/BTC,1572707745596,2019-11-02T15:15:45.596Z,buy,5.628e-05,59.0,0.00332052
BCD/BTC,1572707745603,2019-11-02T15:15:45.603Z,buy,5.628e-05,179.0,0.01007412
BCD/BTC,1572707973993,2019-11-02T15:19:33.993Z,buy,5.63e-05,17.0,0.0009571
BCD/BTC,1572708405297,2019-11-02T15:26:45.297Z,sell,5.63e-05,10.0,0.000563
BCD/BTC,1572708412472,2019-11-02T15:26:52.472Z,sell,5.624e-05,369.0,0.02075256
BCD/BTC,1572708413524,2019-11-02T15:26:53.524Z,sell,5.624e-05,126.0,0.00708624
BCD/BTC,1572708483341,2019-11-02T15:28:03.341Z,sell,5.61e-05,177.0,0.0099297
BCD/BTC,1572709546440,2019-11-02T15:45:46.440Z,buy,5.63e-05,10.0,0.000563
BCD/BTC,1572709546440,2019-11-02T15:45:46.440Z,buy,5.63e-05,10.0,0.000563
BCD/BTC,1572711609288,2019-11-02T16:20:09.288Z,sell,5.604e-05,42.0,0.00235368
BCD/BTC,1572711744001,2019-11-02T16:22:24.001Z,sell,5.604e-05,428.0,0.02398512
BCD/BTC,1572711744022,2019-11-02T16:22:24.022Z,sell,5.603e-05,1448.0,0.08113144
BCD/BTC,1572711747424,2019-11-02T16:22:27.424Z,sell,5.603e-05,145.0,0.0081243499999999
BCD/BTC,1572711922322,2019-11-02T16:25:22.322Z,sell,5.603e-05,190.0,0.0106457
BCD/BTC,1572711936450,2019-11-02T16:25:36.450Z,buy,5.603e-05,656.0,0.03675568
BCD/BTC,1572711937684,2019-11-02T16:25:37.684Z,buy,5.605e-05,265.0,0.01485325
BCD/BTC,1572711937997,2019-11-02T16:25:37.997Z,buy,5.605e-05,91.0,0.00510055
BCD/BTC,1572711938321,2019-11-02T16:25:38.321Z,buy,5.606e-05,90.0,0.0050454
BCD/BTC,1572711938956,2019-11-02T16:25:38.956Z,buy,5.606e-05,141.0,0.00790446
BCD/BTC,1572711957343,2019-11-02T16:25:57.343Z,sell,5.597e-05,5.0,0.00027985
BCD/BTC,1572711965708,2019-11-02T16:26:05.708Z,buy,5.587e-05,430.0,0.0240241
BCD/BTC,1572712662121,2019-11-02T16:37:42.121Z,buy,5.617e-05,22.0,0.00123574
BCD/BTC,1572712686423,2019-11-02T16:38:06.423Z,buy,5.616e-05,154.0,0.0086486399999999
BCD/BTC,1572712686451,2019-11-02T16:38:06.451Z,sell,5.616e-05,21.0,0.00117936
BCD/BTC,1572712686761,2019-11-02T16:38:06.761Z,sell,5.616e-05,2.0,0.00011232
BCD/BTC,1572712719891,2019-11-02T16:38:39.891Z,sell,5.593e-05,19.0,0.00106267
BCD/BTC,1572713015026,2019-11-02T16:43:35.026Z,buy,5.616e-05,3.0,0.0001684799999999
BCD/BTC,1572713085922,2019-11-02T16:44:45.922Z,buy,5.615e-05,3.0,0.00016845
BCD/BTC,1572713085922,2019-11-02T16:44:45.922Z,buy,5.615e-05,3.0,0.00016845
BCD/BTC,1572713920090,2019-11-02T16:58:40.090Z,buy,5.614e-05,3.0,0.00016842
BCD/BTC,1572713994653,2019-11-02T16:59:54.653Z,buy,5.615e-05,1.0,5.615e-05
BCD/BTC,1572714071810,2019-11-02T17:01:11.810Z,buy,5.615e-05,1.0,5.615e-05
BCD/BTC,1572714224843,2019-11-02T17:03:44.843Z,buy,5.613e-05,6.0,0.00033678
BCD/BTC,1572714265142,2019-11-02T17:04:25.142Z,buy,5.611e-05,100.0,0.005611
BCD/BTC,1572714265142,2019-11-02T17:04:25.142Z,buy,5.612e-05,11.0,0.00061732
BCD/BTC,1572714265142,2019-11-02T17:04:25.142Z,buy,5.617e-05,18.0,0.00101106
BCD/BTC,1572714265146,2019-11-02T17:04:25.146Z,buy,5.617e-05,99.0,0.00556083
BCD/BTC,1572714265146,2019-11-02T17:04:25.146Z,buy,5.617e-05,99.0,0.00556083
BCD/BTC,1572714265149,2019-11-02T17:04:25.149Z,buy,5.617e-05,99.0,0.00556083
BCD/BTC,1572714265149,2019-11-02T17:04:25.149Z,buy,5.617e-05,99.0,0.00556083
BCD/BTC,1572714265151,2019-11-02T17:04:25.151Z,buy,5.617e-05,54.0,0.00303318
BCD/BTC,1572714265215,2019-11-02T17:04:25.215Z,sell,5.618e-05,80.0,0.0044944
BCD/BTC,1572714266028,2019-11-02T17:04:26.028Z,buy,5.618e-05,3.0,0.00016854
BCD/BTC,1572714280959,2019-11-02T17:04:40.959Z,sell,5.596e-05,41.0,0.00229436
BCD/BTC,1572714902560,2019-11-02T17:15:02.560Z,sell,5.598e-05,151.0,0.00845298
BCD/BTC,1572714902650,2019-11-02T17:15:02.650Z,sell,5.597e-05,56.0,0.00313432
BCD/BTC,1572714904479,2019-11-02T17:15:04.479Z,sell,5.599e-05,75.0,0.00419925
BCD/BTC,1572714906376,2019-11-02T17:15:06.376Z,sell,5.599e-05,70.0,0.0039193
BCD/BTC,1572714909467,2019-11-02T17:15:09.467Z,sell,5.599e-05,3.0,0.0001679699999999
BCD/BTC,1572715697776,2019-11-02T17:28:17.776Z,buy,5.601e-05,4.0,0.00022404
BCD/BTC,1572716232589,2019-11-02T17:37:12.589Z,buy,5.602e-05,32.0,0.00179264
BCD/BTC,1572716611724,2019-11-02T17:43:31.724Z,buy,5.602e-05,6.0,0.00033612
BCD/BTC,1572716611724,2019-11-02T17:43:31.724Z,buy,5.622e-05,56.0,0.00314832
BCD/BTC,1572716611724,2019-11-02T17:43:31.724Z,buy,5.623e-05,252.0,0.01416996
BCD/BTC,1572716611724,2019-11-02T17:43:31.724Z,buy,5.629e-05,180.0,0.0101322
BCD/BTC,1572716611724,2019-11-02T17:43:31.724Z,buy,5.63e-05,701.0,0.0394663
BCD/BTC,1572716612296,2019-11-02T17:43:32.296Z,buy,5.629e-05,51.0,0.00287079
BCD/BTC,1572716612872,2019-11-02T17:43:32.872Z,buy,5.629e-05,2.0,0.00011258
BCD/BTC,1572716612872,2019-11-02T17:43:32.872Z,buy,5.629e-05,2.0,0.00011258
BCD/BTC,1572716696713,2019-11-02T17:44:56.713Z,sell,5.629e-05,2511.0,0.14134419
BCD/BTC,1572716696726,2019-11-02T17:44:56.726Z,sell,5.629e-05,364.0,0.02048956
BCD/BTC,1572716696910,2019-11-02T17:44:56.910Z,sell,5.629e-05,614.0,0.03456206
BCD/BTC,1572716697000,2019-11-02T17:44:57.000Z,sell,5.629e-05,61.0,0.00343369
BCD/BTC,1572716697219,2019-11-02T17:44:57.219Z,sell,5.629e-05,467.0,0.02628743
BCD/BTC,1572716697361,2019-11-02T17:44:57.361Z,sell,5.629e-05,195.0,0.01097655
BCD/BTC,1572716697428,2019-11-02T17:44:57.428Z,sell,5.629e-05,165.0,0.00928785
BCD/BTC,1572716713585,2019-11-02T17:45:13.585Z,sell,5.616e-05,129.0,0.00724464
BCD/BTC,1572716713585,2019-11-02T17:45:13.585Z,sell,5.594e-05,156.0,0.00872664
BCD/BTC,1572716728809,2019-11-02T17:45:28.809Z,sell,5.595e-05,69.0,0.00386055
BCD/BTC,1572717486830,2019-11-02T17:58:06.830Z,buy,5.618e-05,1.0,5.618e-05
BCD/BTC,1572717611057,2019-11-02T18:00:11.057Z,sell,5.595e-05,3.0,0.00016785
BCD/BTC,1572717611186,2019-11-02T18:00:11.186Z,sell,5.592e-05,17.0,0.00095064
BCD/BTC,1572717612367,2019-11-02T18:00:12.367Z,sell,5.592e-05,16.0,0.00089472
BCD/BTC,1572717612536,2019-11-02T18:00:12.536Z,sell,5.592e-05,15.0,0.0008388
BCD/BTC,1572717613163,2019-11-02T18:00:13.163Z,sell,5.592e-05,15.0,0.0008388
BCD/BTC,1572717613221,2019-11-02T18:00:13.221Z,sell,5.592e-05,2.0,0.00011184
BCD/BTC,1572717613578,2019-11-02T18:00:13.578Z,sell,5.592e-05,2.0,0.00011184
BCD/BTC,1572718906698,2019-11-02T18:21:46.698Z,buy,5.6e-05,3.0,0.000168
BCD/BTC,1572718906698,2019-11-02T18:21:46.698Z,buy,5.602e-05,37.0,0.00207274
BCD/BTC,1572719645738,2019-11-02T18:34:05.738Z,buy,5.602e-05,34.0,0.00190468
BCD/BTC,1572719646706,2019-11-02T18:34:06.706Z,buy,5.62e-05,7.0,0.0003933999999999
BCD/BTC,1572720010186,2019-11-02T18:40:10.186Z,sell,5.596e-05,80.0,0.0044767999999999
BCD/BTC,1572720048227,2019-11-02T18:40:48.227Z,sell,5.596e-05,1.0,5.596e-05
BCD/BTC,1572720048227,2019-11-02T18:40:48.227Z,sell,5.593e-05,72.0,0.00402696
BCD/BTC,1572720052130,2019-11-02T18:40:52.130Z,sell,5.593e-05,1.0,5.593e-05
BCD/BTC,1572720052130,2019-11-02T18:40:52.130Z,sell,5.592e-05,81.0,0.00452952
BCD/BTC,1572720052130,2019-11-02T18:40:52.130Z,sell,5.593e-05,1.0,5.593e-05
BCD/BTC,1572720052130,2019-11-02T18:40:52.130Z,sell,5.592e-05,81.0,0.00452952
BCD/BTC,1572721198372,2019-11-02T18:59:58.372Z,sell,5.592e-05,2.0,0.00011184
BCD/BTC,1572721198372,2019-11-02T18:59:58.372Z,sell,5.586e-05,13.0,0.00072618
BCD/BTC,1572721198372,2019-11-02T18:59:58.372Z,sell,5.585e-05,108.0,0.0060318
BCD/BTC,1572721787938,2019-11-02T19:09:47.938Z,sell,5.591e-05,281.0,0.01571071
BCD/BTC,1572721787938,2019-11-02T19:09:47.938Z,sell,5.587e-05,105.0,0.00586635
BCD/BTC,1572723268516,2019-11-02T19:34:28.516Z,sell,5.584e-05,986.0,0.05505824
BCD/BTC,1572723268516,2019-11-02T19:34:28.516Z,sell,5.58e-05,86.0,0.0047988
BCD/BTC,1572723600783,2019-11-02T19:40:00.783Z,buy,5.591e-05,3.0,0.00016773
BCD/BTC,1572723640324,2019-11-02T19:40:40.324Z,buy,5.588e-05,12.0,0.00067056
BCD/BTC,1572723640324,2019-11-02T19:40:40.324Z,buy,5.588e-05,12.0,0.00067056
BCD/BTC,1572723761594,2019-11-02T19:42:41.594Z,buy,5.589e-05,8.0,0.00044712
BCD/BTC,1572723897641,2019-11-02T19:44:57.641Z,buy,5.59e-05,6.0,0.0003353999999999
BCD/BTC,1572724377543,2019-11-02T19:52:57.543Z,buy,5.591e-05,173.0,0.00967243
BCD/BTC,1572724377543,2019-11-02T19:52:57.543Z,buy,5.592e-05,328.0,0.01834176
BCD/BTC,1572724377563,2019-11-02T19:52:57.563Z,buy,5.593e-05,172.0,0.00961996
BCD/BTC,1572724476320,2019-11-02T19:54:36.320Z,sell,5.593e-05,110.0,0.0061523
BCD/BTC,1572724506518,2019-11-02T19:55:06.518Z,sell,5.601e-05,66.0,0.00369666
BCD/BTC,1572725082463,2019-11-02T20:04:42.463Z,buy,5.607e-05,31.0,0.0017381699999999
BCD/BTC,1572725084942,2019-11-02T20:04:44.942Z,sell,5.607e-05,9.0,0.0005046299999999
BCD/BTC,1572725085999,2019-11-02T20:04:45.999Z,sell,5.607e-05,9.0,0.0005046299999999
BCD/BTC,1572725102387,2019-11-02T20:05:02.387Z,sell,5.607e-05,1.0,5.607e-05
BCD/BTC,1572725281225,2019-11-02T20:08:01.225Z,buy,5.607e-05,423.0,0.02371761
BCD/BTC,1572725462474,2019-11-02T20:11:02.474Z,sell,5.621e-05,17.0,0.00095557
BCD/BTC,1572725462490,2019-11-02T20:11:02.490Z,sell,5.621e-05,2.0,0.00011242
BCD/BTC,1572725462490,2019-11-02T20:11:02.490Z,sell,5.608e-05,17.0,0.00095336
BCD/BTC,1572725462756,2019-11-02T20:11:02.756Z,buy,5.615e-05,10.0,0.0005615
BCD/BTC,1572725462756,2019-11-02T20:11:02.756Z,buy,5.628e-05,27.0,0.00151956
BCD/BTC,1572725652249,2019-11-02T20:14:12.249Z,sell,5.608e-05,86.0,0.00482288
BCD/BTC,1572725716567,2019-11-02T20:15:16.567Z,sell,5.609e-05,53.0,0.00297277
BCD/BTC,1572726435146,2019-11-02T20:27:15.146Z,sell,5.608e-05,108.0,0.0060566399999999
BCD/BTC,1572726719958,2019-11-02T20:31:59.958Z,sell,5.607e-05,131.0,0.00734517
BCD/BTC,1572726952178,2019-11-02T20:35:52.178Z,sell,5.607e-05,131.0,0.00734517
BCD/BTC,1572726978205,2019-11-02T20:36:18.205Z,sell,5.607e-05,193.0,0.01082151
BCD/BTC,1572726994541,2019-11-02T20:36:34.541Z,sell,5.607e-05,212.0,0.01188684
BCD/BTC,1572727007224,2019-11-02T20:36:47.224Z,sell,5.607e-05,158.0,0.00885906
BCD/BTC,1572727007224,2019-11-02T20:36:47.224Z,sell,5.607e-05,158.0,0.00885906
BCD/BTC,1572727802310,2019-11-02T20:50:02.310Z,sell,5.607e-05,1.0,5.607e-05
BCD/BTC,1572728402101,2019-11-02T21:00:02.101Z,buy,5.604e-05,350.0,0.019614
BCD/BTC,1572728540955,2019-11-02T21:02:20.955Z,buy,5.605e-05,26.0,0.0014573
BCD/BTC,1572728543847,2019-11-02T21:02:23.847Z,buy,5.605e-05,26.0,0.0014573
BCD/BTC,1572728545852,2019-11-02T21:02:25.852Z,buy,5.605e-05,18.0,0.0010089
BCD/BTC,1572728546073,2019-11-02T21:02:26.073Z,buy,5.615e-05,9.0,0.00050535
BCD/BTC,1572728557897,2019-11-02T21:02:37.897Z,buy,5.616e-05,71.0,0.00398736
BCD/BTC,1572728557897,2019-11-02T21:02:37.897Z,buy,5.626e-05,5.0,0.0002813
BCD/BTC,1572728557948,2019-11-02T21:02:37.948Z,buy,5.626e-05,12.0,0.00067512
BCD/BTC,1572728558579,2019-11-02T21:02:38.579Z,buy,5.626e-05,25.0,0.0014065
BCD/BTC,1572728565889,2019-11-02T21:02:45.889Z,sell,5.605e-05,62.0,0.0034751
BCD/BTC,1572728574720,2019-11-02T21:02:54.720Z,buy,5.624e-05,9.0,0.00050616
BCD/BTC,1572728574803,2019-11-02T21:02:54.803Z,buy,5.624e-05,11.0,0.0006186399999999
BCD/BTC,1572728574804,2019-11-02T21:02:54.804Z,buy,5.624e-05,6.0,0.00033744
BCD/BTC,1572728574861,2019-11-02T21:02:54.861Z,buy,5.624e-05,6.0,0.00033744
BCD/BTC,1572728579818,2019-11-02T21:02:59.818Z,buy,5.626e-05,6.0,0.00033756
BCD/BTC,1572728592436,2019-11-02T21:03:12.436Z,buy,5.627e-05,76.0,0.00427652
BCD/BTC,1572728592531,2019-11-02T21:03:12.531Z,buy,5.626e-05,2.0,0.00011252
BCD/BTC,1572728592753,2019-11-02T21:03:12.753Z,buy,5.626e-05,24.0,0.00135024
BCD/BTC,1572728596040,2019-11-02T21:03:16.040Z,buy,5.626e-05,4.0,0.00022504
BCD/BTC,1572728831836,2019-11-02T21:07:11.836Z,sell,5.606e-05,20.0,0.0011212
BCD/BTC,1572728831836,2019-11-02T21:07:11.836Z,sell,5.605e-05,18.0,0.0010089
BCD/BTC,1572728831836,2019-11-02T21:07:11.836Z,sell,5.604e-05,117.0,0.00655668
BCD/BTC,1572729103000,2019-11-02T21:11:43.000Z,sell,5.606e-05,49.0,0.00274694
BCD/BTC,1572729103000,2019-11-02T21:11:43.000Z,sell,5.605e-05,17.0,0.00095285
BCD/BTC,1572729105389,2019-11-02T21:11:45.389Z,sell,5.606e-05,236.0,0.01323016
BCD/BTC,1572729141913,2019-11-02T21:12:21.913Z,sell,5.607e-05,78.0,0.00437346
BCD/BTC,1572729145645,2019-11-02T21:12:25.645Z,sell,5.607e-05,74.0,0.00414918
BCD/BTC,1572729145645,2019-11-02T21:12:25.645Z,sell,5.606e-05,291.0,0.01631346
BCD/BTC,1572730203209,2019-11-02T21:30:03.209Z,sell,5.605e-05,5.0,0.00028025
BCD/BTC,1572730203209,2019-11-02T21:30:03.209Z,sell,5.604e-05,22.0,0.00123288
BCD/BTC,1572730285915,2019-11-02T21:31:25.915Z,sell,5.604e-05,144.0,0.00806976
BCD/BTC,1572730335929,2019-11-02T21:32:15.929Z,sell,5.604e-05,49.0,0.00274596
BCD/BTC,1572730504272,2019-11-02T21:35:04.272Z,sell,5.604e-05,26.0,0.00145704
BCD/BTC,1572730504272,2019-11-02T21:35:04.272Z,sell,5.604e-05,26.0,0.00145704
BCD/BTC,1572730850036,2019-11-02T21:40:50.036Z,sell,5.604e-05,35.0,0.0019614
BCD/BTC,1572730954802,2019-11-02T21:42:34.802Z,buy,5.599e-05,18.0,0.00100782
BCD/BTC,1572731564316,2019-11-02T21:52:44.316Z,sell,5.595e-05,87.0,0.0048676499999999
BCD/BTC,1572732494855,2019-11-02T22:08:14.855Z,sell,5.595e-05,25.0,0.00139875
BCD/BTC,1572732827584,2019-11-02T22:13:47.584Z,buy,5.598e-05,19.0,0.00106362
BCD/BTC,1572732969842,2019-11-02T22:16:09.842Z,buy,5.598e-05,93.0,0.00520614
BCD/BTC,1572733874768,2019-11-02T22:31:14.768Z,buy,5.599e-05,107.0,0.0059909299999999
BCD/BTC,1572733874768,2019-11-02T22:31:14.768Z,buy,5.599e-05,107.0,0.0059909299999999
BCD/BTC,1572734108454,2019-11-02T22:35:08.454Z,sell,5.598e-05,114.0,0.00638172
BCD/BTC,1572734108454,2019-11-02T22:35:08.454Z,sell,5.595e-05,155.0,0.00867225
BCD/BTC,1572734114489,2019-11-02T22:35:14.489Z,sell,5.59e-05,2.0,0.0001118
BCD/BTC,1572734114489,2019-11-02T22:35:14.489Z,sell,5.588e-05,7.0,0.00039116
BCD/BTC,1572734117747,2019-11-02T22:35:17.747Z,sell,5.595e-05,30.0,0.0016784999999999
BCD/BTC,1572734117832,2019-11-02T22:35:17.832Z,sell,5.595e-05,72.0,0.0040284
BCD/BTC,1572734117832,2019-11-02T22:35:17.832Z,sell,5.59e-05,979.0,0.0547261
BCD/BTC,1572734118566,2019-11-02T22:35:18.566Z,sell,5.59e-05,43.0,0.0024037
BCD/BTC,1572734348999,2019-11-02T22:39:08.999Z,buy,5.59e-05,2.0,0.0001118
BCD/BTC,1572734351624,2019-11-02T22:39:11.624Z,sell,5.59e-05,439.0,0.0245401
BCD/BTC,1572736331669,2019-11-02T23:12:11.669Z,buy,5.591e-05,232.0,0.01297112
BCD/BTC,1572736648304,2019-11-02T23:17:28.304Z,sell,5.59e-05,1.0,5.59e-05
BCD/BTC,1572736648304,2019-11-02T23:17:28.304Z,sell,5.588e-05,11.0,0.00061468
BCD/BTC,1572736648304,2019-11-02T23:17:28.304Z,sell,5.578e-05,78.0,0.00435084
BCD/BTC,1572736648304,2019-11-02T23:17:28.304Z,sell,5.575e-05,6.0,0.0003345
BCD/BTC,1572736648304,2019-11-02T23:17:28.304Z,sell,5.569e-05,3.0,0.0001670699999999
BCD/BTC,1572736648304,2019-11-02T23:17:28.304Z,sell,5.568e-05,21.0,0.00116928
BCD/BTC,1572736648304,2019-11-02T23:17:28.304Z,sell,5.567e-05,338.0,0.01881646
BCD/BTC,1572736648304,2019-11-02T23:17:28.304Z,sell,5.563e-05,287.0,0.01596581
BCD/BTC,1572736648304,2019-11-02T23:17:28.304Z,sell,5.561e-05,886.0,0.0492704599999999
BCD/BTC,1572736648304,2019-11-02T23:17:28.304Z,sell,5.56e-05,479.0,0.0266324
BCD/BTC,1572736648304,2019-11-02T23:17:28.304Z,sell,5.558e-05,13.0,0.00072254
BCD/BTC,1572736648304,2019-11-02T23:17:28.304Z,sell,5.556e-05,11.0,0.00061116
BCD/BTC,1572736648304,2019-11-02T23:17:28.304Z,sell,5.551e-05,193.0,0.01071343
BCD/BTC,1572736648304,2019-11-02T23:17:28.304Z,sell,5.55e-05,283.0,0.0157065
BCD/BTC,1572736648304,2019-11-02T23:17:28.304Z,sell,5.547e-05,368.0,0.02041296
BCD/BTC,1572736648304,2019-11-02T23:17:28.304Z,sell,5.542e-05,25.0,0.0013855
BCD/BTC,1572736648304,2019-11-02T23:17:28.304Z,sell,5.539e-05,13.0,0.00072007
BCD/BTC,1572736648304,2019-11-02T23:17:28.304Z,sell,5.537e-05,649.0,0.03593513
BCD/BTC,1572736648304,2019-11-02T23:17:28.304Z,sell,5.536e-05,542.0,0.03000512
BCD/BTC,1572736648304,2019-11-02T23:17:28.304Z,sell,5.534e-05,3.0,0.00016602
BCD/BTC,1572736648304,2019-11-02T23:17:28.304Z,sell,5.53e-05,100.0,0.00553
BCD/BTC,1572736648304,2019-11-02T23:17:28.304Z,sell,5.529e-05,5.0,0.00027645
BCD/BTC,1572736648304,2019-11-02T23:17:28.304Z,sell,5.525e-05,757.0,0.04182425
BCD/BTC,1572736648304,2019-11-02T23:17:28.304Z,sell,5.525e-05,122.0,0.0067405
BCD/BTC,1572736648323,2019-11-02T23:17:28.323Z,buy,5.535e-05,1858.0,0.1028403
BCD/BTC,1572736648327,2019-11-02T23:17:28.327Z,buy,5.535e-05,179.0,0.0099076499999999
BCD/BTC,1572736648327,2019-11-02T23:17:28.327Z,buy,5.535e-05,8.0,0.0004428
BCD/BTC,1572736648330,2019-11-02T23:17:28.330Z,buy,5.535e-05,22.0,0.0012177
BCD/BTC,1572736648330,2019-11-02T23:17:28.330Z,buy,5.535e-05,1022.0,0.0565677
BCD/BTC,1572736648332,2019-11-02T23:17:28.332Z,buy,5.535e-05,72.0,0.0039851999999999
BCD/BTC,1572736648368,2019-11-02T23:17:28.368Z,sell,5.576e-05,77.0,0.00429352
BCD/BTC,1572736648401,2019-11-02T23:17:28.401Z,sell,5.576e-05,77.0,0.00429352
BCD/BTC,1572736652303,2019-11-02T23:17:32.303Z,sell,5.576e-05,3.0,0.00016728
BCD/BTC,1572736659036,2019-11-02T23:17:39.036Z,sell,5.576e-05,5.0,0.0002788
BCD/BTC,1572736659036,2019-11-02T23:17:39.036Z,sell,5.576e-05,5.0,0.0002788
BCD/BTC,1572737695704,2019-11-02T23:34:55.704Z,sell,5.576e-05,64.0,0.00356864
BCD/BTC,1572737695704,2019-11-02T23:34:55.704Z,sell,5.575e-05,1152.0,0.064224
BCD/BTC,1572738003973,2019-11-02T23:40:03.973Z,buy,5.582e-05,43.0,0.00240026
BCD/BTC,1572738004165,2019-11-02T23:40:04.165Z,buy,5.582e-05,34.0,0.00189788
BCD/BTC,1572738004165,2019-11-02T23:40:04.165Z,buy,5.586e-05,13.0,0.00072618
BCD/BTC,1572738004165,2019-11-02T23:40:04.165Z,buy,5.593e-05,25.0,0.00139825
BCD/BTC,1572738004429,2019-11-02T23:40:04.429Z,buy,5.593e-05,18.0,0.00100674
BCD/BTC,1572738167622,2019-11-02T23:42:47.622Z,buy,5.595e-05,7.0,0.00039165
BCD/BTC,1572738167622,2019-11-02T23:42:47.622Z,buy,5.597e-05,5.0,0.00027985
BCD/BTC,1572738167622,2019-11-02T23:42:47.622Z,buy,5.603e-05,361.0,0.0202268299999999
BCD/BTC,1572738167622,2019-11-02T23:42:47.622Z,buy,5.604e-05,85.0,0.0047634
BCD/BTC,1572738170023,2019-11-02T23:42:50.023Z,buy,5.607e-05,583.0,0.03268881
BCD/BTC,1572738170023,2019-11-02T23:42:50.023Z,buy,5.608e-05,101.0,0.00566408
BCD/BTC,1572738180466,2019-11-02T23:43:00.466Z,buy,5.609e-05,4.0,0.00022436
BCD/BTC,1572738180466,2019-11-02T23:43:00.466Z,buy,5.614e-05,49.0,0.00275086
BCD/BTC,1572738202460,2019-11-02T23:43:22.460Z,buy,5.61e-05,69.0,0.0038709
BCD/BTC,1572738242190,2019-11-02T23:44:02.190Z,sell,5.596e-05,350.0,0.019586
BCD/BTC,1572738558361,2019-11-02T23:49:18.361Z,buy,5.612e-05,2.0,0.00011224
BCD/BTC,1572738558361,2019-11-02T23:49:18.361Z,buy,5.615e-05,240.0,0.013476
BCD/BTC,1572738654943,2019-11-02T23:50:54.943Z,sell,5.612e-05,331.0,0.01857572
BCD/BTC,1572738797470,2019-11-02T23:53:17.470Z,buy,5.619e-05,1.0,5.619e-05
BCD/BTC,1572739223553,2019-11-03T00:00:23.553Z,buy,5.612e-05,3.0,0.00016836
BCD/BTC,1572739223553,2019-11-03T00:00:23.553Z,buy,5.613e-05,3.0,0.00016839
BCD/BTC,1572739223553,2019-11-03T00:00:23.553Z,buy,5.619e-05,11.0,0.00061809
BCD/BTC,1572739263371,2019-11-03T00:01:03.371Z,buy,5.618e-05,2.0,0.00011236
BCD/BTC,1572739263371,2019-11-03T00:01:03.371Z,buy,5.619e-05,18.0,0.00101142
BCD/BTC,1572739319146,2019-11-03T00:01:59.146Z,sell,5.596e-05,64.0,0.00358144
BCD/BTC,1572739319146,2019-11-03T00:01:59.146Z,sell,5.588e-05,8.0,0.00044704
BCD/BTC,1572739319146,2019-11-03T00:01:59.146Z,sell,5.587e-05,159.0,0.00888333
BCD/BTC,1572739997388,2019-11-03T00:13:17.388Z,sell,5.575e-05,181.0,0.01009075
BCD/BTC,1572739997388,2019-11-03T00:13:17.388Z,sell,5.574e-05,1274.0,0.07101276
BCD/BTC,1572739997388,2019-11-03T00:13:17.388Z,sell,5.569e-05,3.0,0.0001670699999999
BCD/BTC,1572739997388,2019-11-03T00:13:17.388Z,sell,5.563e-05,5.0,0.00027815
BCD/BTC,1572739997388,2019-11-03T00:13:17.388Z,sell,5.56e-05,179.0,0.0099524
BCD/BTC,1572739997388,2019-11-03T00:13:17.388Z,sell,5.54e-05,7.0,0.0003878
BCD/BTC,1572739997388,2019-11-03T00:13:17.388Z,sell,5.539e-05,13.0,0.00072007
BCD/BTC,1572739997388,2019-11-03T00:13:17.388Z,sell,5.538e-05,25.0,0.0013845
BCD/BTC,1572739997388,2019-11-03T00:13:17.388Z,sell,5.534e-05,3.0,0.00016602
BCD/BTC,1572739997388,2019-11-03T00:13:17.388Z,sell,5.532e-05,143.0,0.00791076
BCD/BTC,1572739998336,2019-11-03T00:13:18.336Z,sell,5.575e-05,25.0,0.00139375
BCD/BTC,1572740000111,2019-11-03T00:13:20.111Z,sell,5.575e-05,3.0,0.00016725
BCD/BTC,1572740000592,2019-11-03T00:13:20.592Z,buy,5.578e-05,78.0,0.00435084
BCD/BTC,1572740005857,2019-11-03T00:13:25.857Z,buy,5.579e-05,3.0,0.00016737
BCD/BTC,1572740016118,2019-11-03T00:13:36.118Z,buy,5.579e-05,4.0,0.00022316
BCD/BTC,1572740016118,2019-11-03T00:13:36.118Z,buy,5.579e-05,4.0,0.00022316
BCD/BTC,1572740372816,2019-11-03T00:19:32.816Z,buy,5.586e-05,13.0,0.00072618
BCD/BTC,1572740372816,2019-11-03T00:19:32.816Z,buy,5.597e-05,5.0,0.00027985
BCD/BTC,1572740372816,2019-11-03T00:19:32.816Z,buy,5.602e-05,96.0,0.00537792
BCD/BTC,1572740372816,2019-11-03T00:19:32.816Z,buy,5.603e-05,3.0,0.00016809
BCD/BTC,1572740372816,2019-11-03T00:19:32.816Z,buy,5.606e-05,117.0,0.00655902
BCD/BTC,1572740800733,2019-11-03T00:26:40.733Z,buy,5.602e-05,1.0,5.602e-05
BCD/BTC,1572740858786,2019-11-03T00:27:38.786Z,buy,5.607e-05,1.0,5.607e-05
BCD/BTC,1572740969155,2019-11-03T00:29:29.155Z,buy,5.595e-05,1.0,5.595e-05
BCD/BTC,1572740997429,2019-11-03T00:29:57.429Z,buy,5.586e-05,25.0,0.0013965
BCD/BTC,1572740998611,2019-11-03T00:29:58.611Z,buy,5.586e-05,25.0,0.0013965
BCD/BTC,1572741266992,2019-11-03T00:34:26.992Z,buy,5.593e-05,1061.0,0.05934173
BCD/BTC,1572741617290,2019-11-03T00:40:17.290Z,buy,5.61e-05,1.0,5.61e-05
BCD/BTC,1572741661701,2019-11-03T00:41:01.701Z,buy,5.596e-05,2.0,0.00011192
BCD/BTC,1572741661701,2019-11-03T00:41:01.701Z,buy,5.612e-05,78.0,0.00437736
BCD/BTC,1572741661701,2019-11-03T00:41:01.701Z,buy,5.619e-05,23.0,0.00129237
BCD/BTC,1572741838649,2019-11-03T00:43:58.649Z,buy,5.603e-05,188.0,0.0105336399999999
BCD/BTC,1572741853419,2019-11-03T00:44:13.419Z,buy,5.603e-05,52.0,0.00291356
BCD/BTC,1572741853419,2019-11-03T00:44:13.419Z,buy,5.604e-05,127.0,0.00711708
BCD/BTC,1572741858060,2019-11-03T00:44:18.060Z,buy,5.606e-05,150.0,0.008409
BCD/BTC,1572743243726,2019-11-03T01:07:23.726Z,buy,5.608e-05,1.0,5.608e-05
BCD/BTC,1572743293642,2019-11-03T01:08:13.642Z,buy,5.612e-05,1.0,5.612e-05
BCD/BTC,1572743312035,2019-11-03T01:08:32.035Z,buy,5.609e-05,1.0,5.609e-05
BCD/BTC,1572743385591,2019-11-03T01:09:45.591Z,buy,5.61e-05,1.0,5.61e-05
BCD/BTC,1572743385591,2019-11-03T01:09:45.591Z,buy,5.61e-05,1.0,5.61e-05
BCD/BTC,1572744638814,2019-11-03T01:30:38.814Z,sell,5.586e-05,37.0,0.00206682
BCD/BTC,1572744904300,2019-11-03T01:35:04.300Z,sell,5.586e-05,113.0,0.00631218
BCD/BTC,1572745013970,2019-11-03T01:36:53.970Z,buy,5.584e-05,3.0,0.00016752
BCD/BTC,1572745013970,2019-11-03T01:36:53.970Z,buy,5.585e-05,4.0,0.0002234
BCD/BTC,1572745013970,2019-11-03T01:36:53.970Z,buy,5.595e-05,36.0,0.0020142
BCD/BTC,1572745014549,2019-11-03T01:36:54.549Z,buy,5.595e-05,2.0,0.0001119
BCD/BTC,1572745180880,2019-11-03T01:39:40.880Z,sell,5.586e-05,222.0,0.01240092
BCD/BTC,1572745411323,2019-11-03T01:43:31.323Z,sell,5.584e-05,57.0,0.00318288
BCD/BTC,1572745646092,2019-11-03T01:47:26.092Z,buy,5.603e-05,30.0,0.0016809
BCD/BTC,1572746553394,2019-11-03T02:02:33.394Z,sell,5.575e-05,100.0,0.005575
BCD/BTC,1572746553507,2019-11-03T02:02:33.507Z,sell,5.576e-05,346.0,0.01929296
BCD/BTC,1572746553507,2019-11-03T02:02:33.507Z,sell,5.576e-05,12.0,0.00066912
BCD/BTC,1572746553507,2019-11-03T02:02:33.507Z,sell,5.575e-05,39.0,0.00217425
BCD/BTC,1572746553507,2019-11-03T02:02:33.507Z,sell,5.573e-05,139.0,0.0077464699999999
BCD/BTC,1572746553507,2019-11-03T02:02:33.507Z,sell,5.572e-05,21.0,0.00117012
BCD/BTC,1572746553896,2019-11-03T02:02:33.896Z,sell,5.575e-05,71.0,0.00395825
BCD/BTC,1572746554435,2019-11-03T02:02:34.435Z,sell,5.575e-05,30.0,0.0016725
BCD/BTC,1572746554755,2019-11-03T02:02:34.755Z,sell,5.575e-05,20.0,0.001115
BCD/BTC,1572746555016,2019-11-03T02:02:35.016Z,sell,5.575e-05,446.0,0.0248645
BCD/BTC,1572746555347,2019-11-03T02:02:35.347Z,sell,5.575e-05,253.0,0.01410475
BCD/BTC,1572746613019,2019-11-03T02:03:33.019Z,sell,5.569e-05,3.0,0.0001670699999999
BCD/BTC,1572746613019,2019-11-03T02:03:33.019Z,sell,5.563e-05,5.0,0.00027815
BCD/BTC,1572746613110,2019-11-03T02:03:33.110Z,sell,5.554e-05,82.0,0.00455428
BCD/BTC,1572746613218,2019-11-03T02:03:33.218Z,sell,5.555e-05,14.0,0.0007777
BCD/BTC,1572746613414,2019-11-03T02:03:33.414Z,sell,5.555e-05,329.0,0.01827595
BCD/BTC,1572746613958,2019-11-03T02:03:33.958Z,sell,5.555e-05,21.0,0.00116655
BCD/BTC,1572746614103,2019-11-03T02:03:34.103Z,sell,5.555e-05,30.0,0.0016665
BCD/BTC,1572746614169,2019-11-03T02:03:34.169Z,sell,5.555e-05,22.0,0.0012221
BCD/BTC,1572746614275,2019-11-03T02:03:34.275Z,sell,5.555e-05,123.0,0.00683265
BCD/BTC,1572746615488,2019-11-03T02:03:35.488Z,sell,5.555e-05,7.0,0.00038885
BCD/BTC,1572746642531,2019-11-03T02:04:02.531Z,buy,5.584e-05,348.0,0.01943232
BCD/BTC,1572746754121,2019-11-03T02:05:54.121Z,buy,5.591e-05,35.0,0.00195685
BCD/BTC,1572746898973,2019-11-03T02:08:18.973Z,buy,5.584e-05,17.0,0.00094928
BCD/BTC,1572746899976,2019-11-03T02:08:19.976Z,buy,5.584e-05,127.0,0.00709168
BCD/BTC,1572746899976,2019-11-03T02:08:19.976Z,buy,5.586e-05,358.0,0.01999788
BCD/BTC,1572746899976,2019-11-03T02:08:19.976Z,buy,5.588e-05,925.0,0.051689
BCD/BTC,1572746899976,2019-11-03T02:08:19.976Z,buy,5.593e-05,24.0,0.00134232
BCD/BTC,1572746957951,2019-11-03T02:09:17.951Z,sell,5.564e-05,48.0,0.00267072
BCD/BTC,1572746958951,2019-11-03T02:09:18.951Z,sell,5.564e-05,32.0,0.00178048
BCD/BTC,1572746964085,2019-11-03T02:09:24.085Z,sell,5.565e-05,98.0,0.0054537
BCD/BTC,1572746964085,2019-11-03T02:09:24.085Z,sell,5.564e-05,17.0,0.00094588
BCD/BTC,1572746964558,2019-11-03T02:09:24.558Z,sell,5.565e-05,58.0,0.0032277
BCD/BTC,1572746965357,2019-11-03T02:09:25.357Z,sell,5.565e-05,10.0,0.0005564999999999
BCD/BTC,1572746965357,2019-11-03T02:09:25.357Z,sell,5.564e-05,33.0,0.00183612
BCD/BTC,1572746967124,2019-11-03T02:09:27.124Z,sell,5.566e-05,41.0,0.00228206
BCD/BTC,1572746968014,2019-11-03T02:09:28.014Z,sell,5.566e-05,14.0,0.0007792399999999
BCD/BTC,1572746977724,2019-11-03T02:09:37.724Z,sell,5.561e-05,14.0,0.00077854
BCD/BTC,1572746977724,2019-11-03T02:09:37.724Z,sell,5.561e-05,14.0,0.00077854
BCD/BTC,1572746986229,2019-11-03T02:09:46.229Z,sell,5.565e-05,25.0,0.00139125
BCD/BTC,1572746988208,2019-11-03T02:09:48.208Z,sell,5.565e-05,30.0,0.0016695
BCD/BTC,1572747004734,2019-11-03T02:10:04.734Z,sell,5.563e-05,54.0,0.00300402
BCD/BTC,1572747005896,2019-11-03T02:10:05.896Z,sell,5.564e-05,30.0,0.0016692
BCD/BTC,1572747006380,2019-11-03T02:10:06.380Z,sell,5.564e-05,13.0,0.00072332
BCD/BTC,1572747006380,2019-11-03T02:10:06.380Z,sell,5.563e-05,17.0,0.00094571
BCD/BTC,1572747074180,2019-11-03T02:11:14.180Z,sell,5.559e-05,2.0,0.00011118
BCD/BTC,1572747074180,2019-11-03T02:11:14.180Z,sell,5.557e-05,32.0,0.00177824
BCD/BTC,1572747089512,2019-11-03T02:11:29.512Z,sell,5.56e-05,56.0,0.0031136
BCD/BTC,1572747956696,2019-11-03T02:25:56.696Z,sell,5.564e-05,30.0,0.0016692
BCD/BTC,1572749069140,2019-11-03T02:44:29.140Z,buy,5.575e-05,3.0,0.00016725
BCD/BTC,1572749350786,2019-11-03T02:49:10.786Z,buy,5.568e-05,3.0,0.00016704
BCD/BTC,1572749623214,2019-11-03T02:53:43.214Z,buy,5.562e-05,235.0,0.0130707
BCD/BTC,1572750051370,2019-11-03T03:00:51.370Z,buy,5.572e-05,1267.0,0.07059724
BCD/BTC,1572750051370,2019-11-03T03:00:51.370Z,buy,5.573e-05,179.0,0.0099756699999999
BCD/BTC,1572750051370,2019-11-03T03:00:51.370Z,buy,5.575e-05,2.0,0.0001115
BCD/BTC,1572750051370,2019-11-03T03:00:51.370Z,buy,5.597e-05,5.0,0.00027985
BCD/BTC,1572750051370,2019-11-03T03:00:51.370Z,buy,5.602e-05,331.0,0.01854262
BCD/BTC,1572750291487,2019-11-03T03:04:51.487Z,sell,5.564e-05,30.0,0.0016692
BCD/BTC,1572750291744,2019-11-03T03:04:51.744Z,sell,5.564e-05,30.0,0.0016692
BCD/BTC,1572750292904,2019-11-03T03:04:52.904Z,sell,5.564e-05,20.0,0.0011128
BCD/BTC,1572750489376,2019-11-03T03:08:09.376Z,sell,5.564e-05,23.0,0.00127972
BCD/BTC,1572750489376,2019-11-03T03:08:09.376Z,sell,5.564e-05,23.0,0.00127972
BCD/BTC,1572750818974,2019-11-03T03:13:38.974Z,sell,5.564e-05,2.0,0.00011128
BCD/BTC,1572750952982,2019-11-03T03:15:52.982Z,sell,5.566e-05,8.0,0.00044528
BCD/BTC,1572753052591,2019-11-03T03:50:52.591Z,buy,5.565e-05,2.0,0.0001113
BCD/BTC,1572753052591,2019-11-03T03:50:52.591Z,buy,5.566e-05,81.0,0.00450846
BCD/BTC,1572753191977,2019-11-03T03:53:11.977Z,sell,5.564e-05,2.0,0.00011128
BCD/BTC,1572753292051,2019-11-03T03:54:52.051Z,sell,5.564e-05,2.0,0.00011128
BCD/BTC,1572753292051,2019-11-03T03:54:52.051Z,sell,5.563e-05,5.0,0.00027815
BCD/BTC,1572753292051,2019-11-03T03:54:52.051Z,sell,5.542e-05,176.0,0.00975392
BCD/BTC,1572753292051,2019-11-03T03:54:52.051Z,sell,5.541e-05,130.0,0.0072033
BCD/BTC,1572753413854,2019-11-03T03:56:53.854Z,buy,5.576e-05,176.0,0.00981376
BCD/BTC,1572753862721,2019-11-03T04:04:22.721Z,buy,5.581e-05,59.0,0.00329279
BCD/BTC,1572753865106,2019-11-03T04:04:25.106Z,buy,5.581e-05,57.0,0.00318117
BCD/BTC,1572753951775,2019-11-03T04:05:51.775Z,buy,5.583e-05,1.0,5.583e-05
BCD/BTC,1572753951775,2019-11-03T04:05:51.775Z,buy,5.583e-05,1.0,5.583e-05
BCD/BTC,1572754186752,2019-11-03T04:09:46.752Z,buy,5.581e-05,52.0,0.00290212
BCD/BTC,1572754188900,2019-11-03T04:09:48.900Z,buy,5.581e-05,52.0,0.00290212
BCD/BTC,1572754669339,2019-11-03T04:17:49.339Z,buy,5.587e-05,3.0,0.00016761
BCD/BTC,1572754803206,2019-11-03T04:20:03.206Z,sell,5.589e-05,27.0,0.00150903
BCD/BTC,1572754847765,2019-11-03T04:20:47.765Z,buy,5.588e-05,138.0,0.00771144
BCD/BTC,1572755176287,2019-11-03T04:26:16.287Z,buy,5.597e-05,2.0,0.00011194
BCD/BTC,1572755403612,2019-11-03T04:30:03.612Z,buy,5.597e-05,5.0,0.00027985
BCD/BTC,1572755403612,2019-11-03T04:30:03.612Z,buy,5.602e-05,22.0,0.00123244
BCD/BTC,1572755437599,2019-11-03T04:30:37.599Z,buy,5.602e-05,96.0,0.00537792
BCD/BTC,1572755440018,2019-11-03T04:30:40.018Z,buy,5.602e-05,9.0,0.00050418
BCD/BTC,1572755441129,2019-11-03T04:30:41.129Z,buy,5.602e-05,9.0,0.00050418
BCD/BTC,1572755451889,2019-11-03T04:30:51.889Z,buy,5.602e-05,55.0,0.0030811
BCD/BTC,1572755458381,2019-11-03T04:30:58.381Z,buy,5.602e-05,82.0,0.00459364
BCD/BTC,1572755460840,2019-11-03T04:31:00.840Z,sell,5.587e-05,1.0,5.587e-05
BCD/BTC,1572755460840,2019-11-03T04:31:00.840Z,sell,5.574e-05,52.0,0.0028984799999999
BCD/BTC,1572755775880,2019-11-03T04:36:15.880Z,buy,5.602e-05,89.0,0.00498578
BCD/BTC,1572756090248,2019-11-03T04:41:30.248Z,sell,5.588e-05,69.0,0.00385572
BCD/BTC,1572756297585,2019-11-03T04:44:57.585Z,buy,5.603e-05,3.0,0.00016809
BCD/BTC,1572756797711,2019-11-03T04:53:17.711Z,buy,5.608e-05,130.0,0.0072904
BCD/BTC,1572756847154,2019-11-03T04:54:07.154Z,buy,5.607e-05,69.0,0.0038688299999999
BCD/BTC,1572757378575,2019-11-03T05:02:58.575Z,sell,5.589e-05,41.0,0.00229149
BCD/BTC,1572757479715,2019-11-03T05:04:39.715Z,sell,5.593e-05,18.0,0.00100674
BCD/BTC,1572757479715,2019-11-03T05:04:39.715Z,sell,5.593e-05,18.0,0.00100674
BCD/BTC,1572757639983,2019-11-03T05:07:19.983Z,buy,5.607e-05,2.0,0.00011214
BCD/BTC,1572757654991,2019-11-03T05:07:34.991Z,sell,5.607e-05,133.0,0.00745731
BCD/BTC,1572757655197,2019-11-03T05:07:35.197Z,buy,5.607e-05,218.0,0.01222326
BCD/BTC,1572757909579,2019-11-03T05:11:49.579Z,buy,5.613e-05,182.0,0.01021566
BCD/BTC,1572758004361,2019-11-03T05:13:24.361Z,buy,5.616e-05,1777.0,0.09979632
BCD/BTC,1572758006601,2019-11-03T05:13:26.601Z,buy,5.617e-05,214.0,0.01202038
BCD/BTC,1572758019587,2019-11-03T05:13:39.587Z,buy,5.617e-05,8.0,0.00044936
BCD/BTC,1572758019587,2019-11-03T05:13:39.587Z,buy,5.62e-05,50.0,0.00281
BCD/BTC,1572758037233,2019-11-03T05:13:57.233Z,buy,5.62e-05,828.0,0.0465335999999999
BCD/BTC,1572758849567,2019-11-03T05:27:29.567Z,sell,5.604e-05,66.0,0.00369864
BCD/BTC,1572758849574,2019-11-03T05:27:29.574Z,sell,5.604e-05,5.0,0.0002802
BCD/BTC,1572758851914,2019-11-03T05:27:31.914Z,sell,5.573e-05,46.0,0.0025635799999999
BCD/BTC,1572758852031,2019-11-03T05:27:32.031Z,buy,5.598e-05,355.0,0.0198729
BCD/BTC,1572758858287,2019-11-03T05:27:38.287Z,sell,5.586e-05,121.0,0.00675906
BCD/BTC,1572758858739,2019-11-03T05:27:38.739Z,sell,5.587e-05,164.0,0.00916268
BCD/BTC,1572758859016,2019-11-03T05:27:39.016Z,sell,5.587e-05,24.0,0.00134088
BCD/BTC,1572758859173,2019-11-03T05:27:39.173Z,sell,5.588e-05,283.0,0.01581404
BCD/BTC,1572758859276,2019-11-03T05:27:39.276Z,sell,5.588e-05,329.0,0.01838452
BCD/BTC,1572758859305,2019-11-03T05:27:39.305Z,sell,5.587e-05,9.0,0.00050283
BCD/BTC,1572758859629,2019-11-03T05:27:39.629Z,sell,5.587e-05,15.0,0.00083805
BCD/BTC,1572758859629,2019-11-03T05:27:39.629Z,sell,5.586e-05,59.0,0.0032957399999999
BCD/BTC,1572758859629,2019-11-03T05:27:39.629Z,sell,5.585e-05,234.0,0.0130689
BCD/BTC,1572758860027,2019-11-03T05:27:40.027Z,sell,5.586e-05,44.0,0.0024578399999999
BCD/BTC,1572758860728,2019-11-03T05:27:40.728Z,sell,5.588e-05,78.0,0.00435864
BCD/BTC,1572758860921,2019-11-03T05:27:40.921Z,sell,5.587e-05,10.0,0.0005587
BCD/BTC,1572758861003,2019-11-03T05:27:41.003Z,sell,5.587e-05,283.0,0.01581121
BCD/BTC,1572758861470,2019-11-03T05:27:41.470Z,sell,5.586e-05,34.0,0.00189924
BCD/BTC,1572758861873,2019-11-03T05:27:41.873Z,sell,5.579e-05,35.0,0.00195265
BCD/BTC,1572758861876,2019-11-03T05:27:41.876Z,sell,5.579e-05,19.0,0.00106001
BCD/BTC,1572758861884,2019-11-03T05:27:41.884Z,sell,5.579e-05,50.0,0.0027895
BCD/BTC,1572758862130,2019-11-03T05:27:42.130Z,buy,5.58e-05,81.0,0.0045198
BCD/BTC,1572758862586,2019-11-03T05:27:42.586Z,buy,5.58e-05,59.0,0.0032922
BCD/BTC,1572758862738,2019-11-03T05:27:42.738Z,buy,5.581e-05,24.0,0.00133944
BCD/BTC,1572758862738,2019-11-03T05:27:42.738Z,buy,5.611e-05,1.0,5.611e-05
BCD/BTC,1572759019211,2019-11-03T05:30:19.211Z,buy,5.608e-05,214.0,0.0120011199999999
BCD/BTC,1572759247030,2019-11-03T05:34:07.030Z,sell,5.577e-05,53.0,0.00295581
BCD/BTC,1572759465787,2019-11-03T05:37:45.787Z,sell,5.579e-05,174.0,0.00970746
BCD/BTC,1572759465870,2019-11-03T05:37:45.870Z,sell,5.58e-05,30.0,0.001674
BCD/BTC,1572759466341,2019-11-03T05:37:46.341Z,sell,5.581e-05,154.0,0.00859474
BCD/BTC,1572759466341,2019-11-03T05:37:46.341Z,sell,5.58e-05,5.0,0.000279
BCD/BTC,1572759819185,2019-11-03T05:43:39.185Z,buy,5.591e-05,198.0,0.0110701799999999
BCD/BTC,1572759819882,2019-11-03T05:43:39.882Z,buy,5.591e-05,132.0,0.0073801199999999
BCD/BTC,1572759825767,2019-11-03T05:43:45.767Z,buy,5.595e-05,85.0,0.0047557499999999
BCD/BTC,1572759825767,2019-11-03T05:43:45.767Z,buy,5.609e-05,3.0,0.0001682699999999
BCD/BTC,1572759950653,2019-11-03T05:45:50.653Z,buy,5.609e-05,100.0,0.005609
BCD/BTC,1572759953525,2019-11-03T05:45:53.525Z,buy,5.606e-05,86.0,0.00482116
BCD/BTC,1572760170052,2019-11-03T05:49:30.052Z,buy,5.597e-05,88.0,0.00492536
BCD/BTC,1572760170052,2019-11-03T05:49:30.052Z,buy,5.598e-05,270.0,0.0151146
BCD/BTC,1572760513155,2019-11-03T05:55:13.155Z,buy,5.607e-05,88.0,0.00493416
BCD/BTC,1572760513155,2019-11-03T05:55:13.155Z,buy,5.608e-05,92.0,0.00515936
BCD/BTC,1572760513155,2019-11-03T05:55:13.155Z,buy,5.609e-05,547.0,0.03068123
BCD/BTC,1572760513155,2019-11-03T05:55:13.155Z,buy,5.61e-05,210.0,0.011781
BCD/BTC,1572760515392,2019-11-03T05:55:15.392Z,buy,5.607e-05,712.0,0.03992184
BCD/BTC,1572760755310,2019-11-03T05:59:15.310Z,sell,5.574e-05,91.0,0.00507234
BCD/BTC,1572760778450,2019-11-03T05:59:38.450Z,sell,5.584e-05,4.0,0.00022336
BCD/BTC,1572760799859,2019-11-03T05:59:59.859Z,sell,5.588e-05,202.0,0.01128776
BCD/BTC,1572760824857,2019-11-03T06:00:24.857Z,sell,5.589e-05,135.0,0.00754515
BCD/BTC,1572761000039,2019-11-03T06:03:20.039Z,buy,5.606e-05,113.0,0.00633478
BCD/BTC,1572761000039,2019-11-03T06:03:20.039Z,buy,5.606e-05,113.0,0.00633478
BCD/BTC,1572762142075,2019-11-03T06:22:22.075Z,sell,5.599e-05,66.0,0.0036953399999999
BCD/BTC,1572762142084,2019-11-03T06:22:22.084Z,sell,5.599e-05,24.0,0.0013437599999999
BCD/BTC,1572762142131,2019-11-03T06:22:22.131Z,sell,5.598e-05,76.0,0.00425448
BCD/BTC,1572762144265,2019-11-03T06:22:24.265Z,sell,5.599e-05,60.0,0.0033594
BCD/BTC,1572762146707,2019-11-03T06:22:26.707Z,sell,5.599e-05,6.0,0.0003359399999999
BCD/BTC,1572762151194,2019-11-03T06:22:31.194Z,sell,5.599e-05,30.0,0.0016797
BCD/BTC,1572762272745,2019-11-03T06:24:32.745Z,sell,5.6e-05,55.0,0.00308
BCD/BTC,1572762272868,2019-11-03T06:24:32.868Z,sell,5.601e-05,80.0,0.0044808
BCD/BTC,1572762272904,2019-11-03T06:24:32.904Z,sell,5.601e-05,5.0,0.00028005
BCD/BTC,1572762273437,2019-11-03T06:24:33.437Z,sell,5.599e-05,30.0,0.0016797
BCD/BTC,1572762273514,2019-11-03T06:24:33.514Z,buy,5.6e-05,67.0,0.003752
BCD/BTC,1572762274234,2019-11-03T06:24:34.234Z,sell,5.599e-05,44.0,0.00246356
BCD/BTC,1572762274649,2019-11-03T06:24:34.649Z,sell,5.599e-05,85.0,0.00475915
BCD/BTC,1572762275291,2019-11-03T06:24:35.291Z,sell,5.599e-05,23.0,0.00128777
BCD/BTC,1572762275397,2019-11-03T06:24:35.397Z,sell,5.599e-05,36.0,0.00201564
BCD/BTC,1572762328114,2019-11-03T06:25:28.114Z,sell,5.599e-05,8.0,0.00044792
BCD/BTC,1572762328114,2019-11-03T06:25:28.114Z,sell,5.597e-05,80.0,0.0044776
BCD/BTC,1572762328326,2019-11-03T06:25:28.326Z,sell,5.597e-05,37.0,0.00207089
BCD/BTC,1572762328393,2019-11-03T06:25:28.393Z,sell,5.597e-05,1.0,5.597e-05
BCD/BTC,1572762328419,2019-11-03T06:25:28.419Z,buy,5.591e-05,59.0,0.00329869
BCD/BTC,1572762329709,2019-11-03T06:25:29.709Z,buy,5.591e-05,60.0,0.0033546
BCD/BTC,1572762359867,2019-11-03T06:25:59.867Z,sell,5.583e-05,9.0,0.00050247
BCD/BTC,1572762379319,2019-11-03T06:26:19.319Z,buy,5.604e-05,1.0,5.604e-05
BCD/BTC,1572762441214,2019-11-03T06:27:21.214Z,buy,5.6e-05,2.0,0.000112
BCD/BTC,1572762441214,2019-11-03T06:27:21.214Z,buy,5.601e-05,185.0,0.01036185
BCD/BTC,1572762500545,2019-11-03T06:28:20.545Z,buy,5.603e-05,182.0,0.01019746
BCD/BTC,1572762504816,2019-11-03T06:28:24.816Z,buy,5.602e-05,176.0,0.00985952
BCD/BTC,1572762521620,2019-11-03T06:28:41.620Z,buy,5.603e-05,72.0,0.00403416
BCD/BTC,1572762734708,2019-11-03T06:32:14.708Z,buy,5.603e-05,42.0,0.00235326
BCD/BTC,1572762734708,2019-11-03T06:32:14.708Z,buy,5.604e-05,133.0,0.00745332
BCD/BTC,1572762737057,2019-11-03T06:32:17.057Z,buy,5.603e-05,76.0,0.00425828
BCD/BTC,1572762976808,2019-11-03T06:36:16.808Z,buy,5.603e-05,42.0,0.00235326
BCD/BTC,1572762976808,2019-11-03T06:36:16.808Z,buy,5.604e-05,136.0,0.00762144
BCD/BTC,1572763018589,2019-11-03T06:36:58.589Z,buy,5.604e-05,42.0,0.00235368
BCD/BTC,1572763018589,2019-11-03T06:36:58.589Z,buy,5.605e-05,4339.0,0.24320095
BCD/BTC,1572763275426,2019-11-03T06:41:15.426Z,sell,5.592e-05,184.0,0.01028928
BCD/BTC,1572763275670,2019-11-03T06:41:15.670Z,buy,5.59e-05,1149.0,0.0642291
BCD/BTC,1572763277777,2019-11-03T06:41:17.777Z,buy,5.59e-05,25.0,0.0013974999999999
BCD/BTC,1572763278747,2019-11-03T06:41:18.747Z,buy,5.59e-05,25.0,0.0013974999999999
BCD/BTC,1572763503117,2019-11-03T06:45:03.117Z,buy,5.59e-05,110.0,0.006149
BCD/BTC,1572763802700,2019-11-03T06:50:02.700Z,buy,5.59e-05,111.0,0.0062048999999999
BCD/BTC,1572763838680,2019-11-03T06:50:38.680Z,sell,5.589e-05,42.0,0.00234738
BCD/BTC,1572764103152,2019-11-03T06:55:03.152Z,buy,5.59e-05,111.0,0.0062048999999999
BCD/BTC,1572764402721,2019-11-03T07:00:02.721Z,buy,5.59e-05,112.0,0.0062607999999999
BCD/BTC,1572764402721,2019-11-03T07:00:02.721Z,buy,5.59e-05,112.0,0.0062607999999999
BCD/BTC,1572764702299,2019-11-03T07:05:02.299Z,buy,5.59e-05,104.0,0.0058135999999999
BCD/BTC,1572765002699,2019-11-03T07:10:02.699Z,buy,5.59e-05,52.0,0.0029067999999999
BCD/BTC,1572765302698,2019-11-03T07:15:02.698Z,buy,5.59e-05,27.0,0.0015092999999999
BCD/BTC,1572765328491,2019-11-03T07:15:28.491Z,buy,5.59e-05,17.0,0.0009503
BCD/BTC,1572765332496,2019-11-03T07:15:32.496Z,buy,5.59e-05,17.0,0.0009503
BCD/BTC,1572765336496,2019-11-03T07:15:36.496Z,buy,5.59e-05,17.0,0.0009503
BCD/BTC,1572765514973,2019-11-03T07:18:34.973Z,buy,5.59e-05,78.0,0.0043602
BCD/BTC,1572767639669,2019-11-03T07:53:59.669Z,sell,5.599e-05,122.0,0.00683078
BCD/BTC,1572767639669,2019-11-03T07:53:59.669Z,sell,5.598e-05,178.0,0.00996444
BCD/BTC,1572767640499,2019-11-03T07:54:00.499Z,buy,5.596e-05,25.0,0.001399
BCD/BTC,1572767641656,2019-11-03T07:54:01.656Z,buy,5.596e-05,25.0,0.001399
BCD/BTC,1572767642961,2019-11-03T07:54:02.961Z,buy,5.596e-05,25.0,0.001399
BCD/BTC,1572767644056,2019-11-03T07:54:04.056Z,buy,5.596e-05,25.0,0.001399
BCD/BTC,1572767645150,2019-11-03T07:54:05.150Z,buy,5.596e-05,25.0,0.001399
BCD/BTC,1572767646172,2019-11-03T07:54:06.172Z,buy,5.596e-05,25.0,0.001399
BCD/BTC,1572767646374,2019-11-03T07:54:06.374Z,buy,5.596e-05,227.0,0.01270292
BCD/BTC,1572767646374,2019-11-03T07:54:06.374Z,buy,5.623e-05,25.0,0.00140575
BCD/BTC,1572767646374,2019-11-03T07:54:06.374Z,buy,5.596e-05,227.0,0.01270292
BCD/BTC,1572767646374,2019-11-03T07:54:06.374Z,buy,5.623e-05,25.0,0.00140575
BCD/BTC,1572768215956,2019-11-03T08:03:35.956Z,sell,5.603e-05,65.0,0.0036419499999999
BCD/BTC,1572768940095,2019-11-03T08:15:40.095Z,sell,5.613e-05,49.0,0.00275037
BCD/BTC,1572768940356,2019-11-03T08:15:40.356Z,sell,5.613e-05,52.0,0.00291876
BCD/BTC,1572769465405,2019-11-03T08:24:25.405Z,sell,5.613e-05,234.0,0.0131344199999999
BCD/BTC,1572769465471,2019-11-03T08:24:25.471Z,buy,5.613e-05,90.0,0.0050517
BCD/BTC,1572769465633,2019-11-03T08:24:25.633Z,buy,5.613e-05,34.0,0.00190842
BCD/BTC,1572769818446,2019-11-03T08:30:18.446Z,buy,5.613e-05,729.0,0.04091877
BCD/BTC,1572769818446,2019-11-03T08:30:18.446Z,buy,5.614e-05,178.0,0.00999292
BCD/BTC,1572769821108,2019-11-03T08:30:21.108Z,buy,5.613e-05,92.0,0.0051639599999999
BCD/BTC,1572770621620,2019-11-03T08:43:41.620Z,buy,5.623e-05,678.0,0.03812394
BCD/BTC,1572770621644,2019-11-03T08:43:41.644Z,sell,5.623e-05,10.0,0.0005623
BCD/BTC,1572770636548,2019-11-03T08:43:56.548Z,buy,5.623e-05,6.0,0.00033738
BCD/BTC,1572770636548,2019-11-03T08:43:56.548Z,buy,5.628e-05,131.0,0.00737268
BCD/BTC,1572770786228,2019-11-03T08:46:26.228Z,sell,5.591e-05,10.0,0.0005591
BCD/BTC,1572770786228,2019-11-03T08:46:26.228Z,sell,5.591e-05,10.0,0.0005591
BCD/BTC,1572773148039,2019-11-03T09:25:48.039Z,sell,5.596e-05,140.0,0.0078344
BCD/BTC,1572773191726,2019-11-03T09:26:31.726Z,sell,5.602e-05,30.0,0.0016806
BCD/BTC,1572773192898,2019-11-03T09:26:32.898Z,sell,5.602e-05,30.0,0.0016806
BCD/BTC,1572773194122,2019-11-03T09:26:34.122Z,sell,5.603e-05,9.0,0.00050427
BCD/BTC,1572773702203,2019-11-03T09:35:02.203Z,sell,5.597e-05,123.0,0.00688431
BCD/BTC,1572773702203,2019-11-03T09:35:02.203Z,sell,5.596e-05,77.0,0.00430892
BCD/BTC,1572773702300,2019-11-03T09:35:02.300Z,sell,5.596e-05,27.0,0.00151092
BCD/BTC,1572773704705,2019-11-03T09:35:04.705Z,sell,5.597e-05,61.0,0.00341417
BCD/BTC,1572773704705,2019-11-03T09:35:04.705Z,sell,5.596e-05,50.0,0.002798
BCD/BTC,1572773704709,2019-11-03T09:35:04.709Z,sell,5.596e-05,69.0,0.00386124
BCD/BTC,1572773704808,2019-11-03T09:35:04.808Z,sell,5.597e-05,20.0,0.0011194
BCD/BTC,1572773704950,2019-11-03T09:35:04.950Z,sell,5.597e-05,41.0,0.00229477
BCD/BTC,1572773704950,2019-11-03T09:35:04.950Z,sell,5.596e-05,12.0,0.00067152
BCD/BTC,1572773773622,2019-11-03T09:36:13.622Z,sell,5.596e-05,75.0,0.004197
BCD/BTC,1572773773650,2019-11-03T09:36:13.650Z,sell,5.596e-05,28.0,0.00156688
BCD/BTC,1572774003187,2019-11-03T09:40:03.187Z,sell,5.596e-05,11.0,0.00061556
BCD/BTC,1572774003187,2019-11-03T09:40:03.187Z,sell,5.591e-05,9.0,0.0005031899999999
BCD/BTC,1572774003187,2019-11-03T09:40:03.187Z,sell,5.59e-05,3.0,0.0001676999999999
BCD/BTC,1572774129163,2019-11-03T09:42:09.163Z,sell,5.581e-05,20.0,0.0011162
BCD/BTC,1572774129163,2019-11-03T09:42:09.163Z,sell,5.574e-05,23.0,0.00128202
BCD/BTC,1572774129164,2019-11-03T09:42:09.164Z,sell,5.574e-05,84.0,0.0046821599999999
BCD/BTC,1572774129168,2019-11-03T09:42:09.168Z,buy,5.59e-05,1.0,5.59e-05
BCD/BTC,1572774129186,2019-11-03T09:42:09.186Z,sell,5.574e-05,17.0,0.00094758
BCD/BTC,1572774129186,2019-11-03T09:42:09.186Z,sell,5.569e-05,3.0,0.0001670699999999
BCD/BTC,1572774129186,2019-11-03T09:42:09.186Z,sell,5.564e-05,2.0,0.00011128
BCD/BTC,1572774129417,2019-11-03T09:42:09.417Z,sell,5.564e-05,33.0,0.00183612
BCD/BTC,1572774131968,2019-11-03T09:42:11.968Z,sell,5.565e-05,4.0,0.0002226
BCD/BTC,1572774301668,2019-11-03T09:45:01.668Z,buy,5.58e-05,1.0,5.58e-05
BCD/BTC,1572774303581,2019-11-03T09:45:03.581Z,sell,5.566e-05,27.0,0.00150282
BCD/BTC,1572774303581,2019-11-03T09:45:03.581Z,sell,5.566e-05,27.0,0.00150282
BCD/BTC,1572774603621,2019-11-03T09:50:03.621Z,sell,5.569e-05,27.0,0.00150363
BCD/BTC,1572774612165,2019-11-03T09:50:12.165Z,buy,5.586e-05,1.0,5.586e-05
BCD/BTC,1572774627937,2019-11-03T09:50:27.937Z,sell,5.57e-05,2.0,0.0001114
BCD/BTC,1572774634007,2019-11-03T09:50:34.007Z,buy,5.57e-05,1.0,5.57e-05
BCD/BTC,1572774634007,2019-11-03T09:50:34.007Z,buy,5.571e-05,3.0,0.00016713
BCD/BTC,1572774634007,2019-11-03T09:50:34.007Z,buy,5.601e-05,196.0,0.01097796
BCD/BTC,1572774634007,2019-11-03T09:50:34.007Z,buy,5.602e-05,302.0,0.01691804
BCD/BTC,1572774634007,2019-11-03T09:50:34.007Z,buy,5.603e-05,175.0,0.00980525
BCD/BTC,1572774634033,2019-11-03T09:50:34.033Z,sell,5.626e-05,80.0,0.0045008
BCD/BTC,1572774634054,2019-11-03T09:50:34.054Z,sell,5.626e-05,83.0,0.00466958
BCD/BTC,1572774634068,2019-11-03T09:50:34.068Z,sell,5.626e-05,83.0,0.00466958
BCD/BTC,1572774634127,2019-11-03T09:50:34.127Z,sell,5.626e-05,406.0,0.02284156
BCD/BTC,1572774634307,2019-11-03T09:50:34.307Z,sell,5.626e-05,89.0,0.00500714
BCD/BTC,1572774634382,2019-11-03T09:50:34.382Z,sell,5.626e-05,60.0,0.0033756
BCD/BTC,1572774634469,2019-11-03T09:50:34.469Z,sell,5.626e-05,30.0,0.0016878
BCD/BTC,1572774634485,2019-11-03T09:50:34.485Z,sell,5.626e-05,32.0,0.00180032
BCD/BTC,1572774634748,2019-11-03T09:50:34.748Z,sell,5.626e-05,32.0,0.00180032
BCD/BTC,1572774634758,2019-11-03T09:50:34.758Z,sell,5.626e-05,30.0,0.0016878
BCD/BTC,1572774634784,2019-11-03T09:50:34.784Z,sell,5.626e-05,30.0,0.0016878
BCD/BTC,1572774634800,2019-11-03T09:50:34.800Z,sell,5.626e-05,32.0,0.00180032
BCD/BTC,1572774634929,2019-11-03T09:50:34.929Z,sell,5.626e-05,24.0,0.00135024
BCD/BTC,1572774635085,2019-11-03T09:50:35.085Z,sell,5.626e-05,72.0,0.00405072
BCD/BTC,1572774635090,2019-11-03T09:50:35.090Z,sell,5.626e-05,14.0,0.00078764
BCD/BTC,1572774643367,2019-11-03T09:50:43.367Z,sell,5.582e-05,59.0,0.00329338
BCD/BTC,1572774644516,2019-11-03T09:50:44.516Z,sell,5.582e-05,34.0,0.00189788
BCD/BTC,1572774645017,2019-11-03T09:50:45.017Z,sell,5.583e-05,43.0,0.00240069
BCD/BTC,1572774651009,2019-11-03T09:50:51.009Z,sell,5.58e-05,20.0,0.001116
BCD/BTC,1572774665151,2019-11-03T09:51:05.151Z,sell,5.583e-05,12.0,0.00066996
BCD/BTC,1572774665799,2019-11-03T09:51:05.799Z,sell,5.583e-05,55.0,0.00307065
BCD/BTC,1572774665799,2019-11-03T09:51:05.799Z,sell,5.577e-05,3.0,0.00016731
BCD/BTC,1572774666317,2019-11-03T09:51:06.317Z,sell,5.578e-05,27.0,0.00150606
BCD/BTC,1572774902310,2019-11-03T09:55:02.310Z,sell,5.579e-05,34.0,0.00189686
BCD/BTC,1572774975843,2019-11-03T09:56:15.843Z,sell,5.58e-05,3.0,0.0001674
BCD/BTC,1572775203132,2019-11-03T10:00:03.132Z,sell,5.59e-05,34.0,0.0019006
BCD/BTC,1572775502725,2019-11-03T10:05:02.725Z,sell,5.591e-05,34.0,0.0019009399999999
BCD/BTC,1572775666807,2019-11-03T10:07:46.807Z,buy,5.591e-05,99.0,0.0055350899999999
BCD/BTC,1572775697274,2019-11-03T10:08:17.274Z,buy,5.6e-05,135.0,0.00756
BCD/BTC,1572775717732,2019-11-03T10:08:37.732Z,buy,5.601e-05,243.0,0.01361043
BCD/BTC,1572775717732,2019-11-03T10:08:37.732Z,buy,5.617e-05,114.0,0.00640338
BCD/BTC,1572775802331,2019-11-03T10:10:02.331Z,sell,5.576e-05,38.0,0.00211888
BCD/BTC,1572775907154,2019-11-03T10:11:47.154Z,buy,5.618e-05,1.0,5.618e-05
BCD/BTC,1572776102700,2019-11-03T10:15:02.700Z,sell,5.586e-05,38.0,0.00212268
BCD/BTC,1572776158083,2019-11-03T10:15:58.083Z,buy,5.617e-05,113.0,0.00634721
BCD/BTC,1572776158083,2019-11-03T10:15:58.083Z,buy,5.618e-05,255.0,0.0143259
BCD/BTC,1572776162189,2019-11-03T10:16:02.189Z,buy,5.616e-05,50.0,0.0028079999999999
BCD/BTC,1572776162543,2019-11-03T10:16:02.543Z,buy,5.616e-05,21.0,0.00117936
BCD/BTC,1572776166557,2019-11-03T10:16:06.557Z,buy,5.628e-05,219.0,0.01232532
BCD/BTC,1572776166557,2019-11-03T10:16:06.557Z,buy,5.629e-05,68.0,0.0038277199999999
BCD/BTC,1572776172288,2019-11-03T10:16:12.288Z,buy,5.629e-05,30.0,0.0016887
BCD/BTC,1572776179856,2019-11-03T10:16:19.856Z,buy,5.619e-05,23.0,0.00129237
BCD/BTC,1572776193429,2019-11-03T10:16:33.429Z,buy,5.628e-05,3.0,0.00016884
BCD/BTC,1572776193429,2019-11-03T10:16:33.429Z,buy,5.629e-05,34.0,0.0019138599999999
BCD/BTC,1572776195987,2019-11-03T10:16:35.987Z,sell,5.61e-05,177.0,0.0099297
BCD/BTC,1572776201650,2019-11-03T10:16:41.650Z,buy,5.61e-05,172.0,0.0096492
BCD/BTC,1572776402299,2019-11-03T10:20:02.299Z,sell,5.611e-05,45.0,0.00252495
BCD/BTC,1572776587011,2019-11-03T10:23:07.011Z,buy,5.628e-05,3.0,0.00016884
BCD/BTC,1572776587036,2019-11-03T10:23:07.036Z,sell,5.628e-05,15.0,0.0008442
BCD/BTC,1572776679192,2019-11-03T10:24:39.192Z,sell,5.614e-05,150.0,0.008421
BCD/BTC,1572776679192,2019-11-03T10:24:39.192Z,sell,5.613e-05,356.0,0.01998228
BCD/BTC,1572776679192,2019-11-03T10:24:39.192Z,sell,5.611e-05,161.0,0.00903371
BCD/BTC,1572776679204,2019-11-03T10:24:39.204Z,sell,5.611e-05,153.0,0.00858483
BCD/BTC,1572776703149,2019-11-03T10:25:03.149Z,sell,5.61e-05,48.0,0.0026928
BCD/BTC,1572776708592,2019-11-03T10:25:08.592Z,buy,5.623e-05,130.0,0.0073099
BCD/BTC,1572776758298,2019-11-03T10:25:58.298Z,buy,5.62e-05,86.0,0.0048332
BCD/BTC,1572776758298,2019-11-03T10:25:58.298Z,buy,5.621e-05,356.0,0.02001076
BCD/BTC,1572776760721,2019-11-03T10:26:00.721Z,buy,5.62e-05,57.0,0.0032034
BCD/BTC,1572777002305,2019-11-03T10:30:02.305Z,sell,5.609e-05,53.0,0.00297277
BCD/BTC,1572777080650,2019-11-03T10:31:20.650Z,buy,5.628e-05,2.0,0.00011256
BCD/BTC,1572777080650,2019-11-03T10:31:20.650Z,buy,5.629e-05,115.0,0.00647335
BCD/BTC,1572777080650,2019-11-03T10:31:20.650Z,buy,5.63e-05,436.0,0.0245468
BCD/BTC,1572777149523,2019-11-03T10:32:29.523Z,buy,5.63e-05,2.0,0.0001126
BCD/BTC,1572777149523,2019-11-03T10:32:29.523Z,buy,5.631e-05,52.0,0.00292812
BCD/BTC,1572777302294,2019-11-03T10:35:02.294Z,sell,5.613e-05,50.0,0.0028065
BCD/BTC,1572777602323,2019-11-03T10:40:02.323Z,sell,5.614e-05,51.0,0.00286314
BCD/BTC,1572777773994,2019-11-03T10:42:53.994Z,buy,5.619e-05,1.0,5.619e-05
BCD/BTC,1572777902720,2019-11-03T10:45:02.720Z,sell,5.614e-05,20.0,0.0011228
BCD/BTC,1572777902720,2019-11-03T10:45:02.720Z,sell,5.598e-05,26.0,0.00145548
BCD/BTC,1572777902720,2019-11-03T10:45:02.720Z,sell,5.614e-05,20.0,0.0011228
BCD/BTC,1572777902720,2019-11-03T10:45:02.720Z,sell,5.598e-05,26.0,0.00145548
BCD/BTC,1572778130216,2019-11-03T10:48:50.216Z,sell,5.597e-05,5.0,0.00027985
BCD/BTC,1572778136218,2019-11-03T10:48:56.218Z,buy,5.59e-05,308.0,0.0172172
BCD/BTC,1572778140881,2019-11-03T10:49:00.881Z,sell,5.582e-05,60.0,0.0033491999999999
BCD/BTC,1572778202718,2019-11-03T10:50:02.718Z,sell,5.586e-05,49.0,0.00273714
BCD/BTC,1572778223685,2019-11-03T10:50:23.685Z,buy,5.614e-05,3.0,0.00016842
BCD/BTC,1572778223685,2019-11-03T10:50:23.685Z,buy,5.615e-05,2.0,0.0001123
BCD/BTC,1572778223685,2019-11-03T10:50:23.685Z,buy,5.616e-05,16.0,0.00089856
BCD/BTC,1572778273348,2019-11-03T10:51:13.348Z,buy,5.62e-05,1.0,5.62e-05
BCD/BTC,1572778502302,2019-11-03T10:55:02.302Z,sell,5.603e-05,28.0,0.00156884
BCD/BTC,1572778778528,2019-11-03T10:59:38.528Z,sell,5.612e-05,29.0,0.00162748
BCD/BTC,1572778802708,2019-11-03T11:00:02.708Z,sell,5.607e-05,27.0,0.00151389
BCD/BTC,1572778863514,2019-11-03T11:01:03.514Z,sell,5.618e-05,19.0,0.00106742
BCD/BTC,1572778881488,2019-11-03T11:01:21.488Z,buy,5.62e-05,3.0,0.0001685999999999
BCD/BTC,1572778908586,2019-11-03T11:01:48.586Z,sell,5.623e-05,102.0,0.00573546
BCD/BTC,1572778910672,2019-11-03T11:01:50.672Z,sell,5.624e-05,90.0,0.0050615999999999
BCD/BTC,1572778915498,2019-11-03T11:01:55.498Z,sell,5.625e-05,10.0,0.0005625
BCD/BTC,1572778916108,2019-11-03T11:01:56.108Z,sell,5.625e-05,10.0,0.0005625
BCD/BTC,1572778919081,2019-11-03T11:01:59.081Z,sell,5.625e-05,10.0,0.0005625
BCD/BTC,1572778919142,2019-11-03T11:01:59.142Z,sell,5.625e-05,75.0,0.00421875
BCD/BTC,1572778921356,2019-11-03T11:02:01.356Z,sell,5.625e-05,10.0,0.0005625
BCD/BTC,1572778924086,2019-11-03T11:02:04.086Z,sell,5.625e-05,10.0,0.0005625
BCD/BTC,1572778924669,2019-11-03T11:02:04.669Z,sell,5.626e-05,15.0,0.0008439
BCD/BTC,1572778924897,2019-11-03T11:02:04.897Z,sell,5.626e-05,30.0,0.0016878
BCD/BTC,1572778925233,2019-11-03T11:02:05.233Z,sell,5.626e-05,34.0,0.00191284
BCD/BTC,1572778925540,2019-11-03T11:02:05.540Z,sell,5.626e-05,92.0,0.00517592
BCD/BTC,1572778925540,2019-11-03T11:02:05.540Z,sell,5.625e-05,31.0,0.0017437499999999
BCD/BTC,1572778925619,2019-11-03T11:02:05.619Z,sell,5.625e-05,50.0,0.0028125
BCD/BTC,1572778926069,2019-11-03T11:02:06.069Z,sell,5.625e-05,16.0,0.0009
BCD/BTC,1572778927014,2019-11-03T11:02:07.014Z,sell,5.626e-05,8.0,0.00045008
BCD/BTC,1572778935811,2019-11-03T11:02:15.811Z,sell,5.626e-05,86.0,0.00483836
BCD/BTC,1572778935866,2019-11-03T11:02:15.866Z,sell,5.626e-05,50.0,0.002813
BCD/BTC,1572778942097,2019-11-03T11:02:22.097Z,sell,5.626e-05,8.0,0.00045008
BCD/BTC,1572779434100,2019-11-03T11:10:34.100Z,sell,5.597e-05,38.0,0.00212686
BCD/BTC,1572779445264,2019-11-03T11:10:45.264Z,sell,5.59e-05,25.0,0.0013974999999999
BCD/BTC,1572779446291,2019-11-03T11:10:46.291Z,sell,5.59e-05,25.0,0.0013974999999999
BCD/BTC,1572779447212,2019-11-03T11:10:47.212Z,sell,5.59e-05,25.0,0.0013974999999999
BCD/BTC,1572779448167,2019-11-03T11:10:48.167Z,sell,5.59e-05,25.0,0.0013974999999999
BCD/BTC,1572779528309,2019-11-03T11:12:08.309Z,sell,5.591e-05,4.0,0.00022364
BCD/BTC,1572779528309,2019-11-03T11:12:08.309Z,sell,5.59e-05,84.0,0.0046955999999999
BCD/BTC,1572779530473,2019-11-03T11:12:10.473Z,sell,5.592e-05,87.0,0.00486504
BCD/BTC,1572779530473,2019-11-03T11:12:10.473Z,sell,5.591e-05,1270.0,0.0710056999999999
BCD/BTC,1572779540641,2019-11-03T11:12:20.641Z,sell,5.589e-05,91.0,0.00508599
BCD/BTC,1572779551756,2019-11-03T11:12:31.756Z,sell,5.589e-05,217.0,0.01212813
BCD/BTC,1572779551756,2019-11-03T11:12:31.756Z,sell,5.588e-05,4.0,0.00022352
BCD/BTC,1572779551756,2019-11-03T11:12:31.756Z,sell,5.569e-05,3.0,0.0001670699999999
BCD/BTC,1572779551756,2019-11-03T11:12:31.756Z,sell,5.564e-05,178.0,0.00990392
BCD/BTC,1572779551756,2019-11-03T11:12:31.756Z,sell,5.563e-05,5.0,0.00027815
BCD/BTC,1572779551756,2019-11-03T11:12:31.756Z,sell,5.561e-05,303.0,0.01684983
BCD/BTC,1572779562073,2019-11-03T11:12:42.073Z,buy,5.598e-05,115.0,0.0064377
BCD/BTC,1572779621636,2019-11-03T11:13:41.636Z,sell,5.581e-05,115.0,0.00641815
BCD/BTC,1572779831215,2019-11-03T11:17:11.215Z,buy,5.595e-05,26.0,0.0014547
BCD/BTC,1572779831251,2019-11-03T11:17:11.251Z,buy,5.595e-05,26.0,0.0014547
BCD/BTC,1572779835333,2019-11-03T11:17:15.333Z,sell,5.575e-05,265.0,0.01477375
BCD/BTC,1572780060441,2019-11-03T11:21:00.441Z,buy,5.587e-05,3.0,0.00016761
BCD/BTC,1572780061566,2019-11-03T11:21:01.566Z,buy,5.592e-05,6.0,0.00033552
BCD/BTC,1572780063927,2019-11-03T11:21:03.927Z,sell,5.588e-05,17.0,0.00094996
BCD/BTC,1572780063927,2019-11-03T11:21:03.927Z,sell,5.586e-05,6.0,0.00033516
BCD/BTC,1572780063927,2019-11-03T11:21:03.927Z,sell,5.575e-05,2.0,0.0001115
BCD/BTC,1572780104682,2019-11-03T11:21:44.682Z,sell,5.565e-05,52.0,0.0028937999999999
BCD/BTC,1572780104682,2019-11-03T11:21:44.682Z,sell,5.564e-05,166.0,0.00923624
BCD/BTC,1572780104682,2019-11-03T11:21:44.682Z,sell,5.56e-05,36.0,0.0020016
BCD/BTC,1572780104682,2019-11-03T11:21:44.682Z,sell,5.559e-05,44.0,0.00244596
BCD/BTC,1572780104682,2019-11-03T11:21:44.682Z,sell,5.558e-05,36.0,0.00200088
BCD/BTC,1572780104682,2019-11-03T11:21:44.682Z,sell,5.557e-05,177.0,0.00983589
BCD/BTC,1572780104682,2019-11-03T11:21:44.682Z,sell,5.556e-05,890.0,0.0494484
BCD/BTC,1572780104682,2019-11-03T11:21:44.682Z,sell,5.555e-05,1099.0,0.06104945
BCD/BTC,1572780106694,2019-11-03T11:21:46.694Z,sell,5.555e-05,25.0,0.00138875
BCD/BTC,1572780107530,2019-11-03T11:21:47.530Z,sell,5.555e-05,791.0,0.04394005
BCD/BTC,1572780107565,2019-11-03T11:21:47.565Z,sell,5.554e-05,2.0,0.00011108
BCD/BTC,1572780107565,2019-11-03T11:21:47.565Z,sell,5.553e-05,4.0,0.00022212
BCD/BTC,1572780107664,2019-11-03T11:21:47.664Z,buy,5.553e-05,47.0,0.00260991
BCD/BTC,1572780107754,2019-11-03T11:21:47.754Z,buy,5.553e-05,115.0,0.00638595
BCD/BTC,1572780107866,2019-11-03T11:21:47.866Z,sell,5.546e-05,20.0,0.0011092
BCD/BTC,1572780107866,2019-11-03T11:21:47.866Z,sell,5.539e-05,13.0,0.00072007
BCD/BTC,1572780107866,2019-11-03T11:21:47.866Z,sell,5.536e-05,7.0,0.00038752
BCD/BTC,1572780107866,2019-11-03T11:21:47.866Z,sell,5.534e-05,3.0,0.00016602
BCD/BTC,1572780107866,2019-11-03T11:21:47.866Z,sell,5.529e-05,5.0,0.00027645
BCD/BTC,1572780107866,2019-11-03T11:21:47.866Z,sell,5.523e-05,362.0,0.01999326
BCD/BTC,1572780107866,2019-11-03T11:21:47.866Z,sell,5.522e-05,215.0,0.0118723
BCD/BTC,1572780107866,2019-11-03T11:21:47.866Z,sell,5.521e-05,65.0,0.00358865
BCD/BTC,1572780107866,2019-11-03T11:21:47.866Z,sell,5.52e-05,101.0,0.0055752
BCD/BTC,1572780107973,2019-11-03T11:21:47.973Z,buy,5.553e-05,53.0,0.0029430899999999
BCD/BTC,1572780108322,2019-11-03T11:21:48.322Z,sell,5.52e-05,25.0,0.00138
BCD/BTC,1572780109255,2019-11-03T11:21:49.255Z,sell,5.522e-05,572.0,0.03158584
BCD/BTC,1572780112270,2019-11-03T11:21:52.270Z,buy,5.554e-05,35.0,0.0019439
BCD/BTC,1572780112462,2019-11-03T11:21:52.462Z,sell,5.536e-05,4.0,0.00022144
BCD/BTC,1572780112462,2019-11-03T11:21:52.462Z,sell,5.52e-05,5.0,0.000276
BCD/BTC,1572780114228,2019-11-03T11:21:54.228Z,buy,5.554e-05,30.0,0.0016662
BCD/BTC,1572780115790,2019-11-03T11:21:55.790Z,buy,5.554e-05,17.0,0.00094418
BCD/BTC,1572780119914,2019-11-03T11:21:59.914Z,buy,5.554e-05,17.0,0.00094418
BCD/BTC,1572780119914,2019-11-03T11:21:59.914Z,buy,5.562e-05,190.0,0.0105678
BCD/BTC,1572780119914,2019-11-03T11:21:59.914Z,buy,5.563e-05,5.0,0.00027815
BCD/BTC,1572780119914,2019-11-03T11:21:59.914Z,buy,5.566e-05,48.0,0.00267168
BCD/BTC,1572780144452,2019-11-03T11:22:24.452Z,buy,5.566e-05,21.0,0.00116886
BCD/BTC,1572780144581,2019-11-03T11:22:24.581Z,sell,5.566e-05,4.0,0.00022264
BCD/BTC,1572780177997,2019-11-03T11:22:57.997Z,sell,5.566e-05,20.0,0.0011132
BCD/BTC,1572780283846,2019-11-03T11:24:43.846Z,sell,5.566e-05,307.0,0.01708762
BCD/BTC,1572780308074,2019-11-03T11:25:08.074Z,buy,5.569e-05,2.0,0.00011138
BCD/BTC,1572780310728,2019-11-03T11:25:10.728Z,buy,5.569e-05,1.0,5.569e-05
BCD/BTC,1572780310728,2019-11-03T11:25:10.728Z,buy,5.571e-05,4.0,0.00022284
BCD/BTC,1572780310728,2019-11-03T11:25:10.728Z,buy,5.574e-05,3.0,0.00016722
BCD/BTC,1572780360548,2019-11-03T11:26:00.548Z,buy,5.574e-05,54.0,0.00300996
BCD/BTC,1572780363077,2019-11-03T11:26:03.077Z,buy,5.574e-05,64.0,0.00356736
BCD/BTC,1572780363309,2019-11-03T11:26:03.309Z,buy,5.574e-05,20.0,0.0011148
BCD/BTC,1572780363309,2019-11-03T11:26:03.309Z,buy,5.575e-05,7.0,0.0003902499999999
BCD/BTC,1572780363309,2019-11-03T11:26:03.309Z,buy,5.58e-05,58.0,0.0032364
BCD/BTC,1572780622794,2019-11-03T11:30:22.794Z,buy,5.571e-05,6.0,0.00033426
BCD/BTC,1572780623080,2019-11-03T11:30:23.080Z,buy,5.571e-05,6.0,0.00033426
BCD/BTC,1572780769341,2019-11-03T11:32:49.341Z,buy,5.547e-05,110.0,0.0061017
BCD/BTC,1572780769347,2019-11-03T11:32:49.347Z,buy,5.547e-05,88.0,0.00488136
BCD/BTC,1572780769349,2019-11-03T11:32:49.349Z,buy,5.547e-05,17.0,0.00094299
BCD/BTC,1572780967763,2019-11-03T11:36:07.763Z,buy,5.573e-05,35.0,0.00195055
BCD/BTC,1572781134551,2019-11-03T11:38:54.551Z,sell,5.548e-05,144.0,0.0079891199999999
BCD/BTC,1572781135642,2019-11-03T11:38:55.642Z,sell,5.548e-05,25.0,0.001387
BCD/BTC,1572781136750,2019-11-03T11:38:56.750Z,sell,5.548e-05,25.0,0.001387
BCD/BTC,1572781137525,2019-11-03T11:38:57.525Z,sell,5.548e-05,1032.0,0.05725536
BCD/BTC,1572781137923,2019-11-03T11:38:57.923Z,sell,5.548e-05,25.0,0.001387
BCD/BTC,1572781139043,2019-11-03T11:38:59.043Z,sell,5.549e-05,25.0,0.00138725
BCD/BTC,1572781140296,2019-11-03T11:39:00.296Z,sell,5.549e-05,25.0,0.00138725
BCD/BTC,1572781141246,2019-11-03T11:39:01.246Z,sell,5.549e-05,14.0,0.00077686
BCD/BTC,1572781141246,2019-11-03T11:39:01.246Z,sell,5.548e-05,11.0,0.0006102799999999
BCD/BTC,1572781142451,2019-11-03T11:39:02.451Z,sell,5.548e-05,25.0,0.001387
BCD/BTC,1572781143650,2019-11-03T11:39:03.650Z,sell,5.549e-05,25.0,0.00138725
BCD/BTC,1572781144212,2019-11-03T11:39:04.212Z,sell,5.549e-05,103.0,0.00571547
BCD/BTC,1572781145250,2019-11-03T11:39:05.250Z,sell,5.548e-05,12.0,0.0006657599999999
BCD/BTC,1572781145250,2019-11-03T11:39:05.250Z,sell,5.547e-05,2.0,0.00011094
BCD/BTC,1572781145250,2019-11-03T11:39:05.250Z,sell,5.544e-05,11.0,0.00060984
BCD/BTC,1572781146337,2019-11-03T11:39:06.337Z,sell,5.544e-05,25.0,0.0013859999999999
BCD/BTC,1572781147416,2019-11-03T11:39:07.416Z,sell,5.544e-05,25.0,0.0013859999999999
BCD/BTC,1572781148541,2019-11-03T11:39:08.541Z,sell,5.544e-05,25.0,0.0013859999999999
BCD/BTC,1572781149703,2019-11-03T11:39:09.703Z,sell,5.544e-05,25.0,0.0013859999999999
BCD/BTC,1572781150740,2019-11-03T11:39:10.740Z,sell,5.544e-05,419.0,0.0232293599999999
BCD/BTC,1572781150763,2019-11-03T11:39:10.763Z,sell,5.543e-05,25.0,0.00138575
BCD/BTC,1572781151913,2019-11-03T11:39:11.913Z,sell,5.543e-05,25.0,0.00138575
BCD/BTC,1572781152976,2019-11-03T11:39:12.976Z,sell,5.543e-05,25.0,0.00138575
BCD/BTC,1572781153907,2019-11-03T11:39:13.907Z,sell,5.543e-05,25.0,0.00138575
BCD/BTC,1572781154860,2019-11-03T11:39:14.860Z,sell,5.543e-05,25.0,0.00138575
BCD/BTC,1572781155818,2019-11-03T11:39:15.818Z,sell,5.543e-05,25.0,0.00138575
BCD/BTC,1572781156791,2019-11-03T11:39:16.791Z,sell,5.543e-05,25.0,0.00138575
BCD/BTC,1572781157242,2019-11-03T11:39:17.242Z,sell,5.543e-05,461.0,0.02555323
BCD/BTC,1572781157696,2019-11-03T11:39:17.696Z,sell,5.543e-05,25.0,0.00138575
BCD/BTC,1572781158624,2019-11-03T11:39:18.624Z,sell,5.543e-05,25.0,0.00138575
BCD/BTC,1572781159523,2019-11-03T11:39:19.523Z,sell,5.543e-05,25.0,0.00138575
BCD/BTC,1572781160731,2019-11-03T11:39:20.731Z,sell,5.543e-05,25.0,0.00138575
BCD/BTC,1572781161651,2019-11-03T11:39:21.651Z,sell,5.543e-05,25.0,0.00138575
BCD/BTC,1572781162650,2019-11-03T11:39:22.650Z,sell,5.543e-05,25.0,0.00138575
BCD/BTC,1572781163593,2019-11-03T11:39:23.593Z,sell,5.543e-05,25.0,0.00138575
BCD/BTC,1572781164616,2019-11-03T11:39:24.616Z,sell,5.543e-05,25.0,0.00138575
BCD/BTC,1572781165551,2019-11-03T11:39:25.551Z,sell,5.543e-05,25.0,0.00138575
BCD/BTC,1572781166599,2019-11-03T11:39:26.599Z,sell,5.543e-05,25.0,0.00138575
BCD/BTC,1572781167506,2019-11-03T11:39:27.506Z,sell,5.543e-05,25.0,0.00138575
BCD/BTC,1572781168456,2019-11-03T11:39:28.456Z,sell,5.543e-05,25.0,0.00138575
BCD/BTC,1572781169518,2019-11-03T11:39:29.518Z,sell,5.543e-05,25.0,0.00138575
BCD/BTC,1572781170875,2019-11-03T11:39:30.875Z,sell,5.543e-05,25.0,0.00138575
BCD/BTC,1572781171976,2019-11-03T11:39:31.976Z,sell,5.543e-05,25.0,0.00138575
BCD/BTC,1572781172949,2019-11-03T11:39:32.949Z,sell,5.543e-05,25.0,0.00138575
BCD/BTC,1572781173928,2019-11-03T11:39:33.928Z,sell,5.543e-05,25.0,0.00138575
BCD/BTC,1572781174877,2019-11-03T11:39:34.877Z,sell,5.543e-05,25.0,0.00138575
BCD/BTC,1572781176007,2019-11-03T11:39:36.007Z,sell,5.543e-05,25.0,0.00138575
BCD/BTC,1572781177054,2019-11-03T11:39:37.054Z,sell,5.543e-05,25.0,0.00138575
BCD/BTC,1572781178523,2019-11-03T11:39:38.523Z,sell,5.543e-05,25.0,0.00138575
BCD/BTC,1572781179726,2019-11-03T11:39:39.726Z,sell,5.543e-05,25.0,0.00138575
BCD/BTC,1572781180707,2019-11-03T11:39:40.707Z,sell,5.543e-05,25.0,0.00138575
BCD/BTC,1572781182511,2019-11-03T11:39:42.511Z,sell,5.543e-05,25.0,0.00138575
BCD/BTC,1572781183571,2019-11-03T11:39:43.571Z,sell,5.543e-05,25.0,0.00138575
BCD/BTC,1572781184531,2019-11-03T11:39:44.531Z,sell,5.543e-05,25.0,0.00138575
BCD/BTC,1572781185565,2019-11-03T11:39:45.565Z,sell,5.543e-05,25.0,0.00138575
BCD/BTC,1572781186711,2019-11-03T11:39:46.711Z,sell,5.543e-05,25.0,0.00138575
BCD/BTC,1572781188146,2019-11-03T11:39:48.146Z,sell,5.543e-05,25.0,0.00138575
BCD/BTC,1572781189119,2019-11-03T11:39:49.119Z,sell,5.543e-05,25.0,0.00138575
BCD/BTC,1572781190270,2019-11-03T11:39:50.270Z,sell,5.543e-05,25.0,0.00138575
BCD/BTC,1572781305643,2019-11-03T11:41:45.643Z,sell,5.543e-05,25.0,0.00138575
BCD/BTC,1572781307087,2019-11-03T11:41:47.087Z,sell,5.543e-05,25.0,0.00138575
BCD/BTC,1572781346639,2019-11-03T11:42:26.639Z,sell,5.543e-05,880.0,0.0487784
BCD/BTC,1572781346639,2019-11-03T11:42:26.639Z,sell,5.543e-05,880.0,0.0487784
BCD/BTC,1572782329738,2019-11-03T11:58:49.738Z,buy,5.563e-05,360.0,0.0200268
BCD/BTC,1572782329738,2019-11-03T11:58:49.738Z,buy,5.564e-05,303.0,0.01685892
BCD/BTC,1572782329738,2019-11-03T11:58:49.738Z,buy,5.585e-05,228.0,0.0127338
BCD/BTC,1572782348483,2019-11-03T11:59:08.483Z,sell,5.553e-05,76.0,0.00422028
BCD/BTC,1572782348483,2019-11-03T11:59:08.483Z,sell,5.552e-05,286.0,0.01587872
BCD/BTC,1572782348483,2019-11-03T11:59:08.483Z,sell,5.545e-05,72.0,0.0039924
BCD/BTC,1572782348483,2019-11-03T11:59:08.483Z,sell,5.544e-05,1013.0,0.05616072
BCD/BTC,1572782348483,2019-11-03T11:59:08.483Z,sell,5.534e-05,3.0,0.00016602
BCD/BTC,1572782348483,2019-11-03T11:59:08.483Z,sell,5.532e-05,45.0,0.0024894
BCD/BTC,1572782348483,2019-11-03T11:59:08.483Z,sell,5.531e-05,295.0,0.01631645
BCD/BTC,1572782516831,2019-11-03T12:01:56.831Z,buy,5.559e-05,3.0,0.00016677
BCD/BTC,1572782681013,2019-11-03T12:04:41.013Z,buy,5.557e-05,261.0,0.01450377
BCD/BTC,1572782681013,2019-11-03T12:04:41.013Z,buy,5.563e-05,139.0,0.00773257
BCD/BTC,1572782981195,2019-11-03T12:09:41.195Z,buy,5.559e-05,120.0,0.0066708
BCD/BTC,1572783541468,2019-11-03T12:19:01.468Z,buy,5.564e-05,19.0,0.00105716
BCD/BTC,1572783551050,2019-11-03T12:19:11.050Z,buy,5.564e-05,22.0,0.00122408
BCD/BTC,1572783594485,2019-11-03T12:19:54.485Z,buy,5.564e-05,3.0,0.00016692
BCD/BTC,1572783774365,2019-11-03T12:22:54.365Z,sell,5.56e-05,11.0,0.0006116
BCD/BTC,1572784494414,2019-11-03T12:34:54.414Z,buy,5.564e-05,1.0,5.564e-05
BCD/BTC,1572784494414,2019-11-03T12:34:54.414Z,buy,5.569e-05,3.0,0.0001670699999999
BCD/BTC,1572784494414,2019-11-03T12:34:54.414Z,buy,5.585e-05,100.0,0.005585
BCD/BTC,1572784494414,2019-11-03T12:34:54.414Z,buy,5.586e-05,200.0,0.011172
BCD/BTC,1572784704400,2019-11-03T12:38:24.400Z,buy,5.579e-05,2.0,0.00011158
BCD/BTC,1572784789387,2019-11-03T12:39:49.387Z,buy,5.586e-05,4.0,0.00022344
BCD/BTC,1572784789387,2019-11-03T12:39:49.387Z,buy,5.596e-05,186.0,0.01040856
BCD/BTC,1572784789387,2019-11-03T12:39:49.387Z,buy,5.597e-05,465.0,0.02602605
BCD/BTC,1572784789387,2019-11-03T12:39:49.387Z,buy,5.6e-05,172.0,0.009632
BCD/BTC,1572784831823,2019-11-03T12:40:31.823Z,buy,5.599e-05,25.0,0.00139975
BCD/BTC,1572784833019,2019-11-03T12:40:33.019Z,buy,5.599e-05,25.0,0.00139975
BCD/BTC,1572784834745,2019-11-03T12:40:34.745Z,buy,5.599e-05,25.0,0.00139975
BCD/BTC,1572784834898,2019-11-03T12:40:34.898Z,buy,5.599e-05,49.0,0.00274351
BCD/BTC,1572784834898,2019-11-03T12:40:34.898Z,buy,5.6e-05,4.0,0.000224
BCD/BTC,1572784834898,2019-11-03T12:40:34.898Z,buy,5.603e-05,3.0,0.00016809
BCD/BTC,1572784835055,2019-11-03T12:40:35.055Z,sell,5.603e-05,4.0,0.00022412
BCD/BTC,1572784899069,2019-11-03T12:41:39.069Z,buy,5.601e-05,83.0,0.00464883
BCD/BTC,1572784899069,2019-11-03T12:41:39.069Z,buy,5.601e-05,83.0,0.00464883
BCD/BTC,1572785249644,2019-11-03T12:47:29.644Z,sell,5.582e-05,9.0,0.00050238
BCD/BTC,1572785282455,2019-11-03T12:48:02.455Z,buy,5.602e-05,74.0,0.00414548
BCD/BTC,1572785282455,2019-11-03T12:48:02.455Z,buy,5.603e-05,55.0,0.00308165
BCD/BTC,1572785282455,2019-11-03T12:48:02.455Z,buy,5.604e-05,529.0,0.02964516
BCD/BTC,1572785282455,2019-11-03T12:48:02.455Z,buy,5.608e-05,569.0,0.03190952
BCD/BTC,1572785282455,2019-11-03T12:48:02.455Z,buy,5.612e-05,190.0,0.0106628
BCD/BTC,1572785282455,2019-11-03T12:48:02.455Z,buy,5.618e-05,823.0,0.04623614
BCD/BTC,1572785282523,2019-11-03T12:48:02.523Z,buy,5.603e-05,111.0,0.0062193299999999
BCD/BTC,1572785282599,2019-11-03T12:48:02.599Z,sell,5.612e-05,114.0,0.0063976799999999
BCD/BTC,1572785282603,2019-11-03T12:48:02.603Z,sell,5.612e-05,276.0,0.0154891199999999
BCD/BTC,1572785282642,2019-11-03T12:48:02.642Z,sell,5.612e-05,149.0,0.00836188
BCD/BTC,1572785282644,2019-11-03T12:48:02.644Z,sell,5.612e-05,114.0,0.0063976799999999
BCD/BTC,1572785730397,2019-11-03T12:55:30.397Z,sell,5.588e-05,592.0,0.03308096
BCD/BTC,1572785730397,2019-11-03T12:55:30.397Z,sell,5.587e-05,57.0,0.0031845899999999
BCD/BTC,1572785734699,2019-11-03T12:55:34.699Z,buy,5.611e-05,10.0,0.0005611
BCD/BTC,1572785973649,2019-11-03T12:59:33.649Z,sell,5.586e-05,9.0,0.00050274
BCD/BTC,1572786185106,2019-11-03T13:03:05.106Z,buy,5.605e-05,357.0,0.02000985
BCD/BTC,1572786185106,2019-11-03T13:03:05.106Z,buy,5.606e-05,78.0,0.00437268
BCD/BTC,1572786185106,2019-11-03T13:03:05.106Z,buy,5.611e-05,139.0,0.00779929
BCD/BTC,1572786185106,2019-11-03T13:03:05.106Z,buy,5.612e-05,120.0,0.0067344
BCD/BTC,1572786185106,2019-11-03T13:03:05.106Z,buy,5.614e-05,106.0,0.00595084
BCD/BTC,1572786319122,2019-11-03T13:05:19.122Z,buy,5.614e-05,84.0,0.00471576
BCD/BTC,1572786319160,2019-11-03T13:05:19.160Z,sell,5.621e-05,136.0,0.00764456
BCD/BTC,1572786319217,2019-11-03T13:05:19.217Z,sell,5.621e-05,30.0,0.0016863
BCD/BTC,1572786322127,2019-11-03T13:05:22.127Z,sell,5.603e-05,166.0,0.00930098
BCD/BTC,1572786322613,2019-11-03T13:05:22.613Z,sell,5.601e-05,86.0,0.00481686
BCD/BTC,1572786322643,2019-11-03T13:05:22.643Z,sell,5.601e-05,166.0,0.00929766
BCD/BTC,1572786322710,2019-11-03T13:05:22.710Z,sell,5.601e-05,166.0,0.00929766
BCD/BTC,1572786323554,2019-11-03T13:05:23.554Z,sell,5.601e-05,116.0,0.00649716
BCD/BTC,1572786325877,2019-11-03T13:05:25.877Z,sell,5.601e-05,5.0,0.00028005
BCD/BTC,1572786329919,2019-11-03T13:05:29.919Z,sell,5.6e-05,137.0,0.007672
BCD/BTC,1572786334681,2019-11-03T13:05:34.681Z,buy,5.623e-05,2.0,0.00011246
BCD/BTC,1572786334681,2019-11-03T13:05:34.681Z,buy,5.624e-05,357.0,0.02007768
BCD/BTC,1572786334681,2019-11-03T13:05:34.681Z,buy,5.625e-05,162.0,0.0091124999999999
BCD/BTC,1572786334779,2019-11-03T13:05:34.779Z,sell,5.601e-05,36.0,0.00201636
BCD/BTC,1572786353292,2019-11-03T13:05:53.292Z,sell,5.601e-05,166.0,0.00929766
BCD/BTC,1572786494108,2019-11-03T13:08:14.108Z,sell,5.61e-05,1050.0,0.058905
BCD/BTC,1572786494108,2019-11-03T13:08:14.108Z,sell,5.609e-05,220.0,0.0123398
BCD/BTC,1572786494108,2019-11-03T13:08:14.108Z,sell,5.608e-05,932.0,0.05226656
BCD/BTC,1572786494202,2019-11-03T13:08:14.202Z,sell,5.608e-05,62.0,0.00347696
BCD/BTC,1572786494252,2019-11-03T13:08:14.252Z,sell,5.608e-05,76.0,0.00426208
BCD/BTC,1572786494461,2019-11-03T13:08:14.461Z,sell,5.605e-05,15.0,0.00084075
BCD/BTC,1572786494476,2019-11-03T13:08:14.476Z,sell,5.605e-05,35.0,0.00196175
BCD/BTC,1572786510713,2019-11-03T13:08:30.713Z,sell,5.586e-05,1.0,5.586e-05
BCD/BTC,1572786510713,2019-11-03T13:08:30.713Z,sell,5.572e-05,29.0,0.00161588
BCD/BTC,1572786511379,2019-11-03T13:08:31.379Z,sell,5.572e-05,14.0,0.00078008
BCD/BTC,1572786525156,2019-11-03T13:08:45.156Z,sell,5.572e-05,56.0,0.00312032
BCD/BTC,1572786617997,2019-11-03T13:10:17.997Z,buy,5.604e-05,1.0,5.604e-05
BCD/BTC,1572786747563,2019-11-03T13:12:27.563Z,buy,5.589e-05,355.0,0.01984095
BCD/BTC,1572787289248,2019-11-03T13:21:29.248Z,buy,5.618e-05,1421.0,0.07983178
BCD/BTC,1572787289248,2019-11-03T13:21:29.248Z,buy,5.619e-05,50.0,0.0028095
BCD/BTC,1572787289248,2019-11-03T13:21:29.248Z,buy,5.62e-05,1782.0,0.1001484
BCD/BTC,1572787298910,2019-11-03T13:21:38.910Z,buy,5.63e-05,42.0,0.0023646
BCD/BTC,1572787298910,2019-11-03T13:21:38.910Z,buy,5.631e-05,8.0,0.00045048
BCD/BTC,1572787298910,2019-11-03T13:21:38.910Z,buy,5.633e-05,13.0,0.00073229
BCD/BTC,1572787298910,2019-11-03T13:21:38.910Z,buy,5.638e-05,3.0,0.00016914
BCD/BTC,1572787298910,2019-11-03T13:21:38.910Z,buy,5.639e-05,25.0,0.00140975
BCD/BTC,1572787298928,2019-11-03T13:21:38.928Z,buy,5.639e-05,1.0,5.639e-05
BCD/BTC,1572787320543,2019-11-03T13:22:00.543Z,sell,5.621e-05,92.0,0.00517132
BCD/BTC,1572787320543,2019-11-03T13:22:00.543Z,sell,5.62e-05,260.0,0.014612
BCD/BTC,1572787482954,2019-11-03T13:24:42.954Z,buy,5.64e-05,182.0,0.0102648
BCD/BTC,1572787482969,2019-11-03T13:24:42.969Z,sell,5.64e-05,230.0,0.012972
BCD/BTC,1572787482971,2019-11-03T13:24:42.971Z,sell,5.64e-05,824.0,0.0464736
BCD/BTC,1572787482977,2019-11-03T13:24:42.977Z,sell,5.64e-05,7.0,0.0003948
BCD/BTC,1572787482985,2019-11-03T13:24:42.985Z,sell,5.64e-05,208.0,0.0117312
BCD/BTC,1572787482998,2019-11-03T13:24:42.998Z,buy,5.641e-05,71.0,0.00400511
BCD/BTC,1572787482998,2019-11-03T13:24:42.998Z,buy,5.642e-05,116.0,0.0065447199999999
BCD/BTC,1572787482998,2019-11-03T13:24:42.998Z,buy,5.644e-05,177.0,0.00998988
BCD/BTC,1572787482999,2019-11-03T13:24:42.999Z,buy,5.645e-05,87.0,0.00491115
BCD/BTC,1572787483023,2019-11-03T13:24:43.023Z,buy,5.659e-05,471.0,0.02665389
BCD/BTC,1572787483023,2019-11-03T13:24:43.023Z,buy,5.66e-05,15.0,0.000849
BCD/BTC,1572787483023,2019-11-03T13:24:43.023Z,buy,5.661e-05,26.0,0.00147186
BCD/BTC,1572787483023,2019-11-03T13:24:43.023Z,buy,5.665e-05,5.0,0.00028325
BCD/BTC,1572787483023,2019-11-03T13:24:43.023Z,buy,5.666e-05,259.0,0.01467494
BCD/BTC,1572787483023,2019-11-03T13:24:43.023Z,buy,5.667e-05,10.0,0.0005667
BCD/BTC,1572787483023,2019-11-03T13:24:43.023Z,buy,5.672e-05,36.0,0.00204192
BCD/BTC,1572787489725,2019-11-03T13:24:49.725Z,sell,5.641e-05,21.0,0.00118461
BCD/BTC,1572787490005,2019-11-03T13:24:50.005Z,sell,5.641e-05,144.0,0.00812304
BCD/BTC,1572787490005,2019-11-03T13:24:50.005Z,sell,5.64e-05,323.0,0.0182172
BCD/BTC,1572787503496,2019-11-03T13:25:03.496Z,sell,5.641e-05,83.0,0.0046820299999999
BCD/BTC,1572787511075,2019-11-03T13:25:11.075Z,sell,5.641e-05,2.0,0.00011282
BCD/BTC,1572787515051,2019-11-03T13:25:15.051Z,sell,5.641e-05,2.0,0.00011282
BCD/BTC,1572787517389,2019-11-03T13:25:17.389Z,sell,5.641e-05,2.0,0.00011282
BCD/BTC,1572787520662,2019-11-03T13:25:20.662Z,sell,5.642e-05,58.0,0.0032723599999999
BCD/BTC,1572787531951,2019-11-03T13:25:31.951Z,sell,5.642e-05,1000.0,0.05642
BCD/BTC,1572787539867,2019-11-03T13:25:39.867Z,sell,5.642e-05,1.0,5.642e-05
BCD/BTC,1572787539867,2019-11-03T13:25:39.867Z,sell,5.641e-05,244.0,0.01376404
BCD/BTC,1572787555241,2019-11-03T13:25:55.241Z,buy,5.644e-05,19.0,0.00107236
BCD/BTC,1572787555241,2019-11-03T13:25:55.241Z,buy,5.667e-05,157.0,0.00889719
BCD/BTC,1572787562119,2019-11-03T13:26:02.119Z,sell,5.641e-05,40.0,0.0022564
BCD/BTC,1572787579787,2019-11-03T13:26:19.787Z,buy,5.667e-05,214.0,0.01212738
BCD/BTC,1572787579787,2019-11-03T13:26:19.787Z,buy,5.668e-05,411.0,0.02329548
BCD/BTC,1572787579787,2019-11-03T13:26:19.787Z,buy,5.669e-05,493.0,0.02794817
BCD/BTC,1572787579821,2019-11-03T13:26:19.821Z,sell,5.67e-05,144.0,0.0081648
BCD/BTC,1572787579829,2019-11-03T13:26:19.829Z,sell,5.67e-05,10.0,0.000567
BCD/BTC,1572787579943,2019-11-03T13:26:19.943Z,sell,5.67e-05,98.0,0.0055566
BCD/BTC,1572787580062,2019-11-03T13:26:20.062Z,sell,5.67e-05,30.0,0.001701
BCD/BTC,1572787580074,2019-11-03T13:26:20.074Z,sell,5.67e-05,116.0,0.0065772
BCD/BTC,1572787580156,2019-11-03T13:26:20.156Z,sell,5.67e-05,124.0,0.0070308
BCD/BTC,1572787580347,2019-11-03T13:26:20.347Z,sell,5.67e-05,96.0,0.0054432
BCD/BTC,1572787580398,2019-11-03T13:26:20.398Z,sell,5.67e-05,30.0,0.001701
BCD/BTC,1572787580585,2019-11-03T13:26:20.585Z,sell,5.67e-05,2538.0,0.1439046
BCD/BTC,1572787590792,2019-11-03T13:26:30.792Z,buy,5.66e-05,10.0,0.000566
BCD/BTC,1572787590792,2019-11-03T13:26:30.792Z,buy,5.671e-05,285.0,0.01616235
BCD/BTC,1572787590792,2019-11-03T13:26:30.792Z,buy,5.672e-05,130.0,0.0073736
BCD/BTC,1572787590792,2019-11-03T13:26:30.792Z,buy,5.673e-05,365.0,0.02070645
BCD/BTC,1572787590792,2019-11-03T13:26:30.792Z,buy,5.675e-05,210.0,0.0119175
BCD/BTC,1572787617772,2019-11-03T13:26:57.772Z,sell,5.639e-05,9.0,0.00050751
BCD/BTC,1572787651974,2019-11-03T13:27:31.974Z,buy,5.668e-05,90.0,0.0051012
BCD/BTC,1572787651974,2019-11-03T13:27:31.974Z,buy,5.669e-05,411.0,0.02329959
BCD/BTC,1572787663731,2019-11-03T13:27:43.731Z,buy,5.669e-05,36.0,0.00204084
BCD/BTC,1572787663731,2019-11-03T13:27:43.731Z,buy,5.677e-05,35.0,0.00198695
BCD/BTC,1572787663731,2019-11-03T13:27:43.731Z,buy,5.678e-05,80.0,0.0045424
BCD/BTC,1572787663731,2019-11-03T13:27:43.731Z,buy,5.679e-05,13.0,0.00073827
BCD/BTC,1572787663731,2019-11-03T13:27:43.731Z,buy,5.68e-05,376.0,0.0213568
BCD/BTC,1572787663731,2019-11-03T13:27:43.731Z,buy,5.682e-05,40.0,0.0022728
BCD/BTC,1572787663936,2019-11-03T13:27:43.936Z,sell,5.647e-05,177.0,0.00999519
BCD/BTC,1572787672186,2019-11-03T13:27:52.186Z,sell,5.647e-05,115.0,0.00649405
BCD/BTC,1572787674588,2019-11-03T13:27:54.588Z,sell,5.643e-05,132.0,0.00744876
BCD/BTC,1572787682328,2019-11-03T13:28:02.328Z,buy,5.676e-05,793.0,0.04501068
BCD/BTC,1572787682328,2019-11-03T13:28:02.328Z,buy,5.677e-05,9.0,0.00051093
BCD/BTC,1572787683444,2019-11-03T13:28:03.444Z,sell,5.644e-05,77.0,0.00434588
BCD/BTC,1572787687910,2019-11-03T13:28:07.910Z,buy,5.642e-05,84.0,0.00473928
BCD/BTC,1572787687937,2019-11-03T13:28:07.937Z,sell,5.66e-05,14.0,0.0007924
BCD/BTC,1572787688567,2019-11-03T13:28:08.567Z,sell,5.66e-05,218.0,0.0123388
BCD/BTC,1572787691029,2019-11-03T13:28:11.029Z,sell,5.66e-05,14.0,0.0007924
BCD/BTC,1572787691489,2019-11-03T13:28:11.489Z,sell,5.66e-05,321.0,0.0181686
BCD/BTC,1572787692411,2019-11-03T13:28:12.411Z,sell,5.66e-05,433.0,0.0245078
BCD/BTC,1572787694640,2019-11-03T13:28:14.640Z,sell,5.661e-05,14.0,0.00079254
BCD/BTC,1572787697075,2019-11-03T13:28:17.075Z,sell,5.661e-05,7.0,0.00039627
BCD/BTC,1572787705799,2019-11-03T13:28:25.799Z,sell,5.661e-05,30.0,0.0016983
BCD/BTC,1572787707187,2019-11-03T13:28:27.187Z,sell,5.66e-05,109.0,0.0061694
BCD/BTC,1572787715875,2019-11-03T13:28:35.875Z,sell,5.661e-05,104.0,0.00588744
BCD/BTC,1572787715875,2019-11-03T13:28:35.875Z,sell,5.66e-05,395.0,0.022357
BCD/BTC,1572787718880,2019-11-03T13:28:38.880Z,sell,5.66e-05,127.0,0.0071882
BCD/BTC,1572787730202,2019-11-03T13:28:50.202Z,sell,5.662e-05,2019.0,0.1143157799999999
BCD/BTC,1572787769010,2019-11-03T13:29:29.010Z,sell,5.663e-05,718.0,0.0406603399999999
BCD/BTC,1572787769010,2019-11-03T13:29:29.010Z,sell,5.662e-05,281.0,0.01591022
BCD/BTC,1572787770160,2019-11-03T13:29:30.160Z,sell,5.662e-05,25.0,0.0014154999999999
BCD/BTC,1572787771327,2019-11-03T13:29:31.327Z,sell,5.662e-05,25.0,0.0014154999999999
BCD/BTC,1572787847673,2019-11-03T13:30:47.673Z,buy,5.678e-05,211.0,0.01198058
BCD/BTC,1572787847673,2019-11-03T13:30:47.673Z,buy,5.679e-05,321.0,0.01822959
BCD/BTC,1572787847909,2019-11-03T13:30:47.909Z,sell,5.68e-05,282.0,0.0160176
BCD/BTC,1572787848126,2019-11-03T13:30:48.126Z,sell,5.68e-05,277.0,0.0157336
BCD/BTC,1572787848240,2019-11-03T13:30:48.240Z,sell,5.68e-05,344.0,0.0195392
BCD/BTC,1572787848332,2019-11-03T13:30:48.332Z,sell,5.68e-05,154.0,0.0087472
BCD/BTC,1572787934913,2019-11-03T13:32:14.913Z,buy,5.67e-05,177.0,0.0100359
BCD/BTC,1572787934913,2019-11-03T13:32:14.913Z,buy,5.679e-05,2.0,0.00011358
BCD/BTC,1572787934913,2019-11-03T13:32:14.913Z,buy,5.683e-05,2.0,0.00011366
BCD/BTC,1572787934913,2019-11-03T13:32:14.913Z,buy,5.685e-05,234.0,0.0133029
BCD/BTC,1572787934913,2019-11-03T13:32:14.913Z,buy,5.686e-05,83.0,0.00471938
BCD/BTC,1572787934913,2019-11-03T13:32:14.913Z,buy,5.688e-05,60.0,0.0034127999999999
BCD/BTC,1572787934913,2019-11-03T13:32:14.913Z,buy,5.689e-05,80.0,0.0045512
BCD/BTC,1572787934949,2019-11-03T13:32:14.949Z,sell,5.69e-05,86.0,0.0048934
BCD/BTC,1572787934976,2019-11-03T13:32:14.976Z,sell,5.69e-05,13.0,0.0007397
BCD/BTC,1572787935062,2019-11-03T13:32:15.062Z,sell,5.69e-05,446.0,0.0253774
BCD/BTC,1572787953631,2019-11-03T13:32:33.631Z,sell,5.662e-05,20.0,0.0011324
BCD/BTC,1572787953641,2019-11-03T13:32:33.641Z,sell,5.662e-05,50.0,0.0028309999999999
BCD/BTC,1572787953641,2019-11-03T13:32:33.641Z,sell,5.661e-05,100.0,0.005661
BCD/BTC,1572787953641,2019-11-03T13:32:33.641Z,sell,5.66e-05,232.0,0.0131312
BCD/BTC,1572787966400,2019-11-03T13:32:46.400Z,sell,5.66e-05,310.0,0.017546
BCD/BTC,1572787975086,2019-11-03T13:32:55.086Z,sell,5.66e-05,17.0,0.0009622
BCD/BTC,1572788053736,2019-11-03T13:34:13.736Z,sell,5.665e-05,500.0,0.028325
BCD/BTC,1572788072060,2019-11-03T13:34:32.060Z,buy,5.666e-05,1093.0,0.06192938
BCD/BTC,1572788136544,2019-11-03T13:35:36.544Z,sell,5.665e-05,7.0,0.00039655
BCD/BTC,1572788449235,2019-11-03T13:40:49.235Z,buy,5.678e-05,107.0,0.00607546
BCD/BTC,1572788449235,2019-11-03T13:40:49.235Z,buy,5.679e-05,403.0,0.02288637
BCD/BTC,1572788453915,2019-11-03T13:40:53.915Z,buy,5.679e-05,7.0,0.00039753
BCD/BTC,1572788453915,2019-11-03T13:40:53.915Z,buy,5.679e-05,7.0,0.00039753
BCD/BTC,1572788757366,2019-11-03T13:45:57.366Z,sell,5.659e-05,78.0,0.00441402
BCD/BTC,1572788759109,2019-11-03T13:45:59.109Z,sell,5.66e-05,23.0,0.0013018
BCD/BTC,1572788759720,2019-11-03T13:45:59.720Z,sell,5.66e-05,211.0,0.0119426
BCD/BTC,1572788759819,2019-11-03T13:45:59.819Z,sell,5.66e-05,30.0,0.001698
BCD/BTC,1572788775157,2019-11-03T13:46:15.157Z,sell,5.67e-05,182.0,0.0103194
BCD/BTC,1572788775334,2019-11-03T13:46:15.334Z,sell,5.67e-05,500.0,0.02835
BCD/BTC,1572788775450,2019-11-03T13:46:15.450Z,sell,5.67e-05,342.0,0.0193914
BCD/BTC,1572788775981,2019-11-03T13:46:15.981Z,sell,5.67e-05,40.0,0.002268
BCD/BTC,1572788776665,2019-11-03T13:46:16.665Z,sell,5.67e-05,464.0,0.0263088
BCD/BTC,1572788776992,2019-11-03T13:46:16.992Z,sell,5.67e-05,225.0,0.0127575
BCD/BTC,1572788777442,2019-11-03T13:46:17.442Z,sell,5.67e-05,494.0,0.0280098
BCD/BTC,1572788777465,2019-11-03T13:46:17.465Z,sell,5.67e-05,342.0,0.0193914
BCD/BTC,1572788777887,2019-11-03T13:46:17.887Z,sell,5.67e-05,452.0,0.0256284
BCD/BTC,1572788778233,2019-11-03T13:46:18.233Z,sell,5.67e-05,44.0,0.0024948
BCD/BTC,1572788778279,2019-11-03T13:46:18.279Z,sell,5.67e-05,173.0,0.0098091
BCD/BTC,1572788778375,2019-11-03T13:46:18.375Z,sell,5.67e-05,149.0,0.0084483
BCD/BTC,1572788778414,2019-11-03T13:46:18.414Z,sell,5.67e-05,27.0,0.0015309
BCD/BTC,1572788778414,2019-11-03T13:46:18.414Z,sell,5.662e-05,146.0,0.00826652
BCD/BTC,1572788778422,2019-11-03T13:46:18.422Z,sell,5.662e-05,122.0,0.00690764
BCD/BTC,1572788778422,2019-11-03T13:46:18.422Z,sell,5.661e-05,9.0,0.00050949
BCD/BTC,1572788780636,2019-11-03T13:46:20.636Z,sell,5.661e-05,71.0,0.00401931
BCD/BTC,1572788780658,2019-11-03T13:46:20.658Z,sell,5.661e-05,1.0,5.661e-05
BCD/BTC,1572788780658,2019-11-03T13:46:20.658Z,sell,5.66e-05,10.0,0.000566
BCD/BTC,1572788780686,2019-11-03T13:46:20.686Z,sell,5.66e-05,30.0,0.001698
BCD/BTC,1572788780781,2019-11-03T13:46:20.781Z,sell,5.66e-05,16.0,0.0009056
BCD/BTC,1572788783854,2019-11-03T13:46:23.854Z,sell,5.66e-05,30.0,0.001698
BCD/BTC,1572788784232,2019-11-03T13:46:24.232Z,sell,5.66e-05,30.0,0.001698
BCD/BTC,1572788785680,2019-11-03T13:46:25.680Z,sell,5.66e-05,10.0,0.000566
BCD/BTC,1572788788222,2019-11-03T13:46:28.222Z,sell,5.66e-05,9.0,0.0005094
BCD/BTC,1572788932952,2019-11-03T13:48:52.952Z,sell,5.653e-05,53.0,0.00299609
BCD/BTC,1572788932952,2019-11-03T13:48:52.952Z,sell,5.653e-05,17.0,0.00096101
BCD/BTC,1572789025894,2019-11-03T13:50:25.894Z,sell,5.653e-05,27.0,0.00152631
BCD/BTC,1572789079385,2019-11-03T13:51:19.385Z,sell,5.639e-05,107.0,0.00603373
BCD/BTC,1572789079385,2019-11-03T13:51:19.385Z,sell,5.638e-05,204.0,0.01150152
BCD/BTC,1572789105491,2019-11-03T13:51:45.491Z,buy,5.642e-05,107.0,0.00603694
BCD/BTC,1572789105491,2019-11-03T13:51:45.491Z,buy,5.647e-05,521.0,0.02942087
BCD/BTC,1572789105491,2019-11-03T13:51:45.491Z,buy,5.648e-05,717.0,0.04049616
BCD/BTC,1572789105491,2019-11-03T13:51:45.491Z,buy,5.655e-05,238.0,0.0134589
BCD/BTC,1572789250980,2019-11-03T13:54:10.980Z,buy,5.672e-05,107.0,0.0060690399999999
BCD/BTC,1572789250980,2019-11-03T13:54:10.980Z,buy,5.673e-05,3.0,0.00017019
BCD/BTC,1572789250980,2019-11-03T13:54:10.980Z,buy,5.679e-05,2.0,0.00011358
BCD/BTC,1572789251039,2019-11-03T13:54:11.039Z,sell,5.68e-05,404.0,0.0229472
BCD/BTC,1572789251166,2019-11-03T13:54:11.166Z,sell,5.68e-05,2870.0,0.163016
BCD/BTC,1572789251179,2019-11-03T13:54:11.179Z,sell,5.68e-05,2799.0,0.1589832
BCD/BTC,1572789251232,2019-11-03T13:54:11.232Z,sell,5.657e-05,70.0,0.0039599
BCD/BTC,1572789251232,2019-11-03T13:54:11.232Z,sell,5.656e-05,68.0,0.00384608
BCD/BTC,1572789251250,2019-11-03T13:54:11.250Z,sell,5.656e-05,2.0,0.00011312
BCD/BTC,1572789254258,2019-11-03T13:54:14.258Z,sell,5.648e-05,89.0,0.00502672
BCD/BTC,1572789261202,2019-11-03T13:54:21.202Z,sell,5.638e-05,3.0,0.00016914
BCD/BTC,1572789261202,2019-11-03T13:54:21.202Z,sell,5.633e-05,13.0,0.00073229
BCD/BTC,1572789261202,2019-11-03T13:54:21.202Z,sell,5.631e-05,5.0,0.00028155
BCD/BTC,1572789261202,2019-11-03T13:54:21.202Z,sell,5.628e-05,120.0,0.0067536
BCD/BTC,1572789264258,2019-11-03T13:54:24.258Z,sell,5.628e-05,172.0,0.00968016
BCD/BTC,1572789266646,2019-11-03T13:54:26.646Z,sell,5.607e-05,98.0,0.00549486
BCD/BTC,1572789266646,2019-11-03T13:54:26.646Z,sell,5.603e-05,3.0,0.00016809
BCD/BTC,1572789266646,2019-11-03T13:54:26.646Z,sell,5.602e-05,399.0,0.02235198
BCD/BTC,1572789267173,2019-11-03T13:54:27.173Z,sell,5.602e-05,54.0,0.00302508
BCD/BTC,1572789282181,2019-11-03T13:54:42.181Z,sell,5.602e-05,4.0,0.00022408
BCD/BTC,1572789282181,2019-11-03T13:54:42.181Z,sell,5.601e-05,496.0,0.02778096
BCD/BTC,1572789321943,2019-11-03T13:55:21.943Z,buy,5.634e-05,34.0,0.00191556
BCD/BTC,1572789324745,2019-11-03T13:55:24.745Z,buy,5.634e-05,18.0,0.00101412
BCD/BTC,1572789629427,2019-11-03T14:00:29.427Z,sell,5.619e-05,9.0,0.00050571
BCD/BTC,1572789632105,2019-11-03T14:00:32.105Z,buy,5.634e-05,18.0,0.00101412
BCD/BTC,1572789681836,2019-11-03T14:01:21.836Z,buy,5.638e-05,3.0,0.00016914
BCD/BTC,1572789692179,2019-11-03T14:01:32.179Z,buy,5.652e-05,21.0,0.00118692
BCD/BTC,1572789692179,2019-11-03T14:01:32.179Z,buy,5.66e-05,176.0,0.0099616
BCD/BTC,1572789692179,2019-11-03T14:01:32.179Z,buy,5.661e-05,303.0,0.01715283
BCD/BTC,1572789698177,2019-11-03T14:01:38.177Z,buy,5.662e-05,500.0,0.02831
BCD/BTC,1572789721247,2019-11-03T14:02:01.247Z,sell,5.662e-05,162.0,0.0091724399999999
BCD/BTC,1572789721327,2019-11-03T14:02:01.327Z,sell,5.662e-05,30.0,0.0016986
BCD/BTC,1572789721341,2019-11-03T14:02:01.341Z,sell,5.662e-05,89.0,0.00503918
BCD/BTC,1572789721489,2019-11-03T14:02:01.489Z,sell,5.662e-05,264.0,0.01494768
BCD/BTC,1572789721765,2019-11-03T14:02:01.765Z,sell,5.662e-05,183.0,0.01036146
BCD/BTC,1572789722525,2019-11-03T14:02:02.525Z,sell,5.662e-05,9.0,0.0005095799999999
BCD/BTC,1572789722766,2019-11-03T14:02:02.766Z,sell,5.662e-05,32.0,0.00181184
BCD/BTC,1572789722881,2019-11-03T14:02:02.881Z,sell,5.662e-05,31.0,0.0017552199999999
BCD/BTC,1572789723932,2019-11-03T14:02:03.932Z,buy,5.656e-05,16.0,0.00090496
BCD/BTC,1572789724165,2019-11-03T14:02:04.165Z,sell,5.662e-05,35.0,0.0019817
BCD/BTC,1572789724321,2019-11-03T14:02:04.321Z,sell,5.662e-05,27.0,0.00152874
BCD/BTC,1572789724455,2019-11-03T14:02:04.455Z,sell,5.662e-05,29.0,0.00164198
BCD/BTC,1572789732202,2019-11-03T14:02:12.202Z,buy,5.665e-05,5.0,0.00028325
BCD/BTC,1572789733622,2019-11-03T14:02:13.622Z,buy,5.67e-05,117.0,0.0066339
BCD/BTC,1572789733622,2019-11-03T14:02:13.622Z,buy,5.673e-05,3.0,0.00017019
BCD/BTC,1572789733622,2019-11-03T14:02:13.622Z,buy,5.678e-05,70.0,0.0039746
BCD/BTC,1572789733622,2019-11-03T14:02:13.622Z,buy,5.679e-05,13.0,0.00073827
BCD/BTC,1572789734042,2019-11-03T14:02:14.042Z,sell,5.679e-05,224.0,0.01272096
BCD/BTC,1572789734146,2019-11-03T14:02:14.146Z,sell,5.679e-05,269.0,0.0152765099999999
BCD/BTC,1572789734253,2019-11-03T14:02:14.253Z,sell,5.679e-05,104.0,0.00590616
BCD/BTC,1572789734887,2019-11-03T14:02:14.887Z,sell,5.665e-05,25.0,0.00141625
BCD/BTC,1572789741973,2019-11-03T14:02:21.973Z,buy,5.673e-05,132.0,0.00748836
BCD/BTC,1572789741973,2019-11-03T14:02:21.973Z,buy,5.683e-05,122.0,0.00693326
BCD/BTC,1572789741973,2019-11-03T14:02:21.973Z,buy,5.684e-05,78.0,0.00443352
BCD/BTC,1572789741973,2019-11-03T14:02:21.973Z,buy,5.685e-05,436.0,0.0247866
BCD/BTC,1572789742137,2019-11-03T14:02:22.137Z,sell,5.685e-05,30.0,0.0017055
BCD/BTC,1572789742241,2019-11-03T14:02:22.241Z,sell,5.685e-05,2.0,0.0001137
BCD/BTC,1572789755103,2019-11-03T14:02:35.103Z,buy,5.679e-05,57.0,0.0032370299999999
BCD/BTC,1572789755259,2019-11-03T14:02:35.259Z,sell,5.679e-05,114.0,0.0064740599999999
BCD/BTC,1572789765157,2019-11-03T14:02:45.157Z,buy,5.673e-05,109.0,0.00618357
BCD/BTC,1572789765157,2019-11-03T14:02:45.157Z,buy,5.685e-05,122.0,0.0069356999999999
BCD/BTC,1572789765373,2019-11-03T14:02:45.373Z,sell,5.685e-05,169.0,0.00960765
BCD/BTC,1572789769452,2019-11-03T14:02:49.452Z,sell,5.665e-05,194.0,0.0109901
BCD/BTC,1572789770629,2019-11-03T14:02:50.629Z,buy,5.679e-05,260.0,0.0147654
BCD/BTC,1572789771214,2019-11-03T14:02:51.214Z,sell,5.685e-05,44.0,0.0025014
BCD/BTC,1572789772149,2019-11-03T14:02:52.149Z,sell,5.685e-05,25.0,0.00142125
BCD/BTC,1572789772323,2019-11-03T14:02:52.323Z,sell,5.685e-05,71.0,0.00403635
BCD/BTC,1572789776830,2019-11-03T14:02:56.830Z,buy,5.685e-05,104.0,0.0059124
BCD/BTC,1572789777810,2019-11-03T14:02:57.810Z,sell,5.685e-05,25.0,0.00142125
BCD/BTC,1572789778436,2019-11-03T14:02:58.436Z,sell,5.685e-05,247.0,0.01404195
BCD/BTC,1572789779164,2019-11-03T14:02:59.164Z,sell,5.685e-05,24.0,0.0013644
BCD/BTC,1572789779164,2019-11-03T14:02:59.164Z,sell,5.65e-05,1.0,5.65e-05
BCD/BTC,1572789790209,2019-11-03T14:03:10.209Z,buy,5.686e-05,278.0,0.01580708
BCD/BTC,1572789790209,2019-11-03T14:03:10.209Z,buy,5.691e-05,111.0,0.00631701
BCD/BTC,1572789790209,2019-11-03T14:03:10.209Z,buy,5.695e-05,11.0,0.00062645
BCD/BTC,1572789798363,2019-11-03T14:03:18.363Z,sell,5.665e-05,19.0,0.00107635
BCD/BTC,1572789798857,2019-11-03T14:03:18.857Z,sell,5.665e-05,201.0,0.01138665
BCD/BTC,1572789798857,2019-11-03T14:03:18.857Z,sell,5.663e-05,241.0,0.01364783
BCD/BTC,1572789799478,2019-11-03T14:03:19.478Z,buy,5.694e-05,73.0,0.00415662
BCD/BTC,1572789799478,2019-11-03T14:03:19.478Z,buy,5.695e-05,14.0,0.0007973
BCD/BTC,1572789799512,2019-11-03T14:03:19.512Z,sell,5.695e-05,154.0,0.0087703
BCD/BTC,1572789799539,2019-11-03T14:03:19.539Z,sell,5.695e-05,159.0,0.00905505
BCD/BTC,1572789800013,2019-11-03T14:03:20.013Z,buy,5.689e-05,5.0,0.00028445
BCD/BTC,1572789800021,2019-11-03T14:03:20.021Z,buy,5.689e-05,5.0,0.00028445
BCD/BTC,1572789806703,2019-11-03T14:03:26.703Z,sell,5.652e-05,30.0,0.0016956
BCD/BTC,1572789815807,2019-11-03T14:03:35.807Z,sell,5.655e-05,30.0,0.0016964999999999
BCD/BTC,1572789831159,2019-11-03T14:03:51.159Z,sell,5.651e-05,30.0,0.0016953
BCD/BTC,1572789882454,2019-11-03T14:04:42.454Z,sell,5.675e-05,14.0,0.0007945
BCD/BTC,1572789999140,2019-11-03T14:06:39.140Z,buy,5.682e-05,30.0,0.0017046
BCD/BTC,1572789999140,2019-11-03T14:06:39.140Z,buy,5.685e-05,30.0,0.0017055
BCD/BTC,1572789999140,2019-11-03T14:06:39.140Z,buy,5.686e-05,140.0,0.0079604
BCD/BTC,1572789999255,2019-11-03T14:06:39.255Z,sell,5.69e-05,13.0,0.0007397
BCD/BTC,1572789999773,2019-11-03T14:06:39.773Z,sell,5.69e-05,109.0,0.0062021
BCD/BTC,1572790028261,2019-11-03T14:07:08.261Z,buy,5.69e-05,6.0,0.0003414
BCD/BTC,1572790028261,2019-11-03T14:07:08.261Z,buy,5.698e-05,93.0,0.00529914
BCD/BTC,1572790028261,2019-11-03T14:07:08.261Z,buy,5.699e-05,70.0,0.0039893
BCD/BTC,1572790028261,2019-11-03T14:07:08.261Z,buy,5.7e-05,68.0,0.003876
BCD/BTC,1572790129855,2019-11-03T14:08:49.855Z,buy,5.7e-05,35.0,0.001995
BCD/BTC,1572790129968,2019-11-03T14:08:49.968Z,buy,5.7e-05,27.0,0.001539
BCD/BTC,1572790129968,2019-11-03T14:08:49.968Z,buy,5.701e-05,38.0,0.00216638
BCD/BTC,1572790129968,2019-11-03T14:08:49.968Z,buy,5.703e-05,16.0,0.00091248
BCD/BTC,1572790129968,2019-11-03T14:08:49.968Z,buy,5.704e-05,70.0,0.0039928
BCD/BTC,1572790129968,2019-11-03T14:08:49.968Z,buy,5.705e-05,24.0,0.0013691999999999
BCD/BTC,1572790131351,2019-11-03T14:08:51.351Z,buy,5.705e-05,200.0,0.01141
BCD/BTC,1572790131351,2019-11-03T14:08:51.351Z,buy,5.706e-05,81.0,0.00462186
BCD/BTC,1572790131617,2019-11-03T14:08:51.617Z,buy,5.706e-05,32.0,0.00182592
BCD/BTC,1572790132280,2019-11-03T14:08:52.280Z,sell,5.7e-05,15.0,0.000855
BCD/BTC,1572790132280,2019-11-03T14:08:52.280Z,sell,5.675e-05,10.0,0.0005675
BCD/BTC,1572790181616,2019-11-03T14:09:41.616Z,buy,5.679e-05,19.0,0.00107901
BCD/BTC,1572790183279,2019-11-03T14:09:43.279Z,sell,5.692e-05,25.0,0.001423
BCD/BTC,1572790184376,2019-11-03T14:09:44.376Z,sell,5.692e-05,25.0,0.001423
BCD/BTC,1572790185327,2019-11-03T14:09:45.327Z,sell,5.692e-05,25.0,0.001423
BCD/BTC,1572790185644,2019-11-03T14:09:45.644Z,sell,5.692e-05,208.0,0.01183936
BCD/BTC,1572790186485,2019-11-03T14:09:46.485Z,sell,5.692e-05,25.0,0.001423
BCD/BTC,1572790186543,2019-11-03T14:09:46.543Z,sell,5.692e-05,207.0,0.01178244
BCD/BTC,1572790186826,2019-11-03T14:09:46.826Z,sell,5.692e-05,168.0,0.00956256
BCD/BTC,1572790196775,2019-11-03T14:09:56.775Z,buy,5.695e-05,58.0,0.0033031
BCD/BTC,1572790204289,2019-11-03T14:10:04.289Z,buy,5.695e-05,26.0,0.0014807
BCD/BTC,1572790245042,2019-11-03T14:10:45.042Z,buy,5.695e-05,118.0,0.0067201
BCD/BTC,1572790269986,2019-11-03T14:11:09.986Z,buy,5.695e-05,40.0,0.002278
BCD/BTC,1572790285875,2019-11-03T14:11:25.875Z,sell,5.677e-05,129.0,0.00732333
BCD/BTC,1572790285875,2019-11-03T14:11:25.875Z,sell,5.676e-05,270.0,0.0153251999999999
BCD/BTC,1572790665605,2019-11-03T14:17:45.605Z,sell,5.68e-05,61.0,0.0034648
BCD/BTC,1572790697854,2019-11-03T14:18:17.854Z,sell,5.678e-05,70.0,0.0039746
BCD/BTC,1572790697854,2019-11-03T14:18:17.854Z,sell,5.677e-05,30.0,0.0017031
BCD/BTC,1572790893703,2019-11-03T14:21:33.703Z,sell,5.68e-05,22.0,0.0012496
BCD/BTC,1572790906659,2019-11-03T14:21:46.659Z,sell,5.68e-05,38.0,0.0021584
BCD/BTC,1572790955771,2019-11-03T14:22:35.771Z,sell,5.68e-05,15.0,0.000852
BCD/BTC,1572790961443,2019-11-03T14:22:41.443Z,sell,5.68e-05,11.0,0.0006248
BCD/BTC,1572790961443,2019-11-03T14:22:41.443Z,sell,5.679e-05,140.0,0.0079506
BCD/BTC,1572790961443,2019-11-03T14:22:41.443Z,sell,5.678e-05,1056.0,0.05995968
BCD/BTC,1572790961443,2019-11-03T14:22:41.443Z,sell,5.676e-05,284.0,0.01611984
BCD/BTC,1572790961443,2019-11-03T14:22:41.443Z,sell,5.675e-05,629.0,0.03569575
BCD/BTC,1572791188738,2019-11-03T14:26:28.738Z,sell,5.676e-05,70.0,0.0039732
BCD/BTC,1572791188738,2019-11-03T14:26:28.738Z,sell,5.675e-05,400.0,0.0226999999999999
BCD/BTC,1572791200798,2019-11-03T14:26:40.798Z,sell,5.675e-05,254.0,0.0144144999999999
BCD/BTC,1572791252472,2019-11-03T14:27:32.472Z,sell,5.665e-05,1258.0,0.0712657
BCD/BTC,1572791265545,2019-11-03T14:27:45.545Z,buy,5.685e-05,1249.0,0.07100565
BCD/BTC,1572791265545,2019-11-03T14:27:45.545Z,buy,5.686e-05,85.0,0.0048331
BCD/BTC,1572791265545,2019-11-03T14:27:45.545Z,buy,5.699e-05,353.0,0.02011747
BCD/BTC,1572791265545,2019-11-03T14:27:45.545Z,buy,5.7e-05,5.0,0.000285
BCD/BTC,1572791265567,2019-11-03T14:27:45.567Z,sell,5.7e-05,305.0,0.017385
BCD/BTC,1572791265576,2019-11-03T14:27:45.576Z,sell,5.7e-05,175.0,0.009975
BCD/BTC,1572791265629,2019-11-03T14:27:45.629Z,sell,5.7e-05,4.0,0.000228
BCD/BTC,1572791265707,2019-11-03T14:27:45.707Z,sell,5.7e-05,454.0,0.025878
BCD/BTC,1572791265794,2019-11-03T14:27:45.794Z,sell,5.7e-05,2860.0,0.16302
BCD/BTC,1572791266671,2019-11-03T14:27:46.671Z,sell,5.7e-05,333.0,0.018981
BCD/BTC,1572791268318,2019-11-03T14:27:48.318Z,sell,5.7e-05,25.0,0.001425
BCD/BTC,1572791268699,2019-11-03T14:27:48.699Z,sell,5.7e-05,122.0,0.006954
BCD/BTC,1572791269318,2019-11-03T14:27:49.318Z,sell,5.669e-05,25.0,0.00141725
BCD/BTC,1572791724804,2019-11-03T14:35:24.804Z,sell,5.698e-05,18.0,0.00102564
BCD/BTC,1572791754620,2019-11-03T14:35:54.620Z,buy,5.698e-05,15.0,0.0008547
BCD/BTC,1572791756965,2019-11-03T14:35:56.965Z,buy,5.699e-05,56.0,0.00319144
BCD/BTC,1572791756965,2019-11-03T14:35:56.965Z,buy,5.7e-05,6.0,0.000342
BCD/BTC,1572791835234,2019-11-03T14:37:15.234Z,buy,5.698e-05,89.0,0.00507122
BCD/BTC,1572791835234,2019-11-03T14:37:15.234Z,buy,5.698e-05,89.0,0.00507122
BCD/BTC,1572792133912,2019-11-03T14:42:13.912Z,buy,5.698e-05,33.0,0.00188034
BCD/BTC,1572792133912,2019-11-03T14:42:13.912Z,buy,5.699e-05,2.0,0.00011398
BCD/BTC,1572792133912,2019-11-03T14:42:13.912Z,buy,5.7e-05,11.0,0.000627
BCD/BTC,1572792314069,2019-11-03T14:45:14.069Z,buy,5.699e-05,2.0,0.00011398
BCD/BTC,1572792314069,2019-11-03T14:45:14.069Z,buy,5.7e-05,258.0,0.014706
BCD/BTC,1572792315535,2019-11-03T14:45:15.535Z,sell,5.7e-05,337.0,0.019209
BCD/BTC,1572792319112,2019-11-03T14:45:19.112Z,sell,5.7e-05,17.0,0.000969
BCD/BTC,1572792333832,2019-11-03T14:45:33.832Z,sell,5.7e-05,263.0,0.014991
BCD/BTC,1572792334709,2019-11-03T14:45:34.709Z,sell,5.689e-05,33.0,0.00187737
BCD/BTC,1572792397009,2019-11-03T14:46:37.009Z,sell,5.689e-05,2.0,0.00011378
BCD/BTC,1572792399695,2019-11-03T14:46:39.695Z,sell,5.689e-05,30.0,0.0017067
BCD/BTC,1572792841721,2019-11-03T14:54:01.721Z,sell,5.665e-05,208.0,0.0117832
BCD/BTC,1572793284314,2019-11-03T15:01:24.314Z,buy,5.679e-05,3.0,0.0001703699999999
BCD/BTC,1572793284314,2019-11-03T15:01:24.314Z,buy,5.689e-05,35.0,0.00199115
BCD/BTC,1572793403760,2019-11-03T15:03:23.760Z,buy,5.689e-05,315.0,0.0179203499999999
BCD/BTC,1572793533839,2019-11-03T15:05:33.839Z,buy,5.692e-05,2.0,0.00011384
BCD/BTC,1572793804333,2019-11-03T15:10:04.333Z,sell,5.689e-05,177.0,0.01006953
BCD/BTC,1572794202456,2019-11-03T15:16:42.456Z,sell,5.69e-05,52.0,0.0029588
BCD/BTC,1572794202456,2019-11-03T15:16:42.456Z,sell,5.689e-05,123.0,0.0069974699999999
BCD/BTC,1572794202456,2019-11-03T15:16:42.456Z,sell,5.686e-05,200.0,0.011372
BCD/BTC,1572794639570,2019-11-03T15:23:59.570Z,sell,5.674e-05,59.0,0.00334766
BCD/BTC,1572794639570,2019-11-03T15:23:59.570Z,sell,5.667e-05,70.0,0.0039669
BCD/BTC,1572794639570,2019-11-03T15:23:59.570Z,sell,5.665e-05,2.0,0.0001133
BCD/BTC,1572794639570,2019-11-03T15:23:59.570Z,sell,5.65e-05,352.0,0.019888
BCD/BTC,1572794639570,2019-11-03T15:23:59.570Z,sell,5.649e-05,176.0,0.00994224
BCD/BTC,1572794639570,2019-11-03T15:23:59.570Z,sell,5.646e-05,649.0,0.03664254
BCD/BTC,1572794639570,2019-11-03T15:23:59.570Z,sell,5.645e-05,112.0,0.0063224
BCD/BTC,1572794645224,2019-11-03T15:24:05.224Z,buy,5.682e-05,65.0,0.0036933
BCD/BTC,1572794645224,2019-11-03T15:24:05.224Z,buy,5.685e-05,352.0,0.0200112
BCD/BTC,1572794645224,2019-11-03T15:24:05.224Z,buy,5.686e-05,152.0,0.00864272
BCD/BTC,1572794648483,2019-11-03T15:24:08.483Z,sell,5.69e-05,63.0,0.0035847
BCD/BTC,1572794650820,2019-11-03T15:24:10.820Z,sell,5.69e-05,95.0,0.0054055
BCD/BTC,1572794702465,2019-11-03T15:25:02.465Z,sell,5.69e-05,263.0,0.0149647
BCD/BTC,1572794804435,2019-11-03T15:26:44.435Z,sell,5.69e-05,19.0,0.0010811
BCD/BTC,1572795134034,2019-11-03T15:32:14.034Z,sell,5.667e-05,2.0,0.00011334
BCD/BTC,1572795134034,2019-11-03T15:32:14.034Z,sell,5.667e-05,2.0,0.00011334
BCD/BTC,1572795982615,2019-11-03T15:46:22.615Z,sell,5.667e-05,19.0,0.00107673
BCD/BTC,1572795982615,2019-11-03T15:46:22.615Z,sell,5.653e-05,226.0,0.01277578
BCD/BTC,1572796127553,2019-11-03T15:48:47.553Z,sell,5.669e-05,127.0,0.00719963
BCD/BTC,1572796153042,2019-11-03T15:49:13.042Z,sell,5.668e-05,70.0,0.0039676
BCD/BTC,1572796405376,2019-11-03T15:53:25.376Z,buy,5.668e-05,22.0,0.00124696
BCD/BTC,1572796565978,2019-11-03T15:56:05.978Z,sell,5.652e-05,43.0,0.00243036
BCD/BTC,1572797030458,2019-11-03T16:03:50.458Z,sell,5.655e-05,30.0,0.0016964999999999
BCD/BTC,1572797031584,2019-11-03T16:03:51.584Z,sell,5.655e-05,30.0,0.0016964999999999
BCD/BTC,1572797211719,2019-11-03T16:06:51.719Z,buy,5.689e-05,104.0,0.0059165599999999
BCD/BTC,1572797211719,2019-11-03T16:06:51.719Z,buy,5.69e-05,22.0,0.0012518
BCD/BTC,1572797354290,2019-11-03T16:09:14.290Z,buy,5.69e-05,2.0,0.0001138
BCD/BTC,1572797355048,2019-11-03T16:09:15.048Z,sell,5.69e-05,288.0,0.0163872
BCD/BTC,1572797428335,2019-11-03T16:10:28.335Z,sell,5.689e-05,120.0,0.0068268
BCD/BTC,1572797456456,2019-11-03T16:10:56.456Z,sell,5.688e-05,100.0,0.0056879999999999
BCD/BTC,1572797536893,2019-11-03T16:12:16.893Z,sell,5.685e-05,41.0,0.0023308499999999
BCD/BTC,1572797549562,2019-11-03T16:12:29.562Z,sell,5.685e-05,9.0,0.00051165
BCD/BTC,1572798047683,2019-11-03T16:20:47.683Z,sell,5.685e-05,74.0,0.0042068999999999
BCD/BTC,1572798243081,2019-11-03T16:24:03.081Z,sell,5.68e-05,43.0,0.0024424
BCD/BTC,1572798243462,2019-11-03T16:24:03.462Z,sell,5.68e-05,7.0,0.0003976
BCD/BTC,1572798265053,2019-11-03T16:24:25.053Z,sell,5.662e-05,20.0,0.0011324
BCD/BTC,1572798265053,2019-11-03T16:24:25.053Z,sell,5.661e-05,3.0,0.00016983
BCD/BTC,1572798265053,2019-11-03T16:24:25.053Z,sell,5.662e-05,20.0,0.0011324
BCD/BTC,1572798265053,2019-11-03T16:24:25.053Z,sell,5.661e-05,3.0,0.00016983
BCD/BTC,1572798868576,2019-11-03T16:34:28.576Z,buy,5.698e-05,351.0,0.01999998
BCD/BTC,1572798868576,2019-11-03T16:34:28.576Z,buy,5.699e-05,196.0,0.01117004
BCD/BTC,1572798868616,2019-11-03T16:34:28.616Z,sell,5.699e-05,456.0,0.02598744
BCD/BTC,1572798868626,2019-11-03T16:34:28.626Z,sell,5.699e-05,303.0,0.01726797
BCD/BTC,1572798879389,2019-11-03T16:34:39.389Z,sell,5.667e-05,2.0,0.00011334
BCD/BTC,1572798879389,2019-11-03T16:34:39.389Z,sell,5.663e-05,77.0,0.00436051
BCD/BTC,1572798880074,2019-11-03T16:34:40.074Z,sell,5.663e-05,107.0,0.0060594099999999
BCD/BTC,1572798884643,2019-11-03T16:34:44.643Z,sell,5.664e-05,275.0,0.015576
BCD/BTC,1572798884643,2019-11-03T16:34:44.643Z,sell,5.663e-05,65.0,0.0036809499999999
BCD/BTC,1572798891039,2019-11-03T16:34:51.039Z,buy,5.691e-05,1.0,5.691e-05
BCD/BTC,1572798899593,2019-11-03T16:34:59.593Z,sell,5.663e-05,103.0,0.0058328899999999
BCD/BTC,1572798899593,2019-11-03T16:34:59.593Z,sell,5.662e-05,38.0,0.00215156
BCD/BTC,1572798899593,2019-11-03T16:34:59.593Z,sell,5.661e-05,28.0,0.00158508
BCD/BTC,1572798899593,2019-11-03T16:34:59.593Z,sell,5.659e-05,62.0,0.00350858
BCD/BTC,1572798899593,2019-11-03T16:34:59.593Z,sell,5.657e-05,66.0,0.00373362
BCD/BTC,1572798899593,2019-11-03T16:34:59.593Z,sell,5.655e-05,28.0,0.0015834
BCD/BTC,1572798976758,2019-11-03T16:36:16.758Z,buy,5.679e-05,1.0,5.679e-05
BCD/BTC,1572799042946,2019-11-03T16:37:22.946Z,buy,5.683e-05,1.0,5.683e-05
BCD/BTC,1572799111435,2019-11-03T16:38:31.435Z,buy,5.692e-05,1.0,5.692e-05
BCD/BTC,1572799127346,2019-11-03T16:38:47.346Z,buy,5.683e-05,3.0,0.00017049
BCD/BTC,1572799294473,2019-11-03T16:41:34.473Z,buy,5.68e-05,3.0,0.0001704
BCD/BTC,1572799385102,2019-11-03T16:43:05.102Z,sell,5.68e-05,3.0,0.0001704
BCD/BTC,1572799684461,2019-11-03T16:48:04.461Z,buy,5.681e-05,1178.0,0.06692218
BCD/BTC,1572799684886,2019-11-03T16:48:04.886Z,sell,5.681e-05,70.0,0.0039767
BCD/BTC,1572799689350,2019-11-03T16:48:09.350Z,sell,5.681e-05,8.0,0.00045448
BCD/BTC,1572799689350,2019-11-03T16:48:09.350Z,sell,5.68e-05,270.0,0.0153359999999999
BCD/BTC,1572800441823,2019-11-03T17:00:41.823Z,buy,5.687e-05,53.0,0.00301411
BCD/BTC,1572801288925,2019-11-03T17:14:48.925Z,buy,5.685e-05,72.0,0.0040932
BCD/BTC,1572801288925,2019-11-03T17:14:48.925Z,buy,5.686e-05,310.0,0.0176266
BCD/BTC,1572801357184,2019-11-03T17:15:57.184Z,sell,5.677e-05,234.0,0.01328418
BCD/BTC,1572801427030,2019-11-03T17:17:07.030Z,sell,5.68e-05,310.0,0.017608
BCD/BTC,1572801427030,2019-11-03T17:17:07.030Z,sell,5.68e-05,310.0,0.017608
BCD/BTC,1572802012924,2019-11-03T17:26:52.924Z,sell,5.681e-05,2.0,0.00011362
BCD/BTC,1572802751122,2019-11-03T17:39:11.122Z,sell,5.681e-05,47.0,0.00267007
BCD/BTC,1572802751122,2019-11-03T17:39:11.122Z,sell,5.68e-05,49.0,0.0027832
BCD/BTC,1572802751122,2019-11-03T17:39:11.122Z,sell,5.66e-05,43.0,0.0024338
BCD/BTC,1572802978189,2019-11-03T17:42:58.189Z,sell,5.66e-05,6.0,0.0003396
BCD/BTC,1572803082104,2019-11-03T17:44:42.104Z,sell,5.662e-05,25.0,0.0014154999999999
BCD/BTC,1572803655130,2019-11-03T17:54:15.130Z,sell,5.663e-05,131.0,0.00741853
BCD/BTC,1572803655130,2019-11-03T17:54:15.130Z,sell,5.662e-05,52.0,0.00294424
BCD/BTC,1572803680260,2019-11-03T17:54:40.260Z,sell,5.66e-05,88.0,0.0049808
BCD/BTC,1572803680260,2019-11-03T17:54:40.260Z,sell,5.659e-05,637.0,0.0360478299999999
BCD/BTC,1572803719681,2019-11-03T17:55:19.681Z,sell,5.658e-05,607.0,0.0343440599999999
BCD/BTC,1572803732403,2019-11-03T17:55:32.403Z,sell,5.659e-05,869.0,0.04917671
BCD/BTC,1572803844068,2019-11-03T17:57:24.068Z,buy,5.659e-05,2.0,0.00011318
BCD/BTC,1572804002435,2019-11-03T18:00:02.435Z,buy,5.659e-05,349.0,0.01974991
BCD/BTC,1572804363389,2019-11-03T18:06:03.389Z,buy,5.659e-05,76.0,0.00430084
BCD/BTC,1572804379025,2019-11-03T18:06:19.025Z,buy,5.659e-05,68.0,0.00384812
BCD/BTC,1572804379025,2019-11-03T18:06:19.025Z,buy,5.659e-05,68.0,0.00384812
BCD/BTC,1572805428160,2019-11-03T18:23:48.160Z,sell,5.656e-05,58.0,0.00328048
BCD/BTC,1572805430288,2019-11-03T18:23:50.288Z,sell,5.656e-05,118.0,0.00667408
BCD/BTC,1572805782543,2019-11-03T18:29:42.543Z,buy,5.659e-05,13.0,0.00073567
BCD/BTC,1572805782543,2019-11-03T18:29:42.543Z,buy,5.684e-05,8.0,0.00045472
BCD/BTC,1572805787662,2019-11-03T18:29:47.662Z,buy,5.683e-05,4.0,0.00022732
BCD/BTC,1572806437430,2019-11-03T18:40:37.430Z,buy,5.683e-05,2.0,0.00011366
BCD/BTC,1572806437430,2019-11-03T18:40:37.430Z,buy,5.689e-05,17.0,0.00096713
BCD/BTC,1572807440171,2019-11-03T18:57:20.171Z,sell,5.659e-05,15.0,0.00084885
BCD/BTC,1572807440171,2019-11-03T18:57:20.171Z,sell,5.659e-05,15.0,0.00084885
BCD/BTC,1572808475998,2019-11-03T19:14:35.998Z,sell,5.659e-05,2.0,0.00011318
BCD/BTC,1572808475998,2019-11-03T19:14:35.998Z,sell,5.655e-05,1.0,5.655e-05
BCD/BTC,1572809836980,2019-11-03T19:37:16.980Z,buy,5.658e-05,31.0,0.0017539799999999
BCD/BTC,1572810493493,2019-11-03T19:48:13.493Z,buy,5.658e-05,78.0,0.00441324
BCD/BTC,1572810593498,2019-11-03T19:49:53.498Z,buy,5.658e-05,17.0,0.0009618599999999
BCD/BTC,1572810593498,2019-11-03T19:49:53.498Z,buy,5.688e-05,233.0,0.0132530399999999
BCD/BTC,1572810593498,2019-11-03T19:49:53.498Z,buy,5.689e-05,327.0,0.01860303
BCD/BTC,1572810593526,2019-11-03T19:49:53.526Z,sell,5.697e-05,495.0,0.02820015
BCD/BTC,1572810593541,2019-11-03T19:49:53.541Z,sell,5.697e-05,12.0,0.00068364
BCD/BTC,1572810593658,2019-11-03T19:49:53.658Z,sell,5.697e-05,17.0,0.00096849
BCD/BTC,1572810601989,2019-11-03T19:50:01.989Z,buy,5.692e-05,71.0,0.00404132
BCD/BTC,1572810602586,2019-11-03T19:50:02.586Z,buy,5.684e-05,2.0,0.00011368
BCD/BTC,1572810602586,2019-11-03T19:50:02.586Z,buy,5.691e-05,1.0,5.691e-05
BCD/BTC,1572810648277,2019-11-03T19:50:48.277Z,buy,5.691e-05,53.0,0.00301623
BCD/BTC,1572810959793,2019-11-03T19:55:59.793Z,buy,5.685e-05,19.0,0.00108015
BCD/BTC,1572810959793,2019-11-03T19:55:59.793Z,buy,5.685e-05,19.0,0.00108015
BCD/BTC,1572811135497,2019-11-03T19:58:55.497Z,buy,5.693e-05,49.0,0.00278957
BCD/BTC,1572811225245,2019-11-03T20:00:25.245Z,buy,5.689e-05,105.0,0.00597345
BCD/BTC,1572811373573,2019-11-03T20:02:53.573Z,buy,5.684e-05,631.0,0.03586604
BCD/BTC,1572811373733,2019-11-03T20:02:53.733Z,sell,5.684e-05,68.0,0.0038651199999999
BCD/BTC,1572811373763,2019-11-03T20:02:53.763Z,sell,5.684e-05,317.0,0.0180182799999999
BCD/BTC,1572811445590,2019-11-03T20:04:05.590Z,buy,5.687e-05,21.0,0.00119427
BCD/BTC,1572811611119,2019-11-03T20:06:51.119Z,buy,5.683e-05,100.0,0.005683
BCD/BTC,1572811611119,2019-11-03T20:06:51.119Z,buy,5.684e-05,40.0,0.0022735999999999
BCD/BTC,1572811615001,2019-11-03T20:06:55.001Z,buy,5.685e-05,3.0,0.00017055
BCD/BTC,1572811723738,2019-11-03T20:08:43.738Z,buy,5.686e-05,496.0,0.02820256
BCD/BTC,1572812712833,2019-11-03T20:25:12.833Z,sell,5.668e-05,234.0,0.01326312
BCD/BTC,1572812720917,2019-11-03T20:25:20.917Z,sell,5.67e-05,176.0,0.0099792
BCD/BTC,1572812720917,2019-11-03T20:25:20.917Z,sell,5.67e-05,176.0,0.0099792
BCD/BTC,1572814853300,2019-11-03T21:00:53.300Z,sell,5.67e-05,2.0,0.0001134
BCD/BTC,1572814853300,2019-11-03T21:00:53.300Z,sell,5.662e-05,97.0,0.0054921399999999
BCD/BTC,1572814853300,2019-11-03T21:00:53.300Z,sell,5.661e-05,352.0,0.01992672
BCD/BTC,1572814853300,2019-11-03T21:00:53.300Z,sell,5.655e-05,44.0,0.0024882
BCD/BTC,1572815932195,2019-11-03T21:18:52.195Z,buy,5.683e-05,3.0,0.00017049
BCD/BTC,1572815932195,2019-11-03T21:18:52.195Z,buy,5.683e-05,3.0,0.00017049
BCD/BTC,1572816694891,2019-11-03T21:31:34.891Z,sell,5.657e-05,49.0,0.00277193
BCD/BTC,1572816727113,2019-11-03T21:32:07.113Z,sell,5.657e-05,16.0,0.00090512
BCD/BTC,1572816727113,2019-11-03T21:32:07.113Z,sell,5.656e-05,55.0,0.0031108
BCD/BTC,1572816727113,2019-11-03T21:32:07.113Z,sell,5.655e-05,3.0,0.00016965
BCD/BTC,1572817340496,2019-11-03T21:42:20.496Z,buy,5.676e-05,2.0,0.00011352
BCD/BTC,1572817534625,2019-11-03T21:45:34.625Z,buy,5.683e-05,190.0,0.0107977
BCD/BTC,1572817534625,2019-11-03T21:45:34.625Z,buy,5.684e-05,352.0,0.02000768
BCD/BTC,1572817534625,2019-11-03T21:45:34.625Z,buy,5.69e-05,208.0,0.0118352
BCD/BTC,1572817557348,2019-11-03T21:45:57.348Z,buy,5.69e-05,84.0,0.0047796
BCD/BTC,1572817557358,2019-11-03T21:45:57.358Z,buy,5.69e-05,67.0,0.0038123
BCD/BTC,1572817557358,2019-11-03T21:45:57.358Z,buy,5.69e-05,43.0,0.0024467
BCD/BTC,1572817560204,2019-11-03T21:46:00.204Z,buy,5.69e-05,30.0,0.001707
BCD/BTC,1572817560248,2019-11-03T21:46:00.248Z,buy,5.69e-05,35.0,0.0019915
BCD/BTC,1572817560273,2019-11-03T21:46:00.273Z,buy,5.69e-05,27.0,0.0015363
BCD/BTC,1572817560317,2019-11-03T21:46:00.317Z,buy,5.69e-05,15.0,0.0008535
BCD/BTC,1572817560317,2019-11-03T21:46:00.317Z,buy,5.698e-05,15.0,0.0008547
BCD/BTC,1572817706685,2019-11-03T21:48:26.685Z,buy,5.676e-05,70.0,0.0039732
BCD/BTC,1572817715994,2019-11-03T21:48:35.994Z,buy,5.676e-05,108.0,0.0061300799999999
BCD/BTC,1572818159828,2019-11-03T21:55:59.828Z,sell,5.666e-05,352.0,0.01994432
BCD/BTC,1572818159828,2019-11-03T21:55:59.828Z,sell,5.666e-05,352.0,0.01994432
BCD/BTC,1572820979505,2019-11-03T22:42:59.505Z,sell,5.666e-05,5.0,0.0002833
BCD/BTC,1572821341705,2019-11-03T22:49:01.705Z,sell,5.655e-05,305.0,0.01724775
BCD/BTC,1572821345730,2019-11-03T22:49:05.730Z,sell,5.655e-05,71.0,0.00401505
BCD/BTC,1572821345730,2019-11-03T22:49:05.730Z,sell,5.654e-05,649.0,0.03669446
BCD/BTC,1572821348398,2019-11-03T22:49:08.398Z,sell,5.654e-05,212.0,0.0119864799999999
BCD/BTC,1572821357615,2019-11-03T22:49:17.615Z,sell,5.653e-05,85.0,0.00480505
BCD/BTC,1572821658087,2019-11-03T22:54:18.087Z,sell,5.654e-05,2.0,0.00011308
BCD/BTC,1572821658087,2019-11-03T22:54:18.087Z,sell,5.653e-05,56.0,0.00316568
BCD/BTC,1572821727460,2019-11-03T22:55:27.460Z,sell,5.653e-05,2.0,0.00011306
BCD/BTC,1572821727460,2019-11-03T22:55:27.460Z,sell,5.652e-05,463.0,0.02616876
BCD/BTC,1572821757980,2019-11-03T22:55:57.980Z,sell,5.652e-05,2.0,0.00011304
BCD/BTC,1572821757980,2019-11-03T22:55:57.980Z,sell,5.651e-05,54.0,0.00305154
BCD/BTC,1572821757980,2019-11-03T22:55:57.980Z,sell,5.65e-05,340.0,0.0192099999999999
BCD/BTC,1572821757980,2019-11-03T22:55:57.980Z,sell,5.652e-05,2.0,0.00011304
BCD/BTC,1572821757980,2019-11-03T22:55:57.980Z,sell,5.651e-05,54.0,0.00305154
BCD/BTC,1572821757980,2019-11-03T22:55:57.980Z,sell,5.65e-05,340.0,0.0192099999999999
BCD/BTC,1572822131748,2019-11-03T23:02:11.748Z,sell,5.654e-05,126.0,0.00712404
BCD/BTC,1572822158368,2019-11-03T23:02:38.368Z,sell,5.654e-05,1.0,5.654e-05
BCD/BTC,1572822158368,2019-11-03T23:02:38.368Z,sell,5.653e-05,54.0,0.00305262
BCD/BTC,1572822158368,2019-11-03T23:02:38.368Z,sell,5.65e-05,101.0,0.0057065
BCD/BTC,1572822165648,2019-11-03T23:02:45.648Z,sell,5.65e-05,1.0,5.65e-05
BCD/BTC,1572822165648,2019-11-03T23:02:45.648Z,sell,5.649e-05,93.0,0.00525357
BCD/BTC,1572822192836,2019-11-03T23:03:12.836Z,sell,5.653e-05,92.0,0.00520076
BCD/BTC,1572822205037,2019-11-03T23:03:25.037Z,sell,5.653e-05,875.0,0.04946375
BCD/BTC,1572822676511,2019-11-03T23:11:16.511Z,buy,5.666e-05,21.0,0.00118986
BCD/BTC,1572823294648,2019-11-03T23:21:34.648Z,buy,5.666e-05,219.0,0.01240854
BCD/BTC,1572823294966,2019-11-03T23:21:34.966Z,sell,5.666e-05,1893.0,0.10725738
BCD/BTC,1572823295957,2019-11-03T23:21:35.957Z,sell,5.666e-05,25.0,0.0014165
BCD/BTC,1572823296905,2019-11-03T23:21:36.905Z,sell,5.666e-05,25.0,0.0014165
BCD/BTC,1572823358098,2019-11-03T23:22:38.098Z,sell,5.666e-05,3.0,0.00016998
BCD/BTC,1572823404818,2019-11-03T23:23:24.818Z,buy,5.666e-05,7.0,0.00039662
BCD/BTC,1572824166583,2019-11-03T23:36:06.583Z,sell,5.654e-05,174.0,0.00983796
BCD/BTC,1572824166654,2019-11-03T23:36:06.654Z,sell,5.653e-05,528.0,0.02984784
BCD/BTC,1572824773870,2019-11-03T23:46:13.870Z,sell,5.644e-05,21.0,0.00118524
BCD/BTC,1572824773870,2019-11-03T23:46:13.870Z,sell,5.644e-05,21.0,0.00118524
BCD/BTC,1572825582543,2019-11-03T23:59:42.543Z,sell,5.646e-05,97.0,0.00547662
BCD/BTC,1572825582543,2019-11-03T23:59:42.543Z,sell,5.644e-05,74.0,0.00417656
BCD/BTC,1572825582572,2019-11-03T23:59:42.572Z,buy,5.64e-05,186.0,0.0104904
BCD/BTC,1572825582597,2019-11-03T23:59:42.597Z,buy,5.64e-05,677.0,0.0381828
BCD/BTC,1572825584951,2019-11-03T23:59:44.951Z,buy,5.64e-05,1104.0,0.0622656
BCD/BTC,1572825585009,2019-11-03T23:59:45.009Z,buy,5.64e-05,15.0,0.000846
BCD/BTC,1572825790131,2019-11-04T00:03:10.131Z,buy,5.64e-05,2.0,0.0001128
BCD/BTC,1572825975094,2019-11-04T00:06:15.094Z,buy,5.64e-05,44.0,0.0024816
BCD/BTC,1572825975160,2019-11-04T00:06:15.160Z,buy,5.64e-05,105.0,0.005922
BCD/BTC,1572826029149,2019-11-04T00:07:09.149Z,buy,5.64e-05,83.0,0.0046812
BCD/BTC,1572826143248,2019-11-04T00:09:03.248Z,buy,5.64e-05,66.0,0.0037224
BCD/BTC,1572826143258,2019-11-04T00:09:03.258Z,buy,5.64e-05,160.0,0.009024
BCD/BTC,1572826143259,2019-11-04T00:09:03.259Z,buy,5.64e-05,212.0,0.0119568
BCD/BTC,1572826169176,2019-11-04T00:09:29.176Z,buy,5.64e-05,55.0,0.003102
BCD/BTC,1572826178330,2019-11-04T00:09:38.330Z,buy,5.64e-05,34.0,0.0019176
BCD/BTC,1572826178336,2019-11-04T00:09:38.336Z,buy,5.64e-05,39.0,0.0021996
BCD/BTC,1572826178338,2019-11-04T00:09:38.338Z,buy,5.64e-05,52.0,0.0029328
BCD/BTC,1572826178504,2019-11-04T00:09:38.504Z,buy,5.64e-05,49.0,0.0027636
BCD/BTC,1572826247602,2019-11-04T00:10:47.602Z,buy,5.64e-05,245.0,0.013818
BCD/BTC,1572826778058,2019-11-04T00:19:38.058Z,sell,5.638e-05,3.0,0.00016914
BCD/BTC,1572826778058,2019-11-04T00:19:38.058Z,sell,5.634e-05,31.0,0.00174654
BCD/BTC,1572826780408,2019-11-04T00:19:40.408Z,sell,5.634e-05,208.0,0.01171872
BCD/BTC,1572826780408,2019-11-04T00:19:40.408Z,sell,5.633e-05,13.0,0.00073229
BCD/BTC,1572826780408,2019-11-04T00:19:40.408Z,sell,5.631e-05,179.0,0.01007949
BCD/BTC,1572826780408,2019-11-04T00:19:40.408Z,sell,5.627e-05,161.0,0.00905947
BCD/BTC,1572826780408,2019-11-04T00:19:40.408Z,sell,5.626e-05,326.0,0.01834076
BCD/BTC,1572826782788,2019-11-04T00:19:42.788Z,buy,5.639e-05,105.0,0.00592095
BCD/BTC,1572827155698,2019-11-04T00:25:55.698Z,buy,5.638e-05,651.0,0.03670338
BCD/BTC,1572827167417,2019-11-04T00:26:07.417Z,buy,5.638e-05,4.0,0.00022552
BCD/BTC,1572827167417,2019-11-04T00:26:07.417Z,buy,5.639e-05,138.0,0.00778182
BCD/BTC,1572827200642,2019-11-04T00:26:40.642Z,buy,5.639e-05,4.0,0.00022556
BCD/BTC,1572827200642,2019-11-04T00:26:40.642Z,buy,5.64e-05,137.0,0.0077268
BCD/BTC,1572827243535,2019-11-04T00:27:23.535Z,buy,5.64e-05,190.0,0.010716
BCD/BTC,1572827621328,2019-11-04T00:33:41.328Z,sell,5.643e-05,367.0,0.02070981
BCD/BTC,1572827825277,2019-11-04T00:37:05.277Z,buy,5.658e-05,354.0,0.02002932
BCD/BTC,1572827825277,2019-11-04T00:37:05.277Z,buy,5.659e-05,122.0,0.00690398
BCD/BTC,1572827885801,2019-11-04T00:38:05.801Z,sell,5.641e-05,126.0,0.00710766
BCD/BTC,1572827915048,2019-11-04T00:38:35.048Z,sell,5.635e-05,232.0,0.0130732
BCD/BTC,1572827915054,2019-11-04T00:38:35.054Z,sell,5.635e-05,121.0,0.00681835
BCD/BTC,1572827915054,2019-11-04T00:38:35.054Z,sell,5.634e-05,96.0,0.00540864
BCD/BTC,1572827916643,2019-11-04T00:38:36.643Z,sell,5.634e-05,35.0,0.0019719
BCD/BTC,1572827916740,2019-11-04T00:38:36.740Z,sell,5.634e-05,30.0,0.0016902
BCD/BTC,1572827918026,2019-11-04T00:38:38.026Z,sell,5.63e-05,30.0,0.001689
BCD/BTC,1572827918135,2019-11-04T00:38:38.135Z,sell,5.63e-05,30.0,0.001689
BCD/BTC,1572827918847,2019-11-04T00:38:38.847Z,buy,5.64e-05,750.0,0.0423
BCD/BTC,1572827923538,2019-11-04T00:38:43.538Z,buy,5.642e-05,750.0,0.042315
BCD/BTC,1572827977191,2019-11-04T00:39:37.191Z,sell,5.631e-05,159.0,0.00895329
BCD/BTC,1572827977191,2019-11-04T00:39:37.191Z,sell,5.631e-05,159.0,0.00895329
BCD/BTC,1572828519402,2019-11-04T00:48:39.402Z,buy,5.654e-05,53.0,0.0029966199999999
BCD/BTC,1572828536779,2019-11-04T00:48:56.779Z,sell,5.654e-05,10.0,0.0005654
BCD/BTC,1572829117645,2019-11-04T00:58:37.645Z,sell,5.654e-05,8.0,0.00045232
BCD/BTC,1572829117645,2019-11-04T00:58:37.645Z,sell,5.628e-05,53.0,0.00298284
BCD/BTC,1572829117645,2019-11-04T00:58:37.645Z,sell,5.627e-05,356.0,0.02003212
BCD/BTC,1572829117645,2019-11-04T00:58:37.645Z,sell,5.626e-05,1014.0,0.05704764
BCD/BTC,1572829117652,2019-11-04T00:58:37.652Z,sell,5.626e-05,88.0,0.00495088
BCD/BTC,1572829117670,2019-11-04T00:58:37.670Z,sell,5.626e-05,297.0,0.01670922
BCD/BTC,1572829117860,2019-11-04T00:58:37.860Z,sell,5.626e-05,52.0,0.00292552
BCD/BTC,1572829117860,2019-11-04T00:58:37.860Z,sell,5.62e-05,191.0,0.0107342
BCD/BTC,1572829117937,2019-11-04T00:58:37.937Z,sell,5.62e-05,265.0,0.014893
BCD/BTC,1572829118230,2019-11-04T00:58:38.230Z,buy,5.62e-05,235.0,0.013207
BCD/BTC,1572829118438,2019-11-04T00:58:38.438Z,buy,5.62e-05,235.0,0.013207
BCD/BTC,1572829119958,2019-11-04T00:58:39.958Z,buy,5.619e-05,25.0,0.00140475
BCD/BTC,1572829120973,2019-11-04T00:58:40.973Z,buy,5.619e-05,25.0,0.00140475
BCD/BTC,1572829122007,2019-11-04T00:58:42.007Z,buy,5.619e-05,25.0,0.00140475
BCD/BTC,1572829123181,2019-11-04T00:58:43.181Z,buy,5.619e-05,2.0,0.00011238
BCD/BTC,1572829123181,2019-11-04T00:58:43.181Z,buy,5.62e-05,23.0,0.0012925999999999
BCD/BTC,1572829123549,2019-11-04T00:58:43.549Z,buy,5.62e-05,174.0,0.0097787999999999
BCD/BTC,1572829125968,2019-11-04T00:58:45.968Z,buy,5.647e-05,228.0,0.01287516
BCD/BTC,1572829133026,2019-11-04T00:58:53.026Z,buy,5.645e-05,114.0,0.0064353
BCD/BTC,1572829133132,2019-11-04T00:58:53.132Z,buy,5.645e-05,136.0,0.0076772
BCD/BTC,1572829133208,2019-11-04T00:58:53.208Z,sell,5.645e-05,54.0,0.0030483
BCD/BTC,1572829133236,2019-11-04T00:58:53.236Z,sell,5.645e-05,4.0,0.0002258
BCD/BTC,1572829135651,2019-11-04T00:58:55.651Z,sell,5.617e-05,58.0,0.00325786
BCD/BTC,1572829135713,2019-11-04T00:58:55.713Z,sell,5.617e-05,10.0,0.0005617
BCD/BTC,1572829135713,2019-11-04T00:58:55.713Z,sell,5.614e-05,48.0,0.00269472
BCD/BTC,1572829135872,2019-11-04T00:58:55.872Z,buy,5.638e-05,145.0,0.0081751
BCD/BTC,1572829140742,2019-11-04T00:59:00.742Z,buy,5.638e-05,7.0,0.00039466
BCD/BTC,1572829140742,2019-11-04T00:59:00.742Z,buy,5.639e-05,318.0,0.01793202
BCD/BTC,1572829141040,2019-11-04T00:59:01.040Z,sell,5.615e-05,58.0,0.0032567
BCD/BTC,1572829141957,2019-11-04T00:59:01.957Z,sell,5.615e-05,7.0,0.00039305
BCD/BTC,1572829143489,2019-11-04T00:59:03.489Z,buy,5.638e-05,124.0,0.00699112
BCD/BTC,1572829146946,2019-11-04T00:59:06.946Z,buy,5.637e-05,104.0,0.00586248
BCD/BTC,1572829251577,2019-11-04T01:00:51.577Z,buy,5.636e-05,70.0,0.0039452
BCD/BTC,1572829255681,2019-11-04T01:00:55.681Z,buy,5.636e-05,70.0,0.0039452
BCD/BTC,1572829267651,2019-11-04T01:01:07.651Z,buy,5.637e-05,1253.0,0.07063161
BCD/BTC,1572829268660,2019-11-04T01:01:08.660Z,sell,5.636e-05,9.0,0.00050724
BCD/BTC,1572829268851,2019-11-04T01:01:08.851Z,sell,5.636e-05,27.0,0.00152172
BCD/BTC,1572829294046,2019-11-04T01:01:34.046Z,sell,5.629e-05,11.0,0.0006191899999999
BCD/BTC,1572829344061,2019-11-04T01:02:24.061Z,sell,5.632e-05,30.0,0.0016896
BCD/BTC,1572829344145,2019-11-04T01:02:24.145Z,sell,5.632e-05,16.0,0.00090112
BCD/BTC,1572829344447,2019-11-04T01:02:24.447Z,sell,5.632e-05,30.0,0.0016896
BCD/BTC,1572829346057,2019-11-04T01:02:26.057Z,sell,5.633e-05,134.0,0.00754822
BCD/BTC,1572829346452,2019-11-04T01:02:26.452Z,sell,5.633e-05,30.0,0.0016898999999999
BCD/BTC,1572829375542,2019-11-04T01:02:55.542Z,sell,5.633e-05,30.0,0.0016898999999999
BCD/BTC,1572829433643,2019-11-04T01:03:53.643Z,sell,5.625e-05,103.0,0.0057937499999999
BCD/BTC,1572829433677,2019-11-04T01:03:53.677Z,sell,5.625e-05,74.0,0.0041624999999999
BCD/BTC,1572829433833,2019-11-04T01:03:53.833Z,sell,5.615e-05,212.0,0.0119038
BCD/BTC,1572829433833,2019-11-04T01:03:53.833Z,sell,5.611e-05,2.0,0.00011222
BCD/BTC,1572829433833,2019-11-04T01:03:53.833Z,sell,5.61e-05,27.0,0.0015147
BCD/BTC,1572829433914,2019-11-04T01:03:53.914Z,sell,5.615e-05,141.0,0.00791715
BCD/BTC,1572829433914,2019-11-04T01:03:53.914Z,sell,5.61e-05,226.0,0.0126786
BCD/BTC,1572829434064,2019-11-04T01:03:54.064Z,sell,5.612e-05,94.0,0.00527528
BCD/BTC,1572829434064,2019-11-04T01:03:54.064Z,sell,5.61e-05,7.0,0.0003927
BCD/BTC,1572829434127,2019-11-04T01:03:54.127Z,sell,5.612e-05,63.0,0.00353556
BCD/BTC,1572829434127,2019-11-04T01:03:54.127Z,sell,5.61e-05,112.0,0.0062832
BCD/BTC,1572829434255,2019-11-04T01:03:54.255Z,buy,5.619e-05,344.0,0.01932936
BCD/BTC,1572829434255,2019-11-04T01:03:54.255Z,buy,5.624e-05,93.0,0.00523032
BCD/BTC,1572829434344,2019-11-04T01:03:54.344Z,sell,5.612e-05,127.0,0.00712724
BCD/BTC,1572829434344,2019-11-04T01:03:54.344Z,sell,5.61e-05,71.0,0.0039831
BCD/BTC,1572829434480,2019-11-04T01:03:54.480Z,sell,5.61e-05,113.0,0.0063393
BCD/BTC,1572829434724,2019-11-04T01:03:54.724Z,sell,5.611e-05,157.0,0.00880927
BCD/BTC,1572829434758,2019-11-04T01:03:54.758Z,buy,5.653e-05,25.0,0.00141325
BCD/BTC,1572829546006,2019-11-04T01:05:46.006Z,buy,5.638e-05,227.0,0.01279826
BCD/BTC,1572829986908,2019-11-04T01:13:06.908Z,buy,5.647e-05,7.0,0.00039529
BCD/BTC,1572830010594,2019-11-04T01:13:30.594Z,buy,5.644e-05,355.0,0.0200362
BCD/BTC,1572830012984,2019-11-04T01:13:32.984Z,buy,5.644e-05,52.0,0.00293488
BCD/BTC,1572830482149,2019-11-04T01:21:22.149Z,sell,5.632e-05,30.0,0.0016896
BCD/BTC,1572830486674,2019-11-04T01:21:26.674Z,sell,5.633e-05,13.0,0.00073229
BCD/BTC,1572831528034,2019-11-04T01:38:48.034Z,sell,5.634e-05,35.0,0.0019719
BCD/BTC,1572831528034,2019-11-04T01:38:48.034Z,sell,5.634e-05,35.0,0.0019719
BCD/BTC,1572832077601,2019-11-04T01:47:57.601Z,sell,5.63e-05,81.0,0.0045603
BCD/BTC,1572832077778,2019-11-04T01:47:57.778Z,sell,5.631e-05,96.0,0.00540576
BCD/BTC,1572832098277,2019-11-04T01:48:18.277Z,sell,5.632e-05,138.0,0.00777216
BCD/BTC,1572832100238,2019-11-04T01:48:20.238Z,sell,5.632e-05,144.0,0.00811008
BCD/BTC,1572832100238,2019-11-04T01:48:20.238Z,sell,5.631e-05,53.0,0.00298443
BCD/BTC,1572832101368,2019-11-04T01:48:21.368Z,sell,5.631e-05,138.0,0.00777078
BCD/BTC,1572832103272,2019-11-04T01:48:23.272Z,sell,5.631e-05,19.0,0.00106989
BCD/BTC,1572832103272,2019-11-04T01:48:23.272Z,sell,5.63e-05,28.0,0.0015764
BCD/BTC,1572832108875,2019-11-04T01:48:28.875Z,sell,5.633e-05,75.0,0.00422475
BCD/BTC,1572832111306,2019-11-04T01:48:31.306Z,sell,5.634e-05,74.0,0.00416916
BCD/BTC,1572832111449,2019-11-04T01:48:31.449Z,sell,5.634e-05,2.0,0.00011268
BCD/BTC,1572832111449,2019-11-04T01:48:31.449Z,sell,5.633e-05,6.0,0.00033798
BCD/BTC,1572832111449,2019-11-04T01:48:31.449Z,sell,5.63e-05,1.0,5.63e-05
BCD/BTC,1572832113266,2019-11-04T01:48:33.266Z,sell,5.634e-05,49.0,0.00276066
BCD/BTC,1572832113348,2019-11-04T01:48:33.348Z,sell,5.634e-05,2.0,0.00011268
BCD/BTC,1572832113348,2019-11-04T01:48:33.348Z,sell,5.63e-05,12.0,0.0006755999999999
BCD/BTC,1572832312308,2019-11-04T01:51:52.308Z,sell,5.619e-05,705.0,0.03961395
BCD/BTC,1572832973901,2019-11-04T02:02:53.901Z,buy,5.639e-05,7.0,0.00039473
BCD/BTC,1572834070177,2019-11-04T02:21:10.177Z,sell,5.619e-05,2.0,0.00011238
BCD/BTC,1572834070177,2019-11-04T02:21:10.177Z,sell,5.61e-05,184.0,0.0103224
BCD/BTC,1572834234975,2019-11-04T02:23:54.975Z,buy,5.643e-05,7.0,0.00039501
BCD/BTC,1572834237110,2019-11-04T02:23:57.110Z,buy,5.642e-05,215.0,0.0121303
BCD/BTC,1572834406340,2019-11-04T02:26:46.340Z,buy,5.658e-05,97.0,0.00548826
BCD/BTC,1572834492521,2019-11-04T02:28:12.521Z,buy,5.645e-05,132.0,0.0074514
BCD/BTC,1572834492521,2019-11-04T02:28:12.521Z,buy,5.646e-05,355.0,0.0200433
BCD/BTC,1572834492521,2019-11-04T02:28:12.521Z,buy,5.658e-05,2.0,0.00011316
BCD/BTC,1572834492573,2019-11-04T02:28:12.573Z,sell,5.658e-05,114.0,0.0064501199999999
BCD/BTC,1572834492579,2019-11-04T02:28:12.579Z,sell,5.658e-05,4.0,0.00022632
BCD/BTC,1572834492729,2019-11-04T02:28:12.729Z,sell,5.658e-05,5393.0,0.30513594
BCD/BTC,1572834508994,2019-11-04T02:28:28.994Z,sell,5.619e-05,81.0,0.00455139
BCD/BTC,1572834508994,2019-11-04T02:28:28.994Z,sell,5.618e-05,23.0,0.00129214
BCD/BTC,1572834508994,2019-11-04T02:28:28.994Z,sell,5.619e-05,81.0,0.00455139
BCD/BTC,1572834508994,2019-11-04T02:28:28.994Z,sell,5.618e-05,23.0,0.00129214
BCD/BTC,1572835528820,2019-11-04T02:45:28.820Z,sell,5.645e-05,318.0,0.0179511
BCD/BTC,1572835552594,2019-11-04T02:45:52.594Z,sell,5.615e-05,5.0,0.00028075
BCD/BTC,1572835575535,2019-11-04T02:46:15.535Z,sell,5.638e-05,450.0,0.025371
BCD/BTC,1572835714919,2019-11-04T02:48:34.919Z,buy,5.647e-05,52.0,0.00293644
BCD/BTC,1572835717158,2019-11-04T02:48:37.158Z,buy,5.647e-05,21.0,0.00118587
BCD/BTC,1572835795120,2019-11-04T02:49:55.120Z,buy,5.647e-05,25.0,0.00141175
BCD/BTC,1572835900440,2019-11-04T02:51:40.440Z,sell,5.619e-05,98.0,0.00550662
BCD/BTC,1572835900440,2019-11-04T02:51:40.440Z,sell,5.618e-05,133.0,0.00747194
BCD/BTC,1572836327368,2019-11-04T02:58:47.368Z,sell,5.619e-05,98.0,0.00550662
BCD/BTC,1572836327368,2019-11-04T02:58:47.368Z,sell,5.618e-05,60.0,0.0033708
BCD/BTC,1572836327368,2019-11-04T02:58:47.368Z,sell,5.61e-05,93.0,0.0052173
BCD/BTC,1572836327368,2019-11-04T02:58:47.368Z,sell,5.609e-05,469.0,0.02630621
BCD/BTC,1572836327368,2019-11-04T02:58:47.368Z,sell,5.608e-05,238.0,0.01334704
BCD/BTC,1572837605036,2019-11-04T03:20:05.036Z,sell,5.612e-05,2.0,0.00011224
BCD/BTC,1572837605036,2019-11-04T03:20:05.036Z,sell,5.608e-05,101.0,0.00566408
BCD/BTC,1572837605062,2019-11-04T03:20:05.062Z,buy,5.608e-05,34.0,0.00190672
BCD/BTC,1572837611585,2019-11-04T03:20:11.585Z,buy,5.608e-05,35.0,0.0019628
BCD/BTC,1572837611672,2019-11-04T03:20:11.672Z,buy,5.608e-05,115.0,0.0064491999999999
BCD/BTC,1572837620043,2019-11-04T03:20:20.043Z,sell,5.607e-05,69.0,0.0038688299999999
BCD/BTC,1572837620043,2019-11-04T03:20:20.043Z,sell,5.606e-05,4316.0,0.24195496
BCD/BTC,1572837620043,2019-11-04T03:20:20.043Z,sell,5.606e-05,215.0,0.0120529
BCD/BTC,1572837623397,2019-11-04T03:20:23.397Z,buy,5.612e-05,2.0,0.00011224
BCD/BTC,1572837623397,2019-11-04T03:20:23.397Z,buy,5.613e-05,750.0,0.0420975
BCD/BTC,1572837623397,2019-11-04T03:20:23.397Z,buy,5.619e-05,89.0,0.00500091
BCD/BTC,1572837623397,2019-11-04T03:20:23.397Z,buy,5.652e-05,39.0,0.00220428
BCD/BTC,1572837623397,2019-11-04T03:20:23.397Z,buy,5.612e-05,2.0,0.00011224
BCD/BTC,1572837623397,2019-11-04T03:20:23.397Z,buy,5.613e-05,750.0,0.0420975
BCD/BTC,1572837623397,2019-11-04T03:20:23.397Z,buy,5.619e-05,89.0,0.00500091
BCD/BTC,1572837623397,2019-11-04T03:20:23.397Z,buy,5.652e-05,39.0,0.00220428
BCD/BTC,1572838400773,2019-11-04T03:33:20.773Z,sell,5.607e-05,23.0,0.0012896099999999
BCD/BTC,1572838477337,2019-11-04T03:34:37.337Z,buy,5.616e-05,679.0,0.0381326399999999
BCD/BTC,1572838576896,2019-11-04T03:36:16.896Z,buy,5.616e-05,196.0,0.0110073599999999
BCD/BTC,1572839002799,2019-11-04T03:43:22.799Z,sell,5.613e-05,85.0,0.00477105
BCD/BTC,1572839002799,2019-11-04T03:43:22.799Z,sell,5.612e-05,40.0,0.0022448
BCD/BTC,1572839002799,2019-11-04T03:43:22.799Z,sell,5.611e-05,84.0,0.00471324
BCD/BTC,1572839002799,2019-11-04T03:43:22.799Z,sell,5.609e-05,71.0,0.00398239
BCD/BTC,1572839002799,2019-11-04T03:43:22.799Z,sell,5.607e-05,71.0,0.0039809699999999
BCD/BTC,1572839002799,2019-11-04T03:43:22.799Z,sell,5.606e-05,3978.0,0.22300668
BCD/BTC,1572839002976,2019-11-04T03:43:22.976Z,buy,5.606e-05,334.0,0.01872404
BCD/BTC,1572839017907,2019-11-04T03:43:37.907Z,buy,5.605e-05,141.0,0.00790305
BCD/BTC,1572839042838,2019-11-04T03:44:02.838Z,sell,5.606e-05,1267.0,0.07102802
BCD/BTC,1572839060428,2019-11-04T03:44:20.428Z,sell,5.604e-05,1010.0,0.0566004
BCD/BTC,1572839060453,2019-11-04T03:44:20.453Z,buy,5.604e-05,47.0,0.00263388
BCD/BTC,1572839062973,2019-11-04T03:44:22.973Z,buy,5.604e-05,68.0,0.00381072
BCD/BTC,1572839095091,2019-11-04T03:44:55.091Z,sell,5.604e-05,85.0,0.0047634
BCD/BTC,1572839095091,2019-11-04T03:44:55.091Z,sell,5.603e-05,45.0,0.00252135
BCD/BTC,1572839095118,2019-11-04T03:44:55.118Z,buy,5.603e-05,30.0,0.0016809
BCD/BTC,1572839095173,2019-11-04T03:44:55.173Z,buy,5.603e-05,58.0,0.0032497399999999
BCD/BTC,1572839123755,2019-11-04T03:45:23.755Z,buy,5.603e-05,9.0,0.00050427
BCD/BTC,1572839124627,2019-11-04T03:45:24.627Z,buy,5.603e-05,9.0,0.00050427
BCD/BTC,1572839148809,2019-11-04T03:45:48.809Z,buy,5.603e-05,39.0,0.0021851699999999
BCD/BTC,1572839148813,2019-11-04T03:45:48.813Z,buy,5.603e-05,39.0,0.0021851699999999
BCD/BTC,1572839148837,2019-11-04T03:45:48.837Z,buy,5.603e-05,55.0,0.00308165
BCD/BTC,1572839153425,2019-11-04T03:45:53.425Z,buy,5.603e-05,355.0,0.01989065
BCD/BTC,1572839402740,2019-11-04T03:50:02.740Z,buy,5.603e-05,166.0,0.00930098
BCD/BTC,1572839713273,2019-11-04T03:55:13.273Z,buy,5.632e-05,2.0,0.00011264
BCD/BTC,1572839954841,2019-11-04T03:59:14.841Z,buy,5.633e-05,18.0,0.00101394
BCD/BTC,1572840820610,2019-11-04T04:13:40.610Z,buy,5.629e-05,69.0,0.00388401
BCD/BTC,1572840820717,2019-11-04T04:13:40.717Z,sell,5.629e-05,30.0,0.0016887
BCD/BTC,1572840821339,2019-11-04T04:13:41.339Z,sell,5.629e-05,100.0,0.0056289999999999
BCD/BTC,1572841217504,2019-11-04T04:20:17.504Z,buy,5.633e-05,2.0,0.00011266
BCD/BTC,1572841217606,2019-11-04T04:20:17.606Z,buy,5.638e-05,3.0,0.00016914
BCD/BTC,1572841217606,2019-11-04T04:20:17.606Z,buy,5.648e-05,70.0,0.0039536
BCD/BTC,1572841217606,2019-11-04T04:20:17.606Z,buy,5.649e-05,585.0,0.03304665
BCD/BTC,1572841217606,2019-11-04T04:20:17.606Z,buy,5.65e-05,825.0,0.0466125
BCD/BTC,1572841220307,2019-11-04T04:20:20.307Z,buy,5.647e-05,153.0,0.00863991
BCD/BTC,1572841220307,2019-11-04T04:20:20.307Z,buy,5.648e-05,656.0,0.03705088
BCD/BTC,1572841220307,2019-11-04T04:20:20.307Z,buy,5.649e-05,153.0,0.00864297
BCD/BTC,1572841222647,2019-11-04T04:20:22.647Z,buy,5.647e-05,51.0,0.00287997
BCD/BTC,1572841222647,2019-11-04T04:20:22.647Z,buy,5.65e-05,19.0,0.0010735
BCD/BTC,1572841222665,2019-11-04T04:20:22.665Z,sell,5.662e-05,81.0,0.0045862199999999
BCD/BTC,1572841222741,2019-11-04T04:20:22.741Z,sell,5.662e-05,114.0,0.00645468
BCD/BTC,1572841222756,2019-11-04T04:20:22.756Z,sell,5.662e-05,68.0,0.0038501599999999
BCD/BTC,1572841222760,2019-11-04T04:20:22.760Z,sell,5.662e-05,215.0,0.0121733
BCD/BTC,1572841222862,2019-11-04T04:20:22.862Z,sell,5.65e-05,30.0,0.001695
BCD/BTC,1572841222862,2019-11-04T04:20:22.862Z,sell,5.65e-05,30.0,0.001695
BCD/BTC,1572841223756,2019-11-04T04:20:23.756Z,buy,5.64e-05,33.0,0.0018612
BCD/BTC,1572841225200,2019-11-04T04:20:25.200Z,buy,5.648e-05,70.0,0.0039536
BCD/BTC,1572841225200,2019-11-04T04:20:25.200Z,buy,5.656e-05,2006.0,0.11345936
BCD/BTC,1572841227625,2019-11-04T04:20:27.625Z,buy,5.654e-05,1256.0,0.0710142399999999
BCD/BTC,1572841227625,2019-11-04T04:20:27.625Z,buy,5.655e-05,102.0,0.0057681
BCD/BTC,1572841227625,2019-11-04T04:20:27.625Z,buy,5.656e-05,70.0,0.0039592
BCD/BTC,1572841229856,2019-11-04T04:20:29.856Z,buy,5.653e-05,1256.0,0.07100168
BCD/BTC,1572841232096,2019-11-04T04:20:32.096Z,buy,5.652e-05,601.0,0.03396852
BCD/BTC,1572841242394,2019-11-04T04:20:42.394Z,sell,5.634e-05,328.0,0.01847952
BCD/BTC,1572841242394,2019-11-04T04:20:42.394Z,sell,5.633e-05,353.0,0.0198844899999999
BCD/BTC,1572841242394,2019-11-04T04:20:42.394Z,sell,5.632e-05,3.0,0.00016896
BCD/BTC,1572841771503,2019-11-04T04:29:31.503Z,buy,5.662e-05,356.0,0.02015672
BCD/BTC,1572841771503,2019-11-04T04:29:31.503Z,buy,5.663e-05,674.0,0.03816862
BCD/BTC,1572841771503,2019-11-04T04:29:31.503Z,buy,5.664e-05,227.0,0.01285728
BCD/BTC,1572841771503,2019-11-04T04:29:31.503Z,buy,5.665e-05,106.0,0.0060049
BCD/BTC,1572841785984,2019-11-04T04:29:45.984Z,buy,5.666e-05,9.0,0.00050994
BCD/BTC,1572841785984,2019-11-04T04:29:45.984Z,buy,5.668e-05,167.0,0.00946556
BCD/BTC,1572841835093,2019-11-04T04:30:35.093Z,buy,5.668e-05,9.0,0.00051012
BCD/BTC,1572841835093,2019-11-04T04:30:35.093Z,buy,5.673e-05,3.0,0.00017019
BCD/BTC,1572841835093,2019-11-04T04:30:35.093Z,buy,5.679e-05,13.0,0.00073827
BCD/BTC,1572841835093,2019-11-04T04:30:35.093Z,buy,5.681e-05,137.0,0.00778297
BCD/BTC,1572841836691,2019-11-04T04:30:36.691Z,buy,5.681e-05,25.0,0.00142025
BCD/BTC,1572842161758,2019-11-04T04:36:01.758Z,sell,5.651e-05,348.0,0.01966548
BCD/BTC,1572842211113,2019-11-04T04:36:51.113Z,sell,5.651e-05,2.0,0.00011302
BCD/BTC,1572843651884,2019-11-04T05:00:51.884Z,sell,5.638e-05,3.0,0.00016914
BCD/BTC,1572843651985,2019-11-04T05:00:51.985Z,buy,5.638e-05,63.0,0.00355194
BCD/BTC,1572844461958,2019-11-04T05:14:21.958Z,sell,5.64e-05,4.0,0.0002256
BCD/BTC,1572844461958,2019-11-04T05:14:21.958Z,sell,5.639e-05,235.0,0.01325165
BCD/BTC,1572844461958,2019-11-04T05:14:21.958Z,sell,5.633e-05,13.0,0.00073229
BCD/BTC,1572844461958,2019-11-04T05:14:21.958Z,sell,5.631e-05,5.0,0.00028155
BCD/BTC,1572844461958,2019-11-04T05:14:21.958Z,sell,5.609e-05,71.0,0.00398239
BCD/BTC,1572844461958,2019-11-04T05:14:21.958Z,sell,5.606e-05,7.0,0.00039242
BCD/BTC,1572844461958,2019-11-04T05:14:21.958Z,sell,5.603e-05,3.0,0.00016809
BCD/BTC,1572844461958,2019-11-04T05:14:21.958Z,sell,5.6e-05,2.0,0.000112
BCD/BTC,1572844461958,2019-11-04T05:14:21.958Z,sell,5.599e-05,180.0,0.0100781999999999
BCD/BTC,1572844463250,2019-11-04T05:14:23.250Z,sell,5.639e-05,3.0,0.00016917
BCD/BTC,1572844464209,2019-11-04T05:14:24.209Z,sell,5.639e-05,153.0,0.00862767
BCD/BTC,1572844464209,2019-11-04T05:14:24.209Z,sell,5.627e-05,247.0,0.01389869
BCD/BTC,1572844464209,2019-11-04T05:14:24.209Z,sell,5.615e-05,77.0,0.00432355
BCD/BTC,1572844464209,2019-11-04T05:14:24.209Z,sell,5.6e-05,4.0,0.000224
BCD/BTC,1572844464209,2019-11-04T05:14:24.209Z,sell,5.599e-05,281.0,0.0157331899999999
BCD/BTC,1572844464209,2019-11-04T05:14:24.209Z,sell,5.597e-05,299.0,0.01673503
BCD/BTC,1572844464209,2019-11-04T05:14:24.209Z,sell,5.595e-05,434.0,0.0242823
BCD/BTC,1572844464209,2019-11-04T05:14:24.209Z,sell,5.594e-05,166.0,0.00928604
BCD/BTC,1572844464209,2019-11-04T05:14:24.209Z,sell,5.592e-05,93.0,0.00520056
BCD/BTC,1572844464209,2019-11-04T05:14:24.209Z,sell,5.591e-05,205.0,0.01146155
BCD/BTC,1572844464209,2019-11-04T05:14:24.209Z,sell,5.59e-05,21.0,0.0011738999999999
BCD/BTC,1572844501913,2019-11-04T05:15:01.913Z,buy,5.631e-05,5.0,0.00028155
BCD/BTC,1572844543494,2019-11-04T05:15:43.494Z,sell,5.632e-05,21.0,0.00118272
BCD/BTC,1572844650671,2019-11-04T05:17:30.671Z,sell,5.631e-05,347.0,0.01953957
BCD/BTC,1572844650671,2019-11-04T05:17:30.671Z,sell,5.616e-05,96.0,0.0053913599999999
BCD/BTC,1572844650671,2019-11-04T05:17:30.671Z,sell,5.615e-05,177.0,0.00993855
BCD/BTC,1572844650671,2019-11-04T05:17:30.671Z,sell,5.607e-05,2.0,0.00011214
BCD/BTC,1572844650671,2019-11-04T05:17:30.671Z,sell,5.603e-05,3.0,0.00016809
BCD/BTC,1572844650671,2019-11-04T05:17:30.671Z,sell,5.599e-05,319.0,0.0178608099999999
BCD/BTC,1572844650671,2019-11-04T05:17:30.671Z,sell,5.597e-05,5.0,0.00027985
BCD/BTC,1572844650671,2019-11-04T05:17:30.671Z,sell,5.589e-05,469.0,0.02621241
BCD/BTC,1572844650671,2019-11-04T05:17:30.671Z,sell,5.587e-05,524.0,0.02927588
BCD/BTC,1572844650671,2019-11-04T05:17:30.671Z,sell,5.586e-05,13.0,0.00072618
BCD/BTC,1572844650671,2019-11-04T05:17:30.671Z,sell,5.585e-05,285.0,0.01591725
BCD/BTC,1572844726664,2019-11-04T05:18:46.664Z,buy,5.606e-05,64.0,0.00358784
BCD/BTC,1572844726679,2019-11-04T05:18:46.679Z,buy,5.606e-05,34.0,0.00190604
BCD/BTC,1572844726686,2019-11-04T05:18:46.686Z,buy,5.606e-05,65.0,0.0036439
BCD/BTC,1572844726751,2019-11-04T05:18:46.751Z,buy,5.606e-05,49.0,0.00274694
BCD/BTC,1572844726751,2019-11-04T05:18:46.751Z,buy,5.606e-05,49.0,0.00274694
BCD/BTC,1572844878653,2019-11-04T05:21:18.653Z,buy,5.61e-05,28.0,0.0015708
BCD/BTC,1572844908718,2019-11-04T05:21:48.718Z,buy,5.61e-05,100.0,0.00561
BCD/BTC,1572844984683,2019-11-04T05:23:04.683Z,buy,5.607e-05,36.0,0.0020185199999999
BCD/BTC,1572845092759,2019-11-04T05:24:52.759Z,buy,5.604e-05,2.0,0.00011208
BCD/BTC,1572845154155,2019-11-04T05:25:54.155Z,buy,5.602e-05,30.0,0.0016806
BCD/BTC,1572845165337,2019-11-04T05:26:05.337Z,buy,5.602e-05,30.0,0.0016806
BCD/BTC,1572845166458,2019-11-04T05:26:06.458Z,buy,5.602e-05,30.0,0.0016806
BCD/BTC,1572845182576,2019-11-04T05:26:22.576Z,buy,5.602e-05,52.0,0.00291304
BCD/BTC,1572845184324,2019-11-04T05:26:24.324Z,buy,5.601e-05,30.0,0.0016803
BCD/BTC,1572845195567,2019-11-04T05:26:35.567Z,buy,5.601e-05,30.0,0.0016803
BCD/BTC,1572845224190,2019-11-04T05:27:04.190Z,buy,5.599e-05,30.0,0.0016797
BCD/BTC,1572845225665,2019-11-04T05:27:05.665Z,buy,5.599e-05,47.0,0.00263153
BCD/BTC,1572845225665,2019-11-04T05:27:05.665Z,buy,5.6e-05,3.0,0.000168
BCD/BTC,1572845225670,2019-11-04T05:27:05.670Z,buy,5.6e-05,32.0,0.001792
BCD/BTC,1572845329018,2019-11-04T05:28:49.018Z,buy,5.597e-05,30.0,0.0016791
BCD/BTC,1572845330015,2019-11-04T05:28:50.015Z,buy,5.596e-05,30.0,0.0016788
BCD/BTC,1572845331027,2019-11-04T05:28:51.027Z,buy,5.596e-05,30.0,0.0016788
BCD/BTC,1572845331186,2019-11-04T05:28:51.186Z,buy,5.596e-05,30.0,0.0016788
BCD/BTC,1572845360157,2019-11-04T05:29:20.157Z,buy,5.596e-05,33.0,0.00184668
BCD/BTC,1572845386237,2019-11-04T05:29:46.237Z,buy,5.595e-05,106.0,0.0059307
BCD/BTC,1572845386386,2019-11-04T05:29:46.386Z,buy,5.595e-05,31.0,0.00173445
BCD/BTC,1572845388278,2019-11-04T05:29:48.278Z,buy,5.595e-05,29.0,0.00162255
BCD/BTC,1572845388278,2019-11-04T05:29:48.278Z,buy,5.596e-05,12.0,0.00067152
BCD/BTC,1572845438614,2019-11-04T05:30:38.614Z,buy,5.593e-05,220.0,0.0123046
BCD/BTC,1572845438614,2019-11-04T05:30:38.614Z,buy,5.594e-05,529.0,0.02959226
BCD/BTC,1572845455866,2019-11-04T05:30:55.866Z,buy,5.592e-05,77.0,0.00430584
BCD/BTC,1572845455867,2019-11-04T05:30:55.867Z,buy,5.592e-05,97.0,0.00542424
BCD/BTC,1572845456464,2019-11-04T05:30:56.464Z,buy,5.592e-05,377.0,0.02108184
BCD/BTC,1572845474838,2019-11-04T05:31:14.838Z,buy,5.591e-05,30.0,0.0016773
BCD/BTC,1572845474931,2019-11-04T05:31:14.931Z,buy,5.591e-05,116.0,0.00648556
BCD/BTC,1572845474980,2019-11-04T05:31:14.980Z,buy,5.591e-05,59.0,0.00329869
BCD/BTC,1572845475020,2019-11-04T05:31:15.020Z,buy,5.594e-05,122.0,0.00682468
BCD/BTC,1572845478808,2019-11-04T05:31:18.808Z,buy,5.595e-05,222.0,0.0124209
BCD/BTC,1572845771627,2019-11-04T05:36:11.627Z,buy,5.6e-05,836.0,0.0468159999999999
BCD/BTC,1572846079867,2019-11-04T05:41:19.867Z,sell,5.587e-05,44.0,0.0024582799999999
BCD/BTC,1572846114450,2019-11-04T05:41:54.450Z,sell,5.587e-05,27.0,0.00150849
BCD/BTC,1572846114478,2019-11-04T05:41:54.478Z,buy,5.587e-05,97.0,0.00541939
BCD/BTC,1572846115088,2019-11-04T05:41:55.088Z,buy,5.587e-05,75.0,0.0041902499999999
BCD/BTC,1572846115618,2019-11-04T05:41:55.618Z,buy,5.587e-05,31.0,0.00173197
BCD/BTC,1572846115728,2019-11-04T05:41:55.728Z,buy,5.587e-05,26.0,0.00145262
BCD/BTC,1572846115728,2019-11-04T05:41:55.728Z,buy,5.591e-05,4.0,0.00022364
BCD/BTC,1572846116142,2019-11-04T05:41:56.142Z,buy,5.591e-05,30.0,0.0016773
BCD/BTC,1572846130004,2019-11-04T05:42:10.004Z,buy,5.591e-05,30.0,0.0016773
BCD/BTC,1572846130008,2019-11-04T05:42:10.008Z,buy,5.591e-05,7.0,0.00039137
BCD/BTC,1572846130008,2019-11-04T05:42:10.008Z,buy,5.596e-05,57.0,0.00318972
BCD/BTC,1572846130266,2019-11-04T05:42:10.266Z,buy,5.595e-05,59.0,0.00330105
BCD/BTC,1572846131806,2019-11-04T05:42:11.806Z,buy,5.595e-05,50.0,0.0027975
BCD/BTC,1572846132376,2019-11-04T05:42:12.376Z,buy,5.595e-05,15.0,0.0008392499999999
BCD/BTC,1572846342875,2019-11-04T05:45:42.875Z,buy,5.59e-05,559.0,0.0312480999999999
BCD/BTC,1572846342892,2019-11-04T05:45:42.892Z,buy,5.59e-05,467.0,0.0261052999999999
BCD/BTC,1572846342892,2019-11-04T05:45:42.892Z,buy,5.596e-05,16.0,0.00089536
BCD/BTC,1572846417396,2019-11-04T05:46:57.396Z,buy,5.59e-05,351.0,0.0196209
BCD/BTC,1572846423816,2019-11-04T05:47:03.816Z,buy,5.59e-05,190.0,0.010621
BCD/BTC,1572846574527,2019-11-04T05:49:34.527Z,sell,5.584e-05,4.0,0.00022336
BCD/BTC,1572847177775,2019-11-04T05:59:37.775Z,buy,5.59e-05,25.0,0.0013974999999999
BCD/BTC,1572847178800,2019-11-04T05:59:38.800Z,buy,5.59e-05,25.0,0.0013974999999999
BCD/BTC,1572847179928,2019-11-04T05:59:39.928Z,buy,5.59e-05,25.0,0.0013974999999999
BCD/BTC,1572847286680,2019-11-04T06:01:26.680Z,buy,5.59e-05,25.0,0.0013974999999999
BCD/BTC,1572847288409,2019-11-04T06:01:28.409Z,buy,5.59e-05,25.0,0.0013974999999999
BCD/BTC,1572847439713,2019-11-04T06:03:59.713Z,buy,5.59e-05,1.0,5.59e-05
BCD/BTC,1572847635958,2019-11-04T06:07:15.958Z,buy,5.59e-05,1.0,5.59e-05
BCD/BTC,1572847635958,2019-11-04T06:07:15.958Z,buy,5.59e-05,1.0,5.59e-05
BCD/BTC,1572848533930,2019-11-04T06:22:13.930Z,buy,5.589e-05,351.0,0.01961739
BCD/BTC,1572848533930,2019-11-04T06:22:13.930Z,buy,5.59e-05,318.0,0.0177762
BCD/BTC,1572848543743,2019-11-04T06:22:23.743Z,buy,5.59e-05,109.0,0.0060931
BCD/BTC,1572848672677,2019-11-04T06:24:32.677Z,sell,5.584e-05,2.0,0.00011168
BCD/BTC,1572848672677,2019-11-04T06:24:32.677Z,sell,5.583e-05,66.0,0.00368478
BCD/BTC,1572848701112,2019-11-04T06:25:01.112Z,sell,5.583e-05,47.0,0.00262401
BCD/BTC,1572848701113,2019-11-04T06:25:01.113Z,sell,5.583e-05,92.0,0.0051363599999999
BCD/BTC,1572848844097,2019-11-04T06:27:24.097Z,sell,5.583e-05,142.0,0.00792786
BCD/BTC,1572848844097,2019-11-04T06:27:24.097Z,sell,5.581e-05,126.0,0.00703206
BCD/BTC,1572848844097,2019-11-04T06:27:24.097Z,sell,5.58e-05,246.0,0.0137268
BCD/BTC,1572848844097,2019-11-04T06:27:24.097Z,sell,5.571e-05,358.0,0.01994418
BCD/BTC,1572848844140,2019-11-04T06:27:24.140Z,buy,5.571e-05,82.0,0.00456822
BCD/BTC,1572848845052,2019-11-04T06:27:25.052Z,buy,5.571e-05,25.0,0.00139275
BCD/BTC,1572848845898,2019-11-04T06:27:25.898Z,buy,5.571e-05,26.0,0.00144846
BCD/BTC,1572848846017,2019-11-04T06:27:26.017Z,buy,5.571e-05,25.0,0.00139275
BCD/BTC,1572848846275,2019-11-04T06:27:26.275Z,buy,5.571e-05,66.0,0.00367686
BCD/BTC,1572848847026,2019-11-04T06:27:27.026Z,buy,5.571e-05,25.0,0.00139275
BCD/BTC,1572848847066,2019-11-04T06:27:27.066Z,sell,5.569e-05,3.0,0.0001670699999999
BCD/BTC,1572848847066,2019-11-04T06:27:27.066Z,sell,5.565e-05,2.0,0.0001113
BCD/BTC,1572848847094,2019-11-04T06:27:27.094Z,sell,5.565e-05,5.0,0.0002782499999999
BCD/BTC,1572848848080,2019-11-04T06:27:28.080Z,buy,5.571e-05,25.0,0.00139275
BCD/BTC,1572848849123,2019-11-04T06:27:29.123Z,buy,5.571e-05,25.0,0.00139275
BCD/BTC,1572848850783,2019-11-04T06:27:30.783Z,buy,5.571e-05,25.0,0.00139275
BCD/BTC,1572848851950,2019-11-04T06:27:31.950Z,buy,5.571e-05,25.0,0.00139275
BCD/BTC,1572848853028,2019-11-04T06:27:33.028Z,buy,5.571e-05,25.0,0.00139275
BCD/BTC,1572848854770,2019-11-04T06:27:34.770Z,buy,5.571e-05,25.0,0.00139275
BCD/BTC,1572848856010,2019-11-04T06:27:36.010Z,buy,5.571e-05,25.0,0.00139275
BCD/BTC,1572848856959,2019-11-04T06:27:36.959Z,buy,5.571e-05,25.0,0.00139275
BCD/BTC,1572848857968,2019-11-04T06:27:37.968Z,buy,5.571e-05,25.0,0.00139275
BCD/BTC,1572848859592,2019-11-04T06:27:39.592Z,buy,5.571e-05,25.0,0.00139275
BCD/BTC,1572848860618,2019-11-04T06:27:40.618Z,buy,5.571e-05,25.0,0.00139275
BCD/BTC,1572848861547,2019-11-04T06:27:41.547Z,buy,5.571e-05,25.0,0.00139275
BCD/BTC,1572848862712,2019-11-04T06:27:42.712Z,buy,5.571e-05,25.0,0.00139275
BCD/BTC,1572848863965,2019-11-04T06:27:43.965Z,buy,5.571e-05,25.0,0.00139275
BCD/BTC,1572848865005,2019-11-04T06:27:45.005Z,buy,5.571e-05,25.0,0.00139275
BCD/BTC,1572848866787,2019-11-04T06:27:46.787Z,buy,5.571e-05,25.0,0.00139275
BCD/BTC,1572848868808,2019-11-04T06:27:48.808Z,buy,5.571e-05,25.0,0.00139275
BCD/BTC,1572848869766,2019-11-04T06:27:49.766Z,buy,5.571e-05,25.0,0.00139275
BCD/BTC,1572848870855,2019-11-04T06:27:50.855Z,buy,5.571e-05,25.0,0.00139275
BCD/BTC,1572848871770,2019-11-04T06:27:51.770Z,buy,5.571e-05,25.0,0.00139275
BCD/BTC,1572848872721,2019-11-04T06:27:52.721Z,buy,5.571e-05,25.0,0.00139275
BCD/BTC,1572848873675,2019-11-04T06:27:53.675Z,buy,5.571e-05,25.0,0.00139275
BCD/BTC,1572848874689,2019-11-04T06:27:54.689Z,buy,5.571e-05,25.0,0.00139275
BCD/BTC,1572848875602,2019-11-04T06:27:55.602Z,buy,5.571e-05,25.0,0.00139275
BCD/BTC,1572848876703,2019-11-04T06:27:56.703Z,buy,5.571e-05,25.0,0.00139275
BCD/BTC,1572848877761,2019-11-04T06:27:57.761Z,buy,5.571e-05,25.0,0.00139275
BCD/BTC,1572848878705,2019-11-04T06:27:58.705Z,buy,5.571e-05,25.0,0.00139275
BCD/BTC,1572848879643,2019-11-04T06:27:59.643Z,buy,5.571e-05,25.0,0.00139275
BCD/BTC,1572848881308,2019-11-04T06:28:01.308Z,buy,5.571e-05,25.0,0.00139275
BCD/BTC,1572848882383,2019-11-04T06:28:02.383Z,buy,5.571e-05,25.0,0.00139275
BCD/BTC,1572848883314,2019-11-04T06:28:03.314Z,buy,5.571e-05,25.0,0.00139275
BCD/BTC,1572848884497,2019-11-04T06:28:04.497Z,buy,5.571e-05,25.0,0.00139275
BCD/BTC,1572848885750,2019-11-04T06:28:05.750Z,buy,5.571e-05,25.0,0.00139275
BCD/BTC,1572848887063,2019-11-04T06:28:07.063Z,buy,5.571e-05,25.0,0.00139275
BCD/BTC,1572848888554,2019-11-04T06:28:08.554Z,buy,5.571e-05,25.0,0.00139275
BCD/BTC,1572848889804,2019-11-04T06:28:09.804Z,buy,5.571e-05,25.0,0.00139275
BCD/BTC,1572848890750,2019-11-04T06:28:10.750Z,buy,5.571e-05,25.0,0.00139275
BCD/BTC,1572848891779,2019-11-04T06:28:11.779Z,buy,5.571e-05,25.0,0.00139275
BCD/BTC,1572848920543,2019-11-04T06:28:40.543Z,buy,5.571e-05,14.0,0.00077994
BCD/BTC,1572848920543,2019-11-04T06:28:40.543Z,buy,5.58e-05,159.0,0.0088722
BCD/BTC,1572849712069,2019-11-04T06:41:52.069Z,buy,5.58e-05,14.0,0.0007812
BCD/BTC,1572849957225,2019-11-04T06:45:57.225Z,buy,5.589e-05,358.0,0.02000862
BCD/BTC,1572849957225,2019-11-04T06:45:57.225Z,buy,5.59e-05,398.0,0.0222482
BCD/BTC,1572849957225,2019-11-04T06:45:57.225Z,buy,5.598e-05,634.0,0.03549132
BCD/BTC,1572849957251,2019-11-04T06:45:57.251Z,sell,5.598e-05,132.0,0.00738936
BCD/BTC,1572849957257,2019-11-04T06:45:57.257Z,sell,5.598e-05,111.0,0.00621378
BCD/BTC,1572849957257,2019-11-04T06:45:57.257Z,sell,5.598e-05,118.0,0.00660564
BCD/BTC,1572849957264,2019-11-04T06:45:57.264Z,sell,5.598e-05,35.0,0.0019593
BCD/BTC,1572849967116,2019-11-04T06:46:07.116Z,sell,5.58e-05,34.0,0.0018972
BCD/BTC,1572849969227,2019-11-04T06:46:09.227Z,sell,5.572e-05,34.0,0.00189448
BCD/BTC,1572850279346,2019-11-04T06:51:19.346Z,sell,5.58e-05,358.0,0.0199764
BCD/BTC,1572850304734,2019-11-04T06:51:44.734Z,buy,5.58e-05,594.0,0.0331452
BCD/BTC,1572850304734,2019-11-04T06:51:44.734Z,buy,5.585e-05,196.0,0.0109466
BCD/BTC,1572850357362,2019-11-04T06:52:37.362Z,buy,5.589e-05,1.0,5.589e-05
BCD/BTC,1572850415791,2019-11-04T06:53:35.791Z,buy,5.589e-05,1.0,5.589e-05
BCD/BTC,1572850509358,2019-11-04T06:55:09.358Z,buy,5.588e-05,1.0,5.588e-05
BCD/BTC,1572850520925,2019-11-04T06:55:20.925Z,buy,5.589e-05,46.0,0.00257094
BCD/BTC,1572850587013,2019-11-04T06:56:27.013Z,buy,5.599e-05,1.0,5.599e-05
BCD/BTC,1572850653645,2019-11-04T06:57:33.645Z,sell,5.576e-05,197.0,0.01098472
BCD/BTC,1572850710158,2019-11-04T06:58:30.158Z,sell,5.572e-05,4.0,0.00022288
BCD/BTC,1572850710158,2019-11-04T06:58:30.158Z,sell,5.564e-05,224.0,0.01246336
BCD/BTC,1572850719840,2019-11-04T06:58:39.840Z,buy,5.59e-05,86.0,0.0048074
BCD/BTC,1572850761134,2019-11-04T06:59:21.134Z,buy,5.589e-05,4.0,0.00022356
BCD/BTC,1572850761134,2019-11-04T06:59:21.134Z,buy,5.596e-05,57.0,0.00318972
BCD/BTC,1572850761134,2019-11-04T06:59:21.134Z,buy,5.598e-05,850.0,0.047583
BCD/BTC,1572850774652,2019-11-04T06:59:34.652Z,buy,5.599e-05,137.0,0.0076706299999999
BCD/BTC,1572850780553,2019-11-04T06:59:40.553Z,buy,5.599e-05,67.0,0.0037513299999999
BCD/BTC,1572850794261,2019-11-04T06:59:54.261Z,sell,5.568e-05,198.0,0.01102464
BCD/BTC,1572850794261,2019-11-04T06:59:54.261Z,sell,5.567e-05,1479.0,0.08233593
BCD/BTC,1572850794261,2019-11-04T06:59:54.261Z,sell,5.566e-05,196.0,0.01090936
BCD/BTC,1572850794261,2019-11-04T06:59:54.261Z,sell,5.564e-05,328.0,0.01824992
BCD/BTC,1572850806973,2019-11-04T07:00:06.973Z,sell,5.567e-05,66.0,0.00367422
BCD/BTC,1572850807001,2019-11-04T07:00:07.001Z,buy,5.565e-05,416.0,0.0231503999999999
BCD/BTC,1572850807002,2019-11-04T07:00:07.002Z,buy,5.565e-05,96.0,0.0053424
BCD/BTC,1572850813133,2019-11-04T07:00:13.133Z,sell,5.564e-05,1191.0,0.06626724
BCD/BTC,1572850823399,2019-11-04T07:00:23.399Z,buy,5.594e-05,144.0,0.00805536
BCD/BTC,1572850842417,2019-11-04T07:00:42.417Z,buy,5.596e-05,138.0,0.00772248
BCD/BTC,1572850842417,2019-11-04T07:00:42.417Z,buy,5.597e-05,358.0,0.02003726
BCD/BTC,1572850842417,2019-11-04T07:00:42.417Z,buy,5.598e-05,984.0,0.05508432
BCD/BTC,1572850842417,2019-11-04T07:00:42.417Z,buy,5.596e-05,138.0,0.00772248
BCD/BTC,1572850842417,2019-11-04T07:00:42.417Z,buy,5.597e-05,358.0,0.02003726
BCD/BTC,1572850842417,2019-11-04T07:00:42.417Z,buy,5.598e-05,984.0,0.05508432
BCD/BTC,1572852188805,2019-11-04T07:23:08.805Z,buy,5.576e-05,749.0,0.04176424
BCD/BTC,1572853522791,2019-11-04T07:45:22.791Z,buy,5.598e-05,35.0,0.0019593
BCD/BTC,1572853851510,2019-11-04T07:50:51.510Z,sell,5.572e-05,26.0,0.00144872
BCD/BTC,1572853906157,2019-11-04T07:51:46.157Z,buy,5.597e-05,6.0,0.00033582
BCD/BTC,1572853906157,2019-11-04T07:51:46.157Z,buy,5.597e-05,6.0,0.00033582
BCD/BTC,1572854526434,2019-11-04T08:02:06.434Z,buy,5.596e-05,2.0,0.00011192
BCD/BTC,1572855363409,2019-11-04T08:16:03.409Z,buy,5.598e-05,24.0,0.00134352
BCD/BTC,1572855396583,2019-11-04T08:16:36.583Z,sell,5.598e-05,11.0,0.00061578
BCD/BTC,1572855792203,2019-11-04T08:23:12.203Z,buy,5.597e-05,22.0,0.00123134
BCD/BTC,1572855991151,2019-11-04T08:26:31.151Z,sell,5.574e-05,358.0,0.01995492
BCD/BTC,1572855991151,2019-11-04T08:26:31.151Z,sell,5.573e-05,62.0,0.00345526
BCD/BTC,1572856012223,2019-11-04T08:26:52.223Z,buy,5.597e-05,76.0,0.00425372
BCD/BTC,1572856141157,2019-11-04T08:29:01.157Z,buy,5.598e-05,360.0,0.0201528
BCD/BTC,1572856218531,2019-11-04T08:30:18.531Z,buy,5.599e-05,1014.0,0.0567738599999999
BCD/BTC,1572856238725,2019-11-04T08:30:38.725Z,buy,5.6e-05,335.0,0.01876
BCD/BTC,1572856502150,2019-11-04T08:35:02.150Z,sell,5.595e-05,341.0,0.01907895
BCD/BTC,1572856502150,2019-11-04T08:35:02.150Z,sell,5.595e-05,341.0,0.01907895
BCD/BTC,1572858095010,2019-11-04T09:01:35.010Z,buy,5.603e-05,5.0,0.00028015
BCD/BTC,1572858095010,2019-11-04T09:01:35.010Z,buy,5.608e-05,98.0,0.00549584
BCD/BTC,1572858123611,2019-11-04T09:02:03.611Z,buy,5.608e-05,243.0,0.01362744
BCD/BTC,1572858123611,2019-11-04T09:02:03.611Z,buy,5.609e-05,214.0,0.01200326
BCD/BTC,1572858241625,2019-11-04T09:04:01.625Z,sell,5.609e-05,2.0,0.00011218
BCD/BTC,1572858272764,2019-11-04T09:04:32.764Z,sell,5.61e-05,58.0,0.0032538
BCD/BTC,1572858274896,2019-11-04T09:04:34.896Z,sell,5.61e-05,32.0,0.0017952
BCD/BTC,1572858300042,2019-11-04T09:05:00.042Z,sell,5.61e-05,30.0,0.001683
BCD/BTC,1572858640158,2019-11-04T09:10:40.158Z,buy,5.631e-05,20.0,0.0011262
BCD/BTC,1572859549899,2019-11-04T09:25:49.899Z,sell,5.612e-05,100.0,0.005612
BCD/BTC,1572859549922,2019-11-04T09:25:49.922Z,sell,5.612e-05,21.0,0.00117852
BCD/BTC,1572859549922,2019-11-04T09:25:49.922Z,sell,5.611e-05,9.0,0.00050499
BCD/BTC,1572859549922,2019-11-04T09:25:49.922Z,sell,5.612e-05,21.0,0.00117852
BCD/BTC,1572859549922,2019-11-04T09:25:49.922Z,sell,5.611e-05,9.0,0.00050499
BCD/BTC,1572860266014,2019-11-04T09:37:46.014Z,sell,5.611e-05,225.0,0.01262475
BCD/BTC,1572860266014,2019-11-04T09:37:46.014Z,sell,5.61e-05,261.0,0.0146421
BCD/BTC,1572860266035,2019-11-04T09:37:46.035Z,sell,5.61e-05,383.0,0.0214863
BCD/BTC,1572860266041,2019-11-04T09:37:46.041Z,sell,5.61e-05,68.0,0.0038148
BCD/BTC,1572860421333,2019-11-04T09:40:21.333Z,sell,5.61e-05,6.0,0.0003366
BCD/BTC,1572860422549,2019-11-04T09:40:22.549Z,buy,5.61e-05,10.0,0.000561
BCD/BTC,1572860474311,2019-11-04T09:41:14.311Z,buy,5.61e-05,632.0,0.0354552
BCD/BTC,1572861542631,2019-11-04T09:59:02.631Z,sell,5.61e-05,261.0,0.0146421
BCD/BTC,1572861545945,2019-11-04T09:59:05.945Z,buy,5.61e-05,207.0,0.0116127
BCD/BTC,1572862639572,2019-11-04T10:17:19.572Z,buy,5.618e-05,356.0,0.02000008
BCD/BTC,1572862639572,2019-11-04T10:17:19.572Z,buy,5.619e-05,268.0,0.01505892
BCD/BTC,1572862639572,2019-11-04T10:17:19.572Z,buy,5.62e-05,70.0,0.003934
BCD/BTC,1572862639572,2019-11-04T10:17:19.572Z,buy,5.622e-05,140.0,0.0078708
BCD/BTC,1572862639572,2019-11-04T10:17:19.572Z,buy,5.626e-05,1156.0,0.06503656
BCD/BTC,1572862639572,2019-11-04T10:17:19.572Z,buy,5.618e-05,356.0,0.02000008
BCD/BTC,1572862639572,2019-11-04T10:17:19.572Z,buy,5.619e-05,268.0,0.01505892
BCD/BTC,1572862639572,2019-11-04T10:17:19.572Z,buy,5.62e-05,70.0,0.003934
BCD/BTC,1572862639572,2019-11-04T10:17:19.572Z,buy,5.622e-05,140.0,0.0078708
BCD/BTC,1572862639572,2019-11-04T10:17:19.572Z,buy,5.626e-05,1156.0,0.06503656
BCD/BTC,1572863207352,2019-11-04T10:26:47.352Z,sell,5.624e-05,114.0,0.00641136
BCD/BTC,1572863258032,2019-11-04T10:27:38.032Z,sell,5.625e-05,36.0,0.002025
BCD/BTC,1572863313600,2019-11-04T10:28:33.600Z,sell,5.625e-05,1517.0,0.08533125
BCD/BTC,1572863313725,2019-11-04T10:28:33.725Z,sell,5.625e-05,78.0,0.0043875
BCD/BTC,1572863539009,2019-11-04T10:32:19.009Z,sell,5.625e-05,11.0,0.0006187499999999
BCD/BTC,1572863753436,2019-11-04T10:35:53.436Z,sell,5.625e-05,1044.0,0.058725
BCD/BTC,1572863783487,2019-11-04T10:36:23.487Z,sell,5.617e-05,142.0,0.00797614
BCD/BTC,1572864239949,2019-11-04T10:43:59.949Z,buy,5.614e-05,153.0,0.00858942
BCD/BTC,1572864255921,2019-11-04T10:44:15.921Z,buy,5.614e-05,63.0,0.00353682
BCD/BTC,1572864292917,2019-11-04T10:44:52.917Z,buy,5.614e-05,52.0,0.00291928
BCD/BTC,1572864338534,2019-11-04T10:45:38.534Z,buy,5.615e-05,179.0,0.01005085
BCD/BTC,1572864603216,2019-11-04T10:50:03.216Z,buy,5.632e-05,8.0,0.00045056
BCD/BTC,1572864606347,2019-11-04T10:50:06.347Z,sell,5.602e-05,88.0,0.00492976
BCD/BTC,1572866197629,2019-11-04T11:16:37.629Z,buy,5.628e-05,101.0,0.00568428
BCD/BTC,1572866197629,2019-11-04T11:16:37.629Z,buy,5.631e-05,356.0,0.02004636
BCD/BTC,1572866197629,2019-11-04T11:16:37.629Z,buy,5.632e-05,35.0,0.0019712
BCD/BTC,1572866197629,2019-11-04T11:16:37.629Z,buy,5.628e-05,101.0,0.00568428
BCD/BTC,1572866197629,2019-11-04T11:16:37.629Z,buy,5.631e-05,356.0,0.02004636
BCD/BTC,1572866197629,2019-11-04T11:16:37.629Z,buy,5.632e-05,35.0,0.0019712
BCD/BTC,1572866684476,2019-11-04T11:24:44.476Z,buy,5.631e-05,2.0,0.00011262
BCD/BTC,1572866684476,2019-11-04T11:24:44.476Z,buy,5.633e-05,3.0,0.00016899
BCD/BTC,1572866693745,2019-11-04T11:24:53.745Z,buy,5.633e-05,5.0,0.00028165
BCD/BTC,1572866827241,2019-11-04T11:27:07.241Z,sell,5.615e-05,164.0,0.0092086
BCD/BTC,1572866827241,2019-11-04T11:27:07.241Z,sell,5.603e-05,499.0,0.02795897
BCD/BTC,1572867817460,2019-11-04T11:43:37.460Z,buy,5.633e-05,5.0,0.00028165
BCD/BTC,1572868755377,2019-11-04T11:59:15.377Z,buy,5.637e-05,26.0,0.00146562
BCD/BTC,1572868755384,2019-11-04T11:59:15.384Z,buy,5.637e-05,5.0,0.00028185
BCD/BTC,1572868755429,2019-11-04T11:59:15.429Z,buy,5.637e-05,26.0,0.00146562
BCD/BTC,1572868976044,2019-11-04T12:02:56.044Z,buy,5.638e-05,3.0,0.00016914
BCD/BTC,1572868976426,2019-11-04T12:02:56.426Z,sell,5.642e-05,278.0,0.01568476
BCD/BTC,1572868976548,2019-11-04T12:02:56.548Z,sell,5.642e-05,30.0,0.0016926
BCD/BTC,1572868981149,2019-11-04T12:03:01.149Z,buy,5.645e-05,7.0,0.00039515
BCD/BTC,1572868985445,2019-11-04T12:03:05.445Z,sell,5.647e-05,612.0,0.03455964
BCD/BTC,1572868998654,2019-11-04T12:03:18.654Z,sell,5.631e-05,417.0,0.02348127
BCD/BTC,1572868998654,2019-11-04T12:03:18.654Z,sell,5.63e-05,893.0,0.0502759
BCD/BTC,1572869242581,2019-11-04T12:07:22.581Z,buy,5.639e-05,1.0,5.639e-05
BCD/BTC,1572869405700,2019-11-04T12:10:05.700Z,buy,5.633e-05,127.0,0.0071539099999999
BCD/BTC,1572869405709,2019-11-04T12:10:05.709Z,buy,5.633e-05,20.0,0.0011266
BCD/BTC,1572869405709,2019-11-04T12:10:05.709Z,buy,5.635e-05,71.0,0.00400085
BCD/BTC,1572869405872,2019-11-04T12:10:05.872Z,buy,5.632e-05,147.0,0.00827904
BCD/BTC,1572869405914,2019-11-04T12:10:05.914Z,buy,5.632e-05,40.0,0.0022528
BCD/BTC,1572869406101,2019-11-04T12:10:06.101Z,buy,5.632e-05,28.0,0.00157696
BCD/BTC,1572869575827,2019-11-04T12:12:55.827Z,buy,5.639e-05,1.0,5.639e-05
BCD/BTC,1572869579048,2019-11-04T12:12:59.048Z,buy,5.639e-05,1.0,5.639e-05
BCD/BTC,1572869651738,2019-11-04T12:14:11.738Z,buy,5.643e-05,1.0,5.643e-05
BCD/BTC,1572869651738,2019-11-04T12:14:11.738Z,buy,5.643e-05,1.0,5.643e-05
BCD/BTC,1572869921366,2019-11-04T12:18:41.366Z,buy,5.639e-05,98.0,0.00552622
BCD/BTC,1572869921470,2019-11-04T12:18:41.470Z,sell,5.642e-05,37.0,0.00208754
BCD/BTC,1572870120380,2019-11-04T12:22:00.380Z,buy,5.65e-05,46.0,0.0025989999999999
BCD/BTC,1572870120380,2019-11-04T12:22:00.380Z,buy,5.661e-05,65.0,0.00367965
BCD/BTC,1572870120380,2019-11-04T12:22:00.380Z,buy,5.662e-05,137.0,0.0077569399999999
BCD/BTC,1572870414740,2019-11-04T12:26:54.740Z,buy,5.646e-05,10.0,0.0005646
BCD/BTC,1572870485831,2019-11-04T12:28:05.831Z,sell,5.642e-05,51.0,0.00287742
BCD/BTC,1572870608481,2019-11-04T12:30:08.481Z,buy,5.646e-05,120.0,0.0067751999999999
BCD/BTC,1572870743448,2019-11-04T12:32:23.448Z,sell,5.642e-05,30.0,0.0016926
BCD/BTC,1572870757655,2019-11-04T12:32:37.655Z,buy,5.645e-05,3.0,0.00016935
BCD/BTC,1572870757655,2019-11-04T12:32:37.655Z,buy,5.646e-05,1.0,5.646e-05
BCD/BTC,1572870757655,2019-11-04T12:32:37.655Z,buy,5.647e-05,498.0,0.02812206
BCD/BTC,1572871078833,2019-11-04T12:37:58.833Z,buy,5.647e-05,164.0,0.00926108
BCD/BTC,1572871656126,2019-11-04T12:47:36.126Z,buy,5.647e-05,6.0,0.00033882
BCD/BTC,1572872515996,2019-11-04T13:01:55.996Z,buy,5.665e-05,72.0,0.0040788
BCD/BTC,1572872740116,2019-11-04T13:05:40.116Z,sell,5.643e-05,352.0,0.01986336
BCD/BTC,1572872760918,2019-11-04T13:06:00.918Z,sell,5.642e-05,167.0,0.0094221399999999
BCD/BTC,1572872760918,2019-11-04T13:06:00.918Z,sell,5.631e-05,5.0,0.00028155
BCD/BTC,1572872760940,2019-11-04T13:06:00.940Z,buy,5.63e-05,192.0,0.0108095999999999
BCD/BTC,1572872760942,2019-11-04T13:06:00.942Z,buy,5.63e-05,33.0,0.0018579
BCD/BTC,1572872769898,2019-11-04T13:06:09.898Z,sell,5.631e-05,33.0,0.00185823
BCD/BTC,1572872769931,2019-11-04T13:06:09.931Z,buy,5.63e-05,45.0,0.0025335
BCD/BTC,1572872769991,2019-11-04T13:06:09.991Z,buy,5.63e-05,45.0,0.0025335
BCD/BTC,1572872770282,2019-11-04T13:06:10.282Z,buy,5.63e-05,473.0,0.0266299
BCD/BTC,1572872770282,2019-11-04T13:06:10.282Z,buy,5.643e-05,45.0,0.00253935
BCD/BTC,1572872852708,2019-11-04T13:07:32.708Z,sell,5.613e-05,3.0,0.00016839
BCD/BTC,1572872852982,2019-11-04T13:07:32.982Z,buy,5.641e-05,36.0,0.00203076
BCD/BTC,1572872912924,2019-11-04T13:08:32.924Z,buy,5.639e-05,25.0,0.00140975
BCD/BTC,1572872913854,2019-11-04T13:08:33.854Z,buy,5.639e-05,25.0,0.00140975
BCD/BTC,1572872914043,2019-11-04T13:08:34.043Z,buy,5.639e-05,378.0,0.02131542
BCD/BTC,1572872914043,2019-11-04T13:08:34.043Z,buy,5.64e-05,25.0,0.00141
BCD/BTC,1572872914806,2019-11-04T13:08:34.806Z,buy,5.641e-05,25.0,0.0014102499999999
BCD/BTC,1572872915940,2019-11-04T13:08:35.940Z,buy,5.641e-05,25.0,0.0014102499999999
BCD/BTC,1572872916955,2019-11-04T13:08:36.955Z,buy,5.641e-05,25.0,0.0014102499999999
BCD/BTC,1572872917930,2019-11-04T13:08:37.930Z,buy,5.64e-05,25.0,0.00141
BCD/BTC,1572872919280,2019-11-04T13:08:39.280Z,buy,5.641e-05,25.0,0.0014102499999999
BCD/BTC,1572872920357,2019-11-04T13:08:40.357Z,buy,5.641e-05,25.0,0.0014102499999999
BCD/BTC,1572872920531,2019-11-04T13:08:40.531Z,buy,5.641e-05,466.0,0.0262870599999999
BCD/BTC,1572872921530,2019-11-04T13:08:41.530Z,buy,5.641e-05,25.0,0.0014102499999999
BCD/BTC,1572872922741,2019-11-04T13:08:42.741Z,buy,5.641e-05,25.0,0.0014102499999999
BCD/BTC,1572872924068,2019-11-04T13:08:44.068Z,buy,5.641e-05,25.0,0.0014102499999999
BCD/BTC,1572872925233,2019-11-04T13:08:45.233Z,buy,5.641e-05,25.0,0.0014102499999999
BCD/BTC,1572872926449,2019-11-04T13:08:46.449Z,buy,5.641e-05,25.0,0.0014102499999999
BCD/BTC,1572873046927,2019-11-04T13:10:46.927Z,buy,5.64e-05,25.0,0.00141
BCD/BTC,1572873064230,2019-11-04T13:11:04.230Z,buy,5.64e-05,25.0,0.00141
BCD/BTC,1572873065349,2019-11-04T13:11:05.349Z,buy,5.64e-05,25.0,0.00141
BCD/BTC,1572873073429,2019-11-04T13:11:13.429Z,buy,5.641e-05,25.0,0.0014102499999999
BCD/BTC,1572873085965,2019-11-04T13:11:25.965Z,buy,5.64e-05,25.0,0.00141
BCD/BTC,1572873086907,2019-11-04T13:11:26.907Z,buy,5.64e-05,25.0,0.00141
BCD/BTC,1572873118234,2019-11-04T13:11:58.234Z,buy,5.641e-05,12.0,0.0006769199999999
BCD/BTC,1572873118234,2019-11-04T13:11:58.234Z,buy,5.664e-05,13.0,0.0007363199999999
BCD/BTC,1572873118234,2019-11-04T13:11:58.234Z,buy,5.641e-05,12.0,0.0006769199999999
BCD/BTC,1572873118234,2019-11-04T13:11:58.234Z,buy,5.664e-05,13.0,0.0007363199999999
BCD/BTC,1572873462487,2019-11-04T13:17:42.487Z,sell,5.618e-05,234.0,0.01314612
BCD/BTC,1572873462487,2019-11-04T13:17:42.487Z,sell,5.617e-05,1649.0,0.09262433
BCD/BTC,1572873462487,2019-11-04T13:17:42.487Z,sell,5.616e-05,223.0,0.0125236799999999
BCD/BTC,1572873472085,2019-11-04T13:17:52.085Z,buy,5.653e-05,25.0,0.00141325
BCD/BTC,1572873473120,2019-11-04T13:17:53.120Z,buy,5.653e-05,25.0,0.00141325
BCD/BTC,1572873474575,2019-11-04T13:17:54.575Z,buy,5.651e-05,25.0,0.00141275
BCD/BTC,1572873475766,2019-11-04T13:17:55.766Z,buy,5.651e-05,25.0,0.00141275
BCD/BTC,1572873476781,2019-11-04T13:17:56.781Z,buy,5.65e-05,25.0,0.0014125
BCD/BTC,1572873491712,2019-11-04T13:18:11.712Z,buy,5.654e-05,25.0,0.0014134999999999
BCD/BTC,1572873492925,2019-11-04T13:18:12.925Z,buy,5.663e-05,25.0,0.00141575
BCD/BTC,1572873505592,2019-11-04T13:18:25.592Z,buy,5.655e-05,25.0,0.00141375
BCD/BTC,1572873506698,2019-11-04T13:18:26.698Z,buy,5.653e-05,25.0,0.00141325
BCD/BTC,1572873507860,2019-11-04T13:18:27.860Z,buy,5.653e-05,25.0,0.00141325
BCD/BTC,1572873508833,2019-11-04T13:18:28.833Z,buy,5.653e-05,25.0,0.00141325
BCD/BTC,1572873509835,2019-11-04T13:18:29.835Z,buy,5.651e-05,25.0,0.00141275
BCD/BTC,1572873510772,2019-11-04T13:18:30.772Z,buy,5.651e-05,25.0,0.00141275
BCD/BTC,1572873511759,2019-11-04T13:18:31.759Z,buy,5.651e-05,25.0,0.00141275
BCD/BTC,1572873513259,2019-11-04T13:18:33.259Z,buy,5.65e-05,295.0,0.0166675
BCD/BTC,1572873513377,2019-11-04T13:18:33.377Z,buy,5.651e-05,15.0,0.00084765
BCD/BTC,1572873513377,2019-11-04T13:18:33.377Z,buy,5.663e-05,10.0,0.0005662999999999
BCD/BTC,1572873515152,2019-11-04T13:18:35.152Z,buy,5.65e-05,25.0,0.0014125
BCD/BTC,1572873516176,2019-11-04T13:18:36.176Z,buy,5.65e-05,25.0,0.0014125
BCD/BTC,1572873517296,2019-11-04T13:18:37.296Z,buy,5.662e-05,25.0,0.0014154999999999
BCD/BTC,1572873605202,2019-11-04T13:20:05.202Z,buy,5.655e-05,25.0,0.00141375
BCD/BTC,1572873606131,2019-11-04T13:20:06.131Z,buy,5.655e-05,25.0,0.00141375
BCD/BTC,1572873607373,2019-11-04T13:20:07.373Z,buy,5.656e-05,25.0,0.001414
BCD/BTC,1572873613357,2019-11-04T13:20:13.357Z,buy,5.656e-05,20.0,0.0011312
BCD/BTC,1572873613357,2019-11-04T13:20:13.357Z,buy,5.663e-05,5.0,0.0002831499999999
BCD/BTC,1572873820239,2019-11-04T13:23:40.239Z,buy,5.658e-05,25.0,0.0014145
BCD/BTC,1572873821614,2019-11-04T13:23:41.614Z,buy,5.661e-05,25.0,0.00141525
BCD/BTC,1572873825221,2019-11-04T13:23:45.221Z,buy,5.656e-05,25.0,0.001414
BCD/BTC,1572873826865,2019-11-04T13:23:46.865Z,buy,5.657e-05,25.0,0.00141425
BCD/BTC,1572873827864,2019-11-04T13:23:47.864Z,buy,5.656e-05,25.0,0.001414
BCD/BTC,1572873829227,2019-11-04T13:23:49.227Z,buy,5.656e-05,25.0,0.001414
BCD/BTC,1572873830838,2019-11-04T13:23:50.838Z,buy,5.657e-05,25.0,0.00141425
BCD/BTC,1572873831954,2019-11-04T13:23:51.954Z,buy,5.656e-05,25.0,0.001414
BCD/BTC,1572873833022,2019-11-04T13:23:53.022Z,buy,5.656e-05,25.0,0.001414
BCD/BTC,1572873834014,2019-11-04T13:23:54.014Z,buy,5.656e-05,25.0,0.001414
BCD/BTC,1572873835420,2019-11-04T13:23:55.420Z,buy,5.657e-05,25.0,0.00141425
BCD/BTC,1572873836965,2019-11-04T13:23:56.965Z,buy,5.656e-05,15.0,0.0008484
BCD/BTC,1572873836965,2019-11-04T13:23:56.965Z,buy,5.657e-05,10.0,0.0005657
BCD/BTC,1572873837933,2019-11-04T13:23:57.933Z,buy,5.657e-05,25.0,0.00141425
BCD/BTC,1572873838877,2019-11-04T13:23:58.877Z,buy,5.657e-05,25.0,0.00141425
BCD/BTC,1572873839961,2019-11-04T13:23:59.961Z,buy,5.658e-05,25.0,0.0014145
BCD/BTC,1572873840884,2019-11-04T13:24:00.884Z,buy,5.657e-05,25.0,0.00141425
BCD/BTC,1572873842171,2019-11-04T13:24:02.171Z,buy,5.657e-05,25.0,0.00141425
BCD/BTC,1572873843619,2019-11-04T13:24:03.619Z,buy,5.657e-05,25.0,0.00141425
BCD/BTC,1572873844707,2019-11-04T13:24:04.707Z,buy,5.657e-05,25.0,0.00141425
BCD/BTC,1572873845899,2019-11-04T13:24:05.899Z,buy,5.658e-05,25.0,0.0014145
BCD/BTC,1572873846889,2019-11-04T13:24:06.889Z,buy,5.657e-05,25.0,0.00141425
BCD/BTC,1572873848445,2019-11-04T13:24:08.445Z,buy,5.657e-05,25.0,0.00141425
BCD/BTC,1572873849388,2019-11-04T13:24:09.388Z,buy,5.657e-05,25.0,0.00141425
BCD/BTC,1572873850548,2019-11-04T13:24:10.548Z,buy,5.657e-05,25.0,0.00141425
BCD/BTC,1572873851659,2019-11-04T13:24:11.659Z,buy,5.658e-05,25.0,0.0014145
BCD/BTC,1572873852603,2019-11-04T13:24:12.603Z,buy,5.657e-05,25.0,0.00141425
BCD/BTC,1572873853834,2019-11-04T13:24:13.834Z,buy,5.657e-05,25.0,0.00141425
BCD/BTC,1572873854957,2019-11-04T13:24:14.957Z,buy,5.658e-05,25.0,0.0014145
BCD/BTC,1572873857468,2019-11-04T13:24:17.468Z,buy,5.657e-05,25.0,0.00141425
BCD/BTC,1572873858607,2019-11-04T13:24:18.607Z,buy,5.657e-05,25.0,0.00141425
BCD/BTC,1572873859608,2019-11-04T13:24:19.608Z,buy,5.657e-05,25.0,0.00141425
BCD/BTC,1572873860597,2019-11-04T13:24:20.597Z,buy,5.657e-05,25.0,0.00141425
BCD/BTC,1572873861928,2019-11-04T13:24:21.928Z,buy,5.657e-05,25.0,0.00141425
BCD/BTC,1572873863279,2019-11-04T13:24:23.279Z,buy,5.662e-05,25.0,0.0014154999999999
BCD/BTC,1572873866610,2019-11-04T13:24:26.610Z,buy,5.655e-05,25.0,0.00141375
BCD/BTC,1572873867645,2019-11-04T13:24:27.645Z,buy,5.655e-05,25.0,0.00141375
BCD/BTC,1572873868740,2019-11-04T13:24:28.740Z,buy,5.656e-05,25.0,0.001414
BCD/BTC,1572873870041,2019-11-04T13:24:30.041Z,buy,5.656e-05,25.0,0.001414
BCD/BTC,1572873872213,2019-11-04T13:24:32.213Z,buy,5.655e-05,639.0,0.03613545
BCD/BTC,1572873883046,2019-11-04T13:24:43.046Z,buy,5.656e-05,245.0,0.0138572
BCD/BTC,1572874648445,2019-11-04T13:37:28.445Z,sell,5.656e-05,4.0,0.00022624
BCD/BTC,1572874737201,2019-11-04T13:38:57.201Z,sell,5.656e-05,24.0,0.00135744
BCD/BTC,1572874947819,2019-11-04T13:42:27.819Z,buy,5.656e-05,10.0,0.0005656
BCD/BTC,1572874950781,2019-11-04T13:42:30.781Z,sell,5.656e-05,30.0,0.0016968
BCD/BTC,1572875273423,2019-11-04T13:47:53.423Z,buy,5.661e-05,487.0,0.02756907
BCD/BTC,1572875273423,2019-11-04T13:47:53.423Z,buy,5.662e-05,953.0,0.05395886
BCD/BTC,1572875401921,2019-11-04T13:50:01.921Z,buy,5.661e-05,48.0,0.00271728
BCD/BTC,1572875401921,2019-11-04T13:50:01.921Z,buy,5.662e-05,556.0,0.03148072
BCD/BTC,1572875423069,2019-11-04T13:50:23.069Z,buy,5.662e-05,1813.0,0.1026520599999999
BCD/BTC,1572875886930,2019-11-04T13:58:06.930Z,buy,5.662e-05,11.0,0.00062282
BCD/BTC,1572875991515,2019-11-04T13:59:51.515Z,buy,5.662e-05,77.0,0.00435974
BCD/BTC,1572876021258,2019-11-04T14:00:21.258Z,buy,5.662e-05,903.0,0.05112786
BCD/BTC,1572876377187,2019-11-04T14:06:17.187Z,buy,5.653e-05,17.0,0.00096101
BCD/BTC,1572876381192,2019-11-04T14:06:21.192Z,buy,5.653e-05,17.0,0.00096101
BCD/BTC,1572876385051,2019-11-04T14:06:25.051Z,buy,5.653e-05,17.0,0.00096101
BCD/BTC,1572876428302,2019-11-04T14:07:08.302Z,buy,5.662e-05,25.0,0.0014154999999999
BCD/BTC,1572876428302,2019-11-04T14:07:08.302Z,buy,5.662e-05,25.0,0.0014154999999999
BCD/BTC,1572877184136,2019-11-04T14:19:44.136Z,buy,5.655e-05,155.0,0.00876525
BCD/BTC,1572877225573,2019-11-04T14:20:25.573Z,buy,5.655e-05,385.0,0.02177175
BCD/BTC,1572878063301,2019-11-04T14:34:23.301Z,buy,5.654e-05,41.0,0.00231814
BCD/BTC,1572878063387,2019-11-04T14:34:23.387Z,buy,5.654e-05,22.0,0.00124388
BCD/BTC,1572878132653,2019-11-04T14:35:32.653Z,buy,5.654e-05,153.0,0.00865062
BCD/BTC,1572878134772,2019-11-04T14:35:34.772Z,buy,5.654e-05,81.0,0.00457974
BCD/BTC,1572878134872,2019-11-04T14:35:34.872Z,buy,5.654e-05,68.0,0.00384472
BCD/BTC,1572878136984,2019-11-04T14:35:36.984Z,buy,5.654e-05,64.0,0.00361856
BCD/BTC,1572878329877,2019-11-04T14:38:49.877Z,sell,5.655e-05,35.0,0.00197925
BCD/BTC,1572878441549,2019-11-04T14:40:41.549Z,sell,5.655e-05,198.0,0.0111969
BCD/BTC,1572878470383,2019-11-04T14:41:10.383Z,sell,5.655e-05,284.0,0.0160602
BCD/BTC,1572878480624,2019-11-04T14:41:20.624Z,sell,5.655e-05,350.0,0.0197925
BCD/BTC,1572878484245,2019-11-04T14:41:24.245Z,sell,5.655e-05,105.0,0.00593775
BCD/BTC,1572878488175,2019-11-04T14:41:28.175Z,sell,5.655e-05,1.0,5.655e-05
BCD/BTC,1572878488175,2019-11-04T14:41:28.175Z,sell,5.654e-05,760.0,0.0429704
BCD/BTC,1572878491894,2019-11-04T14:41:31.894Z,sell,5.655e-05,70.0,0.0039585
BCD/BTC,1572878500745,2019-11-04T14:41:40.745Z,sell,5.655e-05,140.0,0.007917
BCD/BTC,1572878532657,2019-11-04T14:42:12.657Z,sell,5.654e-05,1308.0,0.0739543199999999
BCD/BTC,1572878565547,2019-11-04T14:42:45.547Z,sell,5.654e-05,2380.0,0.1345652
BCD/BTC,1572878569359,2019-11-04T14:42:49.359Z,sell,5.654e-05,850.0,0.048059
BCD/BTC,1572878851288,2019-11-04T14:47:31.288Z,sell,5.654e-05,28.0,0.00158312
BCD/BTC,1572878852366,2019-11-04T14:47:32.366Z,sell,5.654e-05,18.0,0.00101772
BCD/BTC,1572878853307,2019-11-04T14:47:33.307Z,sell,5.654e-05,15.0,0.0008481
BCD/BTC,1572878854279,2019-11-04T14:47:34.279Z,sell,5.654e-05,15.0,0.0008481
BCD/BTC,1572878859137,2019-11-04T14:47:39.137Z,sell,5.654e-05,23.0,0.00130042
BCD/BTC,1572878860214,2019-11-04T14:47:40.214Z,sell,5.654e-05,15.0,0.0008481
BCD/BTC,1572878861171,2019-11-04T14:47:41.171Z,sell,5.654e-05,15.0,0.0008481
BCD/BTC,1572878930847,2019-11-04T14:48:50.847Z,sell,5.654e-05,267.0,0.0150961799999999
BCD/BTC,1572878930866,2019-11-04T14:48:50.866Z,sell,5.654e-05,143.0,0.0080852199999999
BCD/BTC,1572878934051,2019-11-04T14:48:54.051Z,sell,5.654e-05,44.0,0.00248776
BCD/BTC,1572879055127,2019-11-04T14:50:55.127Z,sell,5.654e-05,238.0,0.01345652
BCD/BTC,1572879065059,2019-11-04T14:51:05.059Z,sell,5.654e-05,30.0,0.0016962
BCD/BTC,1572879065639,2019-11-04T14:51:05.639Z,sell,5.654e-05,159.0,0.0089898599999999
BCD/BTC,1572879084217,2019-11-04T14:51:24.217Z,sell,5.654e-05,657.0,0.03714678
BCD/BTC,1572879084584,2019-11-04T14:51:24.584Z,sell,5.654e-05,173.0,0.0097814199999999
BCD/BTC,1572879312138,2019-11-04T14:55:12.138Z,sell,5.654e-05,15.0,0.0008481
BCD/BTC,1572879316827,2019-11-04T14:55:16.827Z,sell,5.654e-05,220.0,0.0124388
BCD/BTC,1572879356236,2019-11-04T14:55:56.236Z,sell,5.64e-05,35.0,0.001974
BCD/BTC,1572879505347,2019-11-04T14:58:25.347Z,buy,5.645e-05,24.0,0.0013548
BCD/BTC,1572879545592,2019-11-04T14:59:05.592Z,sell,5.64e-05,1416.0,0.0798624
BCD/BTC,1572879565727,2019-11-04T14:59:25.727Z,sell,5.64e-05,638.0,0.0359832
BCD/BTC,1572879565727,2019-11-04T14:59:25.727Z,sell,5.64e-05,638.0,0.0359832
BCD/BTC,1572880400536,2019-11-04T15:13:20.536Z,sell,5.64e-05,2.0,0.0001128
BCD/BTC,1572880400536,2019-11-04T15:13:20.536Z,sell,5.63e-05,2.0,0.0001126
BCD/BTC,1572880400536,2019-11-04T15:13:20.536Z,sell,5.629e-05,2.0,0.00011258
BCD/BTC,1572880400536,2019-11-04T15:13:20.536Z,sell,5.628e-05,2.0,0.00011256
BCD/BTC,1572880400536,2019-11-04T15:13:20.536Z,sell,5.61e-05,11.0,0.0006171
BCD/BTC,1572880400536,2019-11-04T15:13:20.536Z,sell,5.608e-05,13.0,0.00072904
BCD/BTC,1572880400536,2019-11-04T15:13:20.536Z,sell,5.606e-05,177.0,0.00992262
BCD/BTC,1572880400536,2019-11-04T15:13:20.536Z,sell,5.603e-05,3.0,0.00016809
BCD/BTC,1572880400536,2019-11-04T15:13:20.536Z,sell,5.602e-05,96.0,0.00537792
BCD/BTC,1572880400536,2019-11-04T15:13:20.536Z,sell,5.601e-05,7.0,0.00039207
BCD/BTC,1572880400562,2019-11-04T15:13:20.562Z,buy,5.6e-05,30.0,0.00168
BCD/BTC,1572880400567,2019-11-04T15:13:20.567Z,buy,5.6e-05,30.0,0.00168
BCD/BTC,1572880400570,2019-11-04T15:13:20.570Z,buy,5.6e-05,2025.0,0.1134
BCD/BTC,1572880417038,2019-11-04T15:13:37.038Z,buy,5.638e-05,3.0,0.00016914
BCD/BTC,1572880417038,2019-11-04T15:13:37.038Z,buy,5.639e-05,27.0,0.00152253
BCD/BTC,1572880418745,2019-11-04T15:13:38.745Z,buy,5.64e-05,10.0,0.000564
BCD/BTC,1572881030850,2019-11-04T15:23:50.850Z,sell,5.614e-05,97.0,0.00544558
BCD/BTC,1572881144674,2019-11-04T15:25:44.674Z,buy,5.639e-05,1.0,5.639e-05
BCD/BTC,1572881969605,2019-11-04T15:39:29.605Z,buy,5.638e-05,16.0,0.00090208
BCD/BTC,1572882129098,2019-11-04T15:42:09.098Z,buy,5.657e-05,98.0,0.00554386
BCD/BTC,1572882129116,2019-11-04T15:42:09.116Z,buy,5.657e-05,44.0,0.00248908
BCD/BTC,1572882129116,2019-11-04T15:42:09.116Z,buy,5.66e-05,167.0,0.0094522
BCD/BTC,1572882129257,2019-11-04T15:42:09.257Z,buy,5.66e-05,94.0,0.0053204
BCD/BTC,1572882203346,2019-11-04T15:43:23.346Z,sell,5.638e-05,20.0,0.0011275999999999
BCD/BTC,1572882209644,2019-11-04T15:43:29.644Z,sell,5.638e-05,4.0,0.00022552
BCD/BTC,1572882285749,2019-11-04T15:44:45.749Z,buy,5.658e-05,45.0,0.0025461
BCD/BTC,1572882294906,2019-11-04T15:44:54.906Z,sell,5.641e-05,44.0,0.00248204
BCD/BTC,1572882298373,2019-11-04T15:44:58.373Z,sell,5.641e-05,8.0,0.00045128
BCD/BTC,1572882309375,2019-11-04T15:45:09.375Z,sell,5.643e-05,53.0,0.00299079
BCD/BTC,1572882392119,2019-11-04T15:46:32.119Z,buy,5.658e-05,109.0,0.0061672199999999
BCD/BTC,1572882392142,2019-11-04T15:46:32.142Z,buy,5.658e-05,29.0,0.0016408199999999
BCD/BTC,1572882392142,2019-11-04T15:46:32.142Z,buy,5.659e-05,151.0,0.00854509
BCD/BTC,1572882392152,2019-11-04T15:46:32.152Z,buy,5.659e-05,68.0,0.00384812
BCD/BTC,1572882392152,2019-11-04T15:46:32.152Z,buy,5.66e-05,97.0,0.0054902
BCD/BTC,1572882392152,2019-11-04T15:46:32.152Z,buy,5.661e-05,199.0,0.01126539
BCD/BTC,1572882392261,2019-11-04T15:46:32.261Z,buy,5.661e-05,117.0,0.00662337
BCD/BTC,1572882393149,2019-11-04T15:46:33.149Z,buy,5.659e-05,73.0,0.00413107
BCD/BTC,1572882394245,2019-11-04T15:46:34.245Z,buy,5.659e-05,73.0,0.00413107
BCD/BTC,1572882394245,2019-11-04T15:46:34.245Z,buy,5.661e-05,36.0,0.00203796
BCD/BTC,1572882395327,2019-11-04T15:46:35.327Z,buy,5.661e-05,62.0,0.00350982
BCD/BTC,1572882396329,2019-11-04T15:46:36.329Z,buy,5.661e-05,44.0,0.00249084
BCD/BTC,1572882397306,2019-11-04T15:46:37.306Z,buy,5.661e-05,48.0,0.00271728
BCD/BTC,1572882398063,2019-11-04T15:46:38.063Z,buy,5.661e-05,30.0,0.0016983
BCD/BTC,1572882443692,2019-11-04T15:47:23.692Z,sell,5.65e-05,196.0,0.0110739999999999
BCD/BTC,1572882447392,2019-11-04T15:47:27.392Z,sell,5.652e-05,579.0,0.03272508
BCD/BTC,1572882652572,2019-11-04T15:50:52.572Z,buy,5.661e-05,64.0,0.00362304
BCD/BTC,1572882654351,2019-11-04T15:50:54.351Z,buy,5.661e-05,40.0,0.0022644
BCD/BTC,1572882654958,2019-11-04T15:50:54.958Z,sell,5.653e-05,302.0,0.01707206
BCD/BTC,1572882655382,2019-11-04T15:50:55.382Z,buy,5.661e-05,61.0,0.00345321
BCD/BTC,1572882656502,2019-11-04T15:50:56.502Z,buy,5.66e-05,74.0,0.0041884
BCD/BTC,1572882658274,2019-11-04T15:50:58.274Z,buy,5.66e-05,23.0,0.0013018
BCD/BTC,1572882658274,2019-11-04T15:50:58.274Z,buy,5.661e-05,25.0,0.00141525
BCD/BTC,1572882658457,2019-11-04T15:50:58.457Z,buy,5.659e-05,31.0,0.00175429
BCD/BTC,1572882660171,2019-11-04T15:51:00.171Z,buy,5.659e-05,30.0,0.0016977
BCD/BTC,1572882660372,2019-11-04T15:51:00.372Z,buy,5.658e-05,73.0,0.00413034
BCD/BTC,1572882661401,2019-11-04T15:51:01.401Z,buy,5.658e-05,30.0,0.0016974
BCD/BTC,1572882754381,2019-11-04T15:52:34.381Z,buy,5.658e-05,11.0,0.00062238
BCD/BTC,1572882754550,2019-11-04T15:52:34.550Z,buy,5.658e-05,8.0,0.00045264
BCD/BTC,1572882754550,2019-11-04T15:52:34.550Z,buy,5.662e-05,1.0,5.662e-05
BCD/BTC,1572882788548,2019-11-04T15:53:08.548Z,sell,5.639e-05,10.0,0.0005639
BCD/BTC,1572882788548,2019-11-04T15:53:08.548Z,sell,5.639e-05,10.0,0.0005639
BCD/BTC,1572883196786,2019-11-04T15:59:56.786Z,buy,5.665e-05,5.0,0.00028325
BCD/BTC,1572883299019,2019-11-04T16:01:39.019Z,buy,5.67e-05,3.0,0.0001701
BCD/BTC,1572883363580,2019-11-04T16:02:43.580Z,sell,5.642e-05,236.0,0.01331512
BCD/BTC,1572883363580,2019-11-04T16:02:43.580Z,sell,5.641e-05,344.0,0.01940504
BCD/BTC,1572883363580,2019-11-04T16:02:43.580Z,sell,5.64e-05,236.0,0.0133104
BCD/BTC,1572883363608,2019-11-04T16:02:43.608Z,buy,5.64e-05,2002.0,0.1129128
BCD/BTC,1572883363611,2019-11-04T16:02:43.611Z,buy,5.64e-05,26.0,0.0014664
BCD/BTC,1572883363616,2019-11-04T16:02:43.616Z,buy,5.64e-05,567.0,0.0319788
BCD/BTC,1572883366497,2019-11-04T16:02:46.497Z,sell,5.65e-05,48.0,0.002712
BCD/BTC,1572883371541,2019-11-04T16:02:51.541Z,sell,5.65e-05,1685.0,0.0952025
BCD/BTC,1572883428575,2019-11-04T16:03:48.575Z,sell,5.631e-05,76.0,0.00427956
BCD/BTC,1572883429028,2019-11-04T16:03:49.028Z,buy,5.63e-05,2061.0,0.1160342999999999
BCD/BTC,1572883436377,2019-11-04T16:03:56.377Z,buy,5.63e-05,250.0,0.014075
BCD/BTC,1572883436542,2019-11-04T16:03:56.542Z,buy,5.63e-05,130.0,0.007319
BCD/BTC,1572883441799,2019-11-04T16:04:01.799Z,buy,5.63e-05,336.0,0.0189168
BCD/BTC,1572883454442,2019-11-04T16:04:14.442Z,buy,5.63e-05,113.0,0.0063619
BCD/BTC,1572883455058,2019-11-04T16:04:15.058Z,buy,5.63e-05,9.0,0.0005067
BCD/BTC,1572883455213,2019-11-04T16:04:15.213Z,buy,5.63e-05,31.0,0.0017453
BCD/BTC,1572883456719,2019-11-04T16:04:16.719Z,buy,5.63e-05,9.0,0.0005067
BCD/BTC,1572883459792,2019-11-04T16:04:19.792Z,buy,5.63e-05,9.0,0.0005067
BCD/BTC,1572883460351,2019-11-04T16:04:20.351Z,sell,5.612e-05,78.0,0.00437736
BCD/BTC,1572883460351,2019-11-04T16:04:20.351Z,sell,5.611e-05,661.0,0.03708871
BCD/BTC,1572883460351,2019-11-04T16:04:20.351Z,sell,5.61e-05,177.0,0.0099297
BCD/BTC,1572883460351,2019-11-04T16:04:20.351Z,sell,5.603e-05,3.0,0.00016809
BCD/BTC,1572883460368,2019-11-04T16:04:20.368Z,buy,5.6e-05,1378.0,0.077168
BCD/BTC,1572883460372,2019-11-04T16:04:20.372Z,buy,5.6e-05,192.0,0.010752
BCD/BTC,1572883460442,2019-11-04T16:04:20.442Z,buy,5.6e-05,114.0,0.006384
BCD/BTC,1572883460444,2019-11-04T16:04:20.444Z,buy,5.6e-05,33.0,0.001848
BCD/BTC,1572883460453,2019-11-04T16:04:20.453Z,buy,5.6e-05,2468.0,0.138208
BCD/BTC,1572883460530,2019-11-04T16:04:20.530Z,buy,5.6e-05,115.0,0.0064399999999999
BCD/BTC,1572883460541,2019-11-04T16:04:20.541Z,buy,5.6e-05,476.0,0.026656
BCD/BTC,1572883467113,2019-11-04T16:04:27.113Z,buy,5.63e-05,8.0,0.0004504
BCD/BTC,1572883467113,2019-11-04T16:04:27.113Z,buy,5.638e-05,3.0,0.00016914
BCD/BTC,1572883467113,2019-11-04T16:04:27.113Z,buy,5.655e-05,177.0,0.01000935
BCD/BTC,1572883471501,2019-11-04T16:04:31.501Z,buy,5.662e-05,140.0,0.0079268
BCD/BTC,1572883477303,2019-11-04T16:04:37.303Z,buy,5.662e-05,46.0,0.00260452
BCD/BTC,1572883477303,2019-11-04T16:04:37.303Z,buy,5.665e-05,5.0,0.00028325
BCD/BTC,1572883477303,2019-11-04T16:04:37.303Z,buy,5.667e-05,177.0,0.0100305899999999
BCD/BTC,1572883477303,2019-11-04T16:04:37.303Z,buy,5.668e-05,91.0,0.00515788
BCD/BTC,1572883477303,2019-11-04T16:04:37.303Z,buy,5.67e-05,2.0,0.0001134
BCD/BTC,1572883477303,2019-11-04T16:04:37.303Z,buy,5.672e-05,179.0,0.01015288
BCD/BTC,1572883487739,2019-11-04T16:04:47.739Z,buy,5.661e-05,9.0,0.00050949
BCD/BTC,1572883491968,2019-11-04T16:04:51.968Z,buy,5.661e-05,112.0,0.00634032
BCD/BTC,1572883491968,2019-11-04T16:04:51.968Z,buy,5.662e-05,177.0,0.01002174
BCD/BTC,1572883491968,2019-11-04T16:04:51.968Z,buy,5.672e-05,68.0,0.00385696
BCD/BTC,1572883491968,2019-11-04T16:04:51.968Z,buy,5.673e-05,28.0,0.00158844
BCD/BTC,1572883491968,2019-11-04T16:04:51.968Z,buy,5.679e-05,13.0,0.00073827
BCD/BTC,1572883491968,2019-11-04T16:04:51.968Z,buy,5.683e-05,2.0,0.00011366
BCD/BTC,1572883491968,2019-11-04T16:04:51.968Z,buy,5.684e-05,100.0,0.005684
BCD/BTC,1572883499667,2019-11-04T16:04:59.667Z,sell,5.643e-05,112.0,0.00632016
BCD/BTC,1572883525139,2019-11-04T16:05:25.139Z,buy,5.671e-05,11.0,0.0006238099999999
BCD/BTC,1572883532554,2019-11-04T16:05:32.554Z,buy,5.669e-05,101.0,0.00572569
BCD/BTC,1572883532554,2019-11-04T16:05:32.554Z,buy,5.67e-05,459.0,0.0260253
BCD/BTC,1572883541015,2019-11-04T16:05:41.015Z,buy,5.677e-05,2.0,0.00011354
BCD/BTC,1572883541015,2019-11-04T16:05:41.015Z,buy,5.678e-05,112.0,0.00635936
BCD/BTC,1572883541015,2019-11-04T16:05:41.015Z,buy,5.68e-05,395.0,0.0224359999999999
BCD/BTC,1572883541039,2019-11-04T16:05:41.039Z,sell,5.68e-05,259.0,0.0147111999999999
BCD/BTC,1572883541044,2019-11-04T16:05:41.044Z,sell,5.68e-05,237.0,0.0134615999999999
BCD/BTC,1572883541050,2019-11-04T16:05:41.050Z,sell,5.68e-05,322.0,0.0182896
BCD/BTC,1572883541051,2019-11-04T16:05:41.051Z,sell,5.68e-05,94.0,0.0053392
BCD/BTC,1572883541064,2019-11-04T16:05:41.064Z,sell,5.68e-05,192.0,0.0109056
BCD/BTC,1572883541098,2019-11-04T16:05:41.098Z,sell,5.68e-05,112.0,0.0063616
BCD/BTC,1572883541140,2019-11-04T16:05:41.140Z,sell,5.68e-05,2273.0,0.1291063999999999
BCD/BTC,1572883541153,2019-11-04T16:05:41.153Z,sell,5.68e-05,33.0,0.0018744
BCD/BTC,1572883541163,2019-11-04T16:05:41.163Z,sell,5.68e-05,2718.0,0.1543824
BCD/BTC,1572883542286,2019-11-04T16:05:42.286Z,sell,5.651e-05,189.0,0.01068039
BCD/BTC,1572883542286,2019-11-04T16:05:42.286Z,sell,5.65e-05,61.0,0.0034465
BCD/BTC,1572883543912,2019-11-04T16:05:43.912Z,sell,5.644e-05,61.0,0.00344284
BCD/BTC,1572883555267,2019-11-04T16:05:55.267Z,sell,5.644e-05,275.0,0.015521
BCD/BTC,1572883557008,2019-11-04T16:05:57.008Z,sell,5.644e-05,17.0,0.00095948
BCD/BTC,1572883557008,2019-11-04T16:05:57.008Z,sell,5.643e-05,111.0,0.00626373
BCD/BTC,1572883570351,2019-11-04T16:06:10.351Z,sell,5.643e-05,72.0,0.00406296
BCD/BTC,1572883570351,2019-11-04T16:06:10.351Z,sell,5.64e-05,155.0,0.008742
BCD/BTC,1572883571343,2019-11-04T16:06:11.343Z,buy,5.645e-05,454.0,0.0256283
BCD/BTC,1572883614952,2019-11-04T16:06:54.952Z,sell,5.638e-05,3.0,0.00016914
BCD/BTC,1572883614952,2019-11-04T16:06:54.952Z,sell,5.633e-05,13.0,0.00073229
BCD/BTC,1572883614952,2019-11-04T16:06:54.952Z,sell,5.631e-05,5.0,0.00028155
BCD/BTC,1572883614952,2019-11-04T16:06:54.952Z,sell,5.62e-05,131.0,0.0073621999999999
BCD/BTC,1572883614952,2019-11-04T16:06:54.952Z,sell,5.619e-05,11.0,0.00061809
BCD/BTC,1572883614952,2019-11-04T16:06:54.952Z,sell,5.616e-05,57.0,0.00320112
BCD/BTC,1572883614952,2019-11-04T16:06:54.952Z,sell,5.611e-05,24.0,0.00134664
BCD/BTC,1572883614952,2019-11-04T16:06:54.952Z,sell,5.603e-05,664.0,0.03720392
BCD/BTC,1572883614952,2019-11-04T16:06:54.952Z,sell,5.602e-05,64.0,0.00358528
BCD/BTC,1572883614981,2019-11-04T16:06:54.981Z,buy,5.6e-05,192.0,0.010752
BCD/BTC,1572883614987,2019-11-04T16:06:54.987Z,buy,5.6e-05,151.0,0.008456
BCD/BTC,1572883614988,2019-11-04T16:06:54.988Z,buy,5.6e-05,175.0,0.0098
BCD/BTC,1572883614989,2019-11-04T16:06:54.989Z,buy,5.6e-05,151.0,0.008456
BCD/BTC,1572883614993,2019-11-04T16:06:54.993Z,buy,5.6e-05,141.0,0.007896
BCD/BTC,1572883614993,2019-11-04T16:06:54.993Z,buy,5.6e-05,64.0,0.003584
BCD/BTC,1572883615147,2019-11-04T16:06:55.147Z,buy,5.6e-05,600.0,0.0336
BCD/BTC,1572883615452,2019-11-04T16:06:55.452Z,buy,5.6e-05,280.0,0.01568
BCD/BTC,1572883615540,2019-11-04T16:06:55.540Z,buy,5.6e-05,3510.0,0.1965599999999999
BCD/BTC,1572883615586,2019-11-04T16:06:55.586Z,buy,5.6e-05,506.0,0.028336
BCD/BTC,1572883615950,2019-11-04T16:06:55.950Z,buy,5.644e-05,189.0,0.01066716
BCD/BTC,1572883615950,2019-11-04T16:06:55.950Z,buy,5.645e-05,33.0,0.00186285
BCD/BTC,1572883615950,2019-11-04T16:06:55.950Z,buy,5.664e-05,353.0,0.01999392
BCD/BTC,1572883615950,2019-11-04T16:06:55.950Z,buy,5.679e-05,114.0,0.0064740599999999
BCD/BTC,1572883615950,2019-11-04T16:06:55.950Z,buy,5.684e-05,170.0,0.0096628
BCD/BTC,1572883615950,2019-11-04T16:06:55.950Z,buy,5.685e-05,206.0,0.0117111
BCD/BTC,1572883615950,2019-11-04T16:06:55.950Z,buy,5.691e-05,20.0,0.0011382
BCD/BTC,1572883615962,2019-11-04T16:06:55.962Z,sell,5.611e-05,26.0,0.00145886
BCD/BTC,1572883616066,2019-11-04T16:06:56.066Z,sell,5.612e-05,175.0,0.009821
BCD/BTC,1572883616656,2019-11-04T16:06:56.656Z,buy,5.638e-05,3.0,0.00016914
BCD/BTC,1572883616656,2019-11-04T16:06:56.656Z,buy,5.645e-05,24.0,0.0013548
BCD/BTC,1572883616703,2019-11-04T16:06:56.703Z,sell,5.651e-05,193.0,0.01090643
BCD/BTC,1572883628400,2019-11-04T16:07:08.400Z,buy,5.666e-05,78.0,0.00441948
BCD/BTC,1572883630428,2019-11-04T16:07:10.428Z,buy,5.666e-05,144.0,0.00815904
BCD/BTC,1572883632020,2019-11-04T16:07:12.020Z,buy,5.665e-05,61.0,0.00345565
BCD/BTC,1572883632020,2019-11-04T16:07:12.020Z,buy,5.673e-05,3.0,0.00017019
BCD/BTC,1572883632020,2019-11-04T16:07:12.020Z,buy,5.679e-05,13.0,0.00073827
BCD/BTC,1572883632020,2019-11-04T16:07:12.020Z,buy,5.689e-05,54.0,0.00307206
BCD/BTC,1572883645996,2019-11-04T16:07:25.996Z,buy,5.665e-05,5.0,0.00028325
BCD/BTC,1572883645996,2019-11-04T16:07:25.996Z,buy,5.688e-05,140.0,0.0079632
BCD/BTC,1572883694265,2019-11-04T16:08:14.265Z,buy,5.643e-05,145.0,0.00818235
BCD/BTC,1572883726412,2019-11-04T16:08:46.412Z,sell,5.638e-05,3.0,0.00016914
BCD/BTC,1572883755356,2019-11-04T16:09:15.356Z,buy,5.635e-05,192.0,0.0108192
BCD/BTC,1572883802322,2019-11-04T16:10:02.322Z,buy,5.635e-05,3.0,0.00016905
BCD/BTC,1572883893326,2019-11-04T16:11:33.326Z,sell,5.633e-05,13.0,0.00073229
BCD/BTC,1572884016005,2019-11-04T16:13:36.005Z,sell,5.631e-05,5.0,0.00028155
BCD/BTC,1572884401988,2019-11-04T16:20:01.988Z,buy,5.619e-05,347.0,0.01949793
BCD/BTC,1572884466347,2019-11-04T16:21:06.347Z,buy,5.619e-05,25.0,0.00140475
BCD/BTC,1572884590375,2019-11-04T16:23:10.375Z,buy,5.613e-05,2.0,0.00011226
BCD/BTC,1572884860575,2019-11-04T16:27:40.575Z,buy,5.608e-05,39.0,0.00218712
BCD/BTC,1572884860588,2019-11-04T16:27:40.588Z,buy,5.608e-05,4.0,0.00022432
BCD/BTC,1572884868308,2019-11-04T16:27:48.308Z,buy,5.608e-05,3.0,0.00016824
BCD/BTC,1572884868308,2019-11-04T16:27:48.308Z,buy,5.61e-05,280.0,0.015708
BCD/BTC,1572884888867,2019-11-04T16:28:08.867Z,sell,5.603e-05,3.0,0.00016809
BCD/BTC,1572884888867,2019-11-04T16:28:08.867Z,sell,5.601e-05,71.0,0.00397671
BCD/BTC,1572884888867,2019-11-04T16:28:08.867Z,sell,5.597e-05,333.0,0.01863801
BCD/BTC,1572884888867,2019-11-04T16:28:08.867Z,sell,5.591e-05,114.0,0.00637374
BCD/BTC,1572884902880,2019-11-04T16:28:22.880Z,buy,5.61e-05,3.0,0.0001683
BCD/BTC,1572884902880,2019-11-04T16:28:22.880Z,buy,5.612e-05,114.0,0.0063976799999999
BCD/BTC,1572884902880,2019-11-04T16:28:22.880Z,buy,5.613e-05,373.0,0.02093649
BCD/BTC,1572885205019,2019-11-04T16:33:25.019Z,buy,5.613e-05,3.0,0.00016839
BCD/BTC,1572885205019,2019-11-04T16:33:25.019Z,buy,5.616e-05,503.0,0.02824848
BCD/BTC,1572885205019,2019-11-04T16:33:25.019Z,buy,5.627e-05,104.0,0.00585208
BCD/BTC,1572885205211,2019-11-04T16:33:25.211Z,buy,5.626e-05,113.0,0.00635738
BCD/BTC,1572885451692,2019-11-04T16:37:31.692Z,buy,5.627e-05,19.0,0.00106913
BCD/BTC,1572885818813,2019-11-04T16:43:38.813Z,buy,5.627e-05,9.0,0.00050643
BCD/BTC,1572885923010,2019-11-04T16:45:23.010Z,sell,5.614e-05,324.0,0.01818936
BCD/BTC,1572886013658,2019-11-04T16:46:53.658Z,buy,5.625e-05,57.0,0.00320625
BCD/BTC,1572886013840,2019-11-04T16:46:53.840Z,buy,5.625e-05,30.0,0.0016875
BCD/BTC,1572886014825,2019-11-04T16:46:54.825Z,buy,5.625e-05,9.0,0.00050625
BCD/BTC,1572886014978,2019-11-04T16:46:54.978Z,buy,5.625e-05,11.0,0.0006187499999999
BCD/BTC,1572886014989,2019-11-04T16:46:54.989Z,buy,5.625e-05,23.0,0.00129375
BCD/BTC,1572886014989,2019-11-04T16:46:54.989Z,buy,5.627e-05,7.0,0.00039389
BCD/BTC,1572886015385,2019-11-04T16:46:55.385Z,buy,5.631e-05,5.0,0.00028155
BCD/BTC,1572886015492,2019-11-04T16:46:55.492Z,sell,5.633e-05,25.0,0.00140825
BCD/BTC,1572886015492,2019-11-04T16:46:55.492Z,sell,5.633e-05,25.0,0.00140825
BCD/BTC,1572887666388,2019-11-04T17:14:26.388Z,buy,5.632e-05,673.0,0.03790336
BCD/BTC,1572887670645,2019-11-04T17:14:30.645Z,buy,5.632e-05,143.0,0.00805376
BCD/BTC,1572887673826,2019-11-04T17:14:33.826Z,buy,5.632e-05,286.0,0.01610752
BCD/BTC,1572887967071,2019-11-04T17:19:27.071Z,sell,5.621e-05,31.0,0.00174251
BCD/BTC,1572887983767,2019-11-04T17:19:43.767Z,sell,5.621e-05,22.0,0.00123662
BCD/BTC,1572888533481,2019-11-04T17:28:53.481Z,sell,5.621e-05,39.0,0.00219219
BCD/BTC,1572888603127,2019-11-04T17:30:03.127Z,buy,5.621e-05,21.0,0.00118041
BCD/BTC,1572888603127,2019-11-04T17:30:03.127Z,buy,5.637e-05,6.0,0.0003382199999999
BCD/BTC,1572888603127,2019-11-04T17:30:03.127Z,buy,5.621e-05,21.0,0.00118041
BCD/BTC,1572888603127,2019-11-04T17:30:03.127Z,buy,5.637e-05,6.0,0.0003382199999999
BCD/BTC,1572890082839,2019-11-04T17:54:42.839Z,sell,5.615e-05,356.0,0.0199894
BCD/BTC,1572890082839,2019-11-04T17:54:42.839Z,sell,5.614e-05,236.0,0.01324904
BCD/BTC,1572890083514,2019-11-04T17:54:43.514Z,buy,5.614e-05,278.0,0.01560692
BCD/BTC,1572890159443,2019-11-04T17:55:59.443Z,buy,5.614e-05,22.0,0.00123508
BCD/BTC,1572890159443,2019-11-04T17:55:59.443Z,buy,5.628e-05,334.0,0.01879752
BCD/BTC,1572890762992,2019-11-04T18:06:02.992Z,buy,5.629e-05,78.0,0.00439062
BCD/BTC,1572890875153,2019-11-04T18:07:55.153Z,buy,5.636e-05,22.0,0.00123992
BCD/BTC,1572890875153,2019-11-04T18:07:55.153Z,buy,5.637e-05,104.0,0.00586248
BCD/BTC,1572890875180,2019-11-04T18:07:55.180Z,buy,5.637e-05,103.0,0.00580611
BCD/BTC,1572890875444,2019-11-04T18:07:55.444Z,buy,5.637e-05,232.0,0.0130778399999999
BCD/BTC,1572890875444,2019-11-04T18:07:55.444Z,buy,5.638e-05,363.0,0.02046594
BCD/BTC,1572890875475,2019-11-04T18:07:55.475Z,sell,5.639e-05,125.0,0.00704875
BCD/BTC,1572890875637,2019-11-04T18:07:55.637Z,sell,5.644e-05,112.0,0.00632128
BCD/BTC,1572890882337,2019-11-04T18:08:02.337Z,sell,5.644e-05,347.0,0.01958468
BCD/BTC,1572890882391,2019-11-04T18:08:02.391Z,sell,5.644e-05,742.0,0.04187848
BCD/BTC,1572890891695,2019-11-04T18:08:11.695Z,buy,5.64e-05,14.0,0.0007896
BCD/BTC,1572890900583,2019-11-04T18:08:20.583Z,buy,5.641e-05,2.0,0.00011282
BCD/BTC,1572890900583,2019-11-04T18:08:20.583Z,buy,5.656e-05,38.0,0.00214928
BCD/BTC,1572890904058,2019-11-04T18:08:24.058Z,buy,5.654e-05,30.0,0.0016962
BCD/BTC,1572890920557,2019-11-04T18:08:40.557Z,buy,5.651e-05,12.0,0.0006781199999999
BCD/BTC,1572890924021,2019-11-04T18:08:44.021Z,buy,5.649e-05,18.0,0.00101682
BCD/BTC,1572890924021,2019-11-04T18:08:44.021Z,buy,5.65e-05,72.0,0.004068
BCD/BTC,1572890957447,2019-11-04T18:09:17.447Z,buy,5.65e-05,16.0,0.000904
BCD/BTC,1572890957590,2019-11-04T18:09:17.590Z,buy,5.65e-05,2.0,0.000113
BCD/BTC,1572890957590,2019-11-04T18:09:17.590Z,buy,5.657e-05,134.0,0.00758038
BCD/BTC,1572890957598,2019-11-04T18:09:17.598Z,buy,5.657e-05,74.0,0.00418618
BCD/BTC,1572891749544,2019-11-04T18:22:29.544Z,buy,5.657e-05,192.0,0.01086144
BCD/BTC,1572891750121,2019-11-04T18:22:30.121Z,buy,5.657e-05,10.0,0.0005657
BCD/BTC,1572891750121,2019-11-04T18:22:30.121Z,buy,5.657e-05,10.0,0.0005657
BCD/BTC,1572892606930,2019-11-04T18:36:46.930Z,sell,5.622e-05,30.0,0.0016866
BCD/BTC,1572892866180,2019-11-04T18:41:06.180Z,buy,5.656e-05,462.0,0.02613072
BCD/BTC,1572892899374,2019-11-04T18:41:39.374Z,buy,5.656e-05,413.0,0.02335928
BCD/BTC,1572893037471,2019-11-04T18:43:57.471Z,buy,5.656e-05,15.0,0.0008484
BCD/BTC,1572893037471,2019-11-04T18:43:57.471Z,buy,5.657e-05,219.0,0.01238883
BCD/BTC,1572893144762,2019-11-04T18:45:44.762Z,buy,5.65e-05,433.0,0.0244645
BCD/BTC,1572893355743,2019-11-04T18:49:15.743Z,buy,5.657e-05,245.0,0.01385965
BCD/BTC,1572893437731,2019-11-04T18:50:37.731Z,buy,5.657e-05,1215.0,0.06873255
BCD/BTC,1572894673530,2019-11-04T19:11:13.530Z,buy,5.657e-05,216.0,0.01221912
BCD/BTC,1572894677700,2019-11-04T19:11:17.700Z,buy,5.657e-05,89.0,0.00503473
BCD/BTC,1572894691168,2019-11-04T19:11:31.168Z,buy,5.657e-05,89.0,0.00503473
BCD/BTC,1572894701093,2019-11-04T19:11:41.093Z,buy,5.657e-05,103.0,0.00582671
BCD/BTC,1572894701093,2019-11-04T19:11:41.093Z,buy,5.657e-05,103.0,0.00582671
BCD/BTC,1572895978610,2019-11-04T19:32:58.610Z,buy,5.657e-05,99.0,0.00560043
BCD/BTC,1572896267919,2019-11-04T19:37:47.919Z,sell,5.629e-05,31.0,0.0017449899999999
BCD/BTC,1572896268037,2019-11-04T19:37:48.037Z,sell,5.629e-05,21.0,0.00118209
BCD/BTC,1572896269288,2019-11-04T19:37:49.288Z,sell,5.629e-05,15.0,0.00084435
BCD/BTC,1572896270188,2019-11-04T19:37:50.188Z,sell,5.629e-05,15.0,0.00084435
BCD/BTC,1572897679889,2019-11-04T20:01:19.889Z,sell,5.629e-05,26.0,0.00146354
BCD/BTC,1572897681300,2019-11-04T20:01:21.300Z,buy,5.629e-05,37.0,0.00208273
BCD/BTC,1572897681583,2019-11-04T20:01:21.583Z,buy,5.629e-05,16.0,0.00090064
BCD/BTC,1572897681897,2019-11-04T20:01:21.897Z,buy,5.629e-05,30.0,0.0016887
BCD/BTC,1572897694447,2019-11-04T20:01:34.447Z,buy,5.629e-05,194.0,0.01092026
BCD/BTC,1572897695902,2019-11-04T20:01:35.902Z,buy,5.629e-05,348.0,0.01958892
BCD/BTC,1572898055432,2019-11-04T20:07:35.432Z,buy,5.629e-05,35.0,0.00197015
BCD/BTC,1572898055433,2019-11-04T20:07:35.433Z,buy,5.629e-05,30.0,0.0016887
BCD/BTC,1572898055438,2019-11-04T20:07:35.438Z,buy,5.629e-05,35.0,0.00197015
BCD/BTC,1572898055493,2019-11-04T20:07:35.493Z,buy,5.629e-05,9.0,0.00050661
BCD/BTC,1572898055527,2019-11-04T20:07:35.527Z,buy,5.629e-05,10.0,0.0005629
BCD/BTC,1572898055782,2019-11-04T20:07:35.782Z,buy,5.629e-05,9.0,0.00050661
BCD/BTC,1572898055867,2019-11-04T20:07:35.867Z,buy,5.629e-05,30.0,0.0016887
BCD/BTC,1572898055867,2019-11-04T20:07:35.867Z,buy,5.629e-05,30.0,0.0016887
BCD/BTC,1572898678062,2019-11-04T20:17:58.062Z,buy,5.629e-05,52.0,0.00292708
BCD/BTC,1572898684136,2019-11-04T20:18:04.136Z,sell,5.629e-05,361.0,0.02032069
BCD/BTC,1572898691660,2019-11-04T20:18:11.660Z,sell,5.63e-05,354.0,0.0199302
BCD/BTC,1572898691660,2019-11-04T20:18:11.660Z,sell,5.629e-05,112.0,0.0063044799999999
BCD/BTC,1572898729058,2019-11-04T20:18:49.058Z,sell,5.629e-05,7.0,0.0003940299999999
BCD/BTC,1572898729058,2019-11-04T20:18:49.058Z,sell,5.616e-05,218.0,0.01224288
BCD/BTC,1572898734931,2019-11-04T20:18:54.931Z,sell,5.618e-05,225.0,0.0126405
BCD/BTC,1572898734931,2019-11-04T20:18:54.931Z,sell,5.617e-05,338.0,0.01898546
BCD/BTC,1572898748326,2019-11-04T20:19:08.326Z,sell,5.618e-05,78.0,0.00438204
BCD/BTC,1572898754237,2019-11-04T20:19:14.237Z,sell,5.616e-05,52.0,0.0029203199999999
BCD/BTC,1572898754237,2019-11-04T20:19:14.237Z,sell,5.615e-05,186.0,0.0104439
BCD/BTC,1572898760529,2019-11-04T20:19:20.529Z,sell,5.616e-05,30.0,0.0016848
BCD/BTC,1572898761514,2019-11-04T20:19:21.514Z,sell,5.615e-05,1.0,5.615e-05
BCD/BTC,1572898770659,2019-11-04T20:19:30.659Z,sell,5.603e-05,3.0,0.00016809
BCD/BTC,1572898770659,2019-11-04T20:19:30.659Z,sell,5.597e-05,5.0,0.00027985
BCD/BTC,1572898770659,2019-11-04T20:19:30.659Z,sell,5.593e-05,160.0,0.0089488
BCD/BTC,1572898770659,2019-11-04T20:19:30.659Z,sell,5.592e-05,113.0,0.00631896
BCD/BTC,1572898777652,2019-11-04T20:19:37.652Z,sell,5.593e-05,3.0,0.00016779
BCD/BTC,1572898788182,2019-11-04T20:19:48.182Z,sell,5.586e-05,13.0,0.00072618
BCD/BTC,1572898793583,2019-11-04T20:19:53.583Z,sell,5.581e-05,13.0,0.00072553
BCD/BTC,1572898793626,2019-11-04T20:19:53.626Z,sell,5.581e-05,28.0,0.00156268
BCD/BTC,1572898820383,2019-11-04T20:20:20.383Z,sell,5.593e-05,2.0,0.00011186
BCD/BTC,1572898820383,2019-11-04T20:20:20.383Z,sell,5.581e-05,8.0,0.00044648
BCD/BTC,1572898820383,2019-11-04T20:20:20.383Z,sell,5.577e-05,877.0,0.04891029
BCD/BTC,1572898887884,2019-11-04T20:21:27.884Z,sell,5.578e-05,71.0,0.0039603799999999
BCD/BTC,1572898887884,2019-11-04T20:21:27.884Z,sell,5.577e-05,368.0,0.02052336
BCD/BTC,1572898887884,2019-11-04T20:21:27.884Z,sell,5.569e-05,3.0,0.0001670699999999
BCD/BTC,1572898887884,2019-11-04T20:21:27.884Z,sell,5.564e-05,278.0,0.01546792
BCD/BTC,1572898887884,2019-11-04T20:21:27.884Z,sell,5.563e-05,68.0,0.00378284
BCD/BTC,1572898887884,2019-11-04T20:21:27.884Z,sell,5.561e-05,92.0,0.00511612
BCD/BTC,1572898903984,2019-11-04T20:21:43.984Z,sell,5.561e-05,20.0,0.0011122
BCD/BTC,1572898921061,2019-11-04T20:22:01.061Z,buy,5.583e-05,2.0,0.00011166
BCD/BTC,1572898929744,2019-11-04T20:22:09.744Z,sell,5.561e-05,800.0,0.044488
BCD/BTC,1572898938426,2019-11-04T20:22:18.426Z,sell,5.561e-05,82.0,0.00456002
BCD/BTC,1572898954834,2019-11-04T20:22:34.834Z,sell,5.561e-05,1759.0,0.09781799
BCD/BTC,1572898968330,2019-11-04T20:22:48.330Z,sell,5.561e-05,3748.0,0.20842628
BCD/BTC,1572898998365,2019-11-04T20:23:18.365Z,sell,5.555e-05,285.0,0.01583175
BCD/BTC,1572898998365,2019-11-04T20:23:18.365Z,sell,5.554e-05,13.0,0.00072202
BCD/BTC,1572898998365,2019-11-04T20:23:18.365Z,sell,5.55e-05,529.0,0.0293595
BCD/BTC,1572899011731,2019-11-04T20:23:31.731Z,sell,5.55e-05,13.0,0.0007215
BCD/BTC,1572899011748,2019-11-04T20:23:31.748Z,sell,5.542e-05,25.0,0.0013855
BCD/BTC,1572899019890,2019-11-04T20:23:39.890Z,sell,5.539e-05,13.0,0.00072007
BCD/BTC,1572899019890,2019-11-04T20:23:39.890Z,sell,5.534e-05,3.0,0.00016602
BCD/BTC,1572899019890,2019-11-04T20:23:39.890Z,sell,5.529e-05,5.0,0.00027645
BCD/BTC,1572899019890,2019-11-04T20:23:39.890Z,sell,5.518e-05,3.0,0.00016554
BCD/BTC,1572899019890,2019-11-04T20:23:39.890Z,sell,5.517e-05,21.0,0.00115857
BCD/BTC,1572899019890,2019-11-04T20:23:39.890Z,sell,5.515e-05,6.0,0.0003308999999999
BCD/BTC,1572899019890,2019-11-04T20:23:39.890Z,sell,5.501e-05,19.0,0.0010451899999999
BCD/BTC,1572899019890,2019-11-04T20:23:39.890Z,sell,5.5e-05,9.0,0.000495
BCD/BTC,1572899020633,2019-11-04T20:23:40.633Z,buy,5.512e-05,9.0,0.00049608
BCD/BTC,1572899021050,2019-11-04T20:23:41.050Z,buy,5.512e-05,90.0,0.0049608
BCD/BTC,1572899021554,2019-11-04T20:23:41.554Z,buy,5.512e-05,778.0,0.04288336
BCD/BTC,1572899021554,2019-11-04T20:23:41.554Z,buy,5.551e-05,240.0,0.0133224
BCD/BTC,1572899021554,2019-11-04T20:23:41.554Z,buy,5.552e-05,91.0,0.00505232
BCD/BTC,1572899021554,2019-11-04T20:23:41.554Z,buy,5.559e-05,180.0,0.0100062
BCD/BTC,1572899021554,2019-11-04T20:23:41.554Z,buy,5.56e-05,155.0,0.008618
BCD/BTC,1572899021999,2019-11-04T20:23:41.999Z,buy,5.56e-05,18.0,0.0010008
BCD/BTC,1572899022821,2019-11-04T20:23:42.821Z,sell,5.502e-05,80.0,0.0044016
BCD/BTC,1572899022821,2019-11-04T20:23:42.821Z,sell,5.501e-05,514.0,0.0282751399999999
BCD/BTC,1572899022821,2019-11-04T20:23:42.821Z,sell,5.5e-05,108.0,0.00594
BCD/BTC,1572899024101,2019-11-04T20:23:44.101Z,buy,5.557e-05,3.0,0.0001667099999999
BCD/BTC,1572899027763,2019-11-04T20:23:47.763Z,buy,5.554e-05,19.0,0.00105526
BCD/BTC,1572899062016,2019-11-04T20:24:22.016Z,buy,5.548e-05,25.0,0.001387
BCD/BTC,1572899067583,2019-11-04T20:24:27.583Z,buy,5.547e-05,25.0,0.00138675
BCD/BTC,1572899068603,2019-11-04T20:24:28.603Z,buy,5.546e-05,25.0,0.0013865
BCD/BTC,1572899069525,2019-11-04T20:24:29.525Z,buy,5.547e-05,25.0,0.00138675
BCD/BTC,1572899070453,2019-11-04T20:24:30.453Z,buy,5.546e-05,25.0,0.0013865
BCD/BTC,1572899070962,2019-11-04T20:24:30.962Z,buy,5.514e-05,75.0,0.0041354999999999
BCD/BTC,1572899070963,2019-11-04T20:24:30.963Z,buy,5.514e-05,75.0,0.0041354999999999
BCD/BTC,1572899071060,2019-11-04T20:24:31.060Z,buy,5.514e-05,76.0,0.00419064
BCD/BTC,1572899071217,2019-11-04T20:24:31.217Z,buy,5.514e-05,6.0,0.00033084
BCD/BTC,1572899071479,2019-11-04T20:24:31.479Z,buy,5.514e-05,25.0,0.0013785
BCD/BTC,1572899073231,2019-11-04T20:24:33.231Z,buy,5.514e-05,25.0,0.0013785
BCD/BTC,1572899078880,2019-11-04T20:24:38.880Z,sell,5.509e-05,86.0,0.00473774
BCD/BTC,1572899078944,2019-11-04T20:24:38.944Z,buy,5.514e-05,1.0,5.514e-05
BCD/BTC,1572899079105,2019-11-04T20:24:39.105Z,sell,5.514e-05,22.0,0.0012130799999999
BCD/BTC,1572899079105,2019-11-04T20:24:39.105Z,sell,5.509e-05,89.0,0.00490301
BCD/BTC,1572899084652,2019-11-04T20:24:44.652Z,buy,5.545e-05,161.0,0.00892745
BCD/BTC,1572899085124,2019-11-04T20:24:45.124Z,buy,5.514e-05,49.0,0.00270186
BCD/BTC,1572899090126,2019-11-04T20:24:50.126Z,buy,5.545e-05,25.0,0.00138625
BCD/BTC,1572899091148,2019-11-04T20:24:51.148Z,buy,5.544e-05,25.0,0.0013859999999999
BCD/BTC,1572899092345,2019-11-04T20:24:52.345Z,buy,5.544e-05,25.0,0.0013859999999999
BCD/BTC,1572899093396,2019-11-04T20:24:53.396Z,buy,5.544e-05,25.0,0.0013859999999999
BCD/BTC,1572899094283,2019-11-04T20:24:54.283Z,buy,5.544e-05,25.0,0.0013859999999999
BCD/BTC,1572899095224,2019-11-04T20:24:55.224Z,buy,5.544e-05,25.0,0.0013859999999999
BCD/BTC,1572899096195,2019-11-04T20:24:56.195Z,buy,5.544e-05,25.0,0.0013859999999999
BCD/BTC,1572899097101,2019-11-04T20:24:57.101Z,buy,5.544e-05,25.0,0.0013859999999999
BCD/BTC,1572899097443,2019-11-04T20:24:57.443Z,buy,5.544e-05,287.0,0.01591128
BCD/BTC,1572899097443,2019-11-04T20:24:57.443Z,buy,5.546e-05,391.0,0.02168486
BCD/BTC,1572899097443,2019-11-04T20:24:57.443Z,buy,5.547e-05,402.0,0.02229894
BCD/BTC,1572899097443,2019-11-04T20:24:57.443Z,buy,5.549e-05,178.0,0.0098772199999999
BCD/BTC,1572899114564,2019-11-04T20:25:14.564Z,buy,5.559e-05,71.0,0.00394689
BCD/BTC,1572899194822,2019-11-04T20:26:34.822Z,sell,5.523e-05,361.0,0.01993803
BCD/BTC,1572899195085,2019-11-04T20:26:35.085Z,buy,5.522e-05,178.0,0.00982916
BCD/BTC,1572899195375,2019-11-04T20:26:35.375Z,buy,5.522e-05,27.0,0.00149094
BCD/BTC,1572899195427,2019-11-04T20:26:35.427Z,buy,5.522e-05,27.0,0.00149094
BCD/BTC,1572899197457,2019-11-04T20:26:37.457Z,buy,5.522e-05,25.0,0.0013805
BCD/BTC,1572899198020,2019-11-04T20:26:38.020Z,buy,5.522e-05,1157.0,0.06388954
BCD/BTC,1572899198450,2019-11-04T20:26:38.450Z,buy,5.557e-05,25.0,0.0013892499999999
BCD/BTC,1572899498083,2019-11-04T20:31:38.083Z,buy,5.558e-05,71.0,0.00394618
BCD/BTC,1572899580477,2019-11-04T20:33:00.477Z,sell,5.525e-05,53.0,0.00292825
BCD/BTC,1572899583624,2019-11-04T20:33:03.624Z,buy,5.555e-05,105.0,0.00583275
BCD/BTC,1572899648910,2019-11-04T20:34:08.910Z,sell,5.521e-05,9.0,0.00049689
BCD/BTC,1572899675810,2019-11-04T20:34:35.810Z,sell,5.52e-05,35.0,0.001932
BCD/BTC,1572899678573,2019-11-04T20:34:38.573Z,buy,5.52e-05,682.0,0.0376464
BCD/BTC,1572900157508,2019-11-04T20:42:37.508Z,sell,5.52e-05,2.0,0.0001104
BCD/BTC,1572900158985,2019-11-04T20:42:38.985Z,buy,5.502e-05,227.0,0.01248954
BCD/BTC,1572900160382,2019-11-04T20:42:40.382Z,buy,5.502e-05,25.0,0.0013755
BCD/BTC,1572900161597,2019-11-04T20:42:41.597Z,buy,5.502e-05,1235.0,0.0679497
BCD/BTC,1572900162051,2019-11-04T20:42:42.051Z,buy,5.534e-05,25.0,0.0013835
BCD/BTC,1572900375379,2019-11-04T20:46:15.379Z,buy,5.509e-05,35.0,0.00192815
BCD/BTC,1572900375683,2019-11-04T20:46:15.683Z,buy,5.509e-05,995.0,0.05481455
BCD/BTC,1572900408031,2019-11-04T20:46:48.031Z,buy,5.514e-05,25.0,0.0013785
BCD/BTC,1572900408964,2019-11-04T20:46:48.964Z,buy,5.514e-05,25.0,0.0013785
BCD/BTC,1572900409519,2019-11-04T20:46:49.519Z,buy,5.514e-05,141.0,0.00777474
BCD/BTC,1572900410351,2019-11-04T20:46:50.351Z,buy,5.536e-05,135.0,0.0074735999999999
BCD/BTC,1572900410351,2019-11-04T20:46:50.351Z,buy,5.537e-05,71.0,0.00393127
BCD/BTC,1572900410486,2019-11-04T20:46:50.486Z,buy,5.554e-05,25.0,0.0013885
BCD/BTC,1572900445284,2019-11-04T20:47:25.284Z,buy,5.559e-05,135.0,0.00750465
BCD/BTC,1572900445284,2019-11-04T20:47:25.284Z,buy,5.56e-05,44.0,0.0024464
BCD/BTC,1572900451779,2019-11-04T20:47:31.779Z,buy,5.512e-05,535.0,0.0294892
BCD/BTC,1572900613685,2019-11-04T20:50:13.685Z,buy,5.558e-05,238.0,0.01322804
BCD/BTC,1572900920078,2019-11-04T20:55:20.078Z,buy,5.538e-05,30.0,0.0016614
BCD/BTC,1572901028172,2019-11-04T20:57:08.172Z,buy,5.559e-05,204.0,0.01134036
BCD/BTC,1572901028172,2019-11-04T20:57:08.172Z,buy,5.56e-05,624.0,0.0346944
BCD/BTC,1572901040033,2019-11-04T20:57:20.033Z,buy,5.56e-05,1242.0,0.0690552
BCD/BTC,1572901055744,2019-11-04T20:57:35.744Z,buy,5.56e-05,198.0,0.0110088
BCD/BTC,1572901169672,2019-11-04T20:59:29.672Z,buy,5.538e-05,25.0,0.0013845
BCD/BTC,1572901206238,2019-11-04T21:00:06.238Z,buy,5.538e-05,236.0,0.01306968
BCD/BTC,1572901206814,2019-11-04T21:00:06.814Z,buy,5.538e-05,25.0,0.0013845
BCD/BTC,1572901207287,2019-11-04T21:00:07.287Z,buy,5.538e-05,81.0,0.00448578
BCD/BTC,1572901207808,2019-11-04T21:00:07.808Z,buy,5.563e-05,5.0,0.00027815
BCD/BTC,1572901207808,2019-11-04T21:00:07.808Z,buy,5.569e-05,3.0,0.0001670699999999
BCD/BTC,1572901207808,2019-11-04T21:00:07.808Z,buy,5.583e-05,17.0,0.00094911
BCD/BTC,1572901411139,2019-11-04T21:03:31.139Z,buy,5.579e-05,17.0,0.00094843
BCD/BTC,1572901420096,2019-11-04T21:03:40.096Z,sell,5.541e-05,10.0,0.0005541
BCD/BTC,1572901553415,2019-11-04T21:05:53.415Z,buy,5.541e-05,135.0,0.00748035
BCD/BTC,1572901567592,2019-11-04T21:06:07.592Z,buy,5.579e-05,64.0,0.00357056
BCD/BTC,1572901567592,2019-11-04T21:06:07.592Z,buy,5.58e-05,285.0,0.015903
BCD/BTC,1572901567592,2019-11-04T21:06:07.592Z,buy,5.586e-05,13.0,0.00072618
BCD/BTC,1572901567592,2019-11-04T21:06:07.592Z,buy,5.597e-05,5.0,0.00027985
BCD/BTC,1572901567592,2019-11-04T21:06:07.592Z,buy,5.602e-05,447.0,0.02504094
BCD/BTC,1572901567592,2019-11-04T21:06:07.592Z,buy,5.603e-05,3.0,0.00016809
BCD/BTC,1572901567592,2019-11-04T21:06:07.592Z,buy,5.631e-05,5.0,0.00028155
BCD/BTC,1572901567592,2019-11-04T21:06:07.592Z,buy,5.633e-05,1258.0,0.0708631399999999
BCD/BTC,1572901567592,2019-11-04T21:06:07.592Z,buy,5.635e-05,2.0,0.0001127
BCD/BTC,1572901567592,2019-11-04T21:06:07.592Z,buy,5.638e-05,3.0,0.00016914
BCD/BTC,1572901567592,2019-11-04T21:06:07.592Z,buy,5.643e-05,892.0,0.05033556
BCD/BTC,1572901567592,2019-11-04T21:06:07.592Z,buy,5.659e-05,19.0,0.00107521
BCD/BTC,1572901567592,2019-11-04T21:06:07.592Z,buy,5.66e-05,315.0,0.017829
BCD/BTC,1572901567592,2019-11-04T21:06:07.592Z,buy,5.665e-05,5.0,0.00028325
BCD/BTC,1572901567592,2019-11-04T21:06:07.592Z,buy,5.673e-05,37.0,0.00209901
BCD/BTC,1572901567592,2019-11-04T21:06:07.592Z,buy,5.678e-05,56.0,0.00317968
BCD/BTC,1572901568952,2019-11-04T21:06:08.952Z,sell,5.638e-05,3.0,0.00016914
BCD/BTC,1572901569159,2019-11-04T21:06:09.159Z,sell,5.603e-05,3.0,0.00016809
BCD/BTC,1572901570313,2019-11-04T21:06:10.313Z,sell,5.586e-05,12.0,0.00067032
BCD/BTC,1572901570776,2019-11-04T21:06:10.776Z,sell,5.586e-05,1.0,5.586e-05
BCD/BTC,1572901594789,2019-11-04T21:06:34.789Z,buy,5.58e-05,5.0,0.000279
BCD/BTC,1572901595230,2019-11-04T21:06:35.230Z,sell,5.573e-05,179.0,0.0099756699999999
BCD/BTC,1572901596188,2019-11-04T21:06:36.188Z,buy,5.58e-05,3.0,0.0001674
BCD/BTC,1572901596220,2019-11-04T21:06:36.220Z,sell,5.597e-05,2.0,0.00011194
BCD/BTC,1572901597881,2019-11-04T21:06:37.881Z,sell,5.577e-05,51.0,0.00284427
BCD/BTC,1572901598917,2019-11-04T21:06:38.917Z,sell,5.578e-05,56.0,0.0031236799999999
BCD/BTC,1572901599935,2019-11-04T21:06:39.935Z,sell,5.581e-05,19.0,0.00106039
BCD/BTC,1572901599935,2019-11-04T21:06:39.935Z,sell,5.58e-05,85.0,0.004743
BCD/BTC,1572901606842,2019-11-04T21:06:46.842Z,sell,5.58e-05,71.0,0.0039618
BCD/BTC,1572901607136,2019-11-04T21:06:47.136Z,sell,5.581e-05,64.0,0.00357184
BCD/BTC,1572901607136,2019-11-04T21:06:47.136Z,sell,5.58e-05,7.0,0.0003906
BCD/BTC,1572901607211,2019-11-04T21:06:47.211Z,sell,5.581e-05,26.0,0.00145106
BCD/BTC,1572901607302,2019-11-04T21:06:47.302Z,sell,5.581e-05,30.0,0.0016743
BCD/BTC,1572901607938,2019-11-04T21:06:47.938Z,sell,5.581e-05,30.0,0.0016743
BCD/BTC,1572901609363,2019-11-04T21:06:49.363Z,sell,5.583e-05,67.0,0.00374061
BCD/BTC,1572901609561,2019-11-04T21:06:49.561Z,sell,5.584e-05,20.0,0.0011168
BCD/BTC,1572901609561,2019-11-04T21:06:49.561Z,sell,5.583e-05,29.0,0.00161907
BCD/BTC,1572901609950,2019-11-04T21:06:49.950Z,sell,5.584e-05,31.0,0.00173104
BCD/BTC,1572901613338,2019-11-04T21:06:53.338Z,sell,5.579e-05,44.0,0.00245476
BCD/BTC,1572901613338,2019-11-04T21:06:53.338Z,sell,5.579e-05,44.0,0.00245476
BCD/BTC,1572901805285,2019-11-04T21:10:05.285Z,buy,5.586e-05,152.0,0.00849072
BCD/BTC,1572901805285,2019-11-04T21:10:05.285Z,buy,5.587e-05,116.0,0.00648092
BCD/BTC,1572902561765,2019-11-04T21:22:41.765Z,buy,5.587e-05,30.0,0.0016761
BCD/BTC,1572902896749,2019-11-04T21:28:16.749Z,sell,5.58e-05,157.0,0.0087606
BCD/BTC,1572903170049,2019-11-04T21:32:50.049Z,sell,5.581e-05,101.0,0.00563681
BCD/BTC,1572903379370,2019-11-04T21:36:19.370Z,sell,5.58e-05,70.0,0.003906
BCD/BTC,1572903713865,2019-11-04T21:41:53.865Z,sell,5.58e-05,7.0,0.0003906
BCD/BTC,1572903953869,2019-11-04T21:45:53.869Z,sell,5.58e-05,25.0,0.001395
BCD/BTC,1572903955053,2019-11-04T21:45:55.053Z,sell,5.58e-05,25.0,0.001395
BCD/BTC,1572904197585,2019-11-04T21:49:57.585Z,sell,5.58e-05,25.0,0.001395
BCD/BTC,1572904198132,2019-11-04T21:49:58.132Z,sell,5.58e-05,202.0,0.0112716
BCD/BTC,1572904198132,2019-11-04T21:49:58.132Z,sell,5.579e-05,347.0,0.01935913
BCD/BTC,1572904198161,2019-11-04T21:49:58.161Z,sell,5.579e-05,101.0,0.00563479
BCD/BTC,1572904198527,2019-11-04T21:49:58.527Z,sell,5.569e-05,3.0,0.0001670699999999
BCD/BTC,1572904198527,2019-11-04T21:49:58.527Z,sell,5.563e-05,5.0,0.00027815
BCD/BTC,1572904198527,2019-11-04T21:49:58.527Z,sell,5.54e-05,17.0,0.0009418
BCD/BTC,1572904205446,2019-11-04T21:50:05.446Z,buy,5.582e-05,57.0,0.0031817399999999
BCD/BTC,1572904240127,2019-11-04T21:50:40.127Z,buy,5.544e-05,123.0,0.00681912
BCD/BTC,1572904240127,2019-11-04T21:50:40.127Z,buy,5.544e-05,97.0,0.00537768
BCD/BTC,1572904258420,2019-11-04T21:50:58.420Z,buy,5.571e-05,42.0,0.00233982
BCD/BTC,1572904258420,2019-11-04T21:50:58.420Z,buy,5.595e-05,60.0,0.0033569999999999
BCD/BTC,1572904258420,2019-11-04T21:50:58.420Z,buy,5.571e-05,42.0,0.00233982
BCD/BTC,1572904258420,2019-11-04T21:50:58.420Z,buy,5.595e-05,60.0,0.0033569999999999
BCD/BTC,1572905770967,2019-11-04T22:16:10.967Z,buy,5.578e-05,680.0,0.0379303999999999
BCD/BTC,1572906856295,2019-11-04T22:34:16.295Z,buy,5.572e-05,55.0,0.0030646
BCD/BTC,1572906857080,2019-11-04T22:34:17.080Z,buy,5.573e-05,84.0,0.00468132
BCD/BTC,1572906857087,2019-11-04T22:34:17.087Z,buy,5.573e-05,7.0,0.00039011
BCD/BTC,1572906857102,2019-11-04T22:34:17.102Z,buy,5.578e-05,219.0,0.0122158199999999
BCD/BTC,1572906857330,2019-11-04T22:34:17.330Z,buy,5.578e-05,52.0,0.00290056
BCD/BTC,1572906863321,2019-11-04T22:34:23.321Z,buy,5.577e-05,120.0,0.0066924
BCD/BTC,1572906873298,2019-11-04T22:34:33.298Z,buy,5.577e-05,23.0,0.00128271
BCD/BTC,1572906873298,2019-11-04T22:34:33.298Z,buy,5.577e-05,23.0,0.00128271
BCD/BTC,1572908093883,2019-11-04T22:54:53.883Z,sell,5.552e-05,110.0,0.0061071999999999
BCD/BTC,1572908412036,2019-11-04T23:00:12.036Z,buy,5.569e-05,110.0,0.0061259
BCD/BTC,1572908441802,2019-11-04T23:00:41.802Z,buy,5.575e-05,311.0,0.01733825
BCD/BTC,1572908441802,2019-11-04T23:00:41.802Z,buy,5.576e-05,110.0,0.0061336
BCD/BTC,1572908441802,2019-11-04T23:00:41.802Z,buy,5.578e-05,579.0,0.03229662
BCD/BTC,1572908504767,2019-11-04T23:01:44.767Z,buy,5.575e-05,2.0,0.0001115
BCD/BTC,1572908504767,2019-11-04T23:01:44.767Z,buy,5.578e-05,876.0,0.0488632799999999
BCD/BTC,1572908544479,2019-11-04T23:02:24.479Z,sell,5.577e-05,33.0,0.00184041
BCD/BTC,1572908553333,2019-11-04T23:02:33.333Z,buy,5.577e-05,39.0,0.00217503
BCD/BTC,1572908557841,2019-11-04T23:02:37.841Z,buy,5.577e-05,36.0,0.00200772
BCD/BTC,1572908582622,2019-11-04T23:03:02.622Z,buy,5.577e-05,168.0,0.00936936
BCD/BTC,1572908582622,2019-11-04T23:03:02.622Z,buy,5.578e-05,127.0,0.00708406
BCD/BTC,1572908590346,2019-11-04T23:03:10.346Z,buy,5.578e-05,266.0,0.01483748
BCD/BTC,1572909352558,2019-11-04T23:15:52.558Z,sell,5.577e-05,304.0,0.01695408
BCD/BTC,1572910418158,2019-11-04T23:33:38.158Z,buy,5.577e-05,101.0,0.00563277
BCD/BTC,1572910418180,2019-11-04T23:33:38.180Z,buy,5.578e-05,25.0,0.0013945
BCD/BTC,1572910419102,2019-11-04T23:33:39.102Z,buy,5.577e-05,25.0,0.00139425
BCD/BTC,1572910420111,2019-11-04T23:33:40.111Z,buy,5.577e-05,25.0,0.00139425
BCD/BTC,1572910421024,2019-11-04T23:33:41.024Z,buy,5.577e-05,25.0,0.00139425
BCD/BTC,1572910422106,2019-11-04T23:33:42.106Z,buy,5.577e-05,25.0,0.00139425
BCD/BTC,1572910423143,2019-11-04T23:33:43.143Z,buy,5.577e-05,21.0,0.00117117
BCD/BTC,1572910423143,2019-11-04T23:33:43.143Z,buy,5.578e-05,4.0,0.00022312
BCD/BTC,1572910424308,2019-11-04T23:33:44.308Z,buy,5.577e-05,25.0,0.00139425
BCD/BTC,1572910424699,2019-11-04T23:33:44.699Z,buy,5.577e-05,53.0,0.00295581
BCD/BTC,1572910425250,2019-11-04T23:33:45.250Z,buy,5.578e-05,25.0,0.0013945
BCD/BTC,1572910426330,2019-11-04T23:33:46.330Z,buy,5.578e-05,25.0,0.0013945
BCD/BTC,1572910427255,2019-11-04T23:33:47.255Z,buy,5.578e-05,25.0,0.0013945
BCD/BTC,1572910428136,2019-11-04T23:33:48.136Z,buy,5.578e-05,25.0,0.0013945
BCD/BTC,1572910429236,2019-11-04T23:33:49.236Z,buy,5.578e-05,25.0,0.0013945
BCD/BTC,1572910430132,2019-11-04T23:33:50.132Z,buy,5.578e-05,25.0,0.0013945
BCD/BTC,1572910431074,2019-11-04T23:33:51.074Z,buy,5.578e-05,25.0,0.0013945
BCD/BTC,1572910431323,2019-11-04T23:33:51.323Z,buy,5.578e-05,366.0,0.02041548
BCD/BTC,1572910431969,2019-11-04T23:33:51.969Z,buy,5.578e-05,25.0,0.0013945
BCD/BTC,1572910433174,2019-11-04T23:33:53.174Z,buy,5.578e-05,25.0,0.0013945
BCD/BTC,1572910433174,2019-11-04T23:33:53.174Z,buy,5.578e-05,25.0,0.0013945
BCD/BTC,1572911003038,2019-11-04T23:43:23.038Z,buy,5.578e-05,113.0,0.00630314
BCD/BTC,1572911330283,2019-11-04T23:48:50.283Z,buy,5.565e-05,120.0,0.006678
BCD/BTC,1572911545143,2019-11-04T23:52:25.143Z,sell,5.565e-05,2.0,0.0001113
BCD/BTC,1572911672374,2019-11-04T23:54:32.374Z,sell,5.558e-05,353.0,0.01961974
BCD/BTC,1572911730947,2019-11-04T23:55:30.947Z,sell,5.558e-05,6.0,0.00033348
BCD/BTC,1572911731079,2019-11-04T23:55:31.079Z,sell,5.557e-05,71.0,0.0039454699999999
BCD/BTC,1572911731079,2019-11-04T23:55:31.079Z,sell,5.556e-05,83.0,0.00461148
BCD/BTC,1572911733673,2019-11-04T23:55:33.673Z,buy,5.557e-05,85.0,0.00472345
BCD/BTC,1572911737495,2019-11-04T23:55:37.495Z,buy,5.557e-05,122.0,0.00677954
BCD/BTC,1572911737495,2019-11-04T23:55:37.495Z,buy,5.558e-05,1539.0,0.08553762
BCD/BTC,1572911746056,2019-11-04T23:55:46.056Z,buy,5.558e-05,317.0,0.01761886
BCD/BTC,1572911795106,2019-11-04T23:56:35.106Z,buy,5.557e-05,70.0,0.0038899
BCD/BTC,1572911796697,2019-11-04T23:56:36.697Z,buy,5.558e-05,68.0,0.00377944
BCD/BTC,1572911797692,2019-11-04T23:56:37.692Z,buy,5.557e-05,91.0,0.00505687
BCD/BTC,1572911797799,2019-11-04T23:56:37.799Z,buy,5.557e-05,19.0,0.00105583
BCD/BTC,1572911807310,2019-11-04T23:56:47.310Z,buy,5.557e-05,10.0,0.0005557
BCD/BTC,1572911820419,2019-11-04T23:57:00.419Z,buy,5.557e-05,65.0,0.00361205
BCD/BTC,1572911820671,2019-11-04T23:57:00.671Z,buy,5.557e-05,38.0,0.00211166
BCD/BTC,1572911823796,2019-11-04T23:57:03.796Z,buy,5.558e-05,65.0,0.0036127
BCD/BTC,1572911824135,2019-11-04T23:57:04.135Z,buy,5.557e-05,30.0,0.0016671
BCD/BTC,1572911850385,2019-11-04T23:57:30.385Z,buy,5.557e-05,42.0,0.00233394
BCD/BTC,1572911850385,2019-11-04T23:57:30.385Z,buy,5.558e-05,457.0,0.02540006
BCD/BTC,1572911850385,2019-11-04T23:57:30.385Z,buy,5.578e-05,1731.0,0.0965551799999999
BCD/BTC,1572912035534,2019-11-05T00:00:35.534Z,sell,5.554e-05,419.0,0.02327126
BCD/BTC,1572912035534,2019-11-05T00:00:35.534Z,sell,5.553e-05,2.0,0.00011106
BCD/BTC,1572912035534,2019-11-05T00:00:35.534Z,sell,5.549e-05,179.0,0.0099327099999999
BCD/BTC,1572912035534,2019-11-05T00:00:35.534Z,sell,5.54e-05,235.0,0.013019
BCD/BTC,1572912035534,2019-11-05T00:00:35.534Z,sell,5.539e-05,13.0,0.00072007
BCD/BTC,1572912035534,2019-11-05T00:00:35.534Z,sell,5.534e-05,3.0,0.00016602
BCD/BTC,1572912035534,2019-11-05T00:00:35.534Z,sell,5.53e-05,148.0,0.0081844
BCD/BTC,1572912205351,2019-11-05T00:03:25.351Z,buy,5.567e-05,25.0,0.00139175
BCD/BTC,1572912214023,2019-11-05T00:03:34.023Z,buy,5.561e-05,72.0,0.00400392
BCD/BTC,1572912246150,2019-11-05T00:04:06.150Z,buy,5.561e-05,25.0,0.00139025
BCD/BTC,1572912344996,2019-11-05T00:05:44.996Z,sell,5.535e-05,31.0,0.0017158499999999
BCD/BTC,1572912375057,2019-11-05T00:06:15.057Z,buy,5.559e-05,35.0,0.00194565
BCD/BTC,1572912447590,2019-11-05T00:07:27.590Z,buy,5.561e-05,25.0,0.00139025
BCD/BTC,1572912448646,2019-11-05T00:07:28.646Z,buy,5.561e-05,23.0,0.00127903
BCD/BTC,1572912448646,2019-11-05T00:07:28.646Z,buy,5.562e-05,2.0,0.00011124
BCD/BTC,1572912449696,2019-11-05T00:07:29.696Z,buy,5.56e-05,25.0,0.00139
BCD/BTC,1572912450607,2019-11-05T00:07:30.607Z,buy,5.56e-05,25.0,0.00139
BCD/BTC,1572912584261,2019-11-05T00:09:44.261Z,buy,5.56e-05,11.0,0.0006116
BCD/BTC,1572912804033,2019-11-05T00:13:24.033Z,buy,5.56e-05,6.0,0.0003336
BCD/BTC,1572912807905,2019-11-05T00:13:27.905Z,sell,5.56e-05,111.0,0.0061716
BCD/BTC,1572912949428,2019-11-05T00:15:49.428Z,buy,5.569e-05,3.0,0.0001670699999999
BCD/BTC,1572913248212,2019-11-05T00:20:48.212Z,buy,5.577e-05,886.0,0.04941222
BCD/BTC,1572913323975,2019-11-05T00:22:03.975Z,sell,5.552e-05,81.0,0.0044971199999999
BCD/BTC,1572913323975,2019-11-05T00:22:03.975Z,sell,5.55e-05,135.0,0.0074925
BCD/BTC,1572913323975,2019-11-05T00:22:03.975Z,sell,5.549e-05,179.0,0.0099327099999999
BCD/BTC,1572913323975,2019-11-05T00:22:03.975Z,sell,5.543e-05,234.0,0.01297062
BCD/BTC,1572913323975,2019-11-05T00:22:03.975Z,sell,5.536e-05,898.0,0.04971328
BCD/BTC,1572913323975,2019-11-05T00:22:03.975Z,sell,5.534e-05,3.0,0.00016602
BCD/BTC,1572913429478,2019-11-05T00:23:49.478Z,sell,5.538e-05,3.0,0.00016614
BCD/BTC,1572913429478,2019-11-05T00:23:49.478Z,sell,5.537e-05,153.0,0.00847161
BCD/BTC,1572913810409,2019-11-05T00:30:10.409Z,buy,5.545e-05,30.0,0.0016635
BCD/BTC,1572913810549,2019-11-05T00:30:10.549Z,buy,5.545e-05,30.0,0.0016635
BCD/BTC,1572913816388,2019-11-05T00:30:16.388Z,buy,5.545e-05,30.0,0.0016635
BCD/BTC,1572913816465,2019-11-05T00:30:16.465Z,buy,5.545e-05,30.0,0.0016635
BCD/BTC,1572913942903,2019-11-05T00:32:22.903Z,buy,5.544e-05,87.0,0.00482328
BCD/BTC,1572913963967,2019-11-05T00:32:43.967Z,buy,5.546e-05,30.0,0.0016638
BCD/BTC,1572913994614,2019-11-05T00:33:14.614Z,buy,5.546e-05,30.0,0.0016638
BCD/BTC,1572913995241,2019-11-05T00:33:15.241Z,buy,5.546e-05,29.0,0.00160834
BCD/BTC,1572913995241,2019-11-05T00:33:15.241Z,buy,5.547e-05,1.0,5.547e-05
BCD/BTC,1572913995483,2019-11-05T00:33:15.483Z,buy,5.547e-05,9.0,0.00049923
BCD/BTC,1572914016614,2019-11-05T00:33:36.614Z,buy,5.545e-05,38.0,0.0021070999999999
BCD/BTC,1572914017419,2019-11-05T00:33:37.419Z,buy,5.546e-05,91.0,0.00504686
BCD/BTC,1572914017419,2019-11-05T00:33:37.419Z,buy,5.548e-05,33.0,0.0018308399999999
BCD/BTC,1572914017419,2019-11-05T00:33:37.419Z,buy,5.546e-05,91.0,0.00504686
BCD/BTC,1572914017419,2019-11-05T00:33:37.419Z,buy,5.548e-05,33.0,0.0018308399999999
BCD/BTC,1572914076965,2019-11-05T00:34:36.965Z,buy,5.547e-05,73.0,0.00404931
BCD/BTC,1572914081450,2019-11-05T00:34:41.450Z,buy,5.547e-05,67.0,0.00371649
BCD/BTC,1572914093910,2019-11-05T00:34:53.910Z,buy,5.547e-05,93.0,0.00515871
BCD/BTC,1572914128197,2019-11-05T00:35:28.197Z,buy,5.547e-05,30.0,0.0016641
BCD/BTC,1572914260076,2019-11-05T00:37:40.076Z,sell,5.535e-05,135.0,0.00747225
BCD/BTC,1572915641763,2019-11-05T01:00:41.763Z,buy,5.562e-05,184.0,0.01023408
BCD/BTC,1572915641763,2019-11-05T01:00:41.763Z,buy,5.563e-05,180.0,0.0100134
BCD/BTC,1572915641763,2019-11-05T01:00:41.763Z,buy,5.569e-05,3.0,0.0001670699999999
BCD/BTC,1572915641763,2019-11-05T01:00:41.763Z,buy,5.577e-05,633.0,0.03530241
BCD/BTC,1572915719156,2019-11-05T01:01:59.156Z,buy,5.577e-05,145.0,0.00808665
BCD/BTC,1572915719156,2019-11-05T01:01:59.156Z,buy,5.578e-05,1735.0,0.0967783
BCD/BTC,1572915719218,2019-11-05T01:01:59.218Z,buy,5.578e-05,254.0,0.01416812
BCD/BTC,1572915719226,2019-11-05T01:01:59.226Z,buy,5.578e-05,254.0,0.01416812
BCD/BTC,1572915719380,2019-11-05T01:01:59.380Z,buy,5.578e-05,121.0,0.00674938
BCD/BTC,1572915719554,2019-11-05T01:01:59.554Z,buy,5.578e-05,74.0,0.00412772
BCD/BTC,1572915719554,2019-11-05T01:01:59.554Z,buy,5.578e-05,74.0,0.00412772
BCD/BTC,1572919132484,2019-11-05T01:58:52.484Z,buy,5.578e-05,8.0,0.00044624
BCD/BTC,1572919137122,2019-11-05T01:58:57.122Z,buy,5.577e-05,4.0,0.00022308
BCD/BTC,1572919144131,2019-11-05T01:59:04.131Z,buy,5.577e-05,3.0,0.00016731
BCD/BTC,1572919236741,2019-11-05T02:00:36.741Z,sell,5.536e-05,360.0,0.0199296
BCD/BTC,1572919236741,2019-11-05T02:00:36.741Z,sell,5.535e-05,234.0,0.0129518999999999
BCD/BTC,1572919236741,2019-11-05T02:00:36.741Z,sell,5.534e-05,3.0,0.00016602
BCD/BTC,1572919236741,2019-11-05T02:00:36.741Z,sell,5.533e-05,10.0,0.0005533
BCD/BTC,1572919236741,2019-11-05T02:00:36.741Z,sell,5.532e-05,5.0,0.0002766
BCD/BTC,1572919236741,2019-11-05T02:00:36.741Z,sell,5.529e-05,5.0,0.00027645
BCD/BTC,1572919236741,2019-11-05T02:00:36.741Z,sell,5.519e-05,18.0,0.00099342
BCD/BTC,1572919236741,2019-11-05T02:00:36.741Z,sell,5.518e-05,5.0,0.0002759
BCD/BTC,1572919236741,2019-11-05T02:00:36.741Z,sell,5.516e-05,5.0,0.0002758
BCD/BTC,1572919236741,2019-11-05T02:00:36.741Z,sell,5.515e-05,10.0,0.0005515
BCD/BTC,1572919236741,2019-11-05T02:00:36.741Z,sell,5.507e-05,344.0,0.01894408
BCD/BTC,1572919244873,2019-11-05T02:00:44.873Z,buy,5.557e-05,29.0,0.00161153
BCD/BTC,1572919267656,2019-11-05T02:01:07.656Z,buy,5.557e-05,66.0,0.00366762
BCD/BTC,1572919290708,2019-11-05T02:01:30.708Z,buy,5.557e-05,9.0,0.00050013
BCD/BTC,1572919290708,2019-11-05T02:01:30.708Z,buy,5.557e-05,9.0,0.00050013
BCD/BTC,1572919446580,2019-11-05T02:04:06.580Z,buy,5.557e-05,3.0,0.0001667099999999
BCD/BTC,1572919446580,2019-11-05T02:04:06.580Z,buy,5.558e-05,6.0,0.00033348
BCD/BTC,1572919447005,2019-11-05T02:04:07.005Z,buy,5.557e-05,30.0,0.0016671
BCD/BTC,1572919447987,2019-11-05T02:04:07.987Z,buy,5.557e-05,20.0,0.0011114
BCD/BTC,1572919448029,2019-11-05T02:04:08.029Z,buy,5.557e-05,2.0,0.00011114
BCD/BTC,1572919448029,2019-11-05T02:04:08.029Z,buy,5.558e-05,12.0,0.00066696
BCD/BTC,1572919448029,2019-11-05T02:04:08.029Z,buy,5.563e-05,5.0,0.00027815
BCD/BTC,1572919448810,2019-11-05T02:04:08.810Z,sell,5.564e-05,11.0,0.00061204
BCD/BTC,1572919536313,2019-11-05T02:05:36.313Z,buy,5.554e-05,30.0,0.0016662
BCD/BTC,1572919540991,2019-11-05T02:05:40.991Z,buy,5.554e-05,30.0,0.0016662
BCD/BTC,1572919541102,2019-11-05T02:05:41.102Z,buy,5.554e-05,10.0,0.0005554
BCD/BTC,1572919542323,2019-11-05T02:05:42.323Z,buy,5.554e-05,16.0,0.00088864
BCD/BTC,1572919551158,2019-11-05T02:05:51.158Z,buy,5.554e-05,10.0,0.0005554
BCD/BTC,1572919557136,2019-11-05T02:05:57.136Z,buy,5.554e-05,8.0,0.00044432
BCD/BTC,1572919557136,2019-11-05T02:05:57.136Z,buy,5.555e-05,2.0,0.0001111
BCD/BTC,1572919559024,2019-11-05T02:05:59.024Z,buy,5.555e-05,9.0,0.00049995
BCD/BTC,1572919572330,2019-11-05T02:06:12.330Z,sell,5.53e-05,18.0,0.0009954
BCD/BTC,1572920066356,2019-11-05T02:14:26.356Z,buy,5.569e-05,3.0,0.0001670699999999
BCD/BTC,1572920066356,2019-11-05T02:14:26.356Z,buy,5.577e-05,360.0,0.0200772
BCD/BTC,1572920066356,2019-11-05T02:14:26.356Z,buy,5.578e-05,752.0,0.04194656
BCD/BTC,1572920332836,2019-11-05T02:18:52.836Z,sell,5.542e-05,79.0,0.00437818
BCD/BTC,1572920340776,2019-11-05T02:19:00.776Z,sell,5.541e-05,30.0,0.0016623
BCD/BTC,1572920340788,2019-11-05T02:19:00.788Z,sell,5.541e-05,30.0,0.0016623
BCD/BTC,1572920340847,2019-11-05T02:19:00.847Z,sell,5.541e-05,30.0,0.0016623
BCD/BTC,1572920497037,2019-11-05T02:21:37.037Z,buy,5.548e-05,685.0,0.0380038
BCD/BTC,1572920499030,2019-11-05T02:21:39.030Z,sell,5.542e-05,40.0,0.0022168
BCD/BTC,1572920499251,2019-11-05T02:21:39.251Z,sell,5.542e-05,30.0,0.0016626
BCD/BTC,1572920499254,2019-11-05T02:21:39.254Z,sell,5.542e-05,49.0,0.00271558
BCD/BTC,1572920499274,2019-11-05T02:21:39.274Z,sell,5.542e-05,33.0,0.00182886
BCD/BTC,1572920500292,2019-11-05T02:21:40.292Z,sell,5.542e-05,30.0,0.0016626
BCD/BTC,1572920500439,2019-11-05T02:21:40.439Z,sell,5.542e-05,19.0,0.00105298
BCD/BTC,1572920500439,2019-11-05T02:21:40.439Z,sell,5.541e-05,11.0,0.00060951
BCD/BTC,1572920500534,2019-11-05T02:21:40.534Z,sell,5.543e-05,40.0,0.0022172
BCD/BTC,1572920502406,2019-11-05T02:21:42.406Z,sell,5.543e-05,30.0,0.0016629
BCD/BTC,1572920502409,2019-11-05T02:21:42.409Z,sell,5.543e-05,30.0,0.0016629
BCD/BTC,1572920502442,2019-11-05T02:21:42.442Z,sell,5.543e-05,30.0,0.0016629
BCD/BTC,1572920980299,2019-11-05T02:29:40.299Z,buy,5.577e-05,17.0,0.00094809
BCD/BTC,1572921686370,2019-11-05T02:41:26.370Z,buy,5.577e-05,62.0,0.00345774
BCD/BTC,1572921686370,2019-11-05T02:41:26.370Z,buy,5.578e-05,1.0,5.578e-05
BCD/BTC,1572921686936,2019-11-05T02:41:26.936Z,buy,5.577e-05,3.0,0.00016731
BCD/BTC,1572921686936,2019-11-05T02:41:26.936Z,buy,5.577e-05,3.0,0.00016731
BCD/BTC,1572923083272,2019-11-05T03:04:43.272Z,buy,5.557e-05,702.0,0.03901014
BCD/BTC,1572923215292,2019-11-05T03:06:55.292Z,buy,5.557e-05,56.0,0.00311192
BCD/BTC,1572924454844,2019-11-05T03:27:34.844Z,buy,5.557e-05,1.0,5.557e-05
BCD/BTC,1572924454844,2019-11-05T03:27:34.844Z,buy,5.576e-05,77.0,0.00429352
BCD/BTC,1572924454844,2019-11-05T03:27:34.844Z,buy,5.577e-05,257.0,0.01433289
BCD/BTC,1572924546690,2019-11-05T03:29:06.690Z,buy,5.577e-05,1.0,5.577e-05
BCD/BTC,1572924546690,2019-11-05T03:29:06.690Z,buy,5.578e-05,357.0,0.01991346
BCD/BTC,1572924558233,2019-11-05T03:29:18.233Z,sell,5.577e-05,4.0,0.00022308
BCD/BTC,1572924772066,2019-11-05T03:32:52.066Z,buy,5.578e-05,17.0,0.0009482599999999
BCD/BTC,1572924957197,2019-11-05T03:35:57.197Z,sell,5.549e-05,10.0,0.0005549
BCD/BTC,1572924957197,2019-11-05T03:35:57.197Z,sell,5.549e-05,10.0,0.0005549
BCD/BTC,1572927218068,2019-11-05T04:13:38.068Z,buy,5.578e-05,13.0,0.00072514
BCD/BTC,1572927231798,2019-11-05T04:13:51.798Z,buy,5.578e-05,30.0,0.0016734
BCD/BTC,1572927232167,2019-11-05T04:13:52.167Z,buy,5.578e-05,368.0,0.02052704
BCD/BTC,1572927232167,2019-11-05T04:13:52.167Z,buy,5.586e-05,13.0,0.00072618
BCD/BTC,1572927232167,2019-11-05T04:13:52.167Z,buy,5.597e-05,5.0,0.00027985
BCD/BTC,1572927232167,2019-11-05T04:13:52.167Z,buy,5.6e-05,20.0,0.00112
BCD/BTC,1572927232167,2019-11-05T04:13:52.167Z,buy,5.603e-05,3.0,0.00016809
BCD/BTC,1572927232167,2019-11-05T04:13:52.167Z,buy,5.63e-05,300.0,0.01689
BCD/BTC,1572927232167,2019-11-05T04:13:52.167Z,buy,5.631e-05,5.0,0.00028155
BCD/BTC,1572927232167,2019-11-05T04:13:52.167Z,buy,5.633e-05,13.0,0.00073229
BCD/BTC,1572927232186,2019-11-05T04:13:52.186Z,sell,5.634e-05,88.0,0.00495792
BCD/BTC,1572927232188,2019-11-05T04:13:52.188Z,sell,5.634e-05,70.0,0.0039438
BCD/BTC,1572927232226,2019-11-05T04:13:52.226Z,sell,5.553e-05,19.0,0.00105507
BCD/BTC,1572927234846,2019-11-05T04:13:54.846Z,sell,5.586e-05,4.0,0.00022344
BCD/BTC,1572927234853,2019-11-05T04:13:54.853Z,sell,5.586e-05,9.0,0.00050274
BCD/BTC,1572927235042,2019-11-05T04:13:55.042Z,buy,5.624e-05,46.0,0.0025870399999999
BCD/BTC,1572927235042,2019-11-05T04:13:55.042Z,buy,5.628e-05,367.0,0.02065476
BCD/BTC,1572927235042,2019-11-05T04:13:55.042Z,buy,5.634e-05,6.0,0.00033804
BCD/BTC,1572927235061,2019-11-05T04:13:55.061Z,sell,5.634e-05,89.0,0.0050142599999999
BCD/BTC,1572927235063,2019-11-05T04:13:55.063Z,sell,5.634e-05,89.0,0.0050142599999999
BCD/BTC,1572927235064,2019-11-05T04:13:55.064Z,sell,5.634e-05,89.0,0.0050142599999999
BCD/BTC,1572927235065,2019-11-05T04:13:55.065Z,sell,5.634e-05,89.0,0.0050142599999999
BCD/BTC,1572927235066,2019-11-05T04:13:55.066Z,sell,5.634e-05,89.0,0.0050142599999999
BCD/BTC,1572927235066,2019-11-05T04:13:55.066Z,sell,5.634e-05,21.0,0.00118314
BCD/BTC,1572927235087,2019-11-05T04:13:55.087Z,buy,5.636e-05,59.0,0.00332524
BCD/BTC,1572927235087,2019-11-05T04:13:55.087Z,buy,5.637e-05,318.0,0.01792566
BCD/BTC,1572927235195,2019-11-05T04:13:55.195Z,sell,5.634e-05,24.0,0.00135216
BCD/BTC,1572927235198,2019-11-05T04:13:55.198Z,sell,5.634e-05,24.0,0.00135216
BCD/BTC,1572927235201,2019-11-05T04:13:55.201Z,sell,5.634e-05,24.0,0.00135216
BCD/BTC,1572927235204,2019-11-05T04:13:55.204Z,sell,5.634e-05,24.0,0.00135216
BCD/BTC,1572927235206,2019-11-05T04:13:55.206Z,sell,5.634e-05,35.0,0.0019719
BCD/BTC,1572927235215,2019-11-05T04:13:55.215Z,sell,5.634e-05,25.0,0.0014085
BCD/BTC,1572927235225,2019-11-05T04:13:55.225Z,sell,5.634e-05,92.0,0.00518328
BCD/BTC,1572927241497,2019-11-05T04:14:01.497Z,sell,5.612e-05,83.0,0.00465796
BCD/BTC,1572927243489,2019-11-05T04:14:03.489Z,sell,5.584e-05,59.0,0.00329456
BCD/BTC,1572927243515,2019-11-05T04:14:03.515Z,buy,5.584e-05,288.0,0.01608192
BCD/BTC,1572927249542,2019-11-05T04:14:09.542Z,sell,5.597e-05,5.0,0.00027985
BCD/BTC,1572927249542,2019-11-05T04:14:09.542Z,sell,5.585e-05,3.0,0.00016755
BCD/BTC,1572927249542,2019-11-05T04:14:09.542Z,sell,5.57e-05,54.0,0.0030077999999999
BCD/BTC,1572927343188,2019-11-05T04:15:43.188Z,sell,5.569e-05,3.0,0.0001670699999999
BCD/BTC,1572927343591,2019-11-05T04:15:43.591Z,buy,5.564e-05,9.0,0.00050076
BCD/BTC,1572927343723,2019-11-05T04:15:43.723Z,buy,5.564e-05,10.0,0.0005564
BCD/BTC,1572927343723,2019-11-05T04:15:43.723Z,buy,5.567e-05,20.0,0.0011134
BCD/BTC,1572927346282,2019-11-05T04:15:46.282Z,buy,5.567e-05,30.0,0.0016701
BCD/BTC,1572927346886,2019-11-05T04:15:46.886Z,buy,5.567e-05,30.0,0.0016701
BCD/BTC,1572927350139,2019-11-05T04:15:50.139Z,buy,5.567e-05,9.0,0.00050103
BCD/BTC,1572927351339,2019-11-05T04:15:51.339Z,buy,5.569e-05,80.0,0.0044551999999999
BCD/BTC,1572927351339,2019-11-05T04:15:51.339Z,buy,5.57e-05,746.0,0.0415522
BCD/BTC,1572927724292,2019-11-05T04:22:04.292Z,buy,5.603e-05,3.0,0.00016809
BCD/BTC,1572927741849,2019-11-05T04:22:21.849Z,sell,5.576e-05,10.0,0.0005576
BCD/BTC,1572928043204,2019-11-05T04:27:23.204Z,sell,5.574e-05,155.0,0.0086397
BCD/BTC,1572928043204,2019-11-05T04:27:23.204Z,sell,5.574e-05,155.0,0.0086397
BCD/BTC,1572929967888,2019-11-05T04:59:27.888Z,sell,5.594e-05,36.0,0.00201384
BCD/BTC,1572930073925,2019-11-05T05:01:13.925Z,sell,5.596e-05,35.0,0.0019586
BCD/BTC,1572930205448,2019-11-05T05:03:25.448Z,sell,5.597e-05,131.0,0.00733207
BCD/BTC,1572930205557,2019-11-05T05:03:25.557Z,sell,5.596e-05,131.0,0.0073307599999999
BCD/BTC,1572930206477,2019-11-05T05:03:26.477Z,sell,5.595e-05,54.0,0.0030212999999999
BCD/BTC,1572930206477,2019-11-05T05:03:26.477Z,sell,5.594e-05,166.0,0.00928604
BCD/BTC,1572930208742,2019-11-05T05:03:28.742Z,sell,5.591e-05,232.0,0.01297112
BCD/BTC,1572930781768,2019-11-05T05:13:01.768Z,sell,5.569e-05,3.0,0.0001670699999999
BCD/BTC,1572930781792,2019-11-05T05:13:01.792Z,buy,5.569e-05,8.0,0.00044552
BCD/BTC,1572930781857,2019-11-05T05:13:01.857Z,buy,5.569e-05,17.0,0.0009467299999999
BCD/BTC,1572930856956,2019-11-05T05:14:16.956Z,sell,5.569e-05,2.0,0.00011138
BCD/BTC,1572930879981,2019-11-05T05:14:39.981Z,sell,5.564e-05,2.0,0.00011128
BCD/BTC,1572931112130,2019-11-05T05:18:32.130Z,buy,5.591e-05,5.0,0.00027955
BCD/BTC,1572931112130,2019-11-05T05:18:32.130Z,buy,5.591e-05,5.0,0.00027955
BCD/BTC,1572931698125,2019-11-05T05:28:18.125Z,buy,5.591e-05,2.0,0.00011182
BCD/BTC,1572931803111,2019-11-05T05:30:03.111Z,buy,5.591e-05,4.0,0.00022364
BCD/BTC,1572932725787,2019-11-05T05:45:25.787Z,buy,5.591e-05,30.0,0.0016773
BCD/BTC,1572933892362,2019-11-05T06:04:52.362Z,sell,5.592e-05,91.0,0.00508872
BCD/BTC,1572933899792,2019-11-05T06:04:59.792Z,sell,5.591e-05,62.0,0.00346642
BCD/BTC,1572933902707,2019-11-05T06:05:02.707Z,sell,5.591e-05,13.0,0.0007268299999999
BCD/BTC,1572933902737,2019-11-05T06:05:02.737Z,buy,5.579e-05,14.0,0.00078106
BCD/BTC,1572934208593,2019-11-05T06:10:08.593Z,buy,5.597e-05,282.0,0.01578354
BCD/BTC,1572934222300,2019-11-05T06:10:22.300Z,buy,5.603e-05,3.0,0.00016809
BCD/BTC,1572934502299,2019-11-05T06:15:02.299Z,sell,5.6e-05,4.0,0.000224
BCD/BTC,1572934510248,2019-11-05T06:15:10.248Z,buy,5.601e-05,2.0,0.00011202
BCD/BTC,1572934510248,2019-11-05T06:15:10.248Z,buy,5.619e-05,3.0,0.00016857
BCD/BTC,1572934510248,2019-11-05T06:15:10.248Z,buy,5.624e-05,155.0,0.0087172
BCD/BTC,1572934667213,2019-11-05T06:17:47.213Z,sell,5.599e-05,40.0,0.0022396
BCD/BTC,1572934667267,2019-11-05T06:17:47.267Z,sell,5.599e-05,31.0,0.00173569
BCD/BTC,1572934667267,2019-11-05T06:17:47.267Z,sell,5.592e-05,102.0,0.00570384
BCD/BTC,1572934667277,2019-11-05T06:17:47.277Z,sell,5.592e-05,40.0,0.0022368
BCD/BTC,1572934667944,2019-11-05T06:17:47.944Z,buy,5.591e-05,64.0,0.00357824
BCD/BTC,1572934667944,2019-11-05T06:17:47.944Z,buy,5.593e-05,68.0,0.00380324
BCD/BTC,1572934667944,2019-11-05T06:17:47.944Z,buy,5.591e-05,64.0,0.00357824
BCD/BTC,1572934667944,2019-11-05T06:17:47.944Z,buy,5.593e-05,68.0,0.00380324
BCD/BTC,1572934782457,2019-11-05T06:19:42.457Z,buy,5.597e-05,302.0,0.01690294
BCD/BTC,1572934798661,2019-11-05T06:19:58.661Z,buy,5.597e-05,66.0,0.00369402
BCD/BTC,1572934810167,2019-11-05T06:20:10.167Z,buy,5.597e-05,10.0,0.0005597
BCD/BTC,1572934810167,2019-11-05T06:20:10.167Z,buy,5.598e-05,62.0,0.00347076
BCD/BTC,1572934814959,2019-11-05T06:20:14.959Z,buy,5.597e-05,53.0,0.00296641
BCD/BTC,1572934817278,2019-11-05T06:20:17.278Z,buy,5.597e-05,93.0,0.00520521
BCD/BTC,1572934817278,2019-11-05T06:20:17.278Z,buy,5.598e-05,10.0,0.0005598
BCD/BTC,1572934817278,2019-11-05T06:20:17.278Z,buy,5.604e-05,57.0,0.00319428
BCD/BTC,1572934867428,2019-11-05T06:21:07.428Z,buy,5.604e-05,71.0,0.00397884
BCD/BTC,1572934891971,2019-11-05T06:21:31.971Z,buy,5.604e-05,241.0,0.01350564
BCD/BTC,1572934896996,2019-11-05T06:21:36.996Z,buy,5.605e-05,71.0,0.00397955
BCD/BTC,1572935166523,2019-11-05T06:26:06.523Z,buy,5.623e-05,160.0,0.0089968
BCD/BTC,1572935174589,2019-11-05T06:26:14.589Z,buy,5.623e-05,160.0,0.0089968
BCD/BTC,1572935221415,2019-11-05T06:27:01.415Z,sell,5.589e-05,33.0,0.00184437
BCD/BTC,1572935222635,2019-11-05T06:27:02.635Z,sell,5.589e-05,30.0,0.0016767
BCD/BTC,1572935370587,2019-11-05T06:29:30.587Z,sell,5.592e-05,229.0,0.01280568
BCD/BTC,1572935370587,2019-11-05T06:29:30.587Z,sell,5.59e-05,178.0,0.0099502
BCD/BTC,1572935374696,2019-11-05T06:29:34.696Z,buy,5.589e-05,1287.0,0.07193043
BCD/BTC,1572935463456,2019-11-05T06:31:03.456Z,sell,5.591e-05,365.0,0.02040715
BCD/BTC,1572935463456,2019-11-05T06:31:03.456Z,sell,5.59e-05,178.0,0.0099502
BCD/BTC,1572935463999,2019-11-05T06:31:03.999Z,buy,5.59e-05,171.0,0.0095588999999999
BCD/BTC,1572935467314,2019-11-05T06:31:07.314Z,buy,5.59e-05,556.0,0.0310803999999999
BCD/BTC,1572935591052,2019-11-05T06:33:11.052Z,sell,5.58e-05,332.0,0.0185256
BCD/BTC,1572935594079,2019-11-05T06:33:14.079Z,sell,5.581e-05,102.0,0.00569262
BCD/BTC,1572935602727,2019-11-05T06:33:22.727Z,buy,5.589e-05,125.0,0.00698625
BCD/BTC,1572935602727,2019-11-05T06:33:22.727Z,buy,5.59e-05,702.0,0.0392418
BCD/BTC,1572935726346,2019-11-05T06:35:26.346Z,buy,5.588e-05,108.0,0.00603504
BCD/BTC,1572935736418,2019-11-05T06:35:36.418Z,buy,5.589e-05,303.0,0.01693467
BCD/BTC,1572935770567,2019-11-05T06:36:10.567Z,buy,5.589e-05,141.0,0.00788049
BCD/BTC,1572935781608,2019-11-05T06:36:21.608Z,buy,5.59e-05,194.0,0.0108446
BCD/BTC,1572935793793,2019-11-05T06:36:33.793Z,buy,5.59e-05,614.0,0.0343225999999999
BCD/BTC,1572935797321,2019-11-05T06:36:37.321Z,buy,5.59e-05,461.0,0.0257699
BCD/BTC,1572936564977,2019-11-05T06:49:24.977Z,buy,5.593e-05,179.0,0.01001147
BCD/BTC,1572936575673,2019-11-05T06:49:35.673Z,sell,5.588e-05,30.0,0.0016764
BCD/BTC,1572936575999,2019-11-05T06:49:35.999Z,sell,5.59e-05,30.0,0.0016769999999999
BCD/BTC,1572936576952,2019-11-05T06:49:36.952Z,sell,5.591e-05,30.0,0.0016773
BCD/BTC,1572936577108,2019-11-05T06:49:37.108Z,sell,5.591e-05,13.0,0.0007268299999999
BCD/BTC,1572936577108,2019-11-05T06:49:37.108Z,sell,5.59e-05,27.0,0.0015092999999999
BCD/BTC,1572936577984,2019-11-05T06:49:37.984Z,sell,5.59e-05,41.0,0.0022919
BCD/BTC,1572936579339,2019-11-05T06:49:39.339Z,sell,5.59e-05,30.0,0.0016769999999999
BCD/BTC,1572936582735,2019-11-05T06:49:42.735Z,sell,5.587e-05,42.0,0.00234654
BCD/BTC,1572936582735,2019-11-05T06:49:42.735Z,sell,5.586e-05,165.0,0.0092169
BCD/BTC,1572936735960,2019-11-05T06:52:15.960Z,buy,5.586e-05,17.0,0.00094962
BCD/BTC,1572937224020,2019-11-05T07:00:24.020Z,buy,5.585e-05,175.0,0.00977375
BCD/BTC,1572937224020,2019-11-05T07:00:24.020Z,buy,5.586e-05,327.0,0.01826622
BCD/BTC,1572937288131,2019-11-05T07:01:28.131Z,buy,5.594e-05,28.0,0.00156632
BCD/BTC,1572937288131,2019-11-05T07:01:28.131Z,buy,5.595e-05,2.0,0.0001119
BCD/BTC,1572937289495,2019-11-05T07:01:29.495Z,buy,5.595e-05,9.0,0.00050355
BCD/BTC,1572937289626,2019-11-05T07:01:29.626Z,buy,5.595e-05,9.0,0.00050355
BCD/BTC,1572937290585,2019-11-05T07:01:30.585Z,buy,5.595e-05,9.0,0.00050355
BCD/BTC,1572937296138,2019-11-05T07:01:36.138Z,buy,5.605e-05,28.0,0.0015694
BCD/BTC,1572937296138,2019-11-05T07:01:36.138Z,buy,5.614e-05,167.0,0.00937538
BCD/BTC,1572937301431,2019-11-05T07:01:41.431Z,buy,5.614e-05,11.0,0.00061754
BCD/BTC,1572937301692,2019-11-05T07:01:41.692Z,buy,5.631e-05,5.0,0.00028155
BCD/BTC,1572937301692,2019-11-05T07:01:41.692Z,buy,5.633e-05,13.0,0.00073229
BCD/BTC,1572937301692,2019-11-05T07:01:41.692Z,buy,5.638e-05,19.0,0.00107122
BCD/BTC,1572937310193,2019-11-05T07:01:50.193Z,buy,5.638e-05,20.0,0.0011275999999999
BCD/BTC,1572937315055,2019-11-05T07:01:55.055Z,sell,5.62e-05,9.0,0.0005057999999999
BCD/BTC,1572937322349,2019-11-05T07:02:02.349Z,sell,5.603e-05,3.0,0.00016809
BCD/BTC,1572937322514,2019-11-05T07:02:02.514Z,buy,5.638e-05,196.0,0.01105048
BCD/BTC,1572937322514,2019-11-05T07:02:02.514Z,buy,5.652e-05,10.0,0.0005652
BCD/BTC,1572937323665,2019-11-05T07:02:03.665Z,buy,5.652e-05,30.0,0.0016956
BCD/BTC,1572937330178,2019-11-05T07:02:10.178Z,buy,5.652e-05,11.0,0.00062172
BCD/BTC,1572937332042,2019-11-05T07:02:12.042Z,sell,5.6e-05,21.0,0.001176
BCD/BTC,1572937334417,2019-11-05T07:02:14.417Z,buy,5.637e-05,21.0,0.00118377
BCD/BTC,1572937334417,2019-11-05T07:02:14.417Z,buy,5.638e-05,3.0,0.00016914
BCD/BTC,1572937334417,2019-11-05T07:02:14.417Z,buy,5.652e-05,6.0,0.00033912
BCD/BTC,1572937334449,2019-11-05T07:02:14.449Z,sell,5.607e-05,10.0,0.0005606999999999
BCD/BTC,1572937334687,2019-11-05T07:02:14.687Z,sell,5.607e-05,5.0,0.0002803499999999
BCD/BTC,1572937362416,2019-11-05T07:02:42.416Z,sell,5.612e-05,30.0,0.0016836
BCD/BTC,1572937387644,2019-11-05T07:03:07.644Z,sell,5.617e-05,57.0,0.00320169
BCD/BTC,1572937446529,2019-11-05T07:04:06.529Z,buy,5.635e-05,5.0,0.00028175
BCD/BTC,1572937832113,2019-11-05T07:10:32.113Z,sell,5.62e-05,2.0,0.0001124
BCD/BTC,1572937832113,2019-11-05T07:10:32.113Z,sell,5.619e-05,59.0,0.00331521
BCD/BTC,1572937832460,2019-11-05T07:10:32.460Z,sell,5.619e-05,21.0,0.00117999
BCD/BTC,1572937847867,2019-11-05T07:10:47.867Z,sell,5.603e-05,3.0,0.00016809
BCD/BTC,1572937847867,2019-11-05T07:10:47.867Z,sell,5.601e-05,6.0,0.00033606
BCD/BTC,1572937920792,2019-11-05T07:12:00.792Z,sell,5.604e-05,38.0,0.0021295199999999
BCD/BTC,1572937920892,2019-11-05T07:12:00.892Z,sell,5.604e-05,30.0,0.0016811999999999
BCD/BTC,1572937923179,2019-11-05T07:12:03.179Z,sell,5.602e-05,176.0,0.00985952
BCD/BTC,1572937924245,2019-11-05T07:12:04.245Z,sell,5.603e-05,129.0,0.00722787
BCD/BTC,1572937925287,2019-11-05T07:12:05.287Z,sell,5.603e-05,79.0,0.00442637
BCD/BTC,1572937926854,2019-11-05T07:12:06.854Z,sell,5.603e-05,42.0,0.00235326
BCD/BTC,1572937928863,2019-11-05T07:12:08.863Z,sell,5.603e-05,30.0,0.0016809
BCD/BTC,1572937940187,2019-11-05T07:12:20.187Z,sell,5.603e-05,33.0,0.00184899
BCD/BTC,1572937941208,2019-11-05T07:12:21.208Z,sell,5.603e-05,43.0,0.0024092899999999
BCD/BTC,1572937942271,2019-11-05T07:12:22.271Z,sell,5.601e-05,91.0,0.00509691
BCD/BTC,1572937942584,2019-11-05T07:12:22.584Z,buy,5.63e-05,1.0,5.63e-05
BCD/BTC,1572937943259,2019-11-05T07:12:23.259Z,sell,5.603e-05,78.0,0.0043703399999999
BCD/BTC,1572937943265,2019-11-05T07:12:23.265Z,sell,5.603e-05,58.0,0.0032497399999999
BCD/BTC,1572937943265,2019-11-05T07:12:23.265Z,sell,5.602e-05,641.0,0.03590882
BCD/BTC,1572937944717,2019-11-05T07:12:24.717Z,sell,5.602e-05,210.0,0.0117642
BCD/BTC,1572937945360,2019-11-05T07:12:25.360Z,sell,5.602e-05,227.0,0.01271654
BCD/BTC,1572937945360,2019-11-05T07:12:25.360Z,sell,5.601e-05,3.0,0.00016803
BCD/BTC,1572937946125,2019-11-05T07:12:26.125Z,sell,5.601e-05,61.0,0.00341661
BCD/BTC,1572937946171,2019-11-05T07:12:26.171Z,sell,5.601e-05,72.0,0.00403272
BCD/BTC,1572937952057,2019-11-05T07:12:32.057Z,sell,5.599e-05,142.0,0.00795058
BCD/BTC,1572937957091,2019-11-05T07:12:37.091Z,buy,5.616e-05,13.0,0.0007300799999999
BCD/BTC,1572937957091,2019-11-05T07:12:37.091Z,buy,5.617e-05,186.0,0.01044762
BCD/BTC,1572938004998,2019-11-05T07:13:24.998Z,buy,5.619e-05,120.0,0.0067428
BCD/BTC,1572938019742,2019-11-05T07:13:39.742Z,buy,5.617e-05,62.0,0.00348254
BCD/BTC,1572938019742,2019-11-05T07:13:39.742Z,buy,5.618e-05,357.0,0.02005626
BCD/BTC,1572938019742,2019-11-05T07:13:39.742Z,buy,5.619e-05,177.0,0.00994563
BCD/BTC,1572938032643,2019-11-05T07:13:52.643Z,sell,5.598e-05,15.0,0.0008397
BCD/BTC,1572938065300,2019-11-05T07:14:25.300Z,buy,5.625e-05,1.0,5.625e-05
BCD/BTC,1572938077000,2019-11-05T07:14:37.000Z,buy,5.628e-05,66.0,0.00371448
BCD/BTC,1572938111653,2019-11-05T07:15:11.653Z,buy,5.623e-05,67.0,0.00376741
BCD/BTC,1572938129237,2019-11-05T07:15:29.237Z,buy,5.629e-05,68.0,0.0038277199999999
BCD/BTC,1572938139889,2019-11-05T07:15:39.889Z,sell,5.598e-05,77.0,0.00431046
BCD/BTC,1572938168159,2019-11-05T07:16:08.159Z,buy,5.634e-05,77.0,0.00433818
BCD/BTC,1572938168159,2019-11-05T07:16:08.159Z,buy,5.635e-05,2.0,0.0001127
BCD/BTC,1572938168159,2019-11-05T07:16:08.159Z,buy,5.637e-05,5.0,0.00028185
BCD/BTC,1572938168159,2019-11-05T07:16:08.159Z,buy,5.638e-05,3.0,0.00016914
BCD/BTC,1572938168159,2019-11-05T07:16:08.159Z,buy,5.641e-05,20.0,0.0011282
BCD/BTC,1572938184079,2019-11-05T07:16:24.079Z,sell,5.61e-05,77.0,0.0043197
BCD/BTC,1572938184079,2019-11-05T07:16:24.079Z,sell,5.609e-05,64.0,0.00358976
BCD/BTC,1572938184530,2019-11-05T07:16:24.530Z,sell,5.61e-05,30.0,0.001683
BCD/BTC,1572938185524,2019-11-05T07:16:25.524Z,sell,5.611e-05,52.0,0.00291772
BCD/BTC,1572938185558,2019-11-05T07:16:25.558Z,sell,5.611e-05,39.0,0.00218829
BCD/BTC,1572938185656,2019-11-05T07:16:25.656Z,sell,5.611e-05,145.0,0.00813595
BCD/BTC,1572938185656,2019-11-05T07:16:25.656Z,sell,5.609e-05,170.0,0.0095353
BCD/BTC,1572938185661,2019-11-05T07:16:25.661Z,sell,5.607e-05,34.0,0.0019063799999999
BCD/BTC,1572938185824,2019-11-05T07:16:25.824Z,sell,5.603e-05,3.0,0.00016809
BCD/BTC,1572938185824,2019-11-05T07:16:25.824Z,sell,5.602e-05,13.0,0.00072826
BCD/BTC,1572938187517,2019-11-05T07:16:27.517Z,sell,5.599e-05,30.0,0.0016797
BCD/BTC,1572938187523,2019-11-05T07:16:27.523Z,sell,5.599e-05,36.0,0.00201564
BCD/BTC,1572938187943,2019-11-05T07:16:27.943Z,buy,5.599e-05,25.0,0.00139975
BCD/BTC,1572938187954,2019-11-05T07:16:27.954Z,sell,5.598e-05,309.0,0.01729782
BCD/BTC,1572938189052,2019-11-05T07:16:29.052Z,buy,5.599e-05,16.0,0.00089584
BCD/BTC,1572938189052,2019-11-05T07:16:29.052Z,buy,5.6e-05,9.0,0.000504
BCD/BTC,1572938189456,2019-11-05T07:16:29.456Z,buy,5.6e-05,120.0,0.00672
BCD/BTC,1572938190009,2019-11-05T07:16:30.009Z,buy,5.634e-05,25.0,0.0014085
BCD/BTC,1572938232881,2019-11-05T07:17:12.881Z,sell,5.599e-05,6.0,0.0003359399999999
BCD/BTC,1572938232881,2019-11-05T07:17:12.881Z,sell,5.599e-05,6.0,0.0003359399999999
BCD/BTC,1572938333467,2019-11-05T07:18:53.467Z,sell,5.599e-05,30.0,0.0016797
BCD/BTC,1572938382885,2019-11-05T07:19:42.885Z,sell,5.599e-05,16.0,0.00089584
BCD/BTC,1572938382885,2019-11-05T07:19:42.885Z,sell,5.598e-05,129.0,0.00722142
BCD/BTC,1572938382892,2019-11-05T07:19:42.892Z,sell,5.598e-05,5.0,0.0002799
BCD/BTC,1572938382892,2019-11-05T07:19:42.892Z,sell,5.597e-05,5.0,0.00027985
BCD/BTC,1572938383464,2019-11-05T07:19:43.464Z,buy,5.591e-05,320.0,0.0178912
BCD/BTC,1572938383464,2019-11-05T07:19:43.464Z,buy,5.596e-05,36.0,0.00201456
BCD/BTC,1572938384103,2019-11-05T07:19:44.103Z,buy,5.596e-05,99.0,0.0055400399999999
BCD/BTC,1572938780043,2019-11-05T07:26:20.043Z,sell,5.587e-05,58.0,0.00324046
BCD/BTC,1572938781192,2019-11-05T07:26:21.192Z,sell,5.587e-05,30.0,0.0016761
BCD/BTC,1572938829919,2019-11-05T07:27:09.919Z,sell,5.587e-05,18.0,0.00100566
BCD/BTC,1572938829919,2019-11-05T07:27:09.919Z,sell,5.586e-05,13.0,0.00072618
BCD/BTC,1572938829919,2019-11-05T07:27:09.919Z,sell,5.584e-05,94.0,0.00524896
BCD/BTC,1572938831134,2019-11-05T07:27:11.134Z,sell,5.584e-05,44.0,0.00245696
BCD/BTC,1572938999118,2019-11-05T07:29:59.118Z,sell,5.583e-05,33.0,0.00184239
BCD/BTC,1572938999135,2019-11-05T07:29:59.135Z,sell,5.583e-05,33.0,0.00184239
BCD/BTC,1572938999285,2019-11-05T07:29:59.285Z,sell,5.583e-05,5.0,0.00027915
BCD/BTC,1572938999305,2019-11-05T07:29:59.305Z,buy,5.577e-05,17.0,0.00094809
BCD/BTC,1572938999934,2019-11-05T07:29:59.934Z,buy,5.577e-05,30.0,0.0016731
BCD/BTC,1572939023838,2019-11-05T07:30:23.838Z,sell,5.575e-05,3.0,0.00016725
BCD/BTC,1572939023862,2019-11-05T07:30:23.862Z,buy,5.575e-05,98.0,0.0054635
BCD/BTC,1572939061946,2019-11-05T07:31:01.946Z,buy,5.608e-05,107.0,0.0060005599999999
BCD/BTC,1572939447040,2019-11-05T07:37:27.040Z,sell,5.575e-05,13.0,0.00072475
BCD/BTC,1572939509315,2019-11-05T07:38:29.315Z,sell,5.575e-05,30.0,0.0016725
BCD/BTC,1572939509630,2019-11-05T07:38:29.630Z,sell,5.575e-05,44.0,0.002453
BCD/BTC,1572939509655,2019-11-05T07:38:29.655Z,sell,5.575e-05,116.0,0.006467
BCD/BTC,1572939509655,2019-11-05T07:38:29.655Z,sell,5.574e-05,17.0,0.00094758
BCD/BTC,1572939523896,2019-11-05T07:38:43.896Z,sell,5.574e-05,9.0,0.00050166
BCD/BTC,1572939530513,2019-11-05T07:38:50.513Z,sell,5.574e-05,127.0,0.0070789799999999
BCD/BTC,1572939538450,2019-11-05T07:38:58.450Z,sell,5.574e-05,8.0,0.00044592
BCD/BTC,1572939538450,2019-11-05T07:38:58.450Z,sell,5.569e-05,179.0,0.00996851
BCD/BTC,1572939557173,2019-11-05T07:39:17.173Z,sell,5.569e-05,84.0,0.00467796
BCD/BTC,1572939557564,2019-11-05T07:39:17.564Z,sell,5.569e-05,22.0,0.00122518
BCD/BTC,1572939557564,2019-11-05T07:39:17.564Z,sell,5.565e-05,8.0,0.0004452
BCD/BTC,1572939692907,2019-11-05T07:41:32.907Z,sell,5.565e-05,126.0,0.0070119
BCD/BTC,1572939693522,2019-11-05T07:41:33.522Z,buy,5.565e-05,486.0,0.0270458999999999
BCD/BTC,1572939694566,2019-11-05T07:41:34.566Z,buy,5.565e-05,25.0,0.00139125
BCD/BTC,1572939695645,2019-11-05T07:41:35.645Z,buy,5.565e-05,3.0,0.00016695
BCD/BTC,1572940176220,2019-11-05T07:49:36.220Z,sell,5.564e-05,71.0,0.00395044
BCD/BTC,1572940176220,2019-11-05T07:49:36.220Z,sell,5.563e-05,890.0,0.0495107
BCD/BTC,1572940176220,2019-11-05T07:49:36.220Z,sell,5.562e-05,4171.0,0.23199102
BCD/BTC,1572940176246,2019-11-05T07:49:36.246Z,buy,5.562e-05,17.0,0.00094554
BCD/BTC,1572940176740,2019-11-05T07:49:36.740Z,buy,5.562e-05,40.0,0.0022248
BCD/BTC,1572940193083,2019-11-05T07:49:53.083Z,buy,5.596e-05,3.0,0.00016788
BCD/BTC,1572940224846,2019-11-05T07:50:24.846Z,sell,5.565e-05,165.0,0.00918225
BCD/BTC,1572940234345,2019-11-05T07:50:34.345Z,sell,5.565e-05,34.0,0.0018920999999999
BCD/BTC,1572940234345,2019-11-05T07:50:34.345Z,sell,5.55e-05,126.0,0.006993
BCD/BTC,1572940234345,2019-11-05T07:50:34.345Z,sell,5.549e-05,1159.0,0.06431291
BCD/BTC,1572940245908,2019-11-05T07:50:45.908Z,buy,5.584e-05,25.0,0.001396
BCD/BTC,1572940246917,2019-11-05T07:50:46.917Z,buy,5.583e-05,25.0,0.00139575
BCD/BTC,1572940248579,2019-11-05T07:50:48.579Z,buy,5.582e-05,25.0,0.0013955
BCD/BTC,1572940249621,2019-11-05T07:50:49.621Z,buy,5.58e-05,25.0,0.001395
BCD/BTC,1572940250721,2019-11-05T07:50:50.721Z,buy,5.58e-05,25.0,0.001395
BCD/BTC,1572940251773,2019-11-05T07:50:51.773Z,buy,5.58e-05,25.0,0.001395
BCD/BTC,1572940252936,2019-11-05T07:50:52.936Z,buy,5.58e-05,25.0,0.001395
BCD/BTC,1572940254424,2019-11-05T07:50:54.424Z,buy,5.581e-05,25.0,0.00139525
BCD/BTC,1572940255654,2019-11-05T07:50:55.654Z,buy,5.581e-05,25.0,0.00139525
BCD/BTC,1572940256591,2019-11-05T07:50:56.591Z,buy,5.581e-05,25.0,0.00139525
BCD/BTC,1572940257659,2019-11-05T07:50:57.659Z,buy,5.581e-05,25.0,0.00139525
BCD/BTC,1572940258553,2019-11-05T07:50:58.553Z,buy,5.581e-05,25.0,0.00139525
BCD/BTC,1572940259485,2019-11-05T07:50:59.485Z,buy,5.581e-05,25.0,0.00139525
BCD/BTC,1572940260562,2019-11-05T07:51:00.562Z,buy,5.581e-05,25.0,0.00139525
BCD/BTC,1572940261617,2019-11-05T07:51:01.617Z,buy,5.583e-05,25.0,0.00139575
BCD/BTC,1572940262030,2019-11-05T07:51:02.030Z,buy,5.582e-05,347.0,0.0193695399999999
BCD/BTC,1572940262669,2019-11-05T07:51:02.669Z,buy,5.581e-05,25.0,0.00139525
BCD/BTC,1572940263767,2019-11-05T07:51:03.767Z,buy,5.581e-05,25.0,0.00139525
BCD/BTC,1572940264924,2019-11-05T07:51:04.924Z,buy,5.581e-05,25.0,0.00139525
BCD/BTC,1572940265234,2019-11-05T07:51:05.234Z,buy,5.581e-05,28.0,0.00156268
BCD/BTC,1572940265234,2019-11-05T07:51:05.234Z,buy,5.583e-05,882.0,0.04924206
BCD/BTC,1572940265234,2019-11-05T07:51:05.234Z,buy,5.584e-05,333.0,0.01859472
BCD/BTC,1572940265234,2019-11-05T07:51:05.234Z,buy,5.585e-05,952.0,0.0531692
BCD/BTC,1572940265234,2019-11-05T07:51:05.234Z,buy,5.587e-05,725.0,0.04050575
BCD/BTC,1572940266451,2019-11-05T07:51:06.451Z,buy,5.58e-05,90.0,0.005022
BCD/BTC,1572940266451,2019-11-05T07:51:06.451Z,buy,5.587e-05,544.0,0.0303932799999999
BCD/BTC,1572940266451,2019-11-05T07:51:06.451Z,buy,5.594e-05,826.0,0.04620644
BCD/BTC,1572940285769,2019-11-05T07:51:25.769Z,buy,5.596e-05,60.0,0.0033576
BCD/BTC,1572941507376,2019-11-05T08:11:47.376Z,sell,5.596e-05,60.0,0.0033576
BCD/BTC,1572941534927,2019-11-05T08:12:14.927Z,buy,5.597e-05,2.0,0.00011194
BCD/BTC,1572941592028,2019-11-05T08:13:12.028Z,buy,5.597e-05,3.0,0.00016791
BCD/BTC,1572941592028,2019-11-05T08:13:12.028Z,buy,5.603e-05,3.0,0.00016809
BCD/BTC,1572941592028,2019-11-05T08:13:12.028Z,buy,5.597e-05,3.0,0.00016791
BCD/BTC,1572941592028,2019-11-05T08:13:12.028Z,buy,5.603e-05,3.0,0.00016809
BCD/BTC,1572941983143,2019-11-05T08:19:43.143Z,sell,5.603e-05,35.0,0.0019610499999999
BCD/BTC,1572942363266,2019-11-05T08:26:03.266Z,sell,5.603e-05,9.0,0.00050427
BCD/BTC,1572943292457,2019-11-05T08:41:32.457Z,buy,5.605e-05,3.0,0.00016815
BCD/BTC,1572944017464,2019-11-05T08:53:37.464Z,sell,5.605e-05,118.0,0.0066139
BCD/BTC,1572944017471,2019-11-05T08:53:37.471Z,sell,5.605e-05,45.0,0.00252225
BCD/BTC,1572944017620,2019-11-05T08:53:37.620Z,sell,5.605e-05,43.0,0.00241015
BCD/BTC,1572944017644,2019-11-05T08:53:37.644Z,sell,5.605e-05,48.0,0.0026904
BCD/BTC,1572944018088,2019-11-05T08:53:38.088Z,sell,5.605e-05,22.0,0.0012331
BCD/BTC,1572944018088,2019-11-05T08:53:38.088Z,sell,5.605e-05,22.0,0.0012331
BCD/BTC,1572945203261,2019-11-05T09:13:23.261Z,sell,5.606e-05,30.0,0.0016818
BCD/BTC,1572945204766,2019-11-05T09:13:24.766Z,sell,5.606e-05,30.0,0.0016818
BCD/BTC,1572945212840,2019-11-05T09:13:32.840Z,sell,5.606e-05,258.0,0.01446348
BCD/BTC,1572945213156,2019-11-05T09:13:33.156Z,sell,5.606e-05,30.0,0.0016818
BCD/BTC,1572945213851,2019-11-05T09:13:33.851Z,sell,5.605e-05,181.0,0.01014505
BCD/BTC,1572945218653,2019-11-05T09:13:38.653Z,sell,5.606e-05,8.0,0.00044848
BCD/BTC,1572945218653,2019-11-05T09:13:38.653Z,sell,5.605e-05,39.0,0.00218595
BCD/BTC,1572945218968,2019-11-05T09:13:38.968Z,sell,5.605e-05,30.0,0.0016815
BCD/BTC,1572945401315,2019-11-05T09:16:41.315Z,buy,5.624e-05,103.0,0.0057927199999999
BCD/BTC,1572945401315,2019-11-05T09:16:41.315Z,buy,5.625e-05,119.0,0.00669375
BCD/BTC,1572945464258,2019-11-05T09:17:44.258Z,sell,5.616e-05,651.0,0.03656016
BCD/BTC,1572945464309,2019-11-05T09:17:44.309Z,sell,5.616e-05,40.0,0.0022464
BCD/BTC,1572945464741,2019-11-05T09:17:44.741Z,sell,5.605e-05,1094.0,0.0613187
BCD/BTC,1572945467855,2019-11-05T09:17:47.855Z,sell,5.605e-05,110.0,0.0061655
BCD/BTC,1572945474217,2019-11-05T09:17:54.217Z,buy,5.61e-05,269.0,0.0150909
BCD/BTC,1572945476114,2019-11-05T09:17:56.114Z,buy,5.61e-05,62.0,0.0034782
BCD/BTC,1572945476487,2019-11-05T09:17:56.487Z,sell,5.608e-05,286.0,0.01603888
BCD/BTC,1572945476487,2019-11-05T09:17:56.487Z,sell,5.605e-05,214.0,0.0119947
BCD/BTC,1572945497314,2019-11-05T09:18:17.314Z,sell,5.605e-05,251.0,0.01406855
BCD/BTC,1572945497314,2019-11-05T09:18:17.314Z,sell,5.603e-05,49.0,0.00274547
BCD/BTC,1572945660606,2019-11-05T09:21:00.606Z,sell,5.614e-05,9.0,0.00050526
BCD/BTC,1572945662113,2019-11-05T09:21:02.113Z,sell,5.614e-05,2.0,0.00011228
BCD/BTC,1572945662113,2019-11-05T09:21:02.113Z,sell,5.594e-05,131.0,0.00732814
BCD/BTC,1572945672667,2019-11-05T09:21:12.667Z,sell,5.598e-05,333.0,0.01864134
BCD/BTC,1572946219537,2019-11-05T09:30:19.537Z,sell,5.594e-05,3.0,0.00016782
BCD/BTC,1572946219537,2019-11-05T09:30:19.537Z,sell,5.587e-05,11.0,0.0006145699999999
BCD/BTC,1572946219537,2019-11-05T09:30:19.537Z,sell,5.579e-05,173.0,0.00965167
BCD/BTC,1572946219537,2019-11-05T09:30:19.537Z,sell,5.578e-05,7.0,0.0003904599999999
BCD/BTC,1572946219558,2019-11-05T09:30:19.558Z,sell,5.578e-05,32.0,0.00178496
BCD/BTC,1572946219558,2019-11-05T09:30:19.558Z,sell,5.573e-05,241.0,0.0134309299999999
BCD/BTC,1572946219577,2019-11-05T09:30:19.577Z,buy,5.572e-05,71.0,0.00395612
BCD/BTC,1572946221080,2019-11-05T09:30:21.080Z,sell,5.569e-05,3.0,0.0001670699999999
BCD/BTC,1572946221080,2019-11-05T09:30:21.080Z,sell,5.567e-05,119.0,0.00662473
BCD/BTC,1572946221080,2019-11-05T09:30:21.080Z,sell,5.566e-05,2.0,0.00011132
BCD/BTC,1572946287255,2019-11-05T09:31:27.255Z,buy,5.591e-05,1.0,5.591e-05
BCD/BTC,1572946351833,2019-11-05T09:32:31.833Z,buy,5.59e-05,3.0,0.0001676999999999
BCD/BTC,1572946351833,2019-11-05T09:32:31.833Z,buy,5.592e-05,355.0,0.0198516
BCD/BTC,1572946363084,2019-11-05T09:32:43.084Z,buy,5.591e-05,52.0,0.0029073199999999
BCD/BTC,1572946869211,2019-11-05T09:41:09.211Z,sell,5.575e-05,2.0,0.0001115
BCD/BTC,1572946869211,2019-11-05T09:41:09.211Z,sell,5.574e-05,93.0,0.00518382
BCD/BTC,1572946939702,2019-11-05T09:42:19.702Z,sell,5.577e-05,64.0,0.00356928
BCD/BTC,1572946939702,2019-11-05T09:42:19.702Z,sell,5.575e-05,64.0,0.003568
BCD/BTC,1572946939702,2019-11-05T09:42:19.702Z,sell,5.577e-05,64.0,0.00356928
BCD/BTC,1572946939702,2019-11-05T09:42:19.702Z,sell,5.575e-05,64.0,0.003568
BCD/BTC,1572948324059,2019-11-05T10:05:24.059Z,sell,5.57e-05,2.0,0.0001114
BCD/BTC,1572948479892,2019-11-05T10:07:59.892Z,sell,5.571e-05,120.0,0.0066852
BCD/BTC,1572949074262,2019-11-05T10:17:54.262Z,buy,5.569e-05,125.0,0.0069612499999999
BCD/BTC,1572949119946,2019-11-05T10:18:39.946Z,buy,5.569e-05,90.0,0.0050120999999999
BCD/BTC,1572949202326,2019-11-05T10:20:02.326Z,buy,5.583e-05,2.0,0.00011166
BCD/BTC,1572949202326,2019-11-05T10:20:02.326Z,buy,5.584e-05,126.0,0.00703584
BCD/BTC,1572949202326,2019-11-05T10:20:02.326Z,buy,5.585e-05,171.0,0.00955035
BCD/BTC,1572949223373,2019-11-05T10:20:23.373Z,buy,5.585e-05,2.0,0.0001117
BCD/BTC,1572949223373,2019-11-05T10:20:23.373Z,buy,5.591e-05,336.0,0.01878576
BCD/BTC,1572949223373,2019-11-05T10:20:23.373Z,buy,5.592e-05,446.0,0.02494032
BCD/BTC,1572949223373,2019-11-05T10:20:23.373Z,buy,5.585e-05,2.0,0.0001117
BCD/BTC,1572949223373,2019-11-05T10:20:23.373Z,buy,5.591e-05,336.0,0.01878576
BCD/BTC,1572949223373,2019-11-05T10:20:23.373Z,buy,5.592e-05,446.0,0.02494032
BCD/BTC,1572951431560,2019-11-05T10:57:11.560Z,buy,5.592e-05,4.0,0.00022368
BCD/BTC,1572951431560,2019-11-05T10:57:11.560Z,buy,5.595e-05,26.0,0.0014547
BCD/BTC,1572951431560,2019-11-05T10:57:11.560Z,buy,5.603e-05,3.0,0.00016809
BCD/BTC,1572951431560,2019-11-05T10:57:11.560Z,buy,5.604e-05,99.0,0.00554796
BCD/BTC,1572951431560,2019-11-05T10:57:11.560Z,buy,5.605e-05,246.0,0.0137883
BCD/BTC,1572951431560,2019-11-05T10:57:11.560Z,buy,5.606e-05,99.0,0.00554994
BCD/BTC,1572951431560,2019-11-05T10:57:11.560Z,buy,5.608e-05,93.0,0.00521544
BCD/BTC,1572951777684,2019-11-05T11:02:57.684Z,sell,5.597e-05,62.0,0.00347014
BCD/BTC,1572951988508,2019-11-05T11:06:28.508Z,sell,5.597e-05,2.0,0.00011194
BCD/BTC,1572951988508,2019-11-05T11:06:28.508Z,sell,5.595e-05,1.0,5.595e-05
BCD/BTC,1572952287969,2019-11-05T11:11:27.969Z,sell,5.598e-05,356.0,0.01992888
BCD/BTC,1572952287969,2019-11-05T11:11:27.969Z,sell,5.598e-05,356.0,0.01992888
BCD/BTC,1572953081473,2019-11-05T11:24:41.473Z,buy,5.597e-05,7.0,0.00039179
BCD/BTC,1572953238275,2019-11-05T11:27:18.275Z,sell,5.573e-05,35.0,0.00195055
BCD/BTC,1572953493850,2019-11-05T11:31:33.850Z,buy,5.596e-05,357.0,0.01997772
BCD/BTC,1572953493850,2019-11-05T11:31:33.850Z,buy,5.597e-05,72.0,0.00402984
BCD/BTC,1572954165556,2019-11-05T11:42:45.556Z,buy,5.605e-05,236.0,0.0132278
BCD/BTC,1572954165556,2019-11-05T11:42:45.556Z,buy,5.606e-05,453.0,0.02539518
BCD/BTC,1572954176063,2019-11-05T11:42:56.063Z,buy,5.608e-05,6.0,0.00033648
BCD/BTC,1572954176085,2019-11-05T11:42:56.085Z,sell,5.608e-05,71.0,0.00398168
BCD/BTC,1572954218031,2019-11-05T11:43:38.031Z,buy,5.608e-05,2.0,0.00011216
BCD/BTC,1572954218031,2019-11-05T11:43:38.031Z,buy,5.609e-05,155.0,0.00869395
BCD/BTC,1572954319449,2019-11-05T11:45:19.449Z,buy,5.616e-05,104.0,0.0058406399999999
BCD/BTC,1572954402903,2019-11-05T11:46:42.903Z,buy,5.617e-05,69.0,0.00387573
BCD/BTC,1572954402903,2019-11-05T11:46:42.903Z,buy,5.618e-05,189.0,0.01061802
BCD/BTC,1572954687005,2019-11-05T11:51:27.005Z,buy,5.627e-05,20.0,0.0011254
BCD/BTC,1572954688177,2019-11-05T11:51:28.177Z,sell,5.618e-05,65.0,0.0036517
BCD/BTC,1572954688269,2019-11-05T11:51:28.269Z,sell,5.618e-05,5.0,0.0002809
BCD/BTC,1572954702631,2019-11-05T11:51:42.631Z,sell,5.592e-05,8.0,0.00044736
BCD/BTC,1572954704814,2019-11-05T11:51:44.814Z,sell,5.597e-05,30.0,0.0016791
BCD/BTC,1572954965884,2019-11-05T11:56:05.884Z,buy,5.623e-05,127.0,0.00714121
BCD/BTC,1572955081935,2019-11-05T11:58:01.935Z,buy,5.624e-05,30.0,0.0016871999999999
BCD/BTC,1572955081935,2019-11-05T11:58:01.935Z,buy,5.625e-05,193.0,0.01085625
BCD/BTC,1572955164291,2019-11-05T11:59:24.291Z,sell,5.605e-05,347.0,0.01944935
BCD/BTC,1572955164291,2019-11-05T11:59:24.291Z,sell,5.605e-05,347.0,0.01944935
BCD/BTC,1572955970930,2019-11-05T12:12:50.930Z,sell,5.6e-05,235.0,0.01316
BCD/BTC,1572955972099,2019-11-05T12:12:52.099Z,sell,5.6e-05,148.0,0.008288
BCD/BTC,1572955974207,2019-11-05T12:12:54.207Z,sell,5.6e-05,64.0,0.003584
BCD/BTC,1572955974825,2019-11-05T12:12:54.825Z,sell,5.6e-05,30.0,0.00168
BCD/BTC,1572955977178,2019-11-05T12:12:57.178Z,sell,5.6e-05,9.0,0.000504
BCD/BTC,1572955988692,2019-11-05T12:13:08.692Z,sell,5.6e-05,9.0,0.000504
BCD/BTC,1572956225188,2019-11-05T12:17:05.188Z,sell,5.6e-05,1.0,5.6e-05
BCD/BTC,1572956302880,2019-11-05T12:18:22.880Z,buy,5.599e-05,347.0,0.01942853
BCD/BTC,1572956302880,2019-11-05T12:18:22.880Z,buy,5.6e-05,197.0,0.011032
BCD/BTC,1572956550432,2019-11-05T12:22:30.432Z,buy,5.579e-05,4.0,0.00022316
BCD/BTC,1572956777556,2019-11-05T12:26:17.556Z,sell,5.583e-05,234.0,0.01306422
BCD/BTC,1572956777556,2019-11-05T12:26:17.556Z,sell,5.582e-05,358.0,0.0199835599999999
BCD/BTC,1572956777556,2019-11-05T12:26:17.556Z,sell,5.581e-05,38.0,0.00212078
BCD/BTC,1572957354427,2019-11-05T12:35:54.427Z,buy,5.599e-05,17.0,0.00095183
BCD/BTC,1572957439150,2019-11-05T12:37:19.150Z,buy,5.596e-05,90.0,0.0050364
BCD/BTC,1572957439150,2019-11-05T12:37:19.150Z,buy,5.598e-05,91.0,0.00509418
BCD/BTC,1572957439150,2019-11-05T12:37:19.150Z,buy,5.599e-05,341.0,0.01909259
BCD/BTC,1572957439196,2019-11-05T12:37:19.196Z,buy,5.6e-05,80.0,0.00448
BCD/BTC,1572957787858,2019-11-05T12:43:07.858Z,buy,5.6e-05,678.0,0.037968
BCD/BTC,1572957854648,2019-11-05T12:44:14.648Z,buy,5.6e-05,40.0,0.00224
BCD/BTC,1572957854648,2019-11-05T12:44:14.648Z,buy,5.602e-05,104.0,0.00582608
BCD/BTC,1572958001966,2019-11-05T12:46:41.966Z,buy,5.602e-05,28.0,0.00156856
BCD/BTC,1572958002900,2019-11-05T12:46:42.900Z,buy,5.602e-05,98.0,0.00548996
BCD/BTC,1572958003001,2019-11-05T12:46:43.001Z,buy,5.602e-05,16.0,0.00089632
BCD/BTC,1572958048341,2019-11-05T12:47:28.341Z,sell,5.581e-05,5.0,0.00027905
BCD/BTC,1572958048341,2019-11-05T12:47:28.341Z,sell,5.579e-05,2.0,0.00011158
BCD/BTC,1572958048341,2019-11-05T12:47:28.341Z,sell,5.577e-05,11.0,0.00061347
BCD/BTC,1572958604608,2019-11-05T12:56:44.608Z,buy,5.603e-05,1.0,5.603e-05
BCD/BTC,1572958604608,2019-11-05T12:56:44.608Z,buy,5.603e-05,1.0,5.603e-05
BCD/BTC,1572958864482,2019-11-05T13:01:04.482Z,buy,5.603e-05,12.0,0.00067236
BCD/BTC,1572958864482,2019-11-05T13:01:04.482Z,buy,5.604e-05,67.0,0.00375468
BCD/BTC,1572958885133,2019-11-05T13:01:25.133Z,buy,5.604e-05,262.0,0.01468248
BCD/BTC,1572958889359,2019-11-05T13:01:29.359Z,buy,5.605e-05,117.0,0.00655785
BCD/BTC,1572958927762,2019-11-05T13:02:07.762Z,buy,5.605e-05,728.0,0.0408044
BCD/BTC,1572960111517,2019-11-05T13:21:51.517Z,sell,5.605e-05,10.0,0.0005605
BCD/BTC,1572960111517,2019-11-05T13:21:51.517Z,sell,5.591e-05,204.0,0.01140564
BCD/BTC,1572960111517,2019-11-05T13:21:51.517Z,sell,5.59e-05,356.0,0.0199004
BCD/BTC,1572960111517,2019-11-05T13:21:51.517Z,sell,5.587e-05,868.0,0.0484951599999999
BCD/BTC,1572960111517,2019-11-05T13:21:51.517Z,sell,5.586e-05,178.0,0.00994308
BCD/BTC,1572960111543,2019-11-05T13:21:51.543Z,buy,5.58e-05,35.0,0.001953
BCD/BTC,1572960111552,2019-11-05T13:21:51.552Z,buy,5.58e-05,120.0,0.006696
BCD/BTC,1572960111566,2019-11-05T13:21:51.566Z,buy,5.58e-05,119.0,0.0066402
BCD/BTC,1572960111579,2019-11-05T13:21:51.579Z,buy,5.58e-05,91.0,0.0050778
BCD/BTC,1572960111619,2019-11-05T13:21:51.619Z,buy,5.58e-05,425.0,0.023715
BCD/BTC,1572960111742,2019-11-05T13:21:51.742Z,buy,5.58e-05,26.0,0.0014508
BCD/BTC,1572960114891,2019-11-05T13:21:54.891Z,buy,5.58e-05,3307.0,0.1845306
BCD/BTC,1572960122473,2019-11-05T13:22:02.473Z,buy,5.58e-05,30.0,0.001674
BCD/BTC,1572960136792,2019-11-05T13:22:16.792Z,buy,5.62e-05,2.0,0.0001124
BCD/BTC,1572960627338,2019-11-05T13:30:27.338Z,sell,5.591e-05,3.0,0.00016773
BCD/BTC,1572960627338,2019-11-05T13:30:27.338Z,sell,5.59e-05,97.0,0.0054223
BCD/BTC,1572960928868,2019-11-05T13:35:28.868Z,sell,5.586e-05,8.0,0.00044688
BCD/BTC,1572960928868,2019-11-05T13:35:28.868Z,sell,5.583e-05,23.0,0.0012840899999999
BCD/BTC,1572961072593,2019-11-05T13:37:52.593Z,sell,5.583e-05,107.0,0.0059738099999999
BCD/BTC,1572961073186,2019-11-05T13:37:53.186Z,sell,5.583e-05,107.0,0.0059738099999999
BCD/BTC,1572961075382,2019-11-05T13:37:55.382Z,sell,5.583e-05,107.0,0.0059738099999999
BCD/BTC,1572961077603,2019-11-05T13:37:57.603Z,sell,5.584e-05,107.0,0.00597488
BCD/BTC,1572961080046,2019-11-05T13:38:00.046Z,sell,5.583e-05,107.0,0.0059738099999999
BCD/BTC,1572961082168,2019-11-05T13:38:02.168Z,sell,5.583e-05,107.0,0.0059738099999999
BCD/BTC,1572961084647,2019-11-05T13:38:04.647Z,sell,5.583e-05,271.0,0.01512993
BCD/BTC,1572961084900,2019-11-05T13:38:04.900Z,sell,5.583e-05,107.0,0.0059738099999999
BCD/BTC,1572961087271,2019-11-05T13:38:07.271Z,sell,5.582e-05,107.0,0.00597274
BCD/BTC,1572961089401,2019-11-05T13:38:09.401Z,sell,5.582e-05,43.0,0.00240026
BCD/BTC,1572961299591,2019-11-05T13:41:39.591Z,sell,5.584e-05,43.0,0.00240112
BCD/BTC,1572961867148,2019-11-05T13:51:07.148Z,sell,5.584e-05,5.0,0.0002792
BCD/BTC,1572961890546,2019-11-05T13:51:30.546Z,sell,5.584e-05,25.0,0.001396
BCD/BTC,1572961890546,2019-11-05T13:51:30.546Z,sell,5.583e-05,82.0,0.00457806
BCD/BTC,1572961892721,2019-11-05T13:51:32.721Z,sell,5.583e-05,107.0,0.0059738099999999
BCD/BTC,1572961895139,2019-11-05T13:51:35.139Z,sell,5.583e-05,107.0,0.0059738099999999
BCD/BTC,1572961898974,2019-11-05T13:51:38.974Z,sell,5.583e-05,107.0,0.0059738099999999
BCD/BTC,1572961899875,2019-11-05T13:51:39.875Z,sell,5.583e-05,107.0,0.0059738099999999
BCD/BTC,1572961902089,2019-11-05T13:51:42.089Z,sell,5.583e-05,107.0,0.0059738099999999
BCD/BTC,1572961904303,2019-11-05T13:51:44.303Z,sell,5.583e-05,107.0,0.0059738099999999
BCD/BTC,1572961906738,2019-11-05T13:51:46.738Z,sell,5.583e-05,16.0,0.00089328
BCD/BTC,1572961906978,2019-11-05T13:51:46.978Z,sell,5.583e-05,271.0,0.01512993
BCD/BTC,1572962030655,2019-11-05T13:53:50.655Z,buy,5.605e-05,56.0,0.0031388
BCD/BTC,1572962040612,2019-11-05T13:54:00.612Z,buy,5.605e-05,97.0,0.00543685
BCD/BTC,1572962160268,2019-11-05T13:56:00.268Z,buy,5.604e-05,64.0,0.00358656
BCD/BTC,1572962164963,2019-11-05T13:56:04.963Z,buy,5.604e-05,63.0,0.00353052
BCD/BTC,1572962173096,2019-11-05T13:56:13.096Z,buy,5.604e-05,63.0,0.00353052
BCD/BTC,1572962191858,2019-11-05T13:56:31.858Z,buy,5.604e-05,14.0,0.00078456
BCD/BTC,1572962191858,2019-11-05T13:56:31.858Z,buy,5.605e-05,50.0,0.0028025
BCD/BTC,1572962197469,2019-11-05T13:56:37.469Z,buy,5.605e-05,920.0,0.051566
BCD/BTC,1572962197469,2019-11-05T13:56:37.469Z,buy,5.605e-05,920.0,0.051566
BCD/BTC,1572962280789,2019-11-05T13:58:00.789Z,buy,5.605e-05,42.0,0.0023541
BCD/BTC,1572963155821,2019-11-05T14:12:35.821Z,buy,5.605e-05,23.0,0.00128915
BCD/BTC,1572963155821,2019-11-05T14:12:35.821Z,buy,5.612e-05,98.0,0.0054997599999999
BCD/BTC,1572963155821,2019-11-05T14:12:35.821Z,buy,5.613e-05,785.0,0.04406205
BCD/BTC,1572963155821,2019-11-05T14:12:35.821Z,buy,5.615e-05,892.0,0.0500858
BCD/BTC,1572963155821,2019-11-05T14:12:35.821Z,buy,5.616e-05,382.0,0.02145312
BCD/BTC,1572963805240,2019-11-05T14:23:25.240Z,sell,5.594e-05,144.0,0.00805536
BCD/BTC,1572964268489,2019-11-05T14:31:08.489Z,sell,5.591e-05,169.0,0.00944879
BCD/BTC,1572964268489,2019-11-05T14:31:08.489Z,sell,5.59e-05,55.0,0.0030745
BCD/BTC,1572964268760,2019-11-05T14:31:08.760Z,sell,5.592e-05,4.0,0.00022368
BCD/BTC,1572964268898,2019-11-05T14:31:08.898Z,sell,5.592e-05,95.0,0.0053124
BCD/BTC,1572964269268,2019-11-05T14:31:09.268Z,sell,5.592e-05,30.0,0.0016776
BCD/BTC,1572964274274,2019-11-05T14:31:14.274Z,sell,5.592e-05,17.0,0.00095064
BCD/BTC,1572964274442,2019-11-05T14:31:14.442Z,sell,5.592e-05,30.0,0.0016776
BCD/BTC,1572964274508,2019-11-05T14:31:14.508Z,sell,5.592e-05,11.0,0.00061512
BCD/BTC,1572964274508,2019-11-05T14:31:14.508Z,sell,5.589e-05,6.0,0.00033534
BCD/BTC,1572964274559,2019-11-05T14:31:14.559Z,sell,5.589e-05,17.0,0.00095013
BCD/BTC,1572964274791,2019-11-05T14:31:14.791Z,sell,5.589e-05,14.0,0.00078246
BCD/BTC,1572964274885,2019-11-05T14:31:14.885Z,sell,5.589e-05,14.0,0.00078246
BCD/BTC,1572964609003,2019-11-05T14:36:49.003Z,sell,5.584e-05,30.0,0.0016752
BCD/BTC,1572964609853,2019-11-05T14:36:49.853Z,sell,5.584e-05,48.0,0.00268032
BCD/BTC,1572964614960,2019-11-05T14:36:54.960Z,sell,5.584e-05,9.0,0.00050256
BCD/BTC,1572964615107,2019-11-05T14:36:55.107Z,sell,5.583e-05,53.0,0.00295899
BCD/BTC,1572964615658,2019-11-05T14:36:55.658Z,sell,5.584e-05,54.0,0.00301536
BCD/BTC,1572964615784,2019-11-05T14:36:55.784Z,sell,5.584e-05,12.0,0.00067008
BCD/BTC,1572964615784,2019-11-05T14:36:55.784Z,sell,5.583e-05,55.0,0.00307065
BCD/BTC,1572964615831,2019-11-05T14:36:55.831Z,sell,5.583e-05,22.0,0.00122826
BCD/BTC,1572964616386,2019-11-05T14:36:56.386Z,sell,5.585e-05,125.0,0.00698125
BCD/BTC,1572964616487,2019-11-05T14:36:56.487Z,sell,5.585e-05,8.0,0.0004468
BCD/BTC,1572964616487,2019-11-05T14:36:56.487Z,sell,5.583e-05,34.0,0.00189822
BCD/BTC,1572964616487,2019-11-05T14:36:56.487Z,sell,5.581e-05,2.0,0.00011162
BCD/BTC,1572964616574,2019-11-05T14:36:56.574Z,sell,5.581e-05,37.0,0.00206497
BCD/BTC,1572964616574,2019-11-05T14:36:56.574Z,sell,5.58e-05,92.0,0.0051336
BCD/BTC,1572964616589,2019-11-05T14:36:56.589Z,sell,5.58e-05,41.0,0.0022878
BCD/BTC,1572964616662,2019-11-05T14:36:56.662Z,sell,5.58e-05,12.0,0.0006696
BCD/BTC,1572964617475,2019-11-05T14:36:57.475Z,sell,5.58e-05,382.0,0.0213156
BCD/BTC,1572964617993,2019-11-05T14:36:57.993Z,sell,5.58e-05,365.0,0.020367
BCD/BTC,1572964617993,2019-11-05T14:36:57.993Z,sell,5.579e-05,18.0,0.00100422
BCD/BTC,1572964618689,2019-11-05T14:36:58.689Z,sell,5.579e-05,30.0,0.0016737
BCD/BTC,1572964618718,2019-11-05T14:36:58.718Z,sell,5.579e-05,13.0,0.00072527
BCD/BTC,1572964731350,2019-11-05T14:38:51.350Z,sell,5.579e-05,77.0,0.00429583
BCD/BTC,1572964738792,2019-11-05T14:38:58.792Z,sell,5.579e-05,141.0,0.00786639
BCD/BTC,1572964738827,2019-11-05T14:38:58.827Z,sell,5.579e-05,48.0,0.00267792
BCD/BTC,1572964753851,2019-11-05T14:39:13.851Z,sell,5.579e-05,30.0,0.0016737
BCD/BTC,1572964754383,2019-11-05T14:39:14.383Z,sell,5.579e-05,56.0,0.00312424
BCD/BTC,1572964757743,2019-11-05T14:39:17.743Z,sell,5.579e-05,113.0,0.00630427
BCD/BTC,1572964758122,2019-11-05T14:39:18.122Z,sell,5.579e-05,30.0,0.0016737
BCD/BTC,1572964758353,2019-11-05T14:39:18.353Z,sell,5.579e-05,30.0,0.0016737
BCD/BTC,1572964758581,2019-11-05T14:39:18.581Z,sell,5.579e-05,212.0,0.01182748
BCD/BTC,1572964759330,2019-11-05T14:39:19.330Z,sell,5.579e-05,30.0,0.0016737
BCD/BTC,1572964759511,2019-11-05T14:39:19.511Z,sell,5.579e-05,226.0,0.01260854
BCD/BTC,1572964759741,2019-11-05T14:39:19.741Z,sell,5.579e-05,121.0,0.00675059
BCD/BTC,1572964759783,2019-11-05T14:39:19.783Z,buy,5.573e-05,99.0,0.0055172699999999
BCD/BTC,1572964770339,2019-11-05T14:39:30.339Z,sell,5.57e-05,2.0,0.0001114
BCD/BTC,1572964770339,2019-11-05T14:39:30.339Z,sell,5.569e-05,3.0,0.0001670699999999
BCD/BTC,1572964770339,2019-11-05T14:39:30.339Z,sell,5.565e-05,20.0,0.0011129999999999
BCD/BTC,1572964820653,2019-11-05T14:40:20.653Z,buy,5.589e-05,20.0,0.0011178
BCD/BTC,1572964826267,2019-11-05T14:40:26.267Z,buy,5.588e-05,20.0,0.0011176
BCD/BTC,1572964865124,2019-11-05T14:41:05.124Z,buy,5.589e-05,28.0,0.00156492
BCD/BTC,1572964875617,2019-11-05T14:41:15.617Z,buy,5.589e-05,10.0,0.0005589
BCD/BTC,1572965160114,2019-11-05T14:46:00.114Z,buy,5.588e-05,18.0,0.00100584
BCD/BTC,1572965346659,2019-11-05T14:49:06.659Z,sell,5.566e-05,76.0,0.00423016
BCD/BTC,1572965346659,2019-11-05T14:49:06.659Z,sell,5.565e-05,136.0,0.0075683999999999
BCD/BTC,1572965770863,2019-11-05T14:56:10.863Z,buy,5.592e-05,25.0,0.001398
BCD/BTC,1572965770863,2019-11-05T14:56:10.863Z,buy,5.592e-05,25.0,0.001398
BCD/BTC,1572965887057,2019-11-05T14:58:07.057Z,sell,5.589e-05,75.0,0.00419175
BCD/BTC,1572965912327,2019-11-05T14:58:32.327Z,sell,5.589e-05,30.0,0.0016767
BCD/BTC,1572966070838,2019-11-05T15:01:10.838Z,sell,5.577e-05,10.0,0.0005577
BCD/BTC,1572966300986,2019-11-05T15:05:00.986Z,buy,5.598e-05,5.0,0.0002799
BCD/BTC,1572966309377,2019-11-05T15:05:09.377Z,buy,5.598e-05,29.0,0.00162342
BCD/BTC,1572966311765,2019-11-05T15:05:11.765Z,buy,5.603e-05,3.0,0.00016809
BCD/BTC,1572966311765,2019-11-05T15:05:11.765Z,buy,5.605e-05,20.0,0.001121
BCD/BTC,1572966343212,2019-11-05T15:05:43.212Z,buy,5.605e-05,22.0,0.0012331
BCD/BTC,1572966797402,2019-11-05T15:13:17.402Z,buy,5.599e-05,22.0,0.00123178
BCD/BTC,1572967818018,2019-11-05T15:30:18.018Z,sell,5.569e-05,3.0,0.0001670699999999
BCD/BTC,1572967818018,2019-11-05T15:30:18.018Z,sell,5.563e-05,5.0,0.00027815
BCD/BTC,1572967818018,2019-11-05T15:30:18.018Z,sell,5.546e-05,89.0,0.00493594
BCD/BTC,1572967850081,2019-11-05T15:30:50.081Z,buy,5.585e-05,227.0,0.01267795
BCD/BTC,1572967850081,2019-11-05T15:30:50.081Z,buy,5.586e-05,359.0,0.02005374
BCD/BTC,1572967850081,2019-11-05T15:30:50.081Z,buy,5.587e-05,206.0,0.01150922
BCD/BTC,1572967852418,2019-11-05T15:30:52.418Z,sell,5.586e-05,30.0,0.0016757999999999
BCD/BTC,1572967852516,2019-11-05T15:30:52.516Z,sell,5.586e-05,59.0,0.0032957399999999
BCD/BTC,1572968025224,2019-11-05T15:33:45.224Z,sell,5.586e-05,71.0,0.0039660599999999
BCD/BTC,1572968517262,2019-11-05T15:41:57.262Z,buy,5.584e-05,83.0,0.00463472
BCD/BTC,1572968517262,2019-11-05T15:41:57.262Z,buy,5.585e-05,27.0,0.00150795
BCD/BTC,1572968517262,2019-11-05T15:41:57.262Z,buy,5.586e-05,55.0,0.0030723
BCD/BTC,1572968527477,2019-11-05T15:42:07.477Z,buy,5.589e-05,110.0,0.0061479
BCD/BTC,1572968527477,2019-11-05T15:42:07.477Z,buy,5.59e-05,179.0,0.0100060999999999
BCD/BTC,1572968860607,2019-11-05T15:47:40.607Z,buy,5.597e-05,5.0,0.00027985
BCD/BTC,1572968860607,2019-11-05T15:47:40.607Z,buy,5.602e-05,178.0,0.00997156
BCD/BTC,1572968860607,2019-11-05T15:47:40.607Z,buy,5.603e-05,3.0,0.00016809
BCD/BTC,1572968860607,2019-11-05T15:47:40.607Z,buy,5.605e-05,364.0,0.0204022
BCD/BTC,1572969144685,2019-11-05T15:52:24.685Z,sell,5.575e-05,2.0,0.0001115
BCD/BTC,1572969245867,2019-11-05T15:54:05.867Z,sell,5.583e-05,148.0,0.00826284
BCD/BTC,1572969245867,2019-11-05T15:54:05.867Z,sell,5.583e-05,148.0,0.00826284
BCD/BTC,1572969742884,2019-11-05T16:02:22.884Z,buy,5.603e-05,150.0,0.0084044999999999
BCD/BTC,1572969793813,2019-11-05T16:03:13.813Z,buy,5.604e-05,71.0,0.00397884
BCD/BTC,1572969796921,2019-11-05T16:03:16.921Z,sell,5.58e-05,235.0,0.013113
BCD/BTC,1572969796921,2019-11-05T16:03:16.921Z,sell,5.579e-05,289.0,0.01612331
BCD/BTC,1572969798774,2019-11-05T16:03:18.774Z,buy,5.608e-05,78.0,0.00437424
BCD/BTC,1572969800343,2019-11-05T16:03:20.343Z,buy,5.606e-05,25.0,0.0014015
BCD/BTC,1572969802201,2019-11-05T16:03:22.201Z,buy,5.606e-05,25.0,0.0014015
BCD/BTC,1572969802830,2019-11-05T16:03:22.830Z,buy,5.606e-05,29.0,0.00162574
BCD/BTC,1572969802964,2019-11-05T16:03:22.964Z,sell,5.606e-05,25.0,0.0014015
BCD/BTC,1572969803855,2019-11-05T16:03:23.855Z,buy,5.61e-05,25.0,0.0014025
BCD/BTC,1572969804895,2019-11-05T16:03:24.895Z,buy,5.609e-05,25.0,0.00140225
BCD/BTC,1572969805296,2019-11-05T16:03:25.296Z,buy,5.609e-05,53.0,0.00297277
BCD/BTC,1572969805797,2019-11-05T16:03:25.797Z,buy,5.611e-05,25.0,0.00140275
BCD/BTC,1572969806813,2019-11-05T16:03:26.813Z,buy,5.611e-05,25.0,0.00140275
BCD/BTC,1572969808548,2019-11-05T16:03:28.548Z,buy,5.61e-05,25.0,0.0014025
BCD/BTC,1572969809022,2019-11-05T16:03:29.022Z,buy,5.61e-05,239.0,0.0134079
BCD/BTC,1572969809512,2019-11-05T16:03:29.512Z,buy,5.611e-05,25.0,0.00140275
BCD/BTC,1572969810782,2019-11-05T16:03:30.782Z,buy,5.611e-05,25.0,0.00140275
BCD/BTC,1572969811745,2019-11-05T16:03:31.745Z,buy,5.611e-05,75.0,0.00420825
BCD/BTC,1572969811854,2019-11-05T16:03:31.854Z,buy,5.612e-05,25.0,0.001403
BCD/BTC,1572969813060,2019-11-05T16:03:33.060Z,buy,5.612e-05,25.0,0.001403
BCD/BTC,1572969814334,2019-11-05T16:03:34.334Z,buy,5.612e-05,25.0,0.001403
BCD/BTC,1572969815529,2019-11-05T16:03:35.529Z,buy,5.612e-05,25.0,0.001403
BCD/BTC,1572969816724,2019-11-05T16:03:36.724Z,buy,5.612e-05,25.0,0.001403
BCD/BTC,1572969816872,2019-11-05T16:03:36.872Z,buy,5.612e-05,122.0,0.0068466399999999
BCD/BTC,1572969818449,2019-11-05T16:03:38.449Z,buy,5.612e-05,237.0,0.01330044
BCD/BTC,1572969818979,2019-11-05T16:03:38.979Z,buy,5.616e-05,25.0,0.0014039999999999
BCD/BTC,1572969820276,2019-11-05T16:03:40.276Z,buy,5.616e-05,25.0,0.0014039999999999
BCD/BTC,1572969822563,2019-11-05T16:03:42.563Z,buy,5.616e-05,25.0,0.0014039999999999
BCD/BTC,1572969825455,2019-11-05T16:03:45.455Z,buy,5.616e-05,327.0,0.01836432
BCD/BTC,1572969826552,2019-11-05T16:03:46.552Z,buy,5.619e-05,25.0,0.00140475
BCD/BTC,1572970037052,2019-11-05T16:07:17.052Z,sell,5.614e-05,30.0,0.0016842
BCD/BTC,1572970038334,2019-11-05T16:07:18.334Z,sell,5.614e-05,30.0,0.0016842
BCD/BTC,1572970059659,2019-11-05T16:07:39.659Z,sell,5.616e-05,53.0,0.0029764799999999
BCD/BTC,1572970060785,2019-11-05T16:07:40.785Z,sell,5.616e-05,58.0,0.00325728
BCD/BTC,1572970061639,2019-11-05T16:07:41.639Z,sell,5.617e-05,166.0,0.00932422
BCD/BTC,1572970063150,2019-11-05T16:07:43.150Z,sell,5.617e-05,168.0,0.00943656
BCD/BTC,1572970069029,2019-11-05T16:07:49.029Z,sell,5.617e-05,212.0,0.01190804
BCD/BTC,1572970069029,2019-11-05T16:07:49.029Z,sell,5.616e-05,92.0,0.00516672
BCD/BTC,1572970075869,2019-11-05T16:07:55.869Z,sell,5.616e-05,94.0,0.00527904
BCD/BTC,1572970076261,2019-11-05T16:07:56.261Z,sell,5.616e-05,20.0,0.0011232
BCD/BTC,1572970076698,2019-11-05T16:07:56.698Z,sell,5.616e-05,30.0,0.0016848
BCD/BTC,1572970088003,2019-11-05T16:08:08.003Z,sell,5.612e-05,150.0,0.008418
BCD/BTC,1572970088065,2019-11-05T16:08:08.065Z,sell,5.612e-05,27.0,0.00151524
BCD/BTC,1572970088106,2019-11-05T16:08:08.106Z,sell,5.611e-05,50.0,0.0028055
BCD/BTC,1572970088282,2019-11-05T16:08:08.282Z,sell,5.611e-05,9.0,0.00050499
BCD/BTC,1572970588389,2019-11-05T16:16:28.389Z,buy,5.625e-05,44.0,0.0024749999999999
BCD/BTC,1572970615118,2019-11-05T16:16:55.118Z,sell,5.611e-05,147.0,0.00824817
BCD/BTC,1572970616427,2019-11-05T16:16:56.427Z,sell,5.611e-05,59.0,0.00331049
BCD/BTC,1572970674492,2019-11-05T16:17:54.492Z,sell,5.611e-05,30.0,0.0016833
BCD/BTC,1572970674885,2019-11-05T16:17:54.885Z,sell,5.611e-05,2.0,0.00011222
BCD/BTC,1572970692324,2019-11-05T16:18:12.324Z,sell,5.59e-05,28.0,0.0015651999999999
BCD/BTC,1572970740984,2019-11-05T16:19:00.984Z,buy,5.59e-05,20.0,0.0011179999999999
BCD/BTC,1572970740984,2019-11-05T16:19:00.984Z,buy,5.621e-05,5.0,0.00028105
BCD/BTC,1572971183295,2019-11-05T16:26:23.295Z,buy,5.613e-05,83.0,0.00465879
BCD/BTC,1572971708008,2019-11-05T16:35:08.008Z,buy,5.631e-05,362.0,0.02038422
BCD/BTC,1572971708008,2019-11-05T16:35:08.008Z,buy,5.632e-05,298.0,0.01678336
BCD/BTC,1572971711871,2019-11-05T16:35:11.871Z,buy,5.63e-05,660.0,0.037158
BCD/BTC,1572971715490,2019-11-05T16:35:15.490Z,buy,5.631e-05,893.0,0.05028483
BCD/BTC,1572971762637,2019-11-05T16:36:02.637Z,buy,5.63e-05,356.0,0.0200428
BCD/BTC,1572971762637,2019-11-05T16:36:02.637Z,buy,5.631e-05,6.0,0.00033786
BCD/BTC,1572971762666,2019-11-05T16:36:02.666Z,sell,5.631e-05,86.0,0.00484266
BCD/BTC,1572971769880,2019-11-05T16:36:09.880Z,buy,5.625e-05,311.0,0.01749375
BCD/BTC,1572971770325,2019-11-05T16:36:10.325Z,sell,5.597e-05,5.0,0.00027985
BCD/BTC,1572971770325,2019-11-05T16:36:10.325Z,sell,5.589e-05,48.0,0.00268272
BCD/BTC,1572971784005,2019-11-05T16:36:24.005Z,buy,5.63e-05,136.0,0.0076568
BCD/BTC,1572971844021,2019-11-05T16:37:24.021Z,buy,5.63e-05,849.0,0.0477987
BCD/BTC,1572971848865,2019-11-05T16:37:28.865Z,buy,5.63e-05,625.0,0.0351875
BCD/BTC,1572971914168,2019-11-05T16:38:34.168Z,sell,5.614e-05,107.0,0.00600698
BCD/BTC,1572971915758,2019-11-05T16:38:35.758Z,sell,5.614e-05,110.0,0.0061754
BCD/BTC,1572971915859,2019-11-05T16:38:35.859Z,sell,5.614e-05,13.0,0.00072982
BCD/BTC,1572971916055,2019-11-05T16:38:36.055Z,sell,5.614e-05,4.0,0.00022456
BCD/BTC,1572971916055,2019-11-05T16:38:36.055Z,sell,5.609e-05,26.0,0.00145834
BCD/BTC,1572971916620,2019-11-05T16:38:36.620Z,sell,5.614e-05,69.0,0.00387366
BCD/BTC,1572971916958,2019-11-05T16:38:36.958Z,sell,5.614e-05,75.0,0.0042105
BCD/BTC,1572971917150,2019-11-05T16:38:37.150Z,sell,5.614e-05,12.0,0.00067368
BCD/BTC,1572971917150,2019-11-05T16:38:37.150Z,sell,5.61e-05,18.0,0.0010098
BCD/BTC,1572971920163,2019-11-05T16:38:40.163Z,sell,5.614e-05,51.0,0.00286314
BCD/BTC,1572971920185,2019-11-05T16:38:40.185Z,sell,5.614e-05,106.0,0.00595084
BCD/BTC,1572971920530,2019-11-05T16:38:40.530Z,sell,5.614e-05,114.0,0.00639996
BCD/BTC,1572971926889,2019-11-05T16:38:46.889Z,buy,5.63e-05,89.0,0.0050107
BCD/BTC,1572971940854,2019-11-05T16:39:00.854Z,sell,5.617e-05,30.0,0.0016851
BCD/BTC,1572971943374,2019-11-05T16:39:03.374Z,sell,5.617e-05,34.0,0.00190978
BCD/BTC,1572971952183,2019-11-05T16:39:12.183Z,sell,5.617e-05,32.0,0.00179744
BCD/BTC,1572971954965,2019-11-05T16:39:14.965Z,sell,5.617e-05,30.0,0.0016851
BCD/BTC,1572972139509,2019-11-05T16:42:19.509Z,sell,5.615e-05,34.0,0.0019091
BCD/BTC,1572972140532,2019-11-05T16:42:20.532Z,sell,5.615e-05,25.0,0.00140375
BCD/BTC,1572972140532,2019-11-05T16:42:20.532Z,sell,5.614e-05,5.0,0.0002807
BCD/BTC,1572972246279,2019-11-05T16:44:06.279Z,buy,5.631e-05,7.0,0.00039417
BCD/BTC,1572972246279,2019-11-05T16:44:06.279Z,buy,5.633e-05,13.0,0.00073229
BCD/BTC,1572972246279,2019-11-05T16:44:06.279Z,buy,5.637e-05,94.0,0.0052987799999999
BCD/BTC,1572972265621,2019-11-05T16:44:25.621Z,buy,5.637e-05,145.0,0.00817365
BCD/BTC,1572972269212,2019-11-05T16:44:29.212Z,buy,5.637e-05,112.0,0.00631344
BCD/BTC,1572972274336,2019-11-05T16:44:34.336Z,buy,5.638e-05,3.0,0.00016914
BCD/BTC,1572972274373,2019-11-05T16:44:34.373Z,sell,5.638e-05,66.0,0.00372108
BCD/BTC,1572972274373,2019-11-05T16:44:34.373Z,sell,5.638e-05,5.0,0.0002818999999999
BCD/BTC,1572972277931,2019-11-05T16:44:37.931Z,buy,5.632e-05,144.0,0.00811008
BCD/BTC,1572972311341,2019-11-05T16:45:11.341Z,buy,5.637e-05,71.0,0.00400227
BCD/BTC,1572972315417,2019-11-05T16:45:15.417Z,buy,5.639e-05,51.0,0.00287589
BCD/BTC,1572972341964,2019-11-05T16:45:41.964Z,sell,5.621e-05,110.0,0.0061830999999999
BCD/BTC,1572972342263,2019-11-05T16:45:42.263Z,sell,5.621e-05,38.0,0.00213598
BCD/BTC,1572972342295,2019-11-05T16:45:42.295Z,sell,5.621e-05,38.0,0.00213598
BCD/BTC,1572972342370,2019-11-05T16:45:42.370Z,sell,5.621e-05,14.0,0.00078694
BCD/BTC,1572972344377,2019-11-05T16:45:44.377Z,buy,5.615e-05,8.0,0.0004492
BCD/BTC,1572972344377,2019-11-05T16:45:44.377Z,buy,5.64e-05,17.0,0.0009588
BCD/BTC,1572972344416,2019-11-05T16:45:44.416Z,sell,5.615e-05,32.0,0.0017968
BCD/BTC,1572972357988,2019-11-05T16:45:57.988Z,sell,5.62e-05,50.0,0.00281
BCD/BTC,1572972358983,2019-11-05T16:45:58.983Z,sell,5.62e-05,30.0,0.001686
BCD/BTC,1572972370160,2019-11-05T16:46:10.160Z,buy,5.637e-05,106.0,0.00597522
BCD/BTC,1572972370160,2019-11-05T16:46:10.160Z,buy,5.638e-05,188.0,0.01059944
BCD/BTC,1572972373573,2019-11-05T16:46:13.573Z,buy,5.637e-05,88.0,0.00496056
BCD/BTC,1572972373573,2019-11-05T16:46:13.573Z,buy,5.638e-05,18.0,0.00101484
BCD/BTC,1572972377457,2019-11-05T16:46:17.457Z,buy,5.636e-05,88.0,0.00495968
BCD/BTC,1572972377457,2019-11-05T16:46:17.457Z,buy,5.637e-05,88.0,0.00496056
BCD/BTC,1572972405035,2019-11-05T16:46:45.035Z,buy,5.639e-05,124.0,0.00699236
BCD/BTC,1572972435657,2019-11-05T16:47:15.657Z,sell,5.623e-05,77.0,0.00432971
BCD/BTC,1572972438896,2019-11-05T16:47:18.896Z,sell,5.623e-05,140.0,0.0078722
BCD/BTC,1572972439178,2019-11-05T16:47:19.178Z,sell,5.624e-05,54.0,0.00303696
BCD/BTC,1572972439215,2019-11-05T16:47:19.215Z,sell,5.624e-05,111.0,0.00624264
BCD/BTC,1572972439554,2019-11-05T16:47:19.554Z,sell,5.624e-05,29.0,0.0016309599999999
BCD/BTC,1572972439554,2019-11-05T16:47:19.554Z,sell,5.623e-05,60.0,0.0033738
BCD/BTC,1572972439686,2019-11-05T16:47:19.686Z,sell,5.623e-05,15.0,0.00084345
BCD/BTC,1572972440071,2019-11-05T16:47:20.071Z,sell,5.624e-05,72.0,0.00404928
BCD/BTC,1572972440795,2019-11-05T16:47:20.795Z,sell,5.624e-05,43.0,0.00241832
BCD/BTC,1572972440795,2019-11-05T16:47:20.795Z,sell,5.623e-05,90.0,0.0050607
BCD/BTC,1572972440936,2019-11-05T16:47:20.936Z,sell,5.624e-05,103.0,0.0057927199999999
BCD/BTC,1572972440936,2019-11-05T16:47:20.936Z,sell,5.623e-05,82.0,0.00461086
BCD/BTC,1572972441018,2019-11-05T16:47:21.018Z,sell,5.623e-05,108.0,0.00607284
BCD/BTC,1572972442629,2019-11-05T16:47:22.629Z,buy,5.617e-05,96.0,0.00539232
BCD/BTC,1572972447312,2019-11-05T16:47:27.312Z,buy,5.639e-05,85.0,0.00479315
BCD/BTC,1572972460269,2019-11-05T16:47:40.269Z,buy,5.639e-05,136.0,0.00766904
BCD/BTC,1572972481473,2019-11-05T16:48:01.473Z,buy,5.639e-05,90.0,0.0050751
BCD/BTC,1572972501795,2019-11-05T16:48:21.795Z,buy,5.639e-05,94.0,0.00530066
BCD/BTC,1572972511943,2019-11-05T16:48:31.943Z,buy,5.639e-05,66.0,0.00372174
BCD/BTC,1572972570730,2019-11-05T16:49:30.730Z,buy,5.64e-05,379.0,0.0213756
BCD/BTC,1572972581441,2019-11-05T16:49:41.441Z,sell,5.639e-05,54.0,0.00304506
BCD/BTC,1572972581442,2019-11-05T16:49:41.442Z,sell,5.639e-05,4.0,0.00022556
BCD/BTC,1572972582244,2019-11-05T16:49:42.244Z,buy,5.633e-05,272.0,0.01532176
BCD/BTC,1572972582244,2019-11-05T16:49:42.244Z,buy,5.633e-05,272.0,0.01532176
BCD/BTC,1572972952284,2019-11-05T16:55:52.284Z,buy,5.645e-05,355.0,0.02003975
BCD/BTC,1572972952284,2019-11-05T16:55:52.284Z,buy,5.646e-05,71.0,0.00400866
BCD/BTC,1572972952284,2019-11-05T16:55:52.284Z,buy,5.648e-05,71.0,0.00401008
BCD/BTC,1572972980108,2019-11-05T16:56:20.108Z,sell,5.626e-05,83.0,0.00466958
BCD/BTC,1572972981080,2019-11-05T16:56:21.080Z,sell,5.626e-05,52.0,0.00292552
BCD/BTC,1572972983087,2019-11-05T16:56:23.087Z,sell,5.626e-05,31.0,0.00174406
BCD/BTC,1572972983879,2019-11-05T16:56:23.879Z,buy,5.652e-05,25.0,0.001413
BCD/BTC,1572972983879,2019-11-05T16:56:23.879Z,buy,5.662e-05,27.0,0.00152874
BCD/BTC,1572972987349,2019-11-05T16:56:27.349Z,sell,5.626e-05,30.0,0.0016878
BCD/BTC,1572972988095,2019-11-05T16:56:28.095Z,sell,5.627e-05,105.0,0.00590835
BCD/BTC,1572972988357,2019-11-05T16:56:28.357Z,sell,5.627e-05,30.0,0.0016881
BCD/BTC,1572972989141,2019-11-05T16:56:29.141Z,sell,5.627e-05,104.0,0.00585208
BCD/BTC,1572972989141,2019-11-05T16:56:29.141Z,sell,5.624e-05,121.0,0.00680504
BCD/BTC,1572972989611,2019-11-05T16:56:29.611Z,sell,5.628e-05,12.0,0.00067536
BCD/BTC,1572972989932,2019-11-05T16:56:29.932Z,sell,5.628e-05,37.0,0.00208236
BCD/BTC,1572972990247,2019-11-05T16:56:30.247Z,buy,5.658e-05,54.0,0.00305532
BCD/BTC,1572972990272,2019-11-05T16:56:30.272Z,sell,5.628e-05,30.0,0.0016884
BCD/BTC,1572972990386,2019-11-05T16:56:30.386Z,sell,5.628e-05,20.0,0.0011256
BCD/BTC,1572972990386,2019-11-05T16:56:30.386Z,sell,5.624e-05,10.0,0.0005624
BCD/BTC,1572972990662,2019-11-05T16:56:30.662Z,sell,5.629e-05,13.0,0.00073177
BCD/BTC,1572972990877,2019-11-05T16:56:30.877Z,sell,5.629e-05,62.0,0.0034899799999999
BCD/BTC,1572972992205,2019-11-05T16:56:32.205Z,sell,5.629e-05,9.0,0.00050661
BCD/BTC,1572972992263,2019-11-05T16:56:32.263Z,sell,5.63e-05,9.0,0.0005067
BCD/BTC,1572972992505,2019-11-05T16:56:32.505Z,sell,5.63e-05,30.0,0.001689
BCD/BTC,1572972992546,2019-11-05T16:56:32.546Z,sell,5.63e-05,17.0,0.0009571
BCD/BTC,1572972992546,2019-11-05T16:56:32.546Z,sell,5.625e-05,17.0,0.00095625
BCD/BTC,1572972992711,2019-11-05T16:56:32.711Z,sell,5.63e-05,43.0,0.0024209
BCD/BTC,1572972992819,2019-11-05T16:56:32.819Z,sell,5.63e-05,48.0,0.0027023999999999
BCD/BTC,1572972993224,2019-11-05T16:56:33.224Z,sell,5.63e-05,23.0,0.0012949
BCD/BTC,1572972993224,2019-11-05T16:56:33.224Z,sell,5.625e-05,40.0,0.00225
BCD/BTC,1572973003862,2019-11-05T16:56:43.862Z,sell,5.626e-05,198.0,0.01113948
BCD/BTC,1572973003862,2019-11-05T16:56:43.862Z,sell,5.625e-05,16.0,0.0009
BCD/BTC,1572973003997,2019-11-05T16:56:43.997Z,sell,5.625e-05,141.0,0.0079312499999999
BCD/BTC,1572973003997,2019-11-05T16:56:43.997Z,sell,5.624e-05,12.0,0.00067488
BCD/BTC,1572973011466,2019-11-05T16:56:51.466Z,sell,5.624e-05,30.0,0.0016871999999999
BCD/BTC,1572973011607,2019-11-05T16:56:51.607Z,sell,5.624e-05,4.0,0.00022496
BCD/BTC,1572973042587,2019-11-05T16:57:22.587Z,sell,5.612e-05,18.0,0.00101016
BCD/BTC,1572973119257,2019-11-05T16:58:39.257Z,sell,5.612e-05,37.0,0.0020764399999999
BCD/BTC,1572973166070,2019-11-05T16:59:26.070Z,sell,5.612e-05,28.0,0.00157136
BCD/BTC,1572973166070,2019-11-05T16:59:26.070Z,sell,5.603e-05,2.0,0.00011206
BCD/BTC,1572973341987,2019-11-05T17:02:21.987Z,buy,5.639e-05,2.0,0.00011278
BCD/BTC,1572973341987,2019-11-05T17:02:21.987Z,buy,5.64e-05,234.0,0.0131976
BCD/BTC,1572973341987,2019-11-05T17:02:21.987Z,buy,5.641e-05,89.0,0.00502049
BCD/BTC,1572973341987,2019-11-05T17:02:21.987Z,buy,5.643e-05,71.0,0.00400653
BCD/BTC,1572973341987,2019-11-05T17:02:21.987Z,buy,5.65e-05,71.0,0.0040114999999999
BCD/BTC,1572973341987,2019-11-05T17:02:21.987Z,buy,5.651e-05,355.0,0.02006105
BCD/BTC,1572973341987,2019-11-05T17:02:21.987Z,buy,5.652e-05,80.0,0.0045216
BCD/BTC,1572973341987,2019-11-05T17:02:21.987Z,buy,5.655e-05,54.0,0.0030537
BCD/BTC,1572973341987,2019-11-05T17:02:21.987Z,buy,5.665e-05,5.0,0.00028325
BCD/BTC,1572973341987,2019-11-05T17:02:21.987Z,buy,5.666e-05,43.0,0.00243638
BCD/BTC,1572973342027,2019-11-05T17:02:22.027Z,buy,5.64e-05,2.0,0.0001128
BCD/BTC,1572973342635,2019-11-05T17:02:22.635Z,buy,5.64e-05,25.0,0.00141
BCD/BTC,1572973343474,2019-11-05T17:02:23.474Z,buy,5.64e-05,25.0,0.00141
BCD/BTC,1572973344316,2019-11-05T17:02:24.316Z,buy,5.64e-05,25.0,0.00141
BCD/BTC,1572973344657,2019-11-05T17:02:24.657Z,sell,5.619e-05,249.0,0.01399131
BCD/BTC,1572973344657,2019-11-05T17:02:24.657Z,sell,5.618e-05,78.0,0.00438204
BCD/BTC,1572973344657,2019-11-05T17:02:24.657Z,sell,5.617e-05,145.0,0.00814465
BCD/BTC,1572973344657,2019-11-05T17:02:24.657Z,sell,5.614e-05,177.0,0.00993678
BCD/BTC,1572973344657,2019-11-05T17:02:24.657Z,sell,5.609e-05,101.0,0.00566509
BCD/BTC,1572973345325,2019-11-05T17:02:25.325Z,buy,5.64e-05,25.0,0.00141
BCD/BTC,1572973345492,2019-11-05T17:02:25.492Z,sell,5.619e-05,30.0,0.0016857
BCD/BTC,1572973346314,2019-11-05T17:02:26.314Z,buy,5.664e-05,25.0,0.001416
BCD/BTC,1572973347767,2019-11-05T17:02:27.767Z,sell,5.623e-05,71.0,0.00399233
BCD/BTC,1572973348214,2019-11-05T17:02:28.214Z,sell,5.624e-05,56.0,0.00314944
BCD/BTC,1572973348214,2019-11-05T17:02:28.214Z,sell,5.623e-05,141.0,0.00792843
BCD/BTC,1572973348214,2019-11-05T17:02:28.214Z,sell,5.622e-05,33.0,0.00185526
BCD/BTC,1572973348482,2019-11-05T17:02:28.482Z,sell,5.623e-05,30.0,0.0016869
BCD/BTC,1572973348604,2019-11-05T17:02:28.604Z,sell,5.623e-05,38.0,0.00213674
BCD/BTC,1572973352175,2019-11-05T17:02:32.175Z,sell,5.631e-05,5.0,0.00028155
BCD/BTC,1572973352175,2019-11-05T17:02:32.175Z,sell,5.617e-05,73.0,0.00410041
BCD/BTC,1572973352175,2019-11-05T17:02:32.175Z,sell,5.616e-05,38.0,0.00213408
BCD/BTC,1572973352175,2019-11-05T17:02:32.175Z,sell,5.612e-05,83.0,0.00465796
BCD/BTC,1572973352175,2019-11-05T17:02:32.175Z,sell,5.609e-05,355.0,0.01991195
BCD/BTC,1572973352175,2019-11-05T17:02:32.175Z,sell,5.603e-05,1.0,5.603e-05
BCD/BTC,1572973397293,2019-11-05T17:03:17.293Z,sell,5.602e-05,571.0,0.03198742
BCD/BTC,1572973398724,2019-11-05T17:03:18.724Z,buy,5.6e-05,25.0,0.0014
BCD/BTC,1572973399586,2019-11-05T17:03:19.586Z,buy,5.6e-05,25.0,0.0014
BCD/BTC,1572973400545,2019-11-05T17:03:20.545Z,buy,5.6e-05,25.0,0.0014
BCD/BTC,1572973425388,2019-11-05T17:03:45.388Z,buy,5.599e-05,209.0,0.01170191
BCD/BTC,1572973445041,2019-11-05T17:04:05.041Z,buy,5.611e-05,25.0,0.00140275
BCD/BTC,1572973446049,2019-11-05T17:04:06.049Z,buy,5.611e-05,25.0,0.00140275
BCD/BTC,1572973446998,2019-11-05T17:04:06.998Z,buy,5.611e-05,25.0,0.00140275
BCD/BTC,1572973618791,2019-11-05T17:06:58.791Z,sell,5.597e-05,76.0,0.00425372
BCD/BTC,1572973658622,2019-11-05T17:07:38.622Z,buy,5.609e-05,8.0,0.00044872
BCD/BTC,1572973724480,2019-11-05T17:08:44.480Z,buy,5.606e-05,355.0,0.0199013
BCD/BTC,1572973743241,2019-11-05T17:09:03.241Z,buy,5.611e-05,25.0,0.00140275
BCD/BTC,1572973744139,2019-11-05T17:09:04.139Z,buy,5.611e-05,25.0,0.00140275
BCD/BTC,1572973745039,2019-11-05T17:09:05.039Z,buy,5.611e-05,16.0,0.00089776
BCD/BTC,1572973745039,2019-11-05T17:09:05.039Z,buy,5.63e-05,9.0,0.0005067
BCD/BTC,1572973745923,2019-11-05T17:09:05.923Z,buy,5.63e-05,25.0,0.0014075
BCD/BTC,1572973746942,2019-11-05T17:09:06.942Z,buy,5.63e-05,25.0,0.0014075
BCD/BTC,1572973748117,2019-11-05T17:09:08.117Z,buy,5.63e-05,25.0,0.0014075
BCD/BTC,1572973749242,2019-11-05T17:09:09.242Z,buy,5.63e-05,25.0,0.0014075
BCD/BTC,1572973749404,2019-11-05T17:09:09.404Z,buy,5.63e-05,26.0,0.0014638
BCD/BTC,1572973750119,2019-11-05T17:09:10.119Z,buy,5.63e-05,25.0,0.0014075
BCD/BTC,1572973751007,2019-11-05T17:09:11.007Z,buy,5.63e-05,25.0,0.0014075
BCD/BTC,1572973752032,2019-11-05T17:09:12.032Z,buy,5.63e-05,25.0,0.0014075
BCD/BTC,1572973753002,2019-11-05T17:09:13.002Z,buy,5.63e-05,25.0,0.0014075
BCD/BTC,1572973753853,2019-11-05T17:09:13.853Z,buy,5.63e-05,25.0,0.0014075
BCD/BTC,1572973754236,2019-11-05T17:09:14.236Z,buy,5.63e-05,41.0,0.0023083
BCD/BTC,1572973754856,2019-11-05T17:09:14.856Z,buy,5.63e-05,25.0,0.0014075
BCD/BTC,1572973755710,2019-11-05T17:09:15.710Z,buy,5.63e-05,25.0,0.0014075
BCD/BTC,1572973756702,2019-11-05T17:09:16.702Z,buy,5.63e-05,25.0,0.0014075
BCD/BTC,1572973757693,2019-11-05T17:09:17.693Z,buy,5.63e-05,25.0,0.0014075
BCD/BTC,1572973758715,2019-11-05T17:09:18.715Z,buy,5.63e-05,25.0,0.0014075
BCD/BTC,1572973766517,2019-11-05T17:09:26.517Z,buy,5.63e-05,69.0,0.0038847
BCD/BTC,1572973766560,2019-11-05T17:09:26.560Z,buy,5.631e-05,5.0,0.00028155
BCD/BTC,1572973766560,2019-11-05T17:09:26.560Z,buy,5.637e-05,20.0,0.0011274
BCD/BTC,1572973767575,2019-11-05T17:09:27.575Z,buy,5.637e-05,25.0,0.00140925
BCD/BTC,1572973768424,2019-11-05T17:09:28.424Z,buy,5.637e-05,25.0,0.00140925
BCD/BTC,1572973769421,2019-11-05T17:09:29.421Z,buy,5.637e-05,25.0,0.00140925
BCD/BTC,1572973771144,2019-11-05T17:09:31.144Z,buy,5.637e-05,25.0,0.00140925
BCD/BTC,1572973786431,2019-11-05T17:09:46.431Z,buy,5.637e-05,25.0,0.00140925
BCD/BTC,1572973787572,2019-11-05T17:09:47.572Z,buy,5.637e-05,25.0,0.00140925
BCD/BTC,1572973788553,2019-11-05T17:09:48.553Z,buy,5.637e-05,25.0,0.00140925
BCD/BTC,1572973795300,2019-11-05T17:09:55.300Z,sell,5.61e-05,11.0,0.0006171
BCD/BTC,1572973860885,2019-11-05T17:11:00.885Z,buy,5.637e-05,3.0,0.0001691099999999
BCD/BTC,1572973884217,2019-11-05T17:11:24.217Z,buy,5.637e-05,2.0,0.00011274
BCD/BTC,1572973889657,2019-11-05T17:11:29.657Z,buy,5.638e-05,3.0,0.00016914
BCD/BTC,1572973889657,2019-11-05T17:11:29.657Z,buy,5.645e-05,22.0,0.0012419
BCD/BTC,1572973890528,2019-11-05T17:11:30.528Z,buy,5.645e-05,25.0,0.00141125
BCD/BTC,1572973937509,2019-11-05T17:12:17.509Z,sell,5.616e-05,231.0,0.0129729599999999
BCD/BTC,1572973937509,2019-11-05T17:12:17.509Z,sell,5.615e-05,355.0,0.01993325
BCD/BTC,1572973937509,2019-11-05T17:12:17.509Z,sell,5.614e-05,230.0,0.0129122
BCD/BTC,1572973937509,2019-11-05T17:12:17.509Z,sell,5.603e-05,3.0,0.00016809
BCD/BTC,1572974169072,2019-11-05T17:16:09.072Z,sell,5.606e-05,77.0,0.00431662
BCD/BTC,1572974169072,2019-11-05T17:16:09.072Z,sell,5.605e-05,99.0,0.00554895
BCD/BTC,1572974169072,2019-11-05T17:16:09.072Z,sell,5.601e-05,49.0,0.00274449
BCD/BTC,1572974169089,2019-11-05T17:16:09.089Z,buy,5.6e-05,30.0,0.00168
BCD/BTC,1572974169090,2019-11-05T17:16:09.090Z,buy,5.6e-05,5.0,0.00028
BCD/BTC,1572974169090,2019-11-05T17:16:09.090Z,buy,5.6e-05,5.0,0.00028
BCD/BTC,1572974169107,2019-11-05T17:16:09.107Z,buy,5.6e-05,54.0,0.0030239999999999
BCD/BTC,1572974171070,2019-11-05T17:16:11.070Z,buy,5.6e-05,25.0,0.0014
BCD/BTC,1572974171252,2019-11-05T17:16:11.252Z,buy,5.6e-05,577.0,0.032312
BCD/BTC,1572974172013,2019-11-05T17:16:12.013Z,buy,5.6e-05,25.0,0.0014
BCD/BTC,1572974421467,2019-11-05T17:20:21.467Z,buy,5.612e-05,1.0,5.612e-05
BCD/BTC,1572974606238,2019-11-05T17:23:26.238Z,buy,5.632e-05,1.0,5.632e-05
BCD/BTC,1572974868301,2019-11-05T17:27:48.301Z,buy,5.632e-05,1.0,5.632e-05
BCD/BTC,1572975044782,2019-11-05T17:30:44.782Z,buy,5.606e-05,102.0,0.00571812
BCD/BTC,1572975143220,2019-11-05T17:32:23.220Z,buy,5.623e-05,1.0,5.623e-05
BCD/BTC,1572975194028,2019-11-05T17:33:14.028Z,buy,5.619e-05,3.0,0.00016857
BCD/BTC,1572975194087,2019-11-05T17:33:14.087Z,sell,5.619e-05,20.0,0.0011238
BCD/BTC,1572975408484,2019-11-05T17:36:48.484Z,sell,5.6e-05,52.0,0.002912
BCD/BTC,1572975408484,2019-11-05T17:36:48.484Z,sell,5.599e-05,1402.0,0.07849798
BCD/BTC,1572975408484,2019-11-05T17:36:48.484Z,sell,5.597e-05,5.0,0.00027985
BCD/BTC,1572975408484,2019-11-05T17:36:48.484Z,sell,5.596e-05,545.0,0.0304982
BCD/BTC,1572975424345,2019-11-05T17:37:04.345Z,sell,5.598e-05,33.0,0.00184734
BCD/BTC,1572975424563,2019-11-05T17:37:04.563Z,sell,5.598e-05,11.0,0.00061578
BCD/BTC,1572975424618,2019-11-05T17:37:04.618Z,sell,5.598e-05,21.0,0.00117558
BCD/BTC,1572975424662,2019-11-05T17:37:04.662Z,sell,5.598e-05,39.0,0.00218322
BCD/BTC,1572975424662,2019-11-05T17:37:04.662Z,sell,5.597e-05,3.0,0.00016791
BCD/BTC,1572975424662,2019-11-05T17:37:04.662Z,sell,5.596e-05,14.0,0.00078344
BCD/BTC,1572975455333,2019-11-05T17:37:35.333Z,sell,5.586e-05,13.0,0.00072618
BCD/BTC,1572975455333,2019-11-05T17:37:35.333Z,sell,5.573e-05,4.0,0.00022292
BCD/BTC,1572975491598,2019-11-05T17:38:11.598Z,buy,5.611e-05,25.0,0.00140275
BCD/BTC,1572975492462,2019-11-05T17:38:12.462Z,buy,5.63e-05,25.0,0.0014075
BCD/BTC,1572975609861,2019-11-05T17:40:09.861Z,buy,5.612e-05,25.0,0.001403
BCD/BTC,1572975610744,2019-11-05T17:40:10.744Z,buy,5.63e-05,25.0,0.0014075
BCD/BTC,1572975642330,2019-11-05T17:40:42.330Z,buy,5.611e-05,307.0,0.01722577
BCD/BTC,1572975642868,2019-11-05T17:40:42.868Z,buy,5.612e-05,25.0,0.001403
BCD/BTC,1572975834908,2019-11-05T17:43:54.908Z,sell,5.592e-05,1599.0,0.08941608
BCD/BTC,1572975834908,2019-11-05T17:43:54.908Z,sell,5.591e-05,356.0,0.01990396
BCD/BTC,1572975834908,2019-11-05T17:43:54.908Z,sell,5.59e-05,39.0,0.0021801
BCD/BTC,1572975837598,2019-11-05T17:43:57.598Z,buy,5.59e-05,25.0,0.0013974999999999
BCD/BTC,1572975837676,2019-11-05T17:43:57.676Z,buy,5.59e-05,988.0,0.0552292
BCD/BTC,1572975837676,2019-11-05T17:43:57.676Z,buy,5.624e-05,25.0,0.001406
BCD/BTC,1572975837676,2019-11-05T17:43:57.676Z,buy,5.59e-05,988.0,0.0552292
BCD/BTC,1572975837676,2019-11-05T17:43:57.676Z,buy,5.624e-05,25.0,0.001406
BCD/BTC,1572976212105,2019-11-05T17:50:12.105Z,buy,5.608e-05,356.0,0.01996448
BCD/BTC,1572976294513,2019-11-05T17:51:34.513Z,sell,5.608e-05,8.0,0.00044864
BCD/BTC,1572976294517,2019-11-05T17:51:34.517Z,sell,5.608e-05,2.0,0.00011216
BCD/BTC,1572976779802,2019-11-05T17:59:39.802Z,buy,5.624e-05,200.0,0.011248
BCD/BTC,1572977894217,2019-11-05T18:18:14.217Z,sell,5.608e-05,4.0,0.00022432
BCD/BTC,1572977894217,2019-11-05T18:18:14.217Z,sell,5.595e-05,75.0,0.0041962499999999
BCD/BTC,1572977894222,2019-11-05T18:18:14.222Z,sell,5.595e-05,117.0,0.00654615
BCD/BTC,1572977937148,2019-11-05T18:18:57.148Z,buy,5.623e-05,40.0,0.0022492
BCD/BTC,1572978163052,2019-11-05T18:22:43.052Z,sell,5.605e-05,56.0,0.0031388
BCD/BTC,1572978178740,2019-11-05T18:22:58.740Z,buy,5.599e-05,146.0,0.00817454
BCD/BTC,1572978178740,2019-11-05T18:22:58.740Z,buy,5.6e-05,65.0,0.00364
BCD/BTC,1572978178830,2019-11-05T18:22:58.830Z,buy,5.599e-05,97.0,0.00543103
BCD/BTC,1572978178830,2019-11-05T18:22:58.830Z,buy,5.6e-05,18.0,0.001008
BCD/BTC,1572978184913,2019-11-05T18:23:04.913Z,buy,5.599e-05,65.0,0.00363935
BCD/BTC,1572978185232,2019-11-05T18:23:05.232Z,buy,5.599e-05,2.0,0.00011198
BCD/BTC,1572978207463,2019-11-05T18:23:27.463Z,buy,5.599e-05,127.0,0.00711073
BCD/BTC,1572978226178,2019-11-05T18:23:46.178Z,buy,5.599e-05,193.0,0.01080607
BCD/BTC,1572978302324,2019-11-05T18:25:02.324Z,buy,5.6e-05,5.0,0.00028
BCD/BTC,1572978478258,2019-11-05T18:27:58.258Z,buy,5.6e-05,13.0,0.000728
BCD/BTC,1572978497532,2019-11-05T18:28:17.532Z,buy,5.6e-05,4.0,0.000224
BCD/BTC,1572978786475,2019-11-05T18:33:06.475Z,buy,5.6e-05,166.0,0.009296
BCD/BTC,1572978868875,2019-11-05T18:34:28.875Z,buy,5.6e-05,1176.0,0.065856
BCD/BTC,1572978868875,2019-11-05T18:34:28.875Z,buy,5.6e-05,1176.0,0.065856
BCD/BTC,1572979838959,2019-11-05T18:50:38.959Z,buy,5.623e-05,13.0,0.00073099
BCD/BTC,1572979861462,2019-11-05T18:51:01.462Z,sell,5.6e-05,234.0,0.013104
BCD/BTC,1572979862176,2019-11-05T18:51:02.176Z,buy,5.6e-05,1270.0,0.07112
BCD/BTC,1572981558795,2019-11-05T19:19:18.795Z,buy,5.623e-05,2.0,0.00011246
BCD/BTC,1572981558829,2019-11-05T19:19:18.829Z,sell,5.624e-05,47.0,0.00264328
BCD/BTC,1572981566185,2019-11-05T19:19:26.185Z,buy,5.618e-05,152.0,0.00853936
BCD/BTC,1572981743282,2019-11-05T19:22:23.282Z,buy,5.624e-05,73.0,0.00410552
BCD/BTC,1572982275659,2019-11-05T19:31:15.659Z,buy,5.625e-05,39.0,0.00219375
BCD/BTC,1572982275659,2019-11-05T19:31:15.659Z,buy,5.629e-05,4.0,0.00022516
BCD/BTC,1572982276231,2019-11-05T19:31:16.231Z,buy,5.629e-05,2.0,0.00011258
BCD/BTC,1572982276231,2019-11-05T19:31:16.231Z,buy,5.629e-05,2.0,0.00011258
BCD/BTC,1572982709786,2019-11-05T19:38:29.786Z,buy,5.628e-05,73.0,0.00410844
BCD/BTC,1572982822692,2019-11-05T19:40:22.692Z,sell,5.607e-05,13.0,0.0007289099999999
BCD/BTC,1572982972082,2019-11-05T19:42:52.082Z,sell,5.609e-05,9.0,0.00050481
BCD/BTC,1572982995733,2019-11-05T19:43:15.733Z,sell,5.614e-05,35.0,0.0019649
BCD/BTC,1572983005636,2019-11-05T19:43:25.636Z,sell,5.614e-05,30.0,0.0016842
BCD/BTC,1572983012665,2019-11-05T19:43:32.665Z,sell,5.614e-05,30.0,0.0016842
BCD/BTC,1572983024674,2019-11-05T19:43:44.674Z,sell,5.614e-05,30.0,0.0016842
BCD/BTC,1572983026626,2019-11-05T19:43:46.626Z,sell,5.614e-05,30.0,0.0016842
BCD/BTC,1572983032630,2019-11-05T19:43:52.630Z,sell,5.609e-05,70.0,0.0039263
BCD/BTC,1572983032671,2019-11-05T19:43:52.671Z,sell,5.609e-05,61.0,0.00342149
BCD/BTC,1572983032675,2019-11-05T19:43:52.675Z,sell,5.609e-05,71.0,0.00398239
BCD/BTC,1572983032681,2019-11-05T19:43:52.681Z,sell,5.609e-05,69.0,0.00387021
BCD/BTC,1572983032689,2019-11-05T19:43:52.689Z,sell,5.609e-05,69.0,0.00387021
BCD/BTC,1572983032775,2019-11-05T19:43:52.775Z,sell,5.609e-05,16.0,0.00089744
BCD/BTC,1572983032775,2019-11-05T19:43:52.775Z,sell,5.608e-05,45.0,0.0025236
BCD/BTC,1572983032793,2019-11-05T19:43:52.793Z,sell,5.608e-05,32.0,0.00179456
BCD/BTC,1572983032793,2019-11-05T19:43:52.793Z,sell,5.607e-05,2.0,0.00011214
BCD/BTC,1572983032993,2019-11-05T19:43:52.993Z,sell,5.6e-05,69.0,0.003864
BCD/BTC,1572983038624,2019-11-05T19:43:58.624Z,buy,5.621e-05,138.0,0.00775698
BCD/BTC,1572983041830,2019-11-05T19:44:01.830Z,buy,5.621e-05,92.0,0.00517132
BCD/BTC,1572983069701,2019-11-05T19:44:29.701Z,buy,5.624e-05,356.0,0.0200214399999999
BCD/BTC,1572983206706,2019-11-05T19:46:46.706Z,sell,5.616e-05,52.0,0.0029203199999999
BCD/BTC,1572983206826,2019-11-05T19:46:46.826Z,sell,5.616e-05,36.0,0.00202176
BCD/BTC,1572983225444,2019-11-05T19:47:05.444Z,sell,5.615e-05,97.0,0.00544655
BCD/BTC,1572983225774,2019-11-05T19:47:05.774Z,sell,5.615e-05,67.0,0.00376205
BCD/BTC,1572983227914,2019-11-05T19:47:07.914Z,sell,5.616e-05,92.0,0.00516672
BCD/BTC,1572983227914,2019-11-05T19:47:07.914Z,sell,5.615e-05,39.0,0.00218985
BCD/BTC,1572983228739,2019-11-05T19:47:08.739Z,sell,5.616e-05,111.0,0.00623376
BCD/BTC,1572983327689,2019-11-05T19:48:47.689Z,buy,5.624e-05,142.0,0.00798608
BCD/BTC,1572983331171,2019-11-05T19:48:51.171Z,buy,5.623e-05,61.0,0.00343003
BCD/BTC,1572983447808,2019-11-05T19:50:47.808Z,sell,5.616e-05,33.0,0.00185328
BCD/BTC,1572983448061,2019-11-05T19:50:48.061Z,sell,5.616e-05,30.0,0.0016848
BCD/BTC,1572983480792,2019-11-05T19:51:20.792Z,sell,5.615e-05,64.0,0.0035936
BCD/BTC,1572983524356,2019-11-05T19:52:04.356Z,sell,5.612e-05,41.0,0.0023009199999999
BCD/BTC,1572983525904,2019-11-05T19:52:05.904Z,sell,5.612e-05,42.0,0.00235704
BCD/BTC,1572983567491,2019-11-05T19:52:47.491Z,sell,5.612e-05,9.0,0.00050508
BCD/BTC,1572983567675,2019-11-05T19:52:47.675Z,sell,5.612e-05,8.0,0.00044896
BCD/BTC,1572983780212,2019-11-05T19:56:20.212Z,sell,5.601e-05,90.0,0.0050409
BCD/BTC,1572983792285,2019-11-05T19:56:32.285Z,sell,5.602e-05,32.0,0.00179264
BCD/BTC,1572983792576,2019-11-05T19:56:32.576Z,sell,5.602e-05,23.0,0.00128846
BCD/BTC,1572983792685,2019-11-05T19:56:32.685Z,sell,5.602e-05,36.0,0.00201672
BCD/BTC,1572983792974,2019-11-05T19:56:32.974Z,sell,5.602e-05,62.0,0.00347324
BCD/BTC,1572983793146,2019-11-05T19:56:33.146Z,sell,5.602e-05,100.0,0.005602
BCD/BTC,1572983796293,2019-11-05T19:56:36.293Z,sell,5.602e-05,26.0,0.00145652
BCD/BTC,1572983796293,2019-11-05T19:56:36.293Z,sell,5.601e-05,125.0,0.00700125
BCD/BTC,1572983796561,2019-11-05T19:56:36.561Z,sell,5.601e-05,141.0,0.00789741
BCD/BTC,1572983796561,2019-11-05T19:56:36.561Z,sell,5.6e-05,52.0,0.002912
BCD/BTC,1572983841753,2019-11-05T19:57:21.753Z,sell,5.6e-05,284.0,0.015904
BCD/BTC,1572983842203,2019-11-05T19:57:22.203Z,sell,5.6e-05,113.0,0.006328
BCD/BTC,1572983842694,2019-11-05T19:57:22.694Z,sell,5.6e-05,46.0,0.002576
BCD/BTC,1572983854369,2019-11-05T19:57:34.369Z,sell,5.6e-05,23.0,0.001288
BCD/BTC,1572983955827,2019-11-05T19:59:15.827Z,buy,5.602e-05,234.0,0.01310868
BCD/BTC,1572983980893,2019-11-05T19:59:40.893Z,buy,5.604e-05,156.0,0.00874224
BCD/BTC,1572984112063,2019-11-05T20:01:52.063Z,sell,5.606e-05,98.0,0.00549388
BCD/BTC,1572984112204,2019-11-05T20:01:52.204Z,sell,5.606e-05,6.0,0.00033636
BCD/BTC,1572984112204,2019-11-05T20:01:52.204Z,sell,5.6e-05,6.0,0.000336
BCD/BTC,1572984116897,2019-11-05T20:01:56.897Z,buy,5.6e-05,232.0,0.012992
BCD/BTC,1572984128487,2019-11-05T20:02:08.487Z,sell,5.577e-05,7.0,0.00039039
BCD/BTC,1572984146127,2019-11-05T20:02:26.127Z,sell,5.578e-05,110.0,0.0061357999999999
BCD/BTC,1572984148983,2019-11-05T20:02:28.983Z,buy,5.599e-05,317.0,0.01774883
BCD/BTC,1572984159384,2019-11-05T20:02:39.384Z,buy,5.6e-05,178.0,0.009968
BCD/BTC,1572984204407,2019-11-05T20:03:24.407Z,buy,5.602e-05,25.0,0.0014005
BCD/BTC,1572984214519,2019-11-05T20:03:34.519Z,buy,5.605e-05,25.0,0.00140125
BCD/BTC,1572984215433,2019-11-05T20:03:35.433Z,buy,5.605e-05,25.0,0.00140125
BCD/BTC,1572984216936,2019-11-05T20:03:36.936Z,buy,5.605e-05,25.0,0.00140125
BCD/BTC,1572984217931,2019-11-05T20:03:37.931Z,buy,5.604e-05,25.0,0.001401
BCD/BTC,1572984218812,2019-11-05T20:03:38.812Z,buy,5.605e-05,25.0,0.00140125
BCD/BTC,1572984219673,2019-11-05T20:03:39.673Z,buy,5.605e-05,21.0,0.00117705
BCD/BTC,1572984219673,2019-11-05T20:03:39.673Z,buy,5.606e-05,4.0,0.00022424
BCD/BTC,1572984302464,2019-11-05T20:05:02.464Z,buy,5.605e-05,358.0,0.0200659
BCD/BTC,1572984304482,2019-11-05T20:05:04.482Z,buy,5.606e-05,25.0,0.0014015
BCD/BTC,1572984305558,2019-11-05T20:05:05.558Z,buy,5.606e-05,25.0,0.0014015
BCD/BTC,1572984306896,2019-11-05T20:05:06.896Z,buy,5.606e-05,25.0,0.0014015
BCD/BTC,1572984308412,2019-11-05T20:05:08.412Z,buy,5.606e-05,25.0,0.0014015
BCD/BTC,1572984309927,2019-11-05T20:05:09.927Z,buy,5.606e-05,25.0,0.0014015
BCD/BTC,1572984310021,2019-11-05T20:05:10.021Z,buy,5.606e-05,49.0,0.00274694
BCD/BTC,1572984310021,2019-11-05T20:05:10.021Z,buy,5.627e-05,7.0,0.00039389
BCD/BTC,1572984311391,2019-11-05T20:05:11.391Z,buy,5.627e-05,25.0,0.00140675
BCD/BTC,1572984312343,2019-11-05T20:05:12.343Z,buy,5.627e-05,153.0,0.00860931
BCD/BTC,1572984312343,2019-11-05T20:05:12.343Z,buy,5.628e-05,25.0,0.001407
BCD/BTC,1572984315191,2019-11-05T20:05:15.191Z,buy,5.626e-05,25.0,0.0014065
BCD/BTC,1572984316645,2019-11-05T20:05:16.645Z,buy,5.626e-05,25.0,0.0014065
BCD/BTC,1572984613063,2019-11-05T20:10:13.063Z,buy,5.628e-05,5.0,0.0002814
BCD/BTC,1572984766283,2019-11-05T20:12:46.283Z,buy,5.627e-05,904.0,0.05086808
BCD/BTC,1572984766816,2019-11-05T20:12:46.816Z,buy,5.627e-05,25.0,0.00140675
BCD/BTC,1572984767660,2019-11-05T20:12:47.660Z,buy,5.627e-05,25.0,0.00140675
BCD/BTC,1572984768542,2019-11-05T20:12:48.542Z,buy,5.628e-05,13.0,0.00073164
BCD/BTC,1572984768542,2019-11-05T20:12:48.542Z,buy,5.63e-05,12.0,0.0006755999999999
BCD/BTC,1572984791431,2019-11-05T20:13:11.431Z,buy,5.629e-05,2.0,0.00011258
BCD/BTC,1572984791458,2019-11-05T20:13:11.458Z,sell,5.629e-05,115.0,0.00647335
BCD/BTC,1572984791642,2019-11-05T20:13:11.642Z,sell,5.629e-05,8.0,0.00045032
BCD/BTC,1572984799392,2019-11-05T20:13:19.392Z,sell,5.594e-05,22.0,0.00123068
BCD/BTC,1572984807706,2019-11-05T20:13:27.706Z,sell,5.597e-05,120.0,0.0067164
BCD/BTC,1572984823896,2019-11-05T20:13:43.896Z,sell,5.594e-05,120.0,0.0067128
BCD/BTC,1572984853136,2019-11-05T20:14:13.136Z,buy,5.594e-05,97.0,0.00542618
BCD/BTC,1572984853328,2019-11-05T20:14:13.328Z,buy,5.622e-05,25.0,0.0014055
BCD/BTC,1572984918659,2019-11-05T20:15:18.659Z,sell,5.602e-05,123.0,0.00689046
BCD/BTC,1572985274156,2019-11-05T20:21:14.156Z,sell,5.611e-05,95.0,0.00533045
BCD/BTC,1572985274156,2019-11-05T20:21:14.156Z,sell,5.61e-05,150.0,0.008415
BCD/BTC,1572985274314,2019-11-05T20:21:14.314Z,sell,5.611e-05,63.0,0.00353493
BCD/BTC,1572985274314,2019-11-05T20:21:14.314Z,sell,5.61e-05,204.0,0.0114444
BCD/BTC,1572985274314,2019-11-05T20:21:14.314Z,sell,5.609e-05,71.0,0.00398239
BCD/BTC,1572985274314,2019-11-05T20:21:14.314Z,sell,5.608e-05,52.0,0.00291616
BCD/BTC,1572985274314,2019-11-05T20:21:14.314Z,sell,5.603e-05,433.0,0.02426099
BCD/BTC,1572985274508,2019-11-05T20:21:14.508Z,sell,5.611e-05,127.0,0.00712597
BCD/BTC,1572985274508,2019-11-05T20:21:14.508Z,sell,5.603e-05,393.0,0.0220197899999999
BCD/BTC,1572985274508,2019-11-05T20:21:14.508Z,sell,5.602e-05,480.0,0.0268896
BCD/BTC,1572985274511,2019-11-05T20:21:14.511Z,sell,5.602e-05,219.0,0.01226838
BCD/BTC,1572985274674,2019-11-05T20:21:14.674Z,sell,5.602e-05,37.0,0.00207274
BCD/BTC,1572985274733,2019-11-05T20:21:14.733Z,sell,5.602e-05,600.0,0.033612
BCD/BTC,1572985274898,2019-11-05T20:21:14.898Z,sell,5.602e-05,914.0,0.05120228
BCD/BTC,1572985275056,2019-11-05T20:21:15.056Z,sell,5.602e-05,294.0,0.01646988
BCD/BTC,1572985275695,2019-11-05T20:21:15.695Z,sell,5.593e-05,113.0,0.00632009
BCD/BTC,1572985275718,2019-11-05T20:21:15.718Z,sell,5.593e-05,13.0,0.00072709
BCD/BTC,1572985277022,2019-11-05T20:21:17.022Z,buy,5.587e-05,25.0,0.00139675
BCD/BTC,1572985277182,2019-11-05T20:21:17.182Z,buy,5.587e-05,3.0,0.00016761
BCD/BTC,1572985277182,2019-11-05T20:21:17.182Z,buy,5.596e-05,25.0,0.001399
BCD/BTC,1572985280468,2019-11-05T20:21:20.468Z,buy,5.596e-05,25.0,0.001399
BCD/BTC,1572985281696,2019-11-05T20:21:21.696Z,buy,5.596e-05,25.0,0.001399
BCD/BTC,1572985283543,2019-11-05T20:21:23.543Z,buy,5.596e-05,25.0,0.001399
BCD/BTC,1572985283714,2019-11-05T20:21:23.714Z,buy,5.596e-05,106.0,0.00593176
BCD/BTC,1572985283714,2019-11-05T20:21:23.714Z,buy,5.62e-05,25.0,0.001405
BCD/BTC,1572985300029,2019-11-05T20:21:40.029Z,buy,5.596e-05,985.0,0.0551206
BCD/BTC,1572985300465,2019-11-05T20:21:40.465Z,buy,5.596e-05,25.0,0.001399
BCD/BTC,1572985305304,2019-11-05T20:21:45.304Z,sell,5.575e-05,30.0,0.0016725
BCD/BTC,1572985313759,2019-11-05T20:21:53.759Z,sell,5.595e-05,87.0,0.0048676499999999
BCD/BTC,1572985315503,2019-11-05T20:21:55.503Z,buy,5.596e-05,25.0,0.001399
BCD/BTC,1572985316360,2019-11-05T20:21:56.360Z,buy,5.596e-05,25.0,0.001399
BCD/BTC,1572985320693,2019-11-05T20:22:00.693Z,buy,5.596e-05,663.0,0.03710148
BCD/BTC,1572985329507,2019-11-05T20:22:09.507Z,buy,5.596e-05,25.0,0.001399
BCD/BTC,1572985332734,2019-11-05T20:22:12.734Z,buy,5.596e-05,25.0,0.001399
BCD/BTC,1572985333648,2019-11-05T20:22:13.648Z,buy,5.596e-05,25.0,0.001399
BCD/BTC,1572985333921,2019-11-05T20:22:13.921Z,buy,5.596e-05,245.0,0.0137102
BCD/BTC,1572985337197,2019-11-05T20:22:17.197Z,buy,5.596e-05,115.0,0.0064354
BCD/BTC,1572985367545,2019-11-05T20:22:47.545Z,buy,5.596e-05,6.0,0.00033576
BCD/BTC,1572985368888,2019-11-05T20:22:48.888Z,buy,5.596e-05,6.0,0.00033576
BCD/BTC,1572985615620,2019-11-05T20:26:55.620Z,buy,5.596e-05,65.0,0.0036374
BCD/BTC,1572985615924,2019-11-05T20:26:55.924Z,buy,5.596e-05,34.0,0.00190264
BCD/BTC,1572985616281,2019-11-05T20:26:56.281Z,buy,5.596e-05,251.0,0.01404596
BCD/BTC,1572985616816,2019-11-05T20:26:56.816Z,buy,5.596e-05,15.0,0.0008394
BCD/BTC,1572985620353,2019-11-05T20:27:00.353Z,buy,5.596e-05,7.0,0.00039172
BCD/BTC,1572985654050,2019-11-05T20:27:34.050Z,buy,5.612e-05,226.0,0.0126831199999999
BCD/BTC,1572985654050,2019-11-05T20:27:34.050Z,buy,5.613e-05,356.0,0.01998228
BCD/BTC,1572985654050,2019-11-05T20:27:34.050Z,buy,5.614e-05,226.0,0.01268764
BCD/BTC,1572985654050,2019-11-05T20:27:34.050Z,buy,5.631e-05,5.0,0.00028155
BCD/BTC,1572985654050,2019-11-05T20:27:34.050Z,buy,5.633e-05,13.0,0.00073229
BCD/BTC,1572985654050,2019-11-05T20:27:34.050Z,buy,5.634e-05,115.0,0.0064791
BCD/BTC,1572985654644,2019-11-05T20:27:34.644Z,buy,5.612e-05,45.0,0.0025253999999999
BCD/BTC,1572985655248,2019-11-05T20:27:35.248Z,buy,5.612e-05,2.0,0.00011224
BCD/BTC,1572985655248,2019-11-05T20:27:35.248Z,buy,5.612e-05,2.0,0.00011224
BCD/BTC,1572986254779,2019-11-05T20:37:34.779Z,buy,5.618e-05,59.0,0.00331462
BCD/BTC,1572986254779,2019-11-05T20:37:34.779Z,buy,5.619e-05,41.0,0.00230379
BCD/BTC,1572986301788,2019-11-05T20:38:21.788Z,buy,5.615e-05,120.0,0.006738
BCD/BTC,1572986301788,2019-11-05T20:38:21.788Z,buy,5.616e-05,197.0,0.01106352
BCD/BTC,1572986304414,2019-11-05T20:38:24.414Z,buy,5.616e-05,22.0,0.00123552
BCD/BTC,1572986574862,2019-11-05T20:42:54.862Z,sell,5.597e-05,5.0,0.00027985
BCD/BTC,1572986574862,2019-11-05T20:42:54.862Z,sell,5.592e-05,62.0,0.00346704
BCD/BTC,1572986715743,2019-11-05T20:45:15.743Z,buy,5.618e-05,30.0,0.0016854
BCD/BTC,1572986720407,2019-11-05T20:45:20.407Z,buy,5.618e-05,96.0,0.00539328
BCD/BTC,1572986728933,2019-11-05T20:45:28.933Z,buy,5.618e-05,30.0,0.0016854
BCD/BTC,1572986729676,2019-11-05T20:45:29.676Z,buy,5.618e-05,10.0,0.0005618
BCD/BTC,1572986926859,2019-11-05T20:48:46.859Z,buy,5.611e-05,33.0,0.00185163
BCD/BTC,1572986943938,2019-11-05T20:49:03.938Z,buy,5.63e-05,30.0,0.001689
BCD/BTC,1572987425698,2019-11-05T20:57:05.698Z,sell,5.614e-05,17.0,0.00095438
BCD/BTC,1572987571461,2019-11-05T20:59:31.461Z,sell,5.619e-05,178.0,0.01000182
BCD/BTC,1572987571878,2019-11-05T20:59:31.878Z,sell,5.619e-05,30.0,0.0016857
BCD/BTC,1572987572486,2019-11-05T20:59:32.486Z,sell,5.619e-05,30.0,0.0016857
BCD/BTC,1572987573058,2019-11-05T20:59:33.058Z,sell,5.619e-05,63.0,0.00353997
BCD/BTC,1572987573392,2019-11-05T20:59:33.392Z,sell,5.619e-05,33.0,0.00185427
BCD/BTC,1572987577377,2019-11-05T20:59:37.377Z,sell,5.619e-05,22.0,0.00123618
BCD/BTC,1572987577377,2019-11-05T20:59:37.377Z,sell,5.617e-05,77.0,0.00432509
BCD/BTC,1572988082456,2019-11-05T21:08:02.456Z,sell,5.617e-05,500.0,0.028085
BCD/BTC,1572988082909,2019-11-05T21:08:02.909Z,sell,5.617e-05,303.0,0.0170195099999999
BCD/BTC,1572988094340,2019-11-05T21:08:14.340Z,sell,5.617e-05,138.0,0.00775146
BCD/BTC,1572988094777,2019-11-05T21:08:14.777Z,sell,5.617e-05,30.0,0.0016851
BCD/BTC,1572988098494,2019-11-05T21:08:18.494Z,sell,5.617e-05,30.0,0.0016851
BCD/BTC,1572988111295,2019-11-05T21:08:31.295Z,sell,5.617e-05,9.0,0.00050553
BCD/BTC,1572988125270,2019-11-05T21:08:45.270Z,sell,5.617e-05,12.0,0.00067404
BCD/BTC,1572988185297,2019-11-05T21:09:45.297Z,sell,5.595e-05,278.0,0.0155541
BCD/BTC,1572988185321,2019-11-05T21:09:45.321Z,sell,5.595e-05,143.0,0.00800085
BCD/BTC,1572988185815,2019-11-05T21:09:45.815Z,sell,5.595e-05,30.0,0.0016784999999999
BCD/BTC,1572988187219,2019-11-05T21:09:47.219Z,sell,5.595e-05,49.0,0.0027415499999999
BCD/BTC,1572988818072,2019-11-05T21:20:18.072Z,buy,5.621e-05,123.0,0.00691383
BCD/BTC,1572988818072,2019-11-05T21:20:18.072Z,buy,5.622e-05,1.0,5.622e-05
BCD/BTC,1572988821816,2019-11-05T21:20:21.816Z,buy,5.621e-05,62.0,0.00348502
BCD/BTC,1572988826536,2019-11-05T21:20:26.536Z,buy,5.622e-05,62.0,0.00348564
BCD/BTC,1572988835780,2019-11-05T21:20:35.780Z,buy,5.616e-05,62.0,0.00348192
BCD/BTC,1572988835780,2019-11-05T21:20:35.780Z,buy,5.62e-05,357.0,0.0200634
BCD/BTC,1572988838962,2019-11-05T21:20:38.962Z,buy,5.619e-05,62.0,0.00348378
BCD/BTC,1572989174428,2019-11-05T21:26:14.428Z,buy,5.631e-05,5.0,0.00028155
BCD/BTC,1572989174428,2019-11-05T21:26:14.428Z,buy,5.634e-05,14.0,0.00078876
BCD/BTC,1572989174428,2019-11-05T21:26:14.428Z,buy,5.638e-05,3.0,0.00016914
BCD/BTC,1572989174428,2019-11-05T21:26:14.428Z,buy,5.643e-05,75.0,0.00423225
BCD/BTC,1572989174428,2019-11-05T21:26:14.428Z,buy,5.644e-05,251.0,0.01416644
BCD/BTC,1572989174428,2019-11-05T21:26:14.428Z,buy,5.648e-05,177.0,0.00999696
BCD/BTC,1572989174428,2019-11-05T21:26:14.428Z,buy,5.652e-05,60.0,0.0033912
BCD/BTC,1572989181177,2019-11-05T21:26:21.177Z,buy,5.651e-05,1456.0,0.08227856
BCD/BTC,1572989238758,2019-11-05T21:27:18.758Z,buy,5.652e-05,22.0,0.00124344
BCD/BTC,1572989238758,2019-11-05T21:27:18.758Z,buy,5.659e-05,1397.0,0.0790562299999999
BCD/BTC,1572989238758,2019-11-05T21:27:18.758Z,buy,5.66e-05,231.0,0.0130746
BCD/BTC,1572989251431,2019-11-05T21:27:31.431Z,buy,5.659e-05,5.0,0.00028295
BCD/BTC,1572989251431,2019-11-05T21:27:31.431Z,buy,5.66e-05,220.0,0.012452
BCD/BTC,1572989253649,2019-11-05T21:27:33.649Z,sell,5.624e-05,131.0,0.0073674399999999
BCD/BTC,1572989254514,2019-11-05T21:27:34.514Z,sell,5.627e-05,86.0,0.00483922
BCD/BTC,1572989254533,2019-11-05T21:27:34.533Z,sell,5.627e-05,44.0,0.00247588
BCD/BTC,1572989254533,2019-11-05T21:27:34.533Z,sell,5.626e-05,235.0,0.0132211
BCD/BTC,1572989254533,2019-11-05T21:27:34.533Z,sell,5.625e-05,155.0,0.0087187499999999
BCD/BTC,1572989255059,2019-11-05T21:27:35.059Z,buy,5.657e-05,117.0,0.00661869
BCD/BTC,1572989255059,2019-11-05T21:27:35.059Z,buy,5.658e-05,99.0,0.0056014199999999
BCD/BTC,1572989255138,2019-11-05T21:27:35.138Z,sell,5.627e-05,30.0,0.0016881
BCD/BTC,1572989255138,2019-11-05T21:27:35.138Z,sell,5.627e-05,30.0,0.0016881
BCD/BTC,1572989255536,2019-11-05T21:27:35.536Z,sell,5.627e-05,105.0,0.00590835
BCD/BTC,1572989255708,2019-11-05T21:27:35.708Z,sell,5.627e-05,30.0,0.0016881
BCD/BTC,1572989256258,2019-11-05T21:27:36.258Z,sell,5.627e-05,9.0,0.00050643
BCD/BTC,1572989256299,2019-11-05T21:27:36.299Z,sell,5.627e-05,1.0,5.627e-05
BCD/BTC,1572989256376,2019-11-05T21:27:36.376Z,sell,5.616e-05,114.0,0.00640224
BCD/BTC,1572989262817,2019-11-05T21:27:42.817Z,buy,5.621e-05,29.0,0.00163009
BCD/BTC,1572989262817,2019-11-05T21:27:42.817Z,buy,5.654e-05,121.0,0.00684134
BCD/BTC,1572989262817,2019-11-05T21:27:42.817Z,buy,5.657e-05,85.0,0.00480845
BCD/BTC,1572989266772,2019-11-05T21:27:46.772Z,buy,5.656e-05,69.0,0.00390264
BCD/BTC,1572989268845,2019-11-05T21:27:48.845Z,sell,5.627e-05,30.0,0.0016881
BCD/BTC,1572989269686,2019-11-05T21:27:49.686Z,sell,5.627e-05,30.0,0.0016881
BCD/BTC,1572989270136,2019-11-05T21:27:50.136Z,sell,5.627e-05,32.0,0.00180064
BCD/BTC,1572989270476,2019-11-05T21:27:50.476Z,sell,5.627e-05,31.0,0.00174437
BCD/BTC,1572989270778,2019-11-05T21:27:50.778Z,buy,5.621e-05,48.0,0.00269808
BCD/BTC,1572989270778,2019-11-05T21:27:50.778Z,buy,5.657e-05,21.0,0.00118797
BCD/BTC,1572989274796,2019-11-05T21:27:54.796Z,buy,5.655e-05,122.0,0.0068991
BCD/BTC,1572989278229,2019-11-05T21:27:58.229Z,buy,5.657e-05,104.0,0.00588328
BCD/BTC,1572989278843,2019-11-05T21:27:58.843Z,sell,5.624e-05,14.0,0.00078736
BCD/BTC,1572989278843,2019-11-05T21:27:58.843Z,sell,5.624e-05,93.0,0.00523032
BCD/BTC,1572990118531,2019-11-05T21:41:58.531Z,sell,5.619e-05,82.0,0.00460758
BCD/BTC,1572990993007,2019-11-05T21:56:33.007Z,buy,5.63e-05,223.0,0.0125549
BCD/BTC,1572990993007,2019-11-05T21:56:33.007Z,buy,5.638e-05,99.0,0.00558162
BCD/BTC,1572990993007,2019-11-05T21:56:33.007Z,buy,5.639e-05,29.0,0.00163531
BCD/BTC,1572990993007,2019-11-05T21:56:33.007Z,buy,5.64e-05,224.0,0.0126336
BCD/BTC,1572990993007,2019-11-05T21:56:33.007Z,buy,5.645e-05,75.0,0.00423375
BCD/BTC,1572991105929,2019-11-05T21:58:25.929Z,buy,5.638e-05,125.0,0.0070475
BCD/BTC,1572991105929,2019-11-05T21:58:25.929Z,buy,5.645e-05,26.0,0.0014677
BCD/BTC,1572991105929,2019-11-05T21:58:25.929Z,buy,5.65e-05,511.0,0.0288714999999999
BCD/BTC,1572991105929,2019-11-05T21:58:25.929Z,buy,5.655e-05,18.0,0.0010179
BCD/BTC,1572991114199,2019-11-05T21:58:34.199Z,buy,5.625e-05,267.0,0.0150187499999999
BCD/BTC,1572991114374,2019-11-05T21:58:34.374Z,buy,5.625e-05,80.0,0.0045
BCD/BTC,1572991119194,2019-11-05T21:58:39.194Z,sell,5.632e-05,17.0,0.00095744
BCD/BTC,1572991130633,2019-11-05T21:58:50.633Z,buy,5.654e-05,134.0,0.00757636
BCD/BTC,1572991130633,2019-11-05T21:58:50.633Z,buy,5.655e-05,23.0,0.00130065
BCD/BTC,1572991146330,2019-11-05T21:59:06.330Z,buy,5.657e-05,37.0,0.00209309
BCD/BTC,1572991155450,2019-11-05T21:59:15.450Z,buy,5.657e-05,51.0,0.00288507
BCD/BTC,1572991268178,2019-11-05T22:01:08.178Z,sell,5.635e-05,229.0,0.01290415
BCD/BTC,1572991268178,2019-11-05T22:01:08.178Z,sell,5.63e-05,228.0,0.0128364
BCD/BTC,1572991268178,2019-11-05T22:01:08.178Z,sell,5.629e-05,354.0,0.01992666
BCD/BTC,1572991268178,2019-11-05T22:01:08.178Z,sell,5.612e-05,83.0,0.00465796
BCD/BTC,1572991268178,2019-11-05T22:01:08.178Z,sell,5.603e-05,3.0,0.00016809
BCD/BTC,1572991268178,2019-11-05T22:01:08.178Z,sell,5.597e-05,5.0,0.00027985
BCD/BTC,1572991268197,2019-11-05T22:01:08.197Z,buy,5.594e-05,583.0,0.03261302
BCD/BTC,1572991268203,2019-11-05T22:01:08.203Z,buy,5.594e-05,234.0,0.01308996
BCD/BTC,1572991268207,2019-11-05T22:01:08.207Z,buy,5.594e-05,65.0,0.0036361
BCD/BTC,1572991268232,2019-11-05T22:01:08.232Z,sell,5.596e-05,126.0,0.00705096
BCD/BTC,1572991268232,2019-11-05T22:01:08.232Z,sell,5.593e-05,103.0,0.00576079
BCD/BTC,1572991268308,2019-11-05T22:01:08.308Z,buy,5.618e-05,354.0,0.01988772
BCD/BTC,1572991268308,2019-11-05T22:01:08.308Z,buy,5.657e-05,2.0,0.00011314
BCD/BTC,1572991268308,2019-11-05T22:01:08.308Z,buy,5.66e-05,5.0,0.000283
BCD/BTC,1572991268308,2019-11-05T22:01:08.308Z,buy,5.665e-05,5.0,0.00028325
BCD/BTC,1572991268308,2019-11-05T22:01:08.308Z,buy,5.666e-05,7.0,0.00039662
BCD/BTC,1572991268308,2019-11-05T22:01:08.308Z,buy,5.669e-05,8.0,0.00045352
BCD/BTC,1572991268308,2019-11-05T22:01:08.308Z,buy,5.671e-05,67.0,0.00379957
BCD/BTC,1572991268308,2019-11-05T22:01:08.308Z,buy,5.672e-05,177.0,0.01003944
BCD/BTC,1572991268308,2019-11-05T22:01:08.308Z,buy,5.673e-05,3.0,0.00017019
BCD/BTC,1572991268308,2019-11-05T22:01:08.308Z,buy,5.678e-05,239.0,0.01357042
BCD/BTC,1572991268308,2019-11-05T22:01:08.308Z,buy,5.679e-05,227.0,0.01289133
BCD/BTC,1572991268308,2019-11-05T22:01:08.308Z,buy,5.68e-05,143.0,0.0081224
BCD/BTC,1572991268308,2019-11-05T22:01:08.308Z,buy,5.683e-05,34.0,0.00193222
BCD/BTC,1572991268308,2019-11-05T22:01:08.308Z,buy,5.684e-05,890.0,0.0505875999999999
BCD/BTC,1572991268308,2019-11-05T22:01:08.308Z,buy,5.685e-05,172.0,0.0097782
BCD/BTC,1572991268308,2019-11-05T22:01:08.308Z,buy,5.688e-05,23.0,0.00130824
BCD/BTC,1572991268631,2019-11-05T22:01:08.631Z,sell,5.635e-05,54.0,0.0030429
BCD/BTC,1572991285195,2019-11-05T22:01:25.195Z,sell,5.641e-05,5.0,0.00028205
BCD/BTC,1572991300149,2019-11-05T22:01:40.149Z,buy,5.651e-05,82.0,0.00463382
BCD/BTC,1572991302384,2019-11-05T22:01:42.384Z,sell,5.641e-05,93.0,0.00524613
BCD/BTC,1572991302385,2019-11-05T22:01:42.385Z,sell,5.633e-05,13.0,0.00073229
BCD/BTC,1572991302385,2019-11-05T22:01:42.385Z,sell,5.631e-05,5.0,0.00028155
BCD/BTC,1572991302386,2019-11-05T22:01:42.386Z,sell,5.61e-05,76.0,0.0042636
BCD/BTC,1572991302386,2019-11-05T22:01:42.386Z,sell,5.609e-05,13.0,0.00072917
BCD/BTC,1572991303458,2019-11-05T22:01:43.458Z,buy,5.648e-05,70.0,0.0039536
BCD/BTC,1572991303458,2019-11-05T22:01:43.458Z,buy,5.649e-05,60.0,0.0033894
BCD/BTC,1572992138593,2019-11-05T22:15:38.593Z,buy,5.622e-05,152.0,0.00854544
BCD/BTC,1572992139017,2019-11-05T22:15:39.017Z,sell,5.622e-05,109.0,0.00612798
BCD/BTC,1572992139408,2019-11-05T22:15:39.408Z,sell,5.622e-05,30.0,0.0016866
BCD/BTC,1572992140385,2019-11-05T22:15:40.385Z,sell,5.622e-05,127.0,0.00713994
BCD/BTC,1572992140796,2019-11-05T22:15:40.796Z,sell,5.622e-05,44.0,0.00247368
BCD/BTC,1572992142366,2019-11-05T22:15:42.366Z,sell,5.622e-05,44.0,0.00247368
BCD/BTC,1572992144554,2019-11-05T22:15:44.554Z,sell,5.622e-05,30.0,0.0016866
BCD/BTC,1572992157092,2019-11-05T22:15:57.092Z,sell,5.622e-05,6.0,0.00033732
BCD/BTC,1572992168287,2019-11-05T22:16:08.287Z,buy,5.622e-05,2.0,0.00011244
BCD/BTC,1572992409379,2019-11-05T22:20:09.379Z,buy,5.639e-05,25.0,0.00140975
BCD/BTC,1572992410321,2019-11-05T22:20:10.321Z,buy,5.637e-05,25.0,0.00140925
BCD/BTC,1572992411334,2019-11-05T22:20:11.334Z,buy,5.635e-05,3.0,0.00016905
BCD/BTC,1572992411334,2019-11-05T22:20:11.334Z,buy,5.636e-05,3.0,0.00016908
BCD/BTC,1572992411334,2019-11-05T22:20:11.334Z,buy,5.637e-05,19.0,0.00107103
BCD/BTC,1572992412342,2019-11-05T22:20:12.342Z,buy,5.637e-05,25.0,0.00140925
BCD/BTC,1572992413399,2019-11-05T22:20:13.399Z,buy,5.637e-05,25.0,0.00140925
BCD/BTC,1572992414312,2019-11-05T22:20:14.312Z,buy,5.645e-05,25.0,0.00141125
BCD/BTC,1572992415479,2019-11-05T22:20:15.479Z,buy,5.645e-05,25.0,0.00141125
BCD/BTC,1572992416522,2019-11-05T22:20:16.522Z,buy,5.643e-05,25.0,0.00141075
BCD/BTC,1572992417387,2019-11-05T22:20:17.387Z,buy,5.643e-05,25.0,0.00141075
BCD/BTC,1572992418228,2019-11-05T22:20:18.228Z,buy,5.643e-05,19.0,0.00107217
BCD/BTC,1572992418228,2019-11-05T22:20:18.228Z,buy,5.646e-05,6.0,0.00033876
BCD/BTC,1572992419235,2019-11-05T22:20:19.235Z,buy,5.642e-05,25.0,0.0014104999999999
BCD/BTC,1572992420309,2019-11-05T22:20:20.309Z,buy,5.642e-05,25.0,0.0014104999999999
BCD/BTC,1572992421212,2019-11-05T22:20:21.212Z,buy,5.642e-05,4.0,0.00022568
BCD/BTC,1572992421212,2019-11-05T22:20:21.212Z,buy,5.647e-05,21.0,0.00118587
BCD/BTC,1572992422058,2019-11-05T22:20:22.058Z,buy,5.646e-05,88.0,0.00496848
BCD/BTC,1572992422221,2019-11-05T22:20:22.221Z,buy,5.646e-05,25.0,0.0014115
BCD/BTC,1572992423123,2019-11-05T22:20:23.123Z,buy,5.646e-05,25.0,0.0014115
BCD/BTC,1572992424174,2019-11-05T22:20:24.174Z,buy,5.646e-05,13.0,0.00073398
BCD/BTC,1572992424174,2019-11-05T22:20:24.174Z,buy,5.647e-05,12.0,0.00067764
BCD/BTC,1572992425109,2019-11-05T22:20:25.109Z,buy,5.647e-05,25.0,0.00141175
BCD/BTC,1572992426062,2019-11-05T22:20:26.062Z,buy,5.647e-05,25.0,0.00141175
BCD/BTC,1572992426920,2019-11-05T22:20:26.920Z,buy,5.647e-05,25.0,0.00141175
BCD/BTC,1572992427839,2019-11-05T22:20:27.839Z,buy,5.647e-05,25.0,0.00141175
BCD/BTC,1572992428861,2019-11-05T22:20:28.861Z,buy,5.651e-05,25.0,0.00141275
BCD/BTC,1572992429894,2019-11-05T22:20:29.894Z,buy,5.652e-05,25.0,0.001413
BCD/BTC,1572992431010,2019-11-05T22:20:31.010Z,buy,5.652e-05,25.0,0.001413
BCD/BTC,1572992431920,2019-11-05T22:20:31.920Z,buy,5.651e-05,25.0,0.00141275
BCD/BTC,1572992432779,2019-11-05T22:20:32.779Z,buy,5.652e-05,25.0,0.001413
BCD/BTC,1572992433647,2019-11-05T22:20:33.647Z,buy,5.652e-05,7.0,0.00039564
BCD/BTC,1572992433647,2019-11-05T22:20:33.647Z,buy,5.665e-05,5.0,0.00028325
BCD/BTC,1572992433647,2019-11-05T22:20:33.647Z,buy,5.672e-05,13.0,0.00073736
BCD/BTC,1572992437520,2019-11-05T22:20:37.520Z,buy,5.671e-05,25.0,0.00141775
BCD/BTC,1572992438379,2019-11-05T22:20:38.379Z,buy,5.671e-05,25.0,0.00141775
BCD/BTC,1572992439367,2019-11-05T22:20:39.367Z,buy,5.672e-05,25.0,0.001418
BCD/BTC,1572992442551,2019-11-05T22:20:42.551Z,buy,5.671e-05,25.0,0.00141775
BCD/BTC,1572992443408,2019-11-05T22:20:43.408Z,buy,5.671e-05,25.0,0.00141775
BCD/BTC,1572992446523,2019-11-05T22:20:46.523Z,buy,5.671e-05,25.0,0.00141775
BCD/BTC,1572992447444,2019-11-05T22:20:47.444Z,buy,5.671e-05,25.0,0.00141775
BCD/BTC,1572992448473,2019-11-05T22:20:48.473Z,buy,5.671e-05,25.0,0.00141775
BCD/BTC,1572992450005,2019-11-05T22:20:50.005Z,buy,5.67e-05,25.0,0.0014175
BCD/BTC,1572992451123,2019-11-05T22:20:51.123Z,buy,5.671e-05,25.0,0.00141775
BCD/BTC,1572992452095,2019-11-05T22:20:52.095Z,buy,5.671e-05,25.0,0.00141775
BCD/BTC,1572992452938,2019-11-05T22:20:52.938Z,buy,5.67e-05,25.0,0.0014175
BCD/BTC,1572992454064,2019-11-05T22:20:54.064Z,buy,5.671e-05,25.0,0.00141775
BCD/BTC,1572992455096,2019-11-05T22:20:55.096Z,buy,5.671e-05,25.0,0.00141775
BCD/BTC,1572992455970,2019-11-05T22:20:55.970Z,buy,5.67e-05,25.0,0.0014175
BCD/BTC,1572992457251,2019-11-05T22:20:57.251Z,buy,5.671e-05,25.0,0.00141775
BCD/BTC,1572992458265,2019-11-05T22:20:58.265Z,buy,5.671e-05,25.0,0.00141775
BCD/BTC,1572992459435,2019-11-05T22:20:59.435Z,buy,5.67e-05,25.0,0.0014175
BCD/BTC,1572992460353,2019-11-05T22:21:00.353Z,buy,5.67e-05,23.0,0.0013041
BCD/BTC,1572992460353,2019-11-05T22:21:00.353Z,buy,5.671e-05,2.0,0.00011342
BCD/BTC,1572992461258,2019-11-05T22:21:01.258Z,buy,5.671e-05,25.0,0.00141775
BCD/BTC,1572992462272,2019-11-05T22:21:02.272Z,buy,5.671e-05,25.0,0.00141775
BCD/BTC,1572992463403,2019-11-05T22:21:03.403Z,buy,5.671e-05,25.0,0.00141775
BCD/BTC,1572992464428,2019-11-05T22:21:04.428Z,buy,5.671e-05,25.0,0.00141775
BCD/BTC,1572992465395,2019-11-05T22:21:05.395Z,buy,5.671e-05,25.0,0.00141775
BCD/BTC,1572992466374,2019-11-05T22:21:06.374Z,buy,5.671e-05,25.0,0.00141775
BCD/BTC,1572992467219,2019-11-05T22:21:07.219Z,buy,5.671e-05,25.0,0.00141775
BCD/BTC,1572992468207,2019-11-05T22:21:08.207Z,buy,5.671e-05,47.0,0.00266537
BCD/BTC,1572992468223,2019-11-05T22:21:08.223Z,buy,5.671e-05,25.0,0.00141775
BCD/BTC,1572992469112,2019-11-05T22:21:09.112Z,buy,5.671e-05,25.0,0.00141775
BCD/BTC,1572992469986,2019-11-05T22:21:09.986Z,buy,5.671e-05,25.0,0.00141775
BCD/BTC,1572992470982,2019-11-05T22:21:10.982Z,buy,5.671e-05,25.0,0.00141775
BCD/BTC,1572992471907,2019-11-05T22:21:11.907Z,buy,5.671e-05,25.0,0.00141775
BCD/BTC,1572992472843,2019-11-05T22:21:12.843Z,buy,5.671e-05,23.0,0.00130433
BCD/BTC,1572992472843,2019-11-05T22:21:12.843Z,buy,5.672e-05,2.0,0.00011344
BCD/BTC,1572992488657,2019-11-05T22:21:28.657Z,buy,5.672e-05,100.0,0.005672
BCD/BTC,1572992533895,2019-11-05T22:22:13.895Z,buy,5.671e-05,2.0,0.00011342
BCD/BTC,1572992533895,2019-11-05T22:22:13.895Z,buy,5.672e-05,23.0,0.00130456
BCD/BTC,1572992534229,2019-11-05T22:22:14.229Z,buy,5.672e-05,207.0,0.01174104
BCD/BTC,1572992534736,2019-11-05T22:22:14.736Z,buy,5.673e-05,3.0,0.00017019
BCD/BTC,1572992534736,2019-11-05T22:22:14.736Z,buy,5.679e-05,13.0,0.00073827
BCD/BTC,1572992534736,2019-11-05T22:22:14.736Z,buy,5.69e-05,9.0,0.0005121
BCD/BTC,1572992538806,2019-11-05T22:22:18.806Z,sell,5.645e-05,12.0,0.0006774
BCD/BTC,1572992559055,2019-11-05T22:22:39.055Z,buy,5.649e-05,20.0,0.0011298
BCD/BTC,1572992559055,2019-11-05T22:22:39.055Z,buy,5.69e-05,5.0,0.0002845
BCD/BTC,1572992585085,2019-11-05T22:23:05.085Z,sell,5.656e-05,6.0,0.00033936
BCD/BTC,1572992588081,2019-11-05T22:23:08.081Z,sell,5.657e-05,8.0,0.00045256
BCD/BTC,1572992696073,2019-11-05T22:24:56.073Z,sell,5.657e-05,5.0,0.00028285
BCD/BTC,1572992786256,2019-11-05T22:26:26.256Z,sell,5.658e-05,59.0,0.00333822
BCD/BTC,1572992789046,2019-11-05T22:26:29.046Z,sell,5.658e-05,42.0,0.0023763599999999
BCD/BTC,1572992789178,2019-11-05T22:26:29.178Z,sell,5.658e-05,30.0,0.0016974
BCD/BTC,1572992804097,2019-11-05T22:26:44.097Z,sell,5.657e-05,3.0,0.00016971
BCD/BTC,1572992813400,2019-11-05T22:26:53.400Z,sell,5.658e-05,125.0,0.0070725
BCD/BTC,1572992814481,2019-11-05T22:26:54.481Z,sell,5.658e-05,30.0,0.0016974
BCD/BTC,1572992853331,2019-11-05T22:27:33.331Z,sell,5.658e-05,37.0,0.0020934599999999
BCD/BTC,1572992853331,2019-11-05T22:27:33.331Z,sell,5.658e-05,37.0,0.0020934599999999
BCD/BTC,1572992855658,2019-11-05T22:27:35.658Z,sell,5.658e-05,30.0,0.0016974
BCD/BTC,1572992856407,2019-11-05T22:27:36.407Z,sell,5.657e-05,10.0,0.0005657
BCD/BTC,1572992861654,2019-11-05T22:27:41.654Z,buy,5.677e-05,128.0,0.00726656
BCD/BTC,1572992863446,2019-11-05T22:27:43.446Z,buy,5.676e-05,25.0,0.001419
BCD/BTC,1572992864314,2019-11-05T22:27:44.314Z,buy,5.676e-05,25.0,0.001419
BCD/BTC,1572992865340,2019-11-05T22:27:45.340Z,buy,5.676e-05,15.0,0.0008514
BCD/BTC,1572992865340,2019-11-05T22:27:45.340Z,buy,5.685e-05,6.0,0.0003411
BCD/BTC,1572992865340,2019-11-05T22:27:45.340Z,buy,5.686e-05,4.0,0.00022744
BCD/BTC,1572992866274,2019-11-05T22:27:46.274Z,buy,5.675e-05,25.0,0.0014187499999999
BCD/BTC,1572992867133,2019-11-05T22:27:47.133Z,buy,5.675e-05,25.0,0.0014187499999999
BCD/BTC,1572992868136,2019-11-05T22:27:48.136Z,buy,5.675e-05,19.0,0.00107825
BCD/BTC,1572992868136,2019-11-05T22:27:48.136Z,buy,5.686e-05,6.0,0.00034116
BCD/BTC,1572992878831,2019-11-05T22:27:58.831Z,buy,5.682e-05,25.0,0.0014205
BCD/BTC,1572992879954,2019-11-05T22:27:59.954Z,buy,5.681e-05,25.0,0.00142025
BCD/BTC,1572992882358,2019-11-05T22:28:02.358Z,buy,5.686e-05,25.0,0.0014215
BCD/BTC,1572992882475,2019-11-05T22:28:02.475Z,sell,5.656e-05,79.0,0.00446824
BCD/BTC,1572992884266,2019-11-05T22:28:04.266Z,sell,5.656e-05,115.0,0.0065044
BCD/BTC,1572992884266,2019-11-05T22:28:04.266Z,sell,5.655e-05,33.0,0.00186615
BCD/BTC,1572992884397,2019-11-05T22:28:04.397Z,sell,5.657e-05,41.0,0.00231937
BCD/BTC,1572992893303,2019-11-05T22:28:13.303Z,sell,5.657e-05,38.0,0.00214966
BCD/BTC,1572992894310,2019-11-05T22:28:14.310Z,sell,5.657e-05,43.0,0.00243251
BCD/BTC,1572992894310,2019-11-05T22:28:14.310Z,sell,5.656e-05,69.0,0.00390264
BCD/BTC,1572992897438,2019-11-05T22:28:17.438Z,sell,5.657e-05,15.0,0.00084855
BCD/BTC,1572992897448,2019-11-05T22:28:17.448Z,sell,5.657e-05,13.0,0.00073541
BCD/BTC,1572992897464,2019-11-05T22:28:17.464Z,sell,5.657e-05,30.0,0.0016971
BCD/BTC,1572992898681,2019-11-05T22:28:18.681Z,sell,5.657e-05,15.0,0.00084855
BCD/BTC,1572992898732,2019-11-05T22:28:18.732Z,sell,5.657e-05,9.0,0.00050913
BCD/BTC,1572992898732,2019-11-05T22:28:18.732Z,sell,5.656e-05,5.0,0.0002828
BCD/BTC,1572992898741,2019-11-05T22:28:18.741Z,sell,5.656e-05,30.0,0.0016968
BCD/BTC,1572992899025,2019-11-05T22:28:19.025Z,sell,5.657e-05,28.0,0.00158396
BCD/BTC,1572992899192,2019-11-05T22:28:19.192Z,sell,5.657e-05,26.0,0.00147082
BCD/BTC,1572992899192,2019-11-05T22:28:19.192Z,sell,5.656e-05,4.0,0.00022624
BCD/BTC,1572992911149,2019-11-05T22:28:31.149Z,sell,5.657e-05,2.0,0.00011314
BCD/BTC,1572992913723,2019-11-05T22:28:33.723Z,buy,5.683e-05,55.0,0.00312565
BCD/BTC,1572992916053,2019-11-05T22:28:36.053Z,buy,5.684e-05,25.0,0.001421
BCD/BTC,1572992917636,2019-11-05T22:28:37.636Z,buy,5.686e-05,25.0,0.0014215
BCD/BTC,1572992918134,2019-11-05T22:28:38.134Z,buy,5.686e-05,162.0,0.00921132
BCD/BTC,1572992918516,2019-11-05T22:28:38.516Z,buy,5.686e-05,25.0,0.0014215
BCD/BTC,1572992920250,2019-11-05T22:28:40.250Z,buy,5.686e-05,25.0,0.0014215
BCD/BTC,1572992935199,2019-11-05T22:28:55.199Z,buy,5.686e-05,25.0,0.0014215
BCD/BTC,1572992936056,2019-11-05T22:28:56.056Z,buy,5.686e-05,25.0,0.0014215
BCD/BTC,1572992989885,2019-11-05T22:29:49.885Z,buy,5.686e-05,239.0,0.01358954
BCD/BTC,1572992996403,2019-11-05T22:29:56.403Z,buy,5.685e-05,85.0,0.00483225
BCD/BTC,1572993019674,2019-11-05T22:30:19.674Z,buy,5.686e-05,71.0,0.00403706
BCD/BTC,1572993021069,2019-11-05T22:30:21.069Z,sell,5.658e-05,2.0,0.00011316
BCD/BTC,1572993461947,2019-11-05T22:37:41.947Z,buy,5.686e-05,1.0,5.686e-05
BCD/BTC,1572993544016,2019-11-05T22:39:04.016Z,buy,5.686e-05,25.0,0.0014215
BCD/BTC,1572993571664,2019-11-05T22:39:31.664Z,sell,5.659e-05,30.0,0.0016977
BCD/BTC,1572993571813,2019-11-05T22:39:31.813Z,sell,5.659e-05,10.0,0.0005659
BCD/BTC,1572993571922,2019-11-05T22:39:31.922Z,sell,5.659e-05,9.0,0.00050931
BCD/BTC,1572993572394,2019-11-05T22:39:32.394Z,sell,5.659e-05,30.0,0.0016977
BCD/BTC,1572993620701,2019-11-05T22:40:20.701Z,buy,5.68e-05,79.0,0.0044872
BCD/BTC,1572993940457,2019-11-05T22:45:40.457Z,buy,5.683e-05,79.0,0.00448957
BCD/BTC,1572993940494,2019-11-05T22:45:40.494Z,sell,5.683e-05,42.0,0.00238686
BCD/BTC,1572993940496,2019-11-05T22:45:40.496Z,sell,5.683e-05,3.0,0.00017049
BCD/BTC,1572993942161,2019-11-05T22:45:42.161Z,buy,5.677e-05,25.0,0.00141925
BCD/BTC,1572993942521,2019-11-05T22:45:42.521Z,buy,5.677e-05,54.0,0.00306558
BCD/BTC,1572993971424,2019-11-05T22:46:11.424Z,sell,5.661e-05,36.0,0.00203796
BCD/BTC,1572993972388,2019-11-05T22:46:12.388Z,sell,5.662e-05,87.0,0.0049259399999999
BCD/BTC,1572993973717,2019-11-05T22:46:13.717Z,sell,5.662e-05,30.0,0.0016986
BCD/BTC,1572993998703,2019-11-05T22:46:38.703Z,buy,5.684e-05,25.0,0.001421
BCD/BTC,1572993999824,2019-11-05T22:46:39.824Z,buy,5.683e-05,25.0,0.00142075
BCD/BTC,1572994000849,2019-11-05T22:46:40.849Z,buy,5.683e-05,25.0,0.00142075
BCD/BTC,1572994006428,2019-11-05T22:46:46.428Z,buy,5.683e-05,17.0,0.00096611
BCD/BTC,1572994282427,2019-11-05T22:51:22.427Z,buy,5.682e-05,61.0,0.00346602
BCD/BTC,1572994282427,2019-11-05T22:51:22.427Z,buy,5.683e-05,470.0,0.0267101
BCD/BTC,1572994469239,2019-11-05T22:54:29.239Z,sell,5.668e-05,33.0,0.00187044
BCD/BTC,1572994469556,2019-11-05T22:54:29.556Z,sell,5.668e-05,100.0,0.005668
BCD/BTC,1572994470727,2019-11-05T22:54:30.727Z,sell,5.669e-05,40.0,0.0022676
BCD/BTC,1572994470759,2019-11-05T22:54:30.759Z,sell,5.669e-05,138.0,0.00782322
BCD/BTC,1572994474089,2019-11-05T22:54:34.089Z,sell,5.669e-05,59.0,0.00334471
BCD/BTC,1572994474184,2019-11-05T22:54:34.184Z,sell,5.669e-05,28.0,0.00158732
BCD/BTC,1572994547429,2019-11-05T22:55:47.429Z,buy,5.669e-05,4.0,0.00022676
BCD/BTC,1572994632041,2019-11-05T22:57:12.041Z,buy,5.668e-05,231.0,0.01309308
BCD/BTC,1572994637305,2019-11-05T22:57:17.305Z,buy,5.673e-05,3.0,0.00017019
BCD/BTC,1572994637305,2019-11-05T22:57:17.305Z,buy,5.674e-05,128.0,0.00726272
BCD/BTC,1572994637305,2019-11-05T22:57:17.305Z,buy,5.682e-05,85.0,0.0048297
BCD/BTC,1572994637305,2019-11-05T22:57:17.305Z,buy,5.683e-05,75.0,0.00426225
BCD/BTC,1572994657003,2019-11-05T22:57:37.003Z,buy,5.682e-05,54.0,0.00306828
BCD/BTC,1572994803334,2019-11-05T23:00:03.334Z,buy,5.683e-05,3.0,0.00017049
BCD/BTC,1572994803334,2019-11-05T23:00:03.334Z,buy,5.689e-05,70.0,0.0039823
BCD/BTC,1572994803334,2019-11-05T23:00:03.334Z,buy,5.69e-05,282.0,0.0160458
BCD/BTC,1572994828708,2019-11-05T23:00:28.708Z,buy,5.689e-05,108.0,0.00614412
BCD/BTC,1572994868111,2019-11-05T23:01:08.111Z,sell,5.669e-05,9.0,0.00051021
BCD/BTC,1572994879046,2019-11-05T23:01:19.046Z,buy,5.663e-05,9.0,0.0005096699999999
BCD/BTC,1572994902158,2019-11-05T23:01:42.158Z,sell,5.667e-05,9.0,0.00051003
BCD/BTC,1572995022370,2019-11-05T23:03:42.370Z,sell,5.683e-05,562.0,0.03193846
BCD/BTC,1572995022374,2019-11-05T23:03:42.374Z,sell,5.683e-05,33.0,0.00187539
BCD/BTC,1572995022477,2019-11-05T23:03:42.477Z,sell,5.683e-05,1.0,5.683e-05
BCD/BTC,1572995022477,2019-11-05T23:03:42.477Z,sell,5.67e-05,343.0,0.0194481
BCD/BTC,1572995022477,2019-11-05T23:03:42.477Z,sell,5.648e-05,192.0,0.01084416
BCD/BTC,1572995022477,2019-11-05T23:03:42.477Z,sell,5.647e-05,60.0,0.0033882
BCD/BTC,1572995023289,2019-11-05T23:03:43.289Z,buy,5.677e-05,1187.0,0.06738599
BCD/BTC,1572995027279,2019-11-05T23:03:47.279Z,sell,5.683e-05,8.0,0.00045464
BCD/BTC,1572995071069,2019-11-05T23:04:31.069Z,sell,5.683e-05,30.0,0.0017049
BCD/BTC,1572995075263,2019-11-05T23:04:35.263Z,sell,5.683e-05,30.0,0.0017049
BCD/BTC,1572995076178,2019-11-05T23:04:36.178Z,sell,5.683e-05,32.0,0.00181856
BCD/BTC,1572995079389,2019-11-05T23:04:39.389Z,sell,5.683e-05,36.0,0.00204588
BCD/BTC,1572995079397,2019-11-05T23:04:39.397Z,sell,5.683e-05,120.0,0.0068196
BCD/BTC,1572995079643,2019-11-05T23:04:39.643Z,sell,5.683e-05,64.0,0.00363712
BCD/BTC,1572995080969,2019-11-05T23:04:40.969Z,sell,5.648e-05,18.0,0.00101664
BCD/BTC,1572995084243,2019-11-05T23:04:44.243Z,buy,5.677e-05,373.0,0.02117521
BCD/BTC,1572995185535,2019-11-05T23:06:25.535Z,buy,5.685e-05,352.0,0.0200112
BCD/BTC,1572995185535,2019-11-05T23:06:25.535Z,buy,5.686e-05,86.0,0.00488996
BCD/BTC,1572995313442,2019-11-05T23:08:33.442Z,buy,5.686e-05,42.0,0.00238812
BCD/BTC,1572995313442,2019-11-05T23:08:33.442Z,buy,5.687e-05,2.0,0.00011374
BCD/BTC,1572995313442,2019-11-05T23:08:33.442Z,buy,5.69e-05,3.0,0.0001707
BCD/BTC,1572995313442,2019-11-05T23:08:33.442Z,buy,5.692e-05,32.0,0.00182144
BCD/BTC,1572995492238,2019-11-05T23:11:32.238Z,sell,5.665e-05,9.0,0.00050985
BCD/BTC,1572995599895,2019-11-05T23:13:19.895Z,buy,5.692e-05,112.0,0.0063750399999999
BCD/BTC,1572995692881,2019-11-05T23:14:52.881Z,sell,5.692e-05,4.0,0.00022768
BCD/BTC,1572995693017,2019-11-05T23:14:53.017Z,sell,5.692e-05,137.0,0.00779804
BCD/BTC,1572995693067,2019-11-05T23:14:53.067Z,sell,5.692e-05,111.0,0.00631812
BCD/BTC,1572995703717,2019-11-05T23:15:03.717Z,buy,5.686e-05,202.0,0.01148572
BCD/BTC,1572995703717,2019-11-05T23:15:03.717Z,buy,5.694e-05,72.0,0.00409968
BCD/BTC,1572995736779,2019-11-05T23:15:36.779Z,buy,5.694e-05,10.0,0.0005694
BCD/BTC,1572995760009,2019-11-05T23:16:00.009Z,sell,5.67e-05,189.0,0.0107163
BCD/BTC,1572995780688,2019-11-05T23:16:20.688Z,sell,5.669e-05,126.0,0.00714294
BCD/BTC,1572995804144,2019-11-05T23:16:44.144Z,sell,5.67e-05,83.0,0.0047061
BCD/BTC,1572995815058,2019-11-05T23:16:55.058Z,sell,5.669e-05,100.0,0.005669
BCD/BTC,1572996050289,2019-11-05T23:20:50.289Z,buy,5.655e-05,525.0,0.02968875
BCD/BTC,1572996237241,2019-11-05T23:23:57.241Z,buy,5.694e-05,38.0,0.00216372
BCD/BTC,1572996237241,2019-11-05T23:23:57.241Z,buy,5.695e-05,32.0,0.0018224
BCD/BTC,1572996237241,2019-11-05T23:23:57.241Z,buy,5.7e-05,28.0,0.001596
BCD/BTC,1572996237241,2019-11-05T23:23:57.241Z,buy,5.703e-05,29.0,0.00165387
BCD/BTC,1572996272296,2019-11-05T23:24:32.296Z,sell,5.669e-05,352.0,0.01995488
BCD/BTC,1572996295560,2019-11-05T23:24:55.560Z,buy,5.669e-05,25.0,0.00141725
BCD/BTC,1572996295937,2019-11-05T23:24:55.937Z,buy,5.669e-05,36.0,0.00204084
BCD/BTC,1572996296463,2019-11-05T23:24:56.463Z,buy,5.669e-05,14.0,0.00079366
BCD/BTC,1572996296463,2019-11-05T23:24:56.463Z,buy,5.688e-05,11.0,0.00062568
BCD/BTC,1572996296463,2019-11-05T23:24:56.463Z,buy,5.669e-05,14.0,0.00079366
BCD/BTC,1572996296463,2019-11-05T23:24:56.463Z,buy,5.688e-05,11.0,0.00062568
BCD/BTC,1572996666576,2019-11-05T23:31:06.576Z,sell,5.688e-05,74.0,0.00420912
BCD/BTC,1572996682935,2019-11-05T23:31:22.935Z,sell,5.666e-05,56.0,0.00317296
BCD/BTC,1572996741865,2019-11-05T23:32:21.865Z,buy,5.668e-05,669.0,0.03791892
BCD/BTC,1572997011084,2019-11-05T23:36:51.084Z,sell,5.665e-05,5.0,0.00028325
BCD/BTC,1572997011084,2019-11-05T23:36:51.084Z,sell,5.657e-05,69.0,0.00390333
BCD/BTC,1572997011084,2019-11-05T23:36:51.084Z,sell,5.656e-05,11.0,0.00062216
BCD/BTC,1572997011084,2019-11-05T23:36:51.084Z,sell,5.655e-05,160.0,0.009048
BCD/BTC,1572997282710,2019-11-05T23:41:22.710Z,sell,5.655e-05,16.0,0.0009048
BCD/BTC,1572997282710,2019-11-05T23:41:22.710Z,sell,5.65e-05,17.0,0.0009605
BCD/BTC,1572997282710,2019-11-05T23:41:22.710Z,sell,5.647e-05,64.0,0.00361408
BCD/BTC,1572997282710,2019-11-05T23:41:22.710Z,sell,5.638e-05,3.0,0.00016914
BCD/BTC,1572997282710,2019-11-05T23:41:22.710Z,sell,5.635e-05,82.0,0.0046207
BCD/BTC,1572997282710,2019-11-05T23:41:22.710Z,sell,5.634e-05,180.0,0.0101412
BCD/BTC,1572997282710,2019-11-05T23:41:22.710Z,sell,5.633e-05,13.0,0.00073229
BCD/BTC,1572997282710,2019-11-05T23:41:22.710Z,sell,5.631e-05,5.0,0.00028155
BCD/BTC,1572997282710,2019-11-05T23:41:22.710Z,sell,5.629e-05,176.0,0.0099070399999999
BCD/BTC,1572997282729,2019-11-05T23:41:22.729Z,buy,5.62e-05,103.0,0.0057886
BCD/BTC,1572997282732,2019-11-05T23:41:22.732Z,buy,5.62e-05,474.0,0.0266387999999999
BCD/BTC,1572997282790,2019-11-05T23:41:22.790Z,buy,5.623e-05,37.0,0.00208051
BCD/BTC,1572997283568,2019-11-05T23:41:23.568Z,buy,5.623e-05,25.0,0.00140575
BCD/BTC,1572997283758,2019-11-05T23:41:23.758Z,buy,5.623e-05,181.0,0.01017763
BCD/BTC,1572997283868,2019-11-05T23:41:23.868Z,buy,5.623e-05,1.0,5.623e-05
BCD/BTC,1572997283896,2019-11-05T23:41:23.896Z,buy,5.623e-05,23.0,0.00129329
BCD/BTC,1572997284320,2019-11-05T23:41:24.320Z,sell,5.619e-05,122.0,0.00685518
BCD/BTC,1572997284320,2019-11-05T23:41:24.320Z,sell,5.618e-05,16.0,0.00089888
BCD/BTC,1572997284320,2019-11-05T23:41:24.320Z,sell,5.613e-05,4.0,0.00022452
BCD/BTC,1572997284320,2019-11-05T23:41:24.320Z,sell,5.612e-05,38.0,0.00213256
BCD/BTC,1572997284826,2019-11-05T23:41:24.826Z,sell,5.614e-05,885.0,0.0496839
BCD/BTC,1572997289516,2019-11-05T23:41:29.516Z,buy,5.647e-05,2.0,0.00011294
BCD/BTC,1572997289516,2019-11-05T23:41:29.516Z,buy,5.648e-05,64.0,0.00361472
BCD/BTC,1572997289516,2019-11-05T23:41:29.516Z,buy,5.65e-05,51.0,0.0028815
BCD/BTC,1572997289516,2019-11-05T23:41:29.516Z,buy,5.651e-05,208.0,0.01175408
BCD/BTC,1572997289516,2019-11-05T23:41:29.516Z,buy,5.652e-05,59.0,0.00333468
BCD/BTC,1572997293748,2019-11-05T23:41:33.748Z,buy,5.651e-05,196.0,0.01107596
BCD/BTC,1572997293748,2019-11-05T23:41:33.748Z,buy,5.652e-05,2.0,0.00011304
BCD/BTC,1572997293772,2019-11-05T23:41:33.772Z,sell,5.652e-05,17.0,0.00096084
BCD/BTC,1572997297072,2019-11-05T23:41:37.072Z,buy,5.649e-05,130.0,0.0073437
BCD/BTC,1572997298189,2019-11-05T23:41:38.189Z,buy,5.652e-05,4.0,0.00022608
BCD/BTC,1572997301005,2019-11-05T23:41:41.005Z,buy,5.65e-05,174.0,0.009831
BCD/BTC,1572997304430,2019-11-05T23:41:44.430Z,buy,5.649e-05,71.0,0.00401079
BCD/BTC,1572997309253,2019-11-05T23:41:49.253Z,buy,5.653e-05,63.0,0.00356139
BCD/BTC,1572997312567,2019-11-05T23:41:52.567Z,buy,5.652e-05,178.0,0.01006056
BCD/BTC,1572997366078,2019-11-05T23:42:46.078Z,buy,5.656e-05,58.0,0.00328048
BCD/BTC,1572998043847,2019-11-05T23:54:03.847Z,buy,5.657e-05,16.0,0.00090512
BCD/BTC,1572998043847,2019-11-05T23:54:03.847Z,buy,5.665e-05,216.0,0.0122364
BCD/BTC,1572998078441,2019-11-05T23:54:38.441Z,buy,5.665e-05,125.0,0.00708125
BCD/BTC,1572998083001,2019-11-05T23:54:43.001Z,buy,5.665e-05,118.0,0.0066847
BCD/BTC,1572998091333,2019-11-05T23:54:51.333Z,buy,5.665e-05,237.0,0.01342605
BCD/BTC,1572998212095,2019-11-05T23:56:52.095Z,sell,5.664e-05,2.0,0.00011328
BCD/BTC,1572998215870,2019-11-05T23:56:55.870Z,sell,5.664e-05,23.0,0.00130272
BCD/BTC,1572998224382,2019-11-05T23:57:04.382Z,buy,5.665e-05,1.0,5.665e-05
BCD/BTC,1572998240483,2019-11-05T23:57:20.483Z,sell,5.669e-05,6.0,0.00034014
BCD/BTC,1572998240483,2019-11-05T23:57:20.483Z,sell,5.664e-05,4.0,0.00022656
BCD/BTC,1572998254373,2019-11-05T23:57:34.373Z,sell,5.665e-05,10.0,0.0005665
BCD/BTC,1572998555216,2019-11-06T00:02:35.216Z,buy,5.673e-05,3.0,0.00017019
BCD/BTC,1572998557289,2019-11-06T00:02:37.289Z,sell,5.673e-05,24.0,0.00136152
BCD/BTC,1572998557363,2019-11-06T00:02:37.363Z,sell,5.673e-05,12.0,0.00068076
BCD/BTC,1572998588824,2019-11-06T00:03:08.824Z,sell,5.666e-05,15.0,0.0008499
BCD/BTC,1572998590975,2019-11-06T00:03:10.975Z,sell,5.667e-05,7.0,0.00039669
BCD/BTC,1572999242071,2019-11-06T00:14:02.071Z,buy,5.679e-05,10.0,0.0005679
BCD/BTC,1572999277813,2019-11-06T00:14:37.813Z,sell,5.667e-05,22.0,0.0012467399999999
BCD/BTC,1572999277996,2019-11-06T00:14:37.996Z,sell,5.667e-05,30.0,0.0017001
BCD/BTC,1572999283343,2019-11-06T00:14:43.343Z,sell,5.667e-05,61.0,0.00345687
BCD/BTC,1572999283578,2019-11-06T00:14:43.578Z,sell,5.667e-05,27.0,0.00153009
BCD/BTC,1572999283841,2019-11-06T00:14:43.841Z,sell,5.667e-05,69.0,0.00391023
BCD/BTC,1572999284615,2019-11-06T00:14:44.615Z,sell,5.667e-05,67.0,0.00379689
BCD/BTC,1572999285377,2019-11-06T00:14:45.377Z,sell,5.668e-05,99.0,0.00561132
BCD/BTC,1572999286376,2019-11-06T00:14:46.376Z,sell,5.668e-05,26.0,0.00147368
BCD/BTC,1572999286376,2019-11-06T00:14:46.376Z,sell,5.667e-05,10.0,0.0005667
BCD/BTC,1572999286513,2019-11-06T00:14:46.513Z,sell,5.667e-05,35.0,0.00198345
BCD/BTC,1572999286726,2019-11-06T00:14:46.726Z,sell,5.666e-05,30.0,0.0016998
BCD/BTC,1572999331548,2019-11-06T00:15:31.548Z,buy,5.679e-05,3.0,0.0001703699999999
BCD/BTC,1572999331548,2019-11-06T00:15:31.548Z,buy,5.687e-05,99.0,0.00563013
BCD/BTC,1572999331548,2019-11-06T00:15:31.548Z,buy,5.691e-05,121.0,0.00688611
BCD/BTC,1572999334378,2019-11-06T00:15:34.378Z,sell,5.667e-05,10.0,0.0005667
BCD/BTC,1572999334795,2019-11-06T00:15:34.795Z,sell,5.667e-05,30.0,0.0017001
BCD/BTC,1572999335699,2019-11-06T00:15:35.699Z,sell,5.667e-05,13.0,0.00073671
BCD/BTC,1572999336097,2019-11-06T00:15:36.097Z,sell,5.667e-05,21.0,0.0011900699999999
BCD/BTC,1572999336097,2019-11-06T00:15:36.097Z,sell,5.666e-05,9.0,0.00050994
BCD/BTC,1572999336568,2019-11-06T00:15:36.568Z,sell,5.668e-05,44.0,0.00249392
BCD/BTC,1572999336840,2019-11-06T00:15:36.840Z,sell,5.668e-05,9.0,0.00051012
BCD/BTC,1572999336877,2019-11-06T00:15:36.877Z,sell,5.668e-05,3.0,0.00017004
BCD/BTC,1572999336877,2019-11-06T00:15:36.877Z,sell,5.666e-05,27.0,0.00152982
BCD/BTC,1572999337043,2019-11-06T00:15:37.043Z,sell,5.669e-05,87.0,0.00493203
BCD/BTC,1572999337220,2019-11-06T00:15:37.220Z,sell,5.667e-05,57.0,0.00323019
BCD/BTC,1572999337220,2019-11-06T00:15:37.220Z,sell,5.666e-05,5.0,0.0002833
BCD/BTC,1572999340666,2019-11-06T00:15:40.666Z,buy,5.663e-05,70.0,0.0039641
BCD/BTC,1572999340666,2019-11-06T00:15:40.666Z,buy,5.69e-05,4.0,0.0002276
BCD/BTC,1572999409709,2019-11-06T00:16:49.709Z,sell,5.658e-05,10.0,0.0005658
BCD/BTC,1572999410014,2019-11-06T00:16:50.014Z,sell,5.658e-05,30.0,0.0016974
BCD/BTC,1572999410806,2019-11-06T00:16:50.806Z,sell,5.658e-05,10.0,0.0005658
BCD/BTC,1572999415756,2019-11-06T00:16:55.756Z,sell,5.658e-05,8.0,0.00045264
BCD/BTC,1572999415756,2019-11-06T00:16:55.756Z,sell,5.657e-05,27.0,0.00152739
BCD/BTC,1572999416183,2019-11-06T00:16:56.183Z,sell,5.658e-05,40.0,0.0022632
BCD/BTC,1572999417247,2019-11-06T00:16:57.247Z,sell,5.658e-05,23.0,0.00130134
BCD/BTC,1572999417247,2019-11-06T00:16:57.247Z,sell,5.657e-05,17.0,0.00096169
BCD/BTC,1572999418132,2019-11-06T00:16:58.132Z,sell,5.657e-05,30.0,0.0016971
BCD/BTC,1572999429780,2019-11-06T00:17:09.780Z,sell,5.657e-05,758.0,0.04288006
BCD/BTC,1572999429788,2019-11-06T00:17:09.788Z,sell,5.657e-05,54.0,0.00305478
BCD/BTC,1572999429788,2019-11-06T00:17:09.788Z,sell,5.656e-05,699.0,0.03953544
BCD/BTC,1572999429830,2019-11-06T00:17:09.830Z,sell,5.656e-05,37.0,0.00209272
BCD/BTC,1572999440326,2019-11-06T00:17:20.326Z,sell,5.656e-05,6.0,0.00033936
BCD/BTC,1572999479644,2019-11-06T00:17:59.644Z,sell,5.656e-05,240.0,0.0135744
BCD/BTC,1572999481014,2019-11-06T00:18:01.014Z,sell,5.656e-05,15.0,0.0008484
BCD/BTC,1572999508274,2019-11-06T00:18:28.274Z,buy,5.68e-05,13.0,0.0007384
BCD/BTC,1572999805591,2019-11-06T00:23:25.591Z,buy,5.681e-05,2.0,0.00011362
BCD/BTC,1572999805591,2019-11-06T00:23:25.591Z,buy,5.681e-05,2.0,0.00011362
BCD/BTC,1573000093483,2019-11-06T00:28:13.483Z,sell,5.657e-05,9.0,0.00050913
BCD/BTC,1573000093577,2019-11-06T00:28:13.577Z,sell,5.657e-05,30.0,0.0016971
BCD/BTC,1573000102472,2019-11-06T00:28:22.472Z,sell,5.657e-05,9.0,0.00050913
BCD/BTC,1573000102527,2019-11-06T00:28:22.527Z,sell,5.657e-05,30.0,0.0016971
BCD/BTC,1573000102896,2019-11-06T00:28:22.896Z,sell,5.657e-05,9.0,0.00050913
BCD/BTC,1573000112226,2019-11-06T00:28:32.226Z,sell,5.657e-05,10.0,0.0005657
BCD/BTC,1573001210771,2019-11-06T00:46:50.771Z,buy,5.683e-05,126.0,0.00716058
BCD/BTC,1573001236878,2019-11-06T00:47:16.878Z,buy,5.684e-05,18.0,0.00102312
BCD/BTC,1573001303066,2019-11-06T00:48:23.066Z,buy,5.689e-05,85.0,0.0048356499999999
BCD/BTC,1573001303066,2019-11-06T00:48:23.066Z,buy,5.69e-05,333.0,0.0189477
BCD/BTC,1573001318960,2019-11-06T00:48:38.960Z,buy,5.691e-05,56.0,0.00318696
BCD/BTC,1573001323210,2019-11-06T00:48:43.210Z,buy,5.691e-05,1.0,5.691e-05
BCD/BTC,1573001323210,2019-11-06T00:48:43.210Z,buy,5.692e-05,97.0,0.0055212399999999
BCD/BTC,1573001327054,2019-11-06T00:48:47.054Z,buy,5.691e-05,114.0,0.00648774
BCD/BTC,1573001535703,2019-11-06T00:52:15.703Z,sell,5.673e-05,30.0,0.0017019
BCD/BTC,1573001556622,2019-11-06T00:52:36.622Z,sell,5.675e-05,129.0,0.00732075
BCD/BTC,1573001557990,2019-11-06T00:52:37.990Z,sell,5.676e-05,103.0,0.00584628
BCD/BTC,1573001559876,2019-11-06T00:52:39.876Z,sell,5.677e-05,30.0,0.0017031
BCD/BTC,1573001701091,2019-11-06T00:55:01.091Z,sell,5.677e-05,221.0,0.01254617
BCD/BTC,1573001701091,2019-11-06T00:55:01.091Z,sell,5.676e-05,30.0,0.0017028
BCD/BTC,1573001747444,2019-11-06T00:55:47.444Z,buy,5.688e-05,53.0,0.00301464
BCD/BTC,1573001753484,2019-11-06T00:55:53.484Z,buy,5.687e-05,352.0,0.02001824
BCD/BTC,1573001753484,2019-11-06T00:55:53.484Z,buy,5.688e-05,106.0,0.00602928
BCD/BTC,1573002222559,2019-11-06T01:03:42.559Z,sell,5.675e-05,111.0,0.0062992499999999
BCD/BTC,1573002268569,2019-11-06T01:04:28.569Z,buy,5.688e-05,19.0,0.0010807199999999
BCD/BTC,1573002268569,2019-11-06T01:04:28.569Z,buy,5.691e-05,2.0,0.00011382
BCD/BTC,1573002268569,2019-11-06T01:04:28.569Z,buy,5.698e-05,248.0,0.01413104
BCD/BTC,1573002268569,2019-11-06T01:04:28.569Z,buy,5.699e-05,90.0,0.0051291
BCD/BTC,1573002284781,2019-11-06T01:04:44.781Z,buy,5.7e-05,5.0,0.000285
BCD/BTC,1573002284781,2019-11-06T01:04:44.781Z,buy,5.702e-05,21.0,0.00119742
BCD/BTC,1573002284781,2019-11-06T01:04:44.781Z,buy,5.703e-05,129.0,0.00735687
BCD/BTC,1573002307820,2019-11-06T01:05:07.820Z,buy,5.703e-05,1055.0,0.06016665
BCD/BTC,1573002307820,2019-11-06T01:05:07.820Z,buy,5.704e-05,666.0,0.03798864
BCD/BTC,1573002473046,2019-11-06T01:07:53.046Z,sell,5.684e-05,351.0,0.01995084
BCD/BTC,1573002499747,2019-11-06T01:08:19.747Z,sell,5.683e-05,166.0,0.00943378
BCD/BTC,1573002500289,2019-11-06T01:08:20.289Z,sell,5.683e-05,56.0,0.00318248
BCD/BTC,1573002501667,2019-11-06T01:08:21.667Z,sell,5.683e-05,79.0,0.00448957
BCD/BTC,1573002951664,2019-11-06T01:15:51.664Z,sell,5.666e-05,71.0,0.00402286
BCD/BTC,1573002957306,2019-11-06T01:15:57.306Z,buy,5.688e-05,158.0,0.00898704
BCD/BTC,1573002962974,2019-11-06T01:16:02.974Z,sell,5.666e-05,70.0,0.0039662
BCD/BTC,1573002962974,2019-11-06T01:16:02.974Z,sell,5.665e-05,5.0,0.00028325
BCD/BTC,1573002962974,2019-11-06T01:16:02.974Z,sell,5.661e-05,83.0,0.00469863
BCD/BTC,1573003273496,2019-11-06T01:21:13.496Z,buy,5.688e-05,48.0,0.00273024
BCD/BTC,1573003273496,2019-11-06T01:21:13.496Z,buy,5.688e-05,48.0,0.00273024
BCD/BTC,1573003956657,2019-11-06T01:32:36.657Z,sell,5.667e-05,51.0,0.00289017
BCD/BTC,1573004781317,2019-11-06T01:46:21.317Z,sell,5.665e-05,30.0,0.0016995
BCD/BTC,1573004782391,2019-11-06T01:46:22.391Z,sell,5.666e-05,30.0,0.0016998
BCD/BTC,1573004782588,2019-11-06T01:46:22.588Z,sell,5.666e-05,26.0,0.00147316
BCD/BTC,1573004783315,2019-11-06T01:46:23.315Z,sell,5.667e-05,43.0,0.0024368099999999
BCD/BTC,1573004783315,2019-11-06T01:46:23.315Z,sell,5.666e-05,51.0,0.00288966
BCD/BTC,1573004783408,2019-11-06T01:46:23.408Z,sell,5.666e-05,16.0,0.00090656
BCD/BTC,1573004786035,2019-11-06T01:46:26.035Z,sell,5.666e-05,68.0,0.00385288
BCD/BTC,1573004786308,2019-11-06T01:46:26.308Z,sell,5.666e-05,33.0,0.00186978
BCD/BTC,1573004888463,2019-11-06T01:48:08.463Z,sell,5.666e-05,7.0,0.00039662
BCD/BTC,1573004888463,2019-11-06T01:48:08.463Z,sell,5.665e-05,2.0,0.0001133
BCD/BTC,1573004888589,2019-11-06T01:48:08.589Z,sell,5.666e-05,145.0,0.0082157
BCD/BTC,1573004888601,2019-11-06T01:48:08.601Z,sell,5.666e-05,9.0,0.00050994
BCD/BTC,1573004888601,2019-11-06T01:48:08.601Z,sell,5.665e-05,30.0,0.0016995
BCD/BTC,1573004888703,2019-11-06T01:48:08.703Z,sell,5.666e-05,34.0,0.00192644
BCD/BTC,1573004888835,2019-11-06T01:48:08.835Z,sell,5.666e-05,60.0,0.0033996
BCD/BTC,1573004889197,2019-11-06T01:48:09.197Z,sell,5.666e-05,9.0,0.00050994
BCD/BTC,1573004889197,2019-11-06T01:48:09.197Z,sell,5.665e-05,11.0,0.00062315
BCD/BTC,1573004889197,2019-11-06T01:48:09.197Z,sell,5.662e-05,34.0,0.0019250799999999
BCD/BTC,1573004889562,2019-11-06T01:48:09.562Z,sell,5.667e-05,50.0,0.0028335
BCD/BTC,1573004889634,2019-11-06T01:48:09.634Z,sell,5.667e-05,18.0,0.00102006
BCD/BTC,1573004889634,2019-11-06T01:48:09.634Z,sell,5.662e-05,42.0,0.0023780399999999
BCD/BTC,1573004889648,2019-11-06T01:48:09.648Z,sell,5.662e-05,48.0,0.0027177599999999
BCD/BTC,1573004889659,2019-11-06T01:48:09.659Z,sell,5.662e-05,68.0,0.0038501599999999
BCD/BTC,1573004889797,2019-11-06T01:48:09.797Z,sell,5.667e-05,130.0,0.0073671
BCD/BTC,1573004918873,2019-11-06T01:48:38.873Z,sell,5.667e-05,8.0,0.00045336
BCD/BTC,1573004918873,2019-11-06T01:48:38.873Z,sell,5.662e-05,128.0,0.00724736
BCD/BTC,1573004919162,2019-11-06T01:48:39.162Z,sell,5.662e-05,270.0,0.0152874
BCD/BTC,1573004922315,2019-11-06T01:48:42.315Z,sell,5.662e-05,255.0,0.0144380999999999
BCD/BTC,1573004922375,2019-11-06T01:48:42.375Z,sell,5.662e-05,33.0,0.00186846
BCD/BTC,1573004922375,2019-11-06T01:48:42.375Z,sell,5.661e-05,161.0,0.00911421
BCD/BTC,1573004922645,2019-11-06T01:48:42.645Z,sell,5.661e-05,267.0,0.01511487
BCD/BTC,1573005006787,2019-11-06T01:50:06.787Z,sell,5.663e-05,2.0,0.00011326
BCD/BTC,1573005006787,2019-11-06T01:50:06.787Z,sell,5.661e-05,30.0,0.0016983
BCD/BTC,1573005211663,2019-11-06T01:53:31.663Z,sell,5.661e-05,13.0,0.00073593
BCD/BTC,1573005238180,2019-11-06T01:53:58.180Z,sell,5.661e-05,80.0,0.0045288
BCD/BTC,1573005253465,2019-11-06T01:54:13.465Z,sell,5.661e-05,54.0,0.00305694
BCD/BTC,1573005256254,2019-11-06T01:54:16.254Z,sell,5.661e-05,30.0,0.0016983
BCD/BTC,1573005275230,2019-11-06T01:54:35.230Z,sell,5.661e-05,83.0,0.00469863
BCD/BTC,1573005279126,2019-11-06T01:54:39.126Z,sell,5.661e-05,30.0,0.0016983
BCD/BTC,1573005289207,2019-11-06T01:54:49.207Z,sell,5.661e-05,52.0,0.00294372
BCD/BTC,1573005292135,2019-11-06T01:54:52.135Z,sell,5.661e-05,1398.0,0.07914078
BCD/BTC,1573005292147,2019-11-06T01:54:52.147Z,sell,5.661e-05,108.0,0.00611388
BCD/BTC,1573005292147,2019-11-06T01:54:52.147Z,sell,5.657e-05,79.0,0.00446903
BCD/BTC,1573005292147,2019-11-06T01:54:52.147Z,sell,5.656e-05,50.0,0.002828
BCD/BTC,1573005292471,2019-11-06T01:54:52.471Z,sell,5.656e-05,100.0,0.005656
BCD/BTC,1573005292482,2019-11-06T01:54:52.482Z,sell,5.656e-05,23.0,0.00130088
BCD/BTC,1573005292482,2019-11-06T01:54:52.482Z,sell,5.65e-05,7.0,0.0003954999999999
BCD/BTC,1573005292482,2019-11-06T01:54:52.482Z,sell,5.649e-05,18.0,0.00101682
BCD/BTC,1573005292482,2019-11-06T01:54:52.482Z,sell,5.638e-05,2.0,0.00011276
BCD/BTC,1573005292493,2019-11-06T01:54:52.493Z,sell,5.638e-05,651.0,0.03670338
BCD/BTC,1573006160335,2019-11-06T02:09:20.335Z,buy,5.672e-05,230.0,0.0130456
BCD/BTC,1573006163701,2019-11-06T02:09:23.701Z,buy,5.672e-05,116.0,0.00657952
BCD/BTC,1573006189716,2019-11-06T02:09:49.716Z,buy,5.672e-05,116.0,0.00657952
BCD/BTC,1573006193697,2019-11-06T02:09:53.697Z,buy,5.672e-05,58.0,0.00328976
BCD/BTC,1573006198469,2019-11-06T02:09:58.469Z,buy,5.672e-05,58.0,0.00328976
BCD/BTC,1573006201808,2019-11-06T02:10:01.808Z,buy,5.672e-05,116.0,0.00657952
BCD/BTC,1573006758811,2019-11-06T02:19:18.811Z,sell,5.646e-05,29.0,0.00163734
BCD/BTC,1573006801751,2019-11-06T02:20:01.751Z,buy,5.672e-05,1.0,5.672e-05
BCD/BTC,1573006862698,2019-11-06T02:21:02.698Z,buy,5.672e-05,1.0,5.672e-05
BCD/BTC,1573006862698,2019-11-06T02:21:02.698Z,buy,5.672e-05,1.0,5.672e-05
BCD/BTC,1573006953792,2019-11-06T02:22:33.792Z,buy,5.672e-05,1.0,5.672e-05
BCD/BTC,1573007015585,2019-11-06T02:23:35.585Z,buy,5.672e-05,1.0,5.672e-05
BCD/BTC,1573007082855,2019-11-06T02:24:42.855Z,buy,5.673e-05,1.0,5.673e-05
BCD/BTC,1573007819534,2019-11-06T02:36:59.534Z,buy,5.672e-05,3.0,0.0001701599999999
BCD/BTC,1573007819534,2019-11-06T02:36:59.534Z,buy,5.673e-05,2.0,0.00011346
BCD/BTC,1573007819555,2019-11-06T02:36:59.555Z,sell,5.673e-05,437.0,0.02479101
BCD/BTC,1573007819568,2019-11-06T02:36:59.568Z,sell,5.673e-05,72.0,0.00408456
BCD/BTC,1573007820312,2019-11-06T02:37:00.312Z,sell,5.642e-05,72.0,0.00406224
BCD/BTC,1573007826796,2019-11-06T02:37:06.796Z,sell,5.641e-05,474.0,0.02673834
BCD/BTC,1573007826990,2019-11-06T02:37:06.990Z,sell,5.641e-05,35.0,0.0019743499999999
BCD/BTC,1573007826990,2019-11-06T02:37:06.990Z,sell,5.639e-05,43.0,0.00242477
BCD/BTC,1573007826990,2019-11-06T02:37:06.990Z,sell,5.638e-05,169.0,0.00952822
BCD/BTC,1573007837432,2019-11-06T02:37:17.432Z,sell,5.638e-05,358.0,0.02018404
BCD/BTC,1573007837432,2019-11-06T02:37:17.432Z,sell,5.634e-05,142.0,0.00800028
BCD/BTC,1573007850831,2019-11-06T02:37:30.831Z,sell,5.634e-05,79.0,0.00445086
BCD/BTC,1573007850831,2019-11-06T02:37:30.831Z,sell,5.633e-05,13.0,0.00073229
BCD/BTC,1573007850831,2019-11-06T02:37:30.831Z,sell,5.631e-05,76.0,0.00427956
BCD/BTC,1573007850831,2019-11-06T02:37:30.831Z,sell,5.62e-05,17.0,0.0009553999999999
BCD/BTC,1573007850831,2019-11-06T02:37:30.831Z,sell,5.612e-05,45.0,0.0025253999999999
BCD/BTC,1573007850831,2019-11-06T02:37:30.831Z,sell,5.61e-05,24.0,0.0013464
BCD/BTC,1573007850831,2019-11-06T02:37:30.831Z,sell,5.606e-05,6.0,0.00033636
BCD/BTC,1573007850831,2019-11-06T02:37:30.831Z,sell,5.604e-05,19.0,0.0010647599999999
BCD/BTC,1573007850831,2019-11-06T02:37:30.831Z,sell,5.603e-05,3.0,0.00016809
BCD/BTC,1573007850831,2019-11-06T02:37:30.831Z,sell,5.599e-05,218.0,0.01220582
BCD/BTC,1573007855008,2019-11-06T02:37:35.008Z,buy,5.638e-05,3.0,0.00016914
BCD/BTC,1573007855008,2019-11-06T02:37:35.008Z,buy,5.643e-05,107.0,0.00603801
BCD/BTC,1573007860019,2019-11-06T02:37:40.019Z,buy,5.644e-05,24.0,0.00135456
BCD/BTC,1573007860019,2019-11-06T02:37:40.019Z,buy,5.658e-05,72.0,0.00407376
BCD/BTC,1573007866918,2019-11-06T02:37:46.918Z,buy,5.658e-05,89.0,0.0050356199999999
BCD/BTC,1573007870687,2019-11-06T02:37:50.687Z,buy,5.658e-05,409.0,0.0231412199999999
BCD/BTC,1573007874352,2019-11-06T02:37:54.352Z,buy,5.656e-05,882.0,0.04988592
BCD/BTC,1573007877374,2019-11-06T02:37:57.374Z,buy,5.652e-05,81.0,0.00457812
BCD/BTC,1573007992611,2019-11-06T02:39:52.611Z,sell,5.639e-05,231.0,0.01302609
BCD/BTC,1573007992611,2019-11-06T02:39:52.611Z,sell,5.638e-05,217.0,0.0122344599999999
BCD/BTC,1573008140552,2019-11-06T02:42:20.552Z,sell,5.642e-05,30.0,0.0016926
BCD/BTC,1573008141632,2019-11-06T02:42:21.632Z,sell,5.642e-05,9.0,0.00050778
BCD/BTC,1573008141701,2019-11-06T02:42:21.701Z,sell,5.642e-05,30.0,0.0016926
BCD/BTC,1573008142557,2019-11-06T02:42:22.557Z,sell,5.642e-05,32.0,0.00180544
BCD/BTC,1573008152694,2019-11-06T02:42:32.694Z,sell,5.642e-05,9.0,0.00050778
BCD/BTC,1573008155753,2019-11-06T02:42:35.753Z,sell,5.642e-05,9.0,0.00050778
BCD/BTC,1573008161046,2019-11-06T02:42:41.046Z,buy,5.658e-05,77.0,0.00435666
BCD/BTC,1573008165057,2019-11-06T02:42:45.057Z,buy,5.658e-05,51.0,0.00288558
BCD/BTC,1573008168823,2019-11-06T02:42:48.823Z,buy,5.658e-05,103.0,0.00582774
BCD/BTC,1573008200189,2019-11-06T02:43:20.189Z,buy,5.658e-05,66.0,0.00373428
BCD/BTC,1573008258282,2019-11-06T02:44:18.282Z,buy,5.658e-05,310.0,0.0175397999999999
BCD/BTC,1573008321584,2019-11-06T02:45:21.584Z,sell,5.641e-05,16.0,0.00090256
BCD/BTC,1573008329522,2019-11-06T02:45:29.522Z,buy,5.659e-05,1.0,5.659e-05
BCD/BTC,1573008423776,2019-11-06T02:47:03.776Z,buy,5.659e-05,1.0,5.659e-05
BCD/BTC,1573008441502,2019-11-06T02:47:21.502Z,buy,5.659e-05,33.0,0.00186747
BCD/BTC,1573008441502,2019-11-06T02:47:21.502Z,buy,5.664e-05,2.0,0.00011328
BCD/BTC,1573008441502,2019-11-06T02:47:21.502Z,buy,5.665e-05,5.0,0.00028325
BCD/BTC,1573008441502,2019-11-06T02:47:21.502Z,buy,5.67e-05,4.0,0.0002268
BCD/BTC,1573008441502,2019-11-06T02:47:21.502Z,buy,5.671e-05,3.0,0.00017013
BCD/BTC,1573008441502,2019-11-06T02:47:21.502Z,buy,5.672e-05,43.0,0.00243896
BCD/BTC,1573008441502,2019-11-06T02:47:21.502Z,buy,5.673e-05,3.0,0.00017019
BCD/BTC,1573008441502,2019-11-06T02:47:21.502Z,buy,5.674e-05,34.0,0.00192916
BCD/BTC,1573008441599,2019-11-06T02:47:21.599Z,buy,5.674e-05,20.0,0.0011348
BCD/BTC,1573008441599,2019-11-06T02:47:21.599Z,buy,5.679e-05,13.0,0.00073827
BCD/BTC,1573008441733,2019-11-06T02:47:21.733Z,sell,5.681e-05,28.0,0.00159068
BCD/BTC,1573008441733,2019-11-06T02:47:21.733Z,sell,5.664e-05,9.0,0.0005097599999999
BCD/BTC,1573008441781,2019-11-06T02:47:21.781Z,sell,5.678e-05,28.0,0.00158984
BCD/BTC,1573008441809,2019-11-06T02:47:21.809Z,sell,5.678e-05,2.0,0.00011356
BCD/BTC,1573008441809,2019-11-06T02:47:21.809Z,sell,5.664e-05,6.0,0.00033984
BCD/BTC,1573008441950,2019-11-06T02:47:21.950Z,buy,5.658e-05,30.0,0.0016974
BCD/BTC,1573008442030,2019-11-06T02:47:22.030Z,buy,5.658e-05,22.0,0.00124476
BCD/BTC,1573008442030,2019-11-06T02:47:22.030Z,buy,5.688e-05,13.0,0.00073944
BCD/BTC,1573008451402,2019-11-06T02:47:31.402Z,sell,5.641e-05,226.0,0.0127486599999999
BCD/BTC,1573008451402,2019-11-06T02:47:31.402Z,sell,5.64e-05,354.0,0.0199656
BCD/BTC,1573008451402,2019-11-06T02:47:31.402Z,sell,5.639e-05,226.0,0.01274414
BCD/BTC,1573008451402,2019-11-06T02:47:31.402Z,sell,5.638e-05,3.0,0.00016914
BCD/BTC,1573008451402,2019-11-06T02:47:31.402Z,sell,5.633e-05,13.0,0.00073229
BCD/BTC,1573008451402,2019-11-06T02:47:31.402Z,sell,5.612e-05,83.0,0.00465796
BCD/BTC,1573008451402,2019-11-06T02:47:31.402Z,sell,5.61e-05,230.0,0.012903
BCD/BTC,1573008454300,2019-11-06T02:47:34.300Z,sell,5.641e-05,75.0,0.00423075
BCD/BTC,1573008454300,2019-11-06T02:47:34.300Z,sell,5.61e-05,156.0,0.0087516
BCD/BTC,1573008454300,2019-11-06T02:47:34.300Z,sell,5.604e-05,160.0,0.0089664
BCD/BTC,1573008454300,2019-11-06T02:47:34.300Z,sell,5.603e-05,3.0,0.00016809
BCD/BTC,1573008454300,2019-11-06T02:47:34.300Z,sell,5.6e-05,306.0,0.017136
BCD/BTC,1573008457865,2019-11-06T02:47:37.865Z,sell,5.617e-05,83.0,0.00466211
BCD/BTC,1573008457865,2019-11-06T02:47:37.865Z,sell,5.615e-05,50.0,0.0028075
BCD/BTC,1573008457865,2019-11-06T02:47:37.865Z,sell,5.613e-05,367.0,0.02059971
BCD/BTC,1573008460075,2019-11-06T02:47:40.075Z,sell,5.618e-05,50.0,0.002809
BCD/BTC,1573008460075,2019-11-06T02:47:40.075Z,sell,5.612e-05,137.0,0.0076884399999999
BCD/BTC,1573008460075,2019-11-06T02:47:40.075Z,sell,5.599e-05,48.0,0.0026875199999999
BCD/BTC,1573008460075,2019-11-06T02:47:40.075Z,sell,5.598e-05,219.0,0.01225962
BCD/BTC,1573008460075,2019-11-06T02:47:40.075Z,sell,5.597e-05,5.0,0.00027985
BCD/BTC,1573008460075,2019-11-06T02:47:40.075Z,sell,5.594e-05,41.0,0.00229354
BCD/BTC,1573008460289,2019-11-06T02:47:40.289Z,buy,5.636e-05,32.0,0.00180352
BCD/BTC,1573008460474,2019-11-06T02:47:40.474Z,buy,5.636e-05,25.0,0.001409
BCD/BTC,1573008461408,2019-11-06T02:47:41.408Z,buy,5.636e-05,25.0,0.001409
BCD/BTC,1573008462324,2019-11-06T02:47:42.324Z,buy,5.636e-05,25.0,0.001409
BCD/BTC,1573008463398,2019-11-06T02:47:43.398Z,buy,5.636e-05,25.0,0.001409
BCD/BTC,1573008464329,2019-11-06T02:47:44.329Z,buy,5.636e-05,25.0,0.001409
BCD/BTC,1573008465292,2019-11-06T02:47:45.292Z,buy,5.636e-05,25.0,0.001409
BCD/BTC,1573008466406,2019-11-06T02:47:46.406Z,sell,5.631e-05,5.0,0.00028155
BCD/BTC,1573008466591,2019-11-06T02:47:46.591Z,buy,5.637e-05,25.0,0.00140925
BCD/BTC,1573008467867,2019-11-06T02:47:47.867Z,buy,5.637e-05,7.0,0.00039459
BCD/BTC,1573008467867,2019-11-06T02:47:47.867Z,buy,5.638e-05,3.0,0.00016914
BCD/BTC,1573008467867,2019-11-06T02:47:47.867Z,buy,5.655e-05,354.0,0.0200187
BCD/BTC,1573008467867,2019-11-06T02:47:47.867Z,buy,5.656e-05,92.0,0.00520352
BCD/BTC,1573008472494,2019-11-06T02:47:52.494Z,buy,5.657e-05,141.0,0.00797637
BCD/BTC,1573008475279,2019-11-06T02:47:55.279Z,sell,5.627e-05,43.0,0.00241961
BCD/BTC,1573008475492,2019-11-06T02:47:55.492Z,sell,5.627e-05,312.0,0.01755624
BCD/BTC,1573008475492,2019-11-06T02:47:55.492Z,sell,5.626e-05,155.0,0.0087203
BCD/BTC,1573008475492,2019-11-06T02:47:55.492Z,sell,5.614e-05,33.0,0.00185262
BCD/BTC,1573008476770,2019-11-06T02:47:56.770Z,buy,5.66e-05,132.0,0.0074712
BCD/BTC,1573008476770,2019-11-06T02:47:56.770Z,buy,5.661e-05,724.0,0.04098564
BCD/BTC,1573008488125,2019-11-06T02:48:08.125Z,buy,5.648e-05,2.0,0.00011296
BCD/BTC,1573008488125,2019-11-06T02:48:08.125Z,buy,5.652e-05,80.0,0.0045216
BCD/BTC,1573008499387,2019-11-06T02:48:19.387Z,buy,5.652e-05,2.0,0.00011304
BCD/BTC,1573008499387,2019-11-06T02:48:19.387Z,buy,5.662e-05,168.0,0.0095121599999999
BCD/BTC,1573008503189,2019-11-06T02:48:23.189Z,buy,5.662e-05,2.0,0.00011324
BCD/BTC,1573008503189,2019-11-06T02:48:23.189Z,buy,5.663e-05,15.0,0.00084945
BCD/BTC,1573008503189,2019-11-06T02:48:23.189Z,buy,5.665e-05,5.0,0.00028325
BCD/BTC,1573008503189,2019-11-06T02:48:23.189Z,buy,5.673e-05,3.0,0.00017019
BCD/BTC,1573008503630,2019-11-06T02:48:23.630Z,buy,5.662e-05,132.0,0.00747384
BCD/BTC,1573008504115,2019-11-06T02:48:24.115Z,buy,5.679e-05,13.0,0.00073827
BCD/BTC,1573008504115,2019-11-06T02:48:24.115Z,buy,5.687e-05,12.0,0.00068244
BCD/BTC,1573008505693,2019-11-06T02:48:25.693Z,buy,5.687e-05,294.0,0.01671978
BCD/BTC,1573008505693,2019-11-06T02:48:25.693Z,buy,5.688e-05,867.0,0.04931496
BCD/BTC,1573008505693,2019-11-06T02:48:25.693Z,buy,5.689e-05,996.0,0.05666244
BCD/BTC,1573008505693,2019-11-06T02:48:25.693Z,buy,5.691e-05,822.0,0.04678002
BCD/BTC,1573008567911,2019-11-06T02:49:27.911Z,buy,5.7e-05,5.0,0.000285
BCD/BTC,1573008567911,2019-11-06T02:49:27.911Z,buy,5.702e-05,102.0,0.00581604
BCD/BTC,1573008582788,2019-11-06T02:49:42.788Z,sell,5.665e-05,60.0,0.003399
BCD/BTC,1573008745503,2019-11-06T02:52:25.503Z,buy,5.699e-05,1.0,5.699e-05
BCD/BTC,1573008896762,2019-11-06T02:54:56.762Z,buy,5.695e-05,4.0,0.0002278
BCD/BTC,1573009042844,2019-11-06T02:57:22.844Z,buy,5.693e-05,21.0,0.00119553
BCD/BTC,1573009043520,2019-11-06T02:57:23.520Z,buy,5.693e-05,25.0,0.00142325
BCD/BTC,1573009044439,2019-11-06T02:57:24.439Z,buy,5.693e-05,9.0,0.00051237
BCD/BTC,1573009044439,2019-11-06T02:57:24.439Z,buy,5.694e-05,16.0,0.00091104
BCD/BTC,1573009173001,2019-11-06T02:59:33.001Z,buy,5.69e-05,290.0,0.016501
BCD/BTC,1573009535695,2019-11-06T03:05:35.695Z,buy,5.686e-05,25.0,0.0014215
BCD/BTC,1573009536775,2019-11-06T03:05:36.775Z,buy,5.686e-05,25.0,0.0014215
BCD/BTC,1573009537719,2019-11-06T03:05:37.719Z,buy,5.686e-05,25.0,0.0014215
BCD/BTC,1573009538600,2019-11-06T03:05:38.600Z,buy,5.686e-05,25.0,0.0014215
BCD/BTC,1573009539552,2019-11-06T03:05:39.552Z,buy,5.686e-05,25.0,0.0014215
BCD/BTC,1573009540464,2019-11-06T03:05:40.464Z,buy,5.686e-05,25.0,0.0014215
BCD/BTC,1573009541458,2019-11-06T03:05:41.458Z,buy,5.686e-05,25.0,0.0014215
BCD/BTC,1573009542612,2019-11-06T03:05:42.612Z,buy,5.686e-05,25.0,0.0014215
BCD/BTC,1573009543585,2019-11-06T03:05:43.585Z,buy,5.686e-05,25.0,0.0014215
BCD/BTC,1573009544542,2019-11-06T03:05:44.542Z,buy,5.686e-05,25.0,0.0014215
BCD/BTC,1573009545700,2019-11-06T03:05:45.700Z,buy,5.686e-05,8.0,0.00045488
BCD/BTC,1573009545700,2019-11-06T03:05:45.700Z,buy,5.701e-05,2.0,0.00011402
BCD/BTC,1573009545700,2019-11-06T03:05:45.700Z,buy,5.702e-05,15.0,0.0008553
BCD/BTC,1573009567023,2019-11-06T03:06:07.023Z,sell,5.672e-05,30.0,0.0017016
BCD/BTC,1573009567478,2019-11-06T03:06:07.478Z,sell,5.672e-05,26.0,0.00147472
BCD/BTC,1573009567662,2019-11-06T03:06:07.662Z,sell,5.672e-05,75.0,0.004254
BCD/BTC,1573009568011,2019-11-06T03:06:08.011Z,sell,5.672e-05,53.0,0.00300616
BCD/BTC,1573009568119,2019-11-06T03:06:08.119Z,sell,5.672e-05,47.0,0.00266584
BCD/BTC,1573009568119,2019-11-06T03:06:08.119Z,sell,5.67e-05,7.0,0.0003969
BCD/BTC,1573009568598,2019-11-06T03:06:08.598Z,sell,5.673e-05,30.0,0.0017019
BCD/BTC,1573009568712,2019-11-06T03:06:08.712Z,sell,5.673e-05,97.0,0.00550281
BCD/BTC,1573009569381,2019-11-06T03:06:09.381Z,sell,5.673e-05,9.0,0.00051057
BCD/BTC,1573009569903,2019-11-06T03:06:09.903Z,buy,5.696e-05,25.0,0.001424
BCD/BTC,1573009571312,2019-11-06T03:06:11.312Z,sell,5.673e-05,9.0,0.00051057
BCD/BTC,1573009571462,2019-11-06T03:06:11.462Z,buy,5.696e-05,25.0,0.001424
BCD/BTC,1573009571663,2019-11-06T03:06:11.663Z,sell,5.673e-05,54.0,0.00306342
BCD/BTC,1573009571727,2019-11-06T03:06:11.727Z,sell,5.673e-05,1.0,5.673e-05
BCD/BTC,1573009573178,2019-11-06T03:06:13.178Z,buy,5.667e-05,25.0,0.00141675
BCD/BTC,1573009573684,2019-11-06T03:06:13.684Z,sell,5.666e-05,22.0,0.00124652
BCD/BTC,1573009580941,2019-11-06T03:06:20.941Z,sell,5.671e-05,36.0,0.00204156
BCD/BTC,1573009581135,2019-11-06T03:06:21.135Z,sell,5.671e-05,215.0,0.01219265
BCD/BTC,1573009581550,2019-11-06T03:06:21.550Z,sell,5.672e-05,50.0,0.002836
BCD/BTC,1573009581814,2019-11-06T03:06:21.814Z,sell,5.672e-05,43.0,0.00243896
BCD/BTC,1573009581994,2019-11-06T03:06:21.994Z,sell,5.672e-05,19.0,0.00107768
BCD/BTC,1573009581994,2019-11-06T03:06:21.994Z,sell,5.671e-05,417.0,0.02364807
BCD/BTC,1573009581994,2019-11-06T03:06:21.994Z,sell,5.67e-05,53.0,0.0030051
BCD/BTC,1573009582357,2019-11-06T03:06:22.357Z,sell,5.672e-05,33.0,0.0018717599999999
BCD/BTC,1573009582428,2019-11-06T03:06:22.428Z,sell,5.672e-05,27.0,0.00153144
BCD/BTC,1573009585169,2019-11-06T03:06:25.169Z,buy,5.666e-05,18.0,0.00101988
BCD/BTC,1573009585169,2019-11-06T03:06:25.169Z,buy,5.693e-05,7.0,0.00039851
BCD/BTC,1573009767729,2019-11-06T03:09:27.729Z,buy,5.674e-05,25.0,0.0014185
BCD/BTC,1573009769375,2019-11-06T03:09:29.375Z,buy,5.679e-05,25.0,0.00141975
BCD/BTC,1573009775984,2019-11-06T03:09:35.984Z,buy,5.673e-05,25.0,0.00141825
BCD/BTC,1573009777366,2019-11-06T03:09:37.366Z,buy,5.673e-05,25.0,0.00141825
BCD/BTC,1573009778532,2019-11-06T03:09:38.532Z,buy,5.673e-05,25.0,0.00141825
BCD/BTC,1573009780192,2019-11-06T03:09:40.192Z,buy,5.672e-05,25.0,0.001418
BCD/BTC,1573009782131,2019-11-06T03:09:42.131Z,buy,5.671e-05,25.0,0.00141775
BCD/BTC,1573009783204,2019-11-06T03:09:43.204Z,buy,5.671e-05,25.0,0.00141775
BCD/BTC,1573009785132,2019-11-06T03:09:45.132Z,buy,5.683e-05,25.0,0.00142075
BCD/BTC,1573009795961,2019-11-06T03:09:55.961Z,buy,5.674e-05,25.0,0.0014185
BCD/BTC,1573009797083,2019-11-06T03:09:57.083Z,buy,5.673e-05,25.0,0.00141825
BCD/BTC,1573009798282,2019-11-06T03:09:58.282Z,buy,5.673e-05,25.0,0.00141825
BCD/BTC,1573009799794,2019-11-06T03:09:59.794Z,buy,5.671e-05,25.0,0.00141775
BCD/BTC,1573009800786,2019-11-06T03:10:00.786Z,buy,5.671e-05,25.0,0.00141775
BCD/BTC,1573009801899,2019-11-06T03:10:01.899Z,buy,5.671e-05,25.0,0.00141775
BCD/BTC,1573009803092,2019-11-06T03:10:03.092Z,buy,5.671e-05,25.0,0.00141775
BCD/BTC,1573009813373,2019-11-06T03:10:13.373Z,buy,5.673e-05,25.0,0.00141825
BCD/BTC,1573009814340,2019-11-06T03:10:14.340Z,buy,5.673e-05,25.0,0.00141825
BCD/BTC,1573009815912,2019-11-06T03:10:15.912Z,buy,5.673e-05,25.0,0.00141825
BCD/BTC,1573009829198,2019-11-06T03:10:29.198Z,buy,5.675e-05,25.0,0.0014187499999999
BCD/BTC,1573009830221,2019-11-06T03:10:30.221Z,buy,5.675e-05,25.0,0.0014187499999999
BCD/BTC,1573009831325,2019-11-06T03:10:31.325Z,buy,5.674e-05,25.0,0.0014185
BCD/BTC,1573009832308,2019-11-06T03:10:32.308Z,buy,5.673e-05,25.0,0.00141825
BCD/BTC,1573009833343,2019-11-06T03:10:33.343Z,buy,5.673e-05,25.0,0.00141825
BCD/BTC,1573009834461,2019-11-06T03:10:34.461Z,buy,5.673e-05,25.0,0.00141825
BCD/BTC,1573009835485,2019-11-06T03:10:35.485Z,buy,5.675e-05,25.0,0.0014187499999999
BCD/BTC,1573009836483,2019-11-06T03:10:36.483Z,buy,5.675e-05,25.0,0.0014187499999999
BCD/BTC,1573009839861,2019-11-06T03:10:39.861Z,buy,5.675e-05,25.0,0.0014187499999999
BCD/BTC,1573009840799,2019-11-06T03:10:40.799Z,buy,5.676e-05,25.0,0.001419
BCD/BTC,1573009850942,2019-11-06T03:10:50.942Z,buy,5.675e-05,25.0,0.0014187499999999
BCD/BTC,1573009856616,2019-11-06T03:10:56.616Z,buy,5.675e-05,25.0,0.0014187499999999
BCD/BTC,1573009857767,2019-11-06T03:10:57.767Z,buy,5.676e-05,25.0,0.001419
BCD/BTC,1573009863682,2019-11-06T03:11:03.682Z,buy,5.675e-05,25.0,0.0014187499999999
BCD/BTC,1573009871516,2019-11-06T03:11:11.516Z,buy,5.675e-05,25.0,0.0014187499999999
BCD/BTC,1573009874862,2019-11-06T03:11:14.862Z,buy,5.675e-05,25.0,0.0014187499999999
BCD/BTC,1573009875856,2019-11-06T03:11:15.856Z,buy,5.675e-05,25.0,0.0014187499999999
BCD/BTC,1573009879366,2019-11-06T03:11:19.366Z,buy,5.676e-05,25.0,0.001419
BCD/BTC,1573010153741,2019-11-06T03:15:53.741Z,buy,5.697e-05,2.0,0.00011394
BCD/BTC,1573010153760,2019-11-06T03:15:53.760Z,sell,5.697e-05,114.0,0.00649458
BCD/BTC,1573010153778,2019-11-06T03:15:53.778Z,sell,5.697e-05,7.0,0.00039879
BCD/BTC,1573010165466,2019-11-06T03:16:05.466Z,sell,5.665e-05,5.0,0.00028325
BCD/BTC,1573010165466,2019-11-06T03:16:05.466Z,sell,5.661e-05,34.0,0.00192474
BCD/BTC,1573010166544,2019-11-06T03:16:06.544Z,sell,5.662e-05,121.0,0.0068510199999999
BCD/BTC,1573010171079,2019-11-06T03:16:11.079Z,sell,5.662e-05,101.0,0.00571862
BCD/BTC,1573010171079,2019-11-06T03:16:11.079Z,sell,5.661e-05,20.0,0.0011322
BCD/BTC,1573010184394,2019-11-06T03:16:24.394Z,sell,5.662e-05,109.0,0.0061715799999999
BCD/BTC,1573010184877,2019-11-06T03:16:24.877Z,sell,5.662e-05,37.0,0.00209494
BCD/BTC,1573010184965,2019-11-06T03:16:24.965Z,sell,5.662e-05,4.0,0.00022648
BCD/BTC,1573010185164,2019-11-06T03:16:25.164Z,sell,5.661e-05,70.0,0.0039627
BCD/BTC,1573010185164,2019-11-06T03:16:25.164Z,sell,5.66e-05,4.0,0.0002264
BCD/BTC,1573010185164,2019-11-06T03:16:25.164Z,sell,5.656e-05,24.0,0.00135744
BCD/BTC,1573010185164,2019-11-06T03:16:25.164Z,sell,5.638e-05,3.0,0.00016914
BCD/BTC,1573010185164,2019-11-06T03:16:25.164Z,sell,5.634e-05,20.0,0.0011268
BCD/BTC,1573010186898,2019-11-06T03:16:26.898Z,sell,5.636e-05,30.0,0.0016908
BCD/BTC,1573010187080,2019-11-06T03:16:27.080Z,sell,5.636e-05,29.0,0.00163444
BCD/BTC,1573010187731,2019-11-06T03:16:27.731Z,buy,5.672e-05,25.0,0.001418
BCD/BTC,1573010189486,2019-11-06T03:16:29.486Z,buy,5.672e-05,25.0,0.001418
BCD/BTC,1573010190685,2019-11-06T03:16:30.685Z,buy,5.672e-05,25.0,0.001418
BCD/BTC,1573010256028,2019-11-06T03:17:36.028Z,buy,5.664e-05,25.0,0.001416
BCD/BTC,1573010259527,2019-11-06T03:17:39.527Z,buy,5.659e-05,20.0,0.0011318
BCD/BTC,1573010259527,2019-11-06T03:17:39.527Z,buy,5.663e-05,5.0,0.0002831499999999
BCD/BTC,1573010260796,2019-11-06T03:17:40.796Z,buy,5.663e-05,25.0,0.00141575
BCD/BTC,1573010261778,2019-11-06T03:17:41.778Z,buy,5.663e-05,25.0,0.00141575
BCD/BTC,1573010262721,2019-11-06T03:17:42.721Z,buy,5.671e-05,25.0,0.00141775
BCD/BTC,1573010341896,2019-11-06T03:19:01.896Z,buy,5.669e-05,91.0,0.00515879
BCD/BTC,1573010342046,2019-11-06T03:19:02.046Z,buy,5.669e-05,25.0,0.00141725
BCD/BTC,1573010343009,2019-11-06T03:19:03.009Z,buy,5.669e-05,25.0,0.00141725
BCD/BTC,1573010344763,2019-11-06T03:19:04.763Z,buy,5.669e-05,11.0,0.00062359
BCD/BTC,1573010344763,2019-11-06T03:19:04.763Z,buy,5.67e-05,14.0,0.0007938
BCD/BTC,1573010345945,2019-11-06T03:19:05.945Z,buy,5.67e-05,7.0,0.0003969
BCD/BTC,1573010345945,2019-11-06T03:19:05.945Z,buy,5.673e-05,3.0,0.00017019
BCD/BTC,1573010345945,2019-11-06T03:19:05.945Z,buy,5.697e-05,15.0,0.0008545499999999
BCD/BTC,1573010360365,2019-11-06T03:19:20.365Z,buy,5.693e-05,25.0,0.00142325
BCD/BTC,1573010361523,2019-11-06T03:19:21.523Z,buy,5.698e-05,25.0,0.0014245
BCD/BTC,1573010368952,2019-11-06T03:19:28.952Z,sell,5.657e-05,31.0,0.00175367
BCD/BTC,1573010369498,2019-11-06T03:19:29.498Z,sell,5.659e-05,121.0,0.00684739
BCD/BTC,1573010369665,2019-11-06T03:19:29.665Z,sell,5.659e-05,102.0,0.00577218
BCD/BTC,1573010369934,2019-11-06T03:19:29.934Z,sell,5.66e-05,24.0,0.0013584
BCD/BTC,1573010369934,2019-11-06T03:19:29.934Z,sell,5.659e-05,97.0,0.0054892299999999
BCD/BTC,1573010370296,2019-11-06T03:19:30.296Z,sell,5.659e-05,9.0,0.00050931
BCD/BTC,1573010370757,2019-11-06T03:19:30.757Z,sell,5.659e-05,38.0,0.00215042
BCD/BTC,1573010370878,2019-11-06T03:19:30.878Z,sell,5.66e-05,87.0,0.0049242
BCD/BTC,1573010371152,2019-11-06T03:19:31.152Z,sell,5.66e-05,6.0,0.0003396
BCD/BTC,1573010371152,2019-11-06T03:19:31.152Z,sell,5.658e-05,24.0,0.0013579199999999
BCD/BTC,1573010388199,2019-11-06T03:19:48.199Z,buy,5.677e-05,178.0,0.01010506
BCD/BTC,1573010400105,2019-11-06T03:20:00.105Z,buy,5.668e-05,31.0,0.00175708
BCD/BTC,1573010402112,2019-11-06T03:20:02.112Z,buy,5.678e-05,110.0,0.0062458
BCD/BTC,1573010409627,2019-11-06T03:20:09.627Z,buy,5.679e-05,73.0,0.00414567
BCD/BTC,1573010412030,2019-11-06T03:20:12.030Z,buy,5.679e-05,49.0,0.00278271
BCD/BTC,1573010416150,2019-11-06T03:20:16.150Z,buy,5.679e-05,98.0,0.00556542
BCD/BTC,1573010423892,2019-11-06T03:20:23.892Z,buy,5.68e-05,24.0,0.0013632
BCD/BTC,1573010435750,2019-11-06T03:20:35.750Z,buy,5.681e-05,24.0,0.00136344
BCD/BTC,1573010435750,2019-11-06T03:20:35.750Z,buy,5.681e-05,24.0,0.00136344
BCD/BTC,1573011047969,2019-11-06T03:30:47.969Z,buy,5.696e-05,2.0,0.00011392
BCD/BTC,1573011047998,2019-11-06T03:30:47.998Z,sell,5.696e-05,114.0,0.00649344
BCD/BTC,1573011048006,2019-11-06T03:30:48.006Z,sell,5.696e-05,7.0,0.00039872
BCD/BTC,1573011065033,2019-11-06T03:31:05.033Z,sell,5.666e-05,6.0,0.00033996
BCD/BTC,1573011065033,2019-11-06T03:31:05.033Z,sell,5.665e-05,91.0,0.00515515
BCD/BTC,1573011600038,2019-11-06T03:40:00.038Z,buy,5.695e-05,71.0,0.00404345
BCD/BTC,1573011722827,2019-11-06T03:42:02.827Z,sell,5.663e-05,256.0,0.01449728
BCD/BTC,1573011722908,2019-11-06T03:42:02.908Z,sell,5.664e-05,55.0,0.0031152
BCD/BTC,1573011732580,2019-11-06T03:42:12.580Z,sell,5.664e-05,11.0,0.00062304
BCD/BTC,1573011732843,2019-11-06T03:42:12.843Z,sell,5.664e-05,28.0,0.00158592
BCD/BTC,1573011735499,2019-11-06T03:42:15.499Z,sell,5.664e-05,24.0,0.00135936
BCD/BTC,1573011877236,2019-11-06T03:44:37.236Z,buy,5.687e-05,352.0,0.02001824
BCD/BTC,1573011877488,2019-11-06T03:44:37.488Z,buy,5.688e-05,113.0,0.0064274399999999
BCD/BTC,1573011877488,2019-11-06T03:44:37.488Z,buy,5.7e-05,85.0,0.004845
BCD/BTC,1573011877488,2019-11-06T03:44:37.488Z,buy,5.704e-05,354.0,0.02019216
BCD/BTC,1573011877488,2019-11-06T03:44:37.488Z,buy,5.706e-05,254.0,0.01449324
BCD/BTC,1573011877488,2019-11-06T03:44:37.488Z,buy,5.707e-05,172.0,0.00981604
BCD/BTC,1573011877488,2019-11-06T03:44:37.488Z,buy,5.708e-05,3.0,0.00017124
BCD/BTC,1573011877488,2019-11-06T03:44:37.488Z,buy,5.71e-05,30.0,0.001713
BCD/BTC,1573011877488,2019-11-06T03:44:37.488Z,buy,5.711e-05,76.0,0.00434036
BCD/BTC,1573011877488,2019-11-06T03:44:37.488Z,buy,5.724e-05,32.0,0.00183168
BCD/BTC,1573011879262,2019-11-06T03:44:39.262Z,buy,5.699e-05,17.0,0.00096883
BCD/BTC,1573011880921,2019-11-06T03:44:40.921Z,sell,5.674e-05,195.0,0.0110643
BCD/BTC,1573011881007,2019-11-06T03:44:41.007Z,sell,5.674e-05,13.0,0.00073762
BCD/BTC,1573011881968,2019-11-06T03:44:41.968Z,sell,5.677e-05,144.0,0.00817488
BCD/BTC,1573011882173,2019-11-06T03:44:42.173Z,sell,5.678e-05,30.0,0.0017034
BCD/BTC,1573011882304,2019-11-06T03:44:42.304Z,sell,5.678e-05,65.0,0.0036907
BCD/BTC,1573011882576,2019-11-06T03:44:42.576Z,sell,5.679e-05,66.0,0.0037481399999999
BCD/BTC,1573011882726,2019-11-06T03:44:42.726Z,sell,5.679e-05,16.0,0.00090864
BCD/BTC,1573011883230,2019-11-06T03:44:43.230Z,sell,5.68e-05,150.0,0.00852
BCD/BTC,1573011883230,2019-11-06T03:44:43.230Z,sell,5.679e-05,35.0,0.00198765
BCD/BTC,1573011883230,2019-11-06T03:44:43.230Z,sell,5.675e-05,61.0,0.00346175
BCD/BTC,1573011883446,2019-11-06T03:44:43.446Z,sell,5.677e-05,58.0,0.00329266
BCD/BTC,1573011883446,2019-11-06T03:44:43.446Z,sell,5.676e-05,80.0,0.0045408
BCD/BTC,1573011883663,2019-11-06T03:44:43.663Z,sell,5.677e-05,59.0,0.00334943
BCD/BTC,1573011883663,2019-11-06T03:44:43.663Z,sell,5.676e-05,86.0,0.0048813599999999
BCD/BTC,1573011883903,2019-11-06T03:44:43.903Z,sell,5.677e-05,30.0,0.0017031
BCD/BTC,1573011884157,2019-11-06T03:44:44.157Z,sell,5.677e-05,13.0,0.00073801
BCD/BTC,1573011884157,2019-11-06T03:44:44.157Z,sell,5.676e-05,24.0,0.00136224
BCD/BTC,1573011884824,2019-11-06T03:44:44.824Z,sell,5.676e-05,40.0,0.0022704
BCD/BTC,1573011884824,2019-11-06T03:44:44.824Z,sell,5.675e-05,384.0,0.021792
BCD/BTC,1573011933349,2019-11-06T03:45:33.349Z,buy,5.685e-05,247.0,0.01404195
BCD/BTC,1573011936632,2019-11-06T03:45:36.632Z,buy,5.683e-05,124.0,0.00704692
BCD/BTC,1573011944751,2019-11-06T03:45:44.751Z,buy,5.68e-05,131.0,0.0074408
BCD/BTC,1573012045230,2019-11-06T03:47:25.230Z,buy,5.68e-05,13.0,0.0007384
BCD/BTC,1573012045230,2019-11-06T03:47:25.230Z,buy,5.685e-05,185.0,0.01051725
BCD/BTC,1573012045230,2019-11-06T03:47:25.230Z,buy,5.686e-05,941.0,0.05350526
BCD/BTC,1573012049058,2019-11-06T03:47:29.058Z,buy,5.685e-05,128.0,0.0072768
BCD/BTC,1573012049058,2019-11-06T03:47:29.058Z,buy,5.686e-05,60.0,0.0034116
BCD/BTC,1573012355733,2019-11-06T03:52:35.733Z,sell,5.673e-05,355.0,0.02013915
BCD/BTC,1573012772750,2019-11-06T03:59:32.750Z,sell,5.665e-05,9.0,0.00050985
BCD/BTC,1573012774732,2019-11-06T03:59:34.732Z,sell,5.665e-05,9.0,0.00050985
BCD/BTC,1573012920512,2019-11-06T04:02:00.512Z,sell,5.665e-05,8.0,0.0004532
BCD/BTC,1573012920512,2019-11-06T04:02:00.512Z,sell,5.66e-05,25.0,0.001415
BCD/BTC,1573012921366,2019-11-06T04:02:01.366Z,sell,5.66e-05,84.0,0.0047544
BCD/BTC,1573012921747,2019-11-06T04:02:01.747Z,sell,5.66e-05,30.0,0.001698
BCD/BTC,1573012922205,2019-11-06T04:02:02.205Z,sell,5.66e-05,41.0,0.0023206
BCD/BTC,1573012922412,2019-11-06T04:02:02.412Z,sell,5.66e-05,9.0,0.0005094
BCD/BTC,1573012935120,2019-11-06T04:02:15.120Z,sell,5.66e-05,6.0,0.0003396
BCD/BTC,1573012935120,2019-11-06T04:02:15.120Z,sell,5.648e-05,6.0,0.00033888
BCD/BTC,1573012939440,2019-11-06T04:02:19.440Z,buy,5.673e-05,2.0,0.00011346
BCD/BTC,1573012939440,2019-11-06T04:02:19.440Z,buy,5.674e-05,89.0,0.00504986
BCD/BTC,1573013191845,2019-11-06T04:06:31.845Z,sell,5.655e-05,50.0,0.0028275
BCD/BTC,1573013212818,2019-11-06T04:06:52.818Z,sell,5.657e-05,99.0,0.00560043
BCD/BTC,1573013213870,2019-11-06T04:06:53.870Z,sell,5.658e-05,103.0,0.00582774
BCD/BTC,1573013214334,2019-11-06T04:06:54.334Z,sell,5.658e-05,31.0,0.0017539799999999
BCD/BTC,1573013214411,2019-11-06T04:06:54.411Z,sell,5.658e-05,39.0,0.00220662
BCD/BTC,1573013214411,2019-11-06T04:06:54.411Z,sell,5.657e-05,10.0,0.0005657
BCD/BTC,1573013214595,2019-11-06T04:06:54.595Z,sell,5.658e-05,81.0,0.0045829799999999
BCD/BTC,1573013214707,2019-11-06T04:06:54.707Z,sell,5.658e-05,9.0,0.00050922
BCD/BTC,1573013496887,2019-11-06T04:11:36.887Z,buy,5.682e-05,352.0,0.02000064
BCD/BTC,1573013571211,2019-11-06T04:12:51.211Z,buy,5.683e-05,18.0,0.00102294
BCD/BTC,1573013571211,2019-11-06T04:12:51.211Z,buy,5.683e-05,18.0,0.00102294
BCD/BTC,1573014690002,2019-11-06T04:31:30.002Z,buy,5.683e-05,547.0,0.03108601
BCD/BTC,1573014693641,2019-11-06T04:31:33.641Z,buy,5.683e-05,8.0,0.00045464
BCD/BTC,1573014693641,2019-11-06T04:31:33.641Z,buy,5.688e-05,82.0,0.00466416
BCD/BTC,1573014697060,2019-11-06T04:31:37.060Z,buy,5.688e-05,80.0,0.0045504
BCD/BTC,1573014717807,2019-11-06T04:31:57.807Z,sell,5.665e-05,28.0,0.0015862
BCD/BTC,1573014776085,2019-11-06T04:32:56.085Z,buy,5.688e-05,28.0,0.00159264
BCD/BTC,1573014776085,2019-11-06T04:32:56.085Z,buy,5.689e-05,109.0,0.00620101
BCD/BTC,1573014776085,2019-11-06T04:32:56.085Z,buy,5.691e-05,144.0,0.00819504
BCD/BTC,1573014787134,2019-11-06T04:33:07.134Z,buy,5.691e-05,372.0,0.02117052
BCD/BTC,1573015048114,2019-11-06T04:37:28.114Z,buy,5.699e-05,108.0,0.00615492
BCD/BTC,1573015048114,2019-11-06T04:37:28.114Z,buy,5.7e-05,5.0,0.000285
BCD/BTC,1573015048114,2019-11-06T04:37:28.114Z,buy,5.701e-05,104.0,0.00592904
BCD/BTC,1573015552998,2019-11-06T04:45:52.998Z,buy,5.688e-05,313.0,0.01780344
BCD/BTC,1573015610155,2019-11-06T04:46:50.155Z,sell,5.687e-05,20.0,0.0011374
BCD/BTC,1573015625345,2019-11-06T04:47:05.345Z,sell,5.678e-05,30.0,0.0017034
BCD/BTC,1573015629820,2019-11-06T04:47:09.820Z,sell,5.685e-05,65.0,0.0036952499999999
BCD/BTC,1573015630833,2019-11-06T04:47:10.833Z,sell,5.686e-05,103.0,0.00585658
BCD/BTC,1573015630833,2019-11-06T04:47:10.833Z,sell,5.686e-05,56.0,0.00318416
BCD/BTC,1573015630833,2019-11-06T04:47:10.833Z,sell,5.685e-05,9.0,0.00051165
BCD/BTC,1573015632271,2019-11-06T04:47:12.271Z,sell,5.686e-05,65.0,0.0036959
BCD/BTC,1573015633238,2019-11-06T04:47:13.238Z,sell,5.686e-05,65.0,0.0036959
BCD/BTC,1573015635044,2019-11-06T04:47:15.044Z,sell,5.687e-05,64.0,0.00363968
BCD/BTC,1573015635044,2019-11-06T04:47:15.044Z,sell,5.686e-05,1.0,5.686e-05
BCD/BTC,1573015644228,2019-11-06T04:47:24.228Z,sell,5.688e-05,30.0,0.0017063999999999
BCD/BTC,1573015644341,2019-11-06T04:47:24.341Z,sell,5.688e-05,16.0,0.00091008
BCD/BTC,1573015644373,2019-11-06T04:47:24.373Z,sell,5.688e-05,65.0,0.0036972
BCD/BTC,1573015661057,2019-11-06T04:47:41.057Z,sell,5.688e-05,19.0,0.0010807199999999
BCD/BTC,1573015850241,2019-11-06T04:50:50.241Z,sell,5.688e-05,30.0,0.0017063999999999
BCD/BTC,1573015850715,2019-11-06T04:50:50.715Z,sell,5.688e-05,5.0,0.0002844
BCD/BTC,1573015868509,2019-11-06T04:51:08.509Z,sell,5.673e-05,2.0,0.00011346
BCD/BTC,1573015868509,2019-11-06T04:51:08.509Z,sell,5.665e-05,5.0,0.00028325
BCD/BTC,1573015868509,2019-11-06T04:51:08.509Z,sell,5.661e-05,18.0,0.00101898
BCD/BTC,1573015881987,2019-11-06T04:51:21.987Z,buy,5.692e-05,232.0,0.0132054399999999
BCD/BTC,1573015982811,2019-11-06T04:53:02.811Z,buy,5.697e-05,154.0,0.0087733799999999
BCD/BTC,1573015982811,2019-11-06T04:53:02.811Z,buy,5.698e-05,149.0,0.00849002
BCD/BTC,1573015986883,2019-11-06T04:53:06.883Z,buy,5.699e-05,154.0,0.00877646
BCD/BTC,1573015990386,2019-11-06T04:53:10.386Z,sell,5.677e-05,35.0,0.00198695
BCD/BTC,1573015992732,2019-11-06T04:53:12.732Z,sell,5.678e-05,82.0,0.00465596
BCD/BTC,1573015993122,2019-11-06T04:53:13.122Z,sell,5.678e-05,55.0,0.0031229
BCD/BTC,1573015994680,2019-11-06T04:53:14.680Z,sell,5.678e-05,24.0,0.00136272
BCD/BTC,1573015995744,2019-11-06T04:53:15.744Z,sell,5.678e-05,9.0,0.00051102
BCD/BTC,1573015996241,2019-11-06T04:53:16.241Z,sell,5.678e-05,53.0,0.00300934
BCD/BTC,1573015997156,2019-11-06T04:53:17.156Z,sell,5.679e-05,57.0,0.0032370299999999
BCD/BTC,1573016000073,2019-11-06T04:53:20.073Z,sell,5.679e-05,53.0,0.00300987
BCD/BTC,1573016000707,2019-11-06T04:53:20.707Z,sell,5.679e-05,25.0,0.00141975
BCD/BTC,1573016001057,2019-11-06T04:53:21.057Z,sell,5.68e-05,9.0,0.0005112
BCD/BTC,1573016001223,2019-11-06T04:53:21.223Z,sell,5.68e-05,30.0,0.001704
BCD/BTC,1573016004681,2019-11-06T04:53:24.681Z,buy,5.7e-05,30.0,0.00171
BCD/BTC,1573016004681,2019-11-06T04:53:24.681Z,buy,5.701e-05,5.0,0.00028505
BCD/BTC,1573016004681,2019-11-06T04:53:24.681Z,buy,5.707e-05,50.0,0.0028535
BCD/BTC,1573016007875,2019-11-06T04:53:27.875Z,buy,5.706e-05,162.0,0.00924372
BCD/BTC,1573016011063,2019-11-06T04:53:31.063Z,buy,5.706e-05,48.0,0.00273888
BCD/BTC,1573016011063,2019-11-06T04:53:31.063Z,buy,5.707e-05,59.0,0.00336713
BCD/BTC,1573016021282,2019-11-06T04:53:41.282Z,buy,5.707e-05,79.0,0.00450853
BCD/BTC,1573016025876,2019-11-06T04:53:45.876Z,buy,5.707e-05,62.0,0.00353834
BCD/BTC,1573016061661,2019-11-06T04:54:21.661Z,sell,5.686e-05,351.0,0.01995786
BCD/BTC,1573016061661,2019-11-06T04:54:21.661Z,sell,5.685e-05,8.0,0.0004548
BCD/BTC,1573016061680,2019-11-06T04:54:21.680Z,sell,5.685e-05,181.0,0.01028985
BCD/BTC,1573016064015,2019-11-06T04:54:24.015Z,buy,5.679e-05,890.0,0.0505430999999999
BCD/BTC,1573016064015,2019-11-06T04:54:24.015Z,buy,5.705e-05,94.0,0.0053627
BCD/BTC,1573016064475,2019-11-06T04:54:24.475Z,buy,5.705e-05,16.0,0.0009128
BCD/BTC,1573016064475,2019-11-06T04:54:24.475Z,buy,5.706e-05,9.0,0.00051354
BCD/BTC,1573016067104,2019-11-06T04:54:27.104Z,buy,5.704e-05,68.0,0.00387872
BCD/BTC,1573016067104,2019-11-06T04:54:27.104Z,buy,5.705e-05,537.0,0.03063585
BCD/BTC,1573016070184,2019-11-06T04:54:30.184Z,buy,5.703e-05,342.0,0.01950426
BCD/BTC,1573016070184,2019-11-06T04:54:30.184Z,buy,5.704e-05,69.0,0.00393576
BCD/BTC,1573016129804,2019-11-06T04:55:29.804Z,buy,5.676e-05,127.0,0.0072085199999999
BCD/BTC,1573016130897,2019-11-06T04:55:30.897Z,buy,5.676e-05,25.0,0.001419
BCD/BTC,1573016131997,2019-11-06T04:55:31.997Z,buy,5.676e-05,25.0,0.001419
BCD/BTC,1573016132006,2019-11-06T04:55:32.006Z,buy,5.676e-05,293.0,0.01663068
BCD/BTC,1573016132006,2019-11-06T04:55:32.006Z,buy,5.708e-05,3.0,0.00017124
BCD/BTC,1573016132100,2019-11-06T04:55:32.100Z,sell,5.708e-05,18.0,0.00102744
BCD/BTC,1573016135931,2019-11-06T04:55:35.931Z,sell,5.678e-05,18.0,0.00102204
BCD/BTC,1573016135931,2019-11-06T04:55:35.931Z,sell,5.677e-05,21.0,0.00119217
BCD/BTC,1573016139133,2019-11-06T04:55:39.133Z,sell,5.68e-05,99.0,0.0056232
BCD/BTC,1573016139422,2019-11-06T04:55:39.422Z,sell,5.68e-05,74.0,0.0042032
BCD/BTC,1573016139526,2019-11-06T04:55:39.526Z,sell,5.68e-05,41.0,0.0023288
BCD/BTC,1573016139954,2019-11-06T04:55:39.954Z,sell,5.681e-05,45.0,0.00255645
BCD/BTC,1573016140371,2019-11-06T04:55:40.371Z,sell,5.681e-05,42.0,0.00238602
BCD/BTC,1573016140796,2019-11-06T04:55:40.796Z,sell,5.681e-05,134.0,0.00761254
BCD/BTC,1573016140796,2019-11-06T04:55:40.796Z,sell,5.68e-05,32.0,0.0018176
BCD/BTC,1573016141464,2019-11-06T04:55:41.464Z,sell,5.682e-05,74.0,0.00420468
BCD/BTC,1573016142111,2019-11-06T04:55:42.111Z,sell,5.682e-05,76.0,0.00431832
BCD/BTC,1573016142111,2019-11-06T04:55:42.111Z,sell,5.681e-05,146.0,0.00829426
BCD/BTC,1573016142198,2019-11-06T04:55:42.198Z,sell,5.683e-05,9.0,0.00051147
BCD/BTC,1573016142695,2019-11-06T04:55:42.695Z,sell,5.683e-05,55.0,0.00312565
BCD/BTC,1573016142848,2019-11-06T04:55:42.848Z,sell,5.683e-05,35.0,0.00198905
BCD/BTC,1573016143382,2019-11-06T04:55:43.382Z,sell,5.683e-05,1.0,5.683e-05
BCD/BTC,1573016143382,2019-11-06T04:55:43.382Z,sell,5.681e-05,29.0,0.00164749
BCD/BTC,1573016143611,2019-11-06T04:55:43.611Z,sell,5.682e-05,30.0,0.0017046
BCD/BTC,1573016203460,2019-11-06T04:56:43.460Z,buy,5.706e-05,207.0,0.01181142
BCD/BTC,1573016206769,2019-11-06T04:56:46.769Z,buy,5.702e-05,207.0,0.01180314
BCD/BTC,1573016206769,2019-11-06T04:56:46.769Z,buy,5.703e-05,214.0,0.01220442
BCD/BTC,1573016206769,2019-11-06T04:56:46.769Z,buy,5.704e-05,126.0,0.00718704
BCD/BTC,1573016215802,2019-11-06T04:56:55.802Z,buy,5.704e-05,55.0,0.0031372
BCD/BTC,1573016242186,2019-11-06T04:57:22.186Z,sell,5.676e-05,39.0,0.00221364
BCD/BTC,1573016242614,2019-11-06T04:57:22.614Z,sell,5.676e-05,55.0,0.0031218
BCD/BTC,1573016242655,2019-11-06T04:57:22.655Z,sell,5.676e-05,86.0,0.0048813599999999
BCD/BTC,1573016243245,2019-11-06T04:57:23.245Z,sell,5.676e-05,7.0,0.00039732
BCD/BTC,1573016243245,2019-11-06T04:57:23.245Z,sell,5.675e-05,23.0,0.00130525
BCD/BTC,1573016243289,2019-11-06T04:57:23.289Z,sell,5.677e-05,30.0,0.0017031
BCD/BTC,1573016249472,2019-11-06T04:57:29.472Z,sell,5.678e-05,74.0,0.00420172
BCD/BTC,1573016249594,2019-11-06T04:57:29.594Z,sell,5.678e-05,86.0,0.00488308
BCD/BTC,1573016249914,2019-11-06T04:57:29.914Z,sell,5.679e-05,87.0,0.00494073
BCD/BTC,1573016250118,2019-11-06T04:57:30.118Z,sell,5.679e-05,30.0,0.0017036999999999
BCD/BTC,1573016250391,2019-11-06T04:57:30.391Z,sell,5.679e-05,7.0,0.00039753
BCD/BTC,1573016250391,2019-11-06T04:57:30.391Z,sell,5.678e-05,77.0,0.00437206
BCD/BTC,1573016313786,2019-11-06T04:58:33.786Z,buy,5.693e-05,110.0,0.0062623
BCD/BTC,1573016327038,2019-11-06T04:58:47.038Z,buy,5.694e-05,120.0,0.0068328
BCD/BTC,1573016327038,2019-11-06T04:58:47.038Z,buy,5.695e-05,140.0,0.007973
BCD/BTC,1573016361140,2019-11-06T04:59:21.140Z,sell,5.679e-05,30.0,0.0017036999999999
BCD/BTC,1573016361318,2019-11-06T04:59:21.318Z,sell,5.679e-05,12.0,0.0006814799999999
BCD/BTC,1573016363502,2019-11-06T04:59:23.502Z,sell,5.679e-05,56.0,0.00318024
BCD/BTC,1573016392225,2019-11-06T04:59:52.225Z,sell,5.681e-05,60.0,0.0034086
BCD/BTC,1573016399563,2019-11-06T04:59:59.563Z,sell,5.681e-05,34.0,0.00193154
BCD/BTC,1573016416246,2019-11-06T05:00:16.246Z,sell,5.681e-05,51.0,0.00289731
BCD/BTC,1573016416411,2019-11-06T05:00:16.411Z,sell,5.681e-05,31.0,0.00176111
BCD/BTC,1573016416411,2019-11-06T05:00:16.411Z,sell,5.68e-05,11.0,0.0006248
BCD/BTC,1573016416693,2019-11-06T05:00:16.693Z,sell,5.681e-05,30.0,0.0017043
BCD/BTC,1573016418176,2019-11-06T05:00:18.176Z,sell,5.681e-05,127.0,0.00721487
BCD/BTC,1573016418263,2019-11-06T05:00:18.263Z,sell,5.682e-05,17.0,0.00096594
BCD/BTC,1573016418749,2019-11-06T05:00:18.749Z,sell,5.682e-05,77.0,0.00437514
BCD/BTC,1573016418904,2019-11-06T05:00:18.904Z,sell,5.682e-05,23.0,0.00130686
BCD/BTC,1573016418904,2019-11-06T05:00:18.904Z,sell,5.681e-05,32.0,0.00181792
BCD/BTC,1573016419131,2019-11-06T05:00:19.131Z,sell,5.681e-05,99.0,0.00562419
BCD/BTC,1573016420175,2019-11-06T05:00:20.175Z,sell,5.681e-05,71.0,0.00403351
BCD/BTC,1573016420477,2019-11-06T05:00:20.477Z,sell,5.681e-05,40.0,0.0022724
BCD/BTC,1573016420477,2019-11-06T05:00:20.477Z,sell,5.68e-05,29.0,0.0016472
BCD/BTC,1573016478456,2019-11-06T05:01:18.456Z,buy,5.696e-05,71.0,0.00404416
BCD/BTC,1573016484176,2019-11-06T05:01:24.176Z,buy,5.695e-05,196.0,0.0111622
BCD/BTC,1573016484176,2019-11-06T05:01:24.176Z,buy,5.697e-05,214.0,0.01219158
BCD/BTC,1573016555336,2019-11-06T05:02:35.336Z,sell,5.699e-05,72.0,0.00410328
BCD/BTC,1573016555504,2019-11-06T05:02:35.504Z,sell,5.699e-05,5.0,0.00028495
BCD/BTC,1573016560439,2019-11-06T05:02:40.439Z,buy,5.692e-05,77.0,0.00438284
BCD/BTC,1573016560439,2019-11-06T05:02:40.439Z,buy,5.693e-05,216.0,0.01229688
BCD/BTC,1573016564018,2019-11-06T05:02:44.018Z,buy,5.692e-05,51.0,0.00290292
BCD/BTC,1573016596647,2019-11-06T05:03:16.647Z,buy,5.707e-05,22.0,0.00125554
BCD/BTC,1573016609311,2019-11-06T05:03:29.311Z,buy,5.701e-05,352.0,0.02006752
BCD/BTC,1573016609311,2019-11-06T05:03:29.311Z,buy,5.702e-05,79.0,0.00450458
BCD/BTC,1573016929384,2019-11-06T05:08:49.384Z,buy,5.702e-05,2.0,0.00011404
BCD/BTC,1573016987926,2019-11-06T05:09:47.926Z,buy,5.702e-05,174.0,0.00992148
BCD/BTC,1573017158227,2019-11-06T05:12:38.227Z,buy,5.702e-05,49.0,0.00279398
BCD/BTC,1573017158227,2019-11-06T05:12:38.227Z,buy,5.71e-05,42.0,0.0023982
BCD/BTC,1573017158227,2019-11-06T05:12:38.227Z,buy,5.702e-05,49.0,0.00279398
BCD/BTC,1573017158227,2019-11-06T05:12:38.227Z,buy,5.71e-05,42.0,0.0023982
BCD/BTC,1573017402485,2019-11-06T05:16:42.485Z,sell,5.683e-05,266.0,0.01511678
BCD/BTC,1573017402485,2019-11-06T05:16:42.485Z,sell,5.682e-05,231.0,0.01312542
BCD/BTC,1573017404298,2019-11-06T05:16:44.298Z,buy,5.678e-05,25.0,0.0014195
BCD/BTC,1573017405190,2019-11-06T05:16:45.190Z,buy,5.678e-05,25.0,0.0014195
BCD/BTC,1573017406314,2019-11-06T05:16:46.314Z,buy,5.678e-05,25.0,0.0014195
BCD/BTC,1573017534582,2019-11-06T05:18:54.582Z,buy,5.678e-05,2.0,0.00011356
BCD/BTC,1573017929049,2019-11-06T05:25:29.049Z,sell,5.674e-05,22.0,0.00124828
BCD/BTC,1573017933573,2019-11-06T05:25:33.573Z,sell,5.674e-05,39.0,0.00221286
BCD/BTC,1573017933668,2019-11-06T05:25:33.668Z,sell,5.674e-05,48.0,0.00272352
BCD/BTC,1573017934570,2019-11-06T05:25:34.570Z,sell,5.673e-05,30.0,0.0017019
BCD/BTC,1573017934571,2019-11-06T05:25:34.571Z,sell,5.673e-05,43.0,0.00243939
BCD/BTC,1573017938825,2019-11-06T05:25:38.825Z,sell,5.674e-05,30.0,0.0017022
BCD/BTC,1573017959389,2019-11-06T05:25:59.389Z,sell,5.674e-05,81.0,0.00459594
BCD/BTC,1573017961506,2019-11-06T05:26:01.506Z,sell,5.674e-05,13.0,0.00073762
BCD/BTC,1573017963357,2019-11-06T05:26:03.357Z,sell,5.674e-05,9.0,0.00051066
BCD/BTC,1573019243274,2019-11-06T05:47:23.274Z,buy,5.689e-05,25.0,0.00142225
BCD/BTC,1573019244185,2019-11-06T05:47:24.185Z,buy,5.689e-05,25.0,0.00142225
BCD/BTC,1573019256641,2019-11-06T05:47:36.641Z,buy,5.689e-05,25.0,0.00142225
BCD/BTC,1573019258253,2019-11-06T05:47:38.253Z,buy,5.691e-05,25.0,0.00142275
BCD/BTC,1573019539422,2019-11-06T05:52:19.422Z,buy,5.691e-05,2.0,0.00011382
BCD/BTC,1573019539422,2019-11-06T05:52:19.422Z,buy,5.694e-05,23.0,0.00130962
BCD/BTC,1573019540477,2019-11-06T05:52:20.477Z,buy,5.692e-05,25.0,0.001423
BCD/BTC,1573019541374,2019-11-06T05:52:21.374Z,buy,5.692e-05,25.0,0.001423
BCD/BTC,1573019542403,2019-11-06T05:52:22.403Z,buy,5.692e-05,25.0,0.001423
BCD/BTC,1573019543460,2019-11-06T05:52:23.460Z,buy,5.692e-05,25.0,0.001423
BCD/BTC,1573019582177,2019-11-06T05:53:02.177Z,buy,5.693e-05,25.0,0.00142325
BCD/BTC,1573019583096,2019-11-06T05:53:03.096Z,buy,5.693e-05,25.0,0.00142325
BCD/BTC,1573019584188,2019-11-06T05:53:04.188Z,buy,5.701e-05,25.0,0.0014252499999999
BCD/BTC,1573019594462,2019-11-06T05:53:14.462Z,buy,5.693e-05,25.0,0.00142325
BCD/BTC,1573019596380,2019-11-06T05:53:16.380Z,buy,5.693e-05,25.0,0.00142325
BCD/BTC,1573019604257,2019-11-06T05:53:24.257Z,buy,5.695e-05,25.0,0.00142375
BCD/BTC,1573019605307,2019-11-06T05:53:25.307Z,buy,5.693e-05,25.0,0.00142325
BCD/BTC,1573019606418,2019-11-06T05:53:26.418Z,buy,5.693e-05,25.0,0.00142325
BCD/BTC,1573019607309,2019-11-06T05:53:27.309Z,buy,5.693e-05,17.0,0.0009678099999999
BCD/BTC,1573019607309,2019-11-06T05:53:27.309Z,buy,5.696e-05,8.0,0.00045568
BCD/BTC,1573019608241,2019-11-06T05:53:28.241Z,buy,5.692e-05,25.0,0.001423
BCD/BTC,1573019609268,2019-11-06T05:53:29.268Z,buy,5.692e-05,25.0,0.001423
BCD/BTC,1573019806762,2019-11-06T05:56:46.762Z,buy,5.692e-05,8.0,0.00045536
BCD/BTC,1573019941537,2019-11-06T05:59:01.537Z,sell,5.692e-05,9.0,0.0005122799999999
BCD/BTC,1573019941797,2019-11-06T05:59:01.797Z,sell,5.692e-05,9.0,0.0005122799999999
BCD/BTC,1573019958524,2019-11-06T05:59:18.524Z,sell,5.692e-05,4.0,0.00022768
BCD/BTC,1573019960583,2019-11-06T05:59:20.583Z,buy,5.689e-05,17.0,0.00096713
BCD/BTC,1573019960583,2019-11-06T05:59:20.583Z,buy,5.707e-05,8.0,0.00045656
BCD/BTC,1573019979016,2019-11-06T05:59:39.016Z,sell,5.668e-05,28.0,0.00158704
BCD/BTC,1573020017755,2019-11-06T06:00:17.755Z,buy,5.707e-05,25.0,0.00142675
BCD/BTC,1573020018727,2019-11-06T06:00:18.727Z,buy,5.707e-05,25.0,0.00142675
BCD/BTC,1573020111137,2019-11-06T06:01:51.137Z,buy,5.697e-05,25.0,0.00142425
BCD/BTC,1573020112106,2019-11-06T06:01:52.106Z,buy,5.697e-05,25.0,0.00142425
BCD/BTC,1573020113163,2019-11-06T06:01:53.163Z,buy,5.697e-05,25.0,0.00142425
BCD/BTC,1573020138864,2019-11-06T06:02:18.864Z,buy,5.697e-05,12.0,0.00068364
BCD/BTC,1573020138884,2019-11-06T06:02:18.884Z,sell,5.697e-05,41.0,0.00233577
BCD/BTC,1573020138895,2019-11-06T06:02:18.895Z,sell,5.697e-05,41.0,0.00233577
BCD/BTC,1573020138921,2019-11-06T06:02:18.921Z,sell,5.697e-05,12.0,0.00068364
BCD/BTC,1573020140730,2019-11-06T06:02:20.730Z,buy,5.691e-05,97.0,0.00552027
BCD/BTC,1573020536635,2019-11-06T06:08:56.635Z,buy,5.69e-05,42.0,0.0023898
BCD/BTC,1573020536680,2019-11-06T06:08:56.680Z,buy,5.69e-05,25.0,0.0014225
BCD/BTC,1573020537611,2019-11-06T06:08:57.611Z,buy,5.69e-05,25.0,0.0014225
BCD/BTC,1573020538478,2019-11-06T06:08:58.478Z,buy,5.69e-05,25.0,0.0014225
BCD/BTC,1573020539437,2019-11-06T06:08:59.437Z,buy,5.69e-05,25.0,0.0014225
BCD/BTC,1573020586548,2019-11-06T06:09:46.548Z,buy,5.69e-05,124.0,0.0070556
BCD/BTC,1573020586548,2019-11-06T06:09:46.548Z,buy,5.69e-05,124.0,0.0070556
BCD/BTC,1573020767979,2019-11-06T06:12:47.979Z,buy,5.689e-05,235.0,0.01336915
BCD/BTC,1573020767979,2019-11-06T06:12:47.979Z,buy,5.69e-05,353.0,0.0200857
BCD/BTC,1573020852395,2019-11-06T06:14:12.395Z,buy,5.708e-05,3.0,0.00017124
BCD/BTC,1573020852395,2019-11-06T06:14:12.395Z,buy,5.711e-05,368.0,0.02101648
BCD/BTC,1573020856684,2019-11-06T06:14:16.684Z,sell,5.687e-05,13.0,0.00073931
BCD/BTC,1573020857204,2019-11-06T06:14:17.204Z,sell,5.688e-05,29.0,0.00164952
BCD/BTC,1573020858628,2019-11-06T06:14:18.628Z,sell,5.688e-05,20.0,0.0011376
BCD/BTC,1573020859756,2019-11-06T06:14:19.756Z,sell,5.688e-05,9.0,0.00051192
BCD/BTC,1573021003303,2019-11-06T06:16:43.303Z,sell,5.695e-05,68.0,0.0038726
BCD/BTC,1573021005319,2019-11-06T06:16:45.319Z,sell,5.695e-05,21.0,0.00119595
BCD/BTC,1573021006278,2019-11-06T06:16:46.278Z,sell,5.695e-05,9.0,0.00051255
BCD/BTC,1573021006459,2019-11-06T06:16:46.459Z,sell,5.696e-05,56.0,0.00318976
BCD/BTC,1573021009162,2019-11-06T06:16:49.162Z,sell,5.696e-05,11.0,0.00062656
BCD/BTC,1573021029957,2019-11-06T06:17:09.957Z,sell,5.694e-05,50.0,0.002847
BCD/BTC,1573021030251,2019-11-06T06:17:10.251Z,sell,5.695e-05,50.0,0.0028475
BCD/BTC,1573021031308,2019-11-06T06:17:11.308Z,sell,5.695e-05,35.0,0.00199325
BCD/BTC,1573021031308,2019-11-06T06:17:11.308Z,sell,5.694e-05,15.0,0.0008541
BCD/BTC,1573021032395,2019-11-06T06:17:12.395Z,sell,5.694e-05,50.0,0.002847
BCD/BTC,1573021033437,2019-11-06T06:17:13.437Z,sell,5.695e-05,50.0,0.0028475
BCD/BTC,1573021033637,2019-11-06T06:17:13.637Z,sell,5.695e-05,50.0,0.0028475
BCD/BTC,1573021035163,2019-11-06T06:17:15.163Z,sell,5.695e-05,50.0,0.0028475
BCD/BTC,1573021036178,2019-11-06T06:17:16.178Z,sell,5.696e-05,50.0,0.002848
BCD/BTC,1573021036420,2019-11-06T06:17:16.420Z,sell,5.696e-05,50.0,0.002848
BCD/BTC,1573021037423,2019-11-06T06:17:17.423Z,sell,5.696e-05,50.0,0.002848
BCD/BTC,1573021037560,2019-11-06T06:17:17.560Z,sell,5.696e-05,57.0,0.00324672
BCD/BTC,1573021037754,2019-11-06T06:17:17.754Z,sell,5.696e-05,16.0,0.00091136
BCD/BTC,1573021037754,2019-11-06T06:17:17.754Z,sell,5.695e-05,34.0,0.0019363
BCD/BTC,1573021037764,2019-11-06T06:17:17.764Z,sell,5.695e-05,30.0,0.0017085
BCD/BTC,1573021038659,2019-11-06T06:17:18.659Z,sell,5.695e-05,39.0,0.00222105
BCD/BTC,1573021038873,2019-11-06T06:17:18.873Z,sell,5.696e-05,50.0,0.002848
BCD/BTC,1573021039157,2019-11-06T06:17:19.157Z,sell,5.696e-05,50.0,0.002848
BCD/BTC,1573021039799,2019-11-06T06:17:19.799Z,sell,5.696e-05,23.0,0.00131008
BCD/BTC,1573021039799,2019-11-06T06:17:19.799Z,sell,5.695e-05,20.0,0.001139
BCD/BTC,1573021045128,2019-11-06T06:17:25.128Z,sell,5.695e-05,23.0,0.00130985
BCD/BTC,1573021045128,2019-11-06T06:17:25.128Z,sell,5.694e-05,23.0,0.00130962
BCD/BTC,1573021045165,2019-11-06T06:17:25.165Z,sell,5.694e-05,9.0,0.00051246
BCD/BTC,1573021045224,2019-11-06T06:17:25.224Z,sell,5.694e-05,155.0,0.0088257
BCD/BTC,1573021046455,2019-11-06T06:17:26.455Z,sell,5.694e-05,32.0,0.00182208
BCD/BTC,1573021057132,2019-11-06T06:17:37.132Z,buy,5.711e-05,3.0,0.00017133
BCD/BTC,1573021057132,2019-11-06T06:17:37.132Z,buy,5.715e-05,18.0,0.0010287
BCD/BTC,1573021058057,2019-11-06T06:17:38.057Z,sell,5.695e-05,10.0,0.0005695
BCD/BTC,1573021058057,2019-11-06T06:17:38.057Z,sell,5.694e-05,1.0,5.694e-05
BCD/BTC,1573021058460,2019-11-06T06:17:38.460Z,sell,5.694e-05,3.0,0.00017082
BCD/BTC,1573021060553,2019-11-06T06:17:40.553Z,sell,5.683e-05,22.0,0.00125026
BCD/BTC,1573021060976,2019-11-06T06:17:40.976Z,sell,5.683e-05,22.0,0.00125026
BCD/BTC,1573021089728,2019-11-06T06:18:09.728Z,sell,5.674e-05,3.0,0.00017022
BCD/BTC,1573021089728,2019-11-06T06:18:09.728Z,sell,5.673e-05,3.0,0.00017019
BCD/BTC,1573021130401,2019-11-06T06:18:50.401Z,buy,5.701e-05,121.0,0.00689821
BCD/BTC,1573021133205,2019-11-06T06:18:53.205Z,buy,5.701e-05,80.0,0.0045608
BCD/BTC,1573021139067,2019-11-06T06:18:59.067Z,buy,5.7e-05,1.0,5.7e-05
BCD/BTC,1573021148389,2019-11-06T06:19:08.389Z,buy,5.7e-05,53.0,0.003021
BCD/BTC,1573021151312,2019-11-06T06:19:11.312Z,buy,5.7e-05,107.0,0.006099
BCD/BTC,1573021364793,2019-11-06T06:22:44.793Z,buy,5.706e-05,1.0,5.706e-05
BCD/BTC,1573021842872,2019-11-06T06:30:42.872Z,sell,5.673e-05,58.0,0.00329034
BCD/BTC,1573021843145,2019-11-06T06:30:43.145Z,sell,5.673e-05,170.0,0.0096441
BCD/BTC,1573021843363,2019-11-06T06:30:43.363Z,sell,5.673e-05,22.0,0.00124806
BCD/BTC,1573021843447,2019-11-06T06:30:43.447Z,sell,5.674e-05,84.0,0.00476616
BCD/BTC,1573021845457,2019-11-06T06:30:45.457Z,sell,5.674e-05,48.0,0.00272352
BCD/BTC,1573021845517,2019-11-06T06:30:45.517Z,sell,5.674e-05,22.0,0.00124828
BCD/BTC,1573021845517,2019-11-06T06:30:45.517Z,sell,5.673e-05,52.0,0.00294996
BCD/BTC,1573021845765,2019-11-06T06:30:45.765Z,sell,5.675e-05,77.0,0.0043697499999999
BCD/BTC,1573021846331,2019-11-06T06:30:46.331Z,sell,5.675e-05,20.0,0.001135
BCD/BTC,1573021846547,2019-11-06T06:30:46.547Z,sell,5.675e-05,6.0,0.0003405
BCD/BTC,1573021846547,2019-11-06T06:30:46.547Z,sell,5.673e-05,33.0,0.00187209
BCD/BTC,1573021846986,2019-11-06T06:30:46.986Z,sell,5.676e-05,12.0,0.00068112
BCD/BTC,1573022395755,2019-11-06T06:39:55.755Z,buy,5.688e-05,3.0,0.00017064
BCD/BTC,1573022395755,2019-11-06T06:39:55.755Z,buy,5.69e-05,166.0,0.0094454
BCD/BTC,1573022395755,2019-11-06T06:39:55.755Z,buy,5.691e-05,352.0,0.02003232
BCD/BTC,1573022395755,2019-11-06T06:39:55.755Z,buy,5.692e-05,172.0,0.0097902399999999
BCD/BTC,1573022736415,2019-11-06T06:45:36.415Z,sell,5.692e-05,25.0,0.001423
BCD/BTC,1573022833379,2019-11-06T06:47:13.379Z,buy,5.695e-05,352.0,0.0200464
BCD/BTC,1573022868266,2019-11-06T06:47:48.266Z,buy,5.702e-05,110.0,0.0062722
BCD/BTC,1573022875189,2019-11-06T06:47:55.189Z,buy,5.703e-05,84.0,0.00479052
BCD/BTC,1573022875189,2019-11-06T06:47:55.189Z,buy,5.704e-05,205.0,0.0116932
BCD/BTC,1573022878541,2019-11-06T06:47:58.541Z,buy,5.703e-05,84.0,0.00479052
BCD/BTC,1573023229415,2019-11-06T06:53:49.415Z,sell,5.684e-05,38.0,0.00215992
BCD/BTC,1573023230354,2019-11-06T06:53:50.354Z,sell,5.686e-05,87.0,0.00494682
BCD/BTC,1573023231710,2019-11-06T06:53:51.710Z,sell,5.686e-05,50.0,0.002843
BCD/BTC,1573023232790,2019-11-06T06:53:52.790Z,sell,5.686e-05,50.0,0.002843
BCD/BTC,1573023233316,2019-11-06T06:53:53.316Z,sell,5.686e-05,26.0,0.00147836
BCD/BTC,1573023233316,2019-11-06T06:53:53.316Z,sell,5.685e-05,61.0,0.0034678499999999
BCD/BTC,1573023234240,2019-11-06T06:53:54.240Z,sell,5.686e-05,50.0,0.002843
BCD/BTC,1573023234661,2019-11-06T06:53:54.661Z,sell,5.686e-05,72.0,0.00409392
BCD/BTC,1573023240694,2019-11-06T06:54:00.694Z,sell,5.686e-05,10.0,0.0005686
BCD/BTC,1573023241819,2019-11-06T06:54:01.819Z,sell,5.686e-05,9.0,0.00051174
BCD/BTC,1573023242843,2019-11-06T06:54:02.843Z,sell,5.687e-05,50.0,0.0028435
BCD/BTC,1573023249222,2019-11-06T06:54:09.222Z,sell,5.687e-05,30.0,0.0017061
BCD/BTC,1573023249465,2019-11-06T06:54:09.465Z,sell,5.687e-05,22.0,0.00125114
BCD/BTC,1573023250161,2019-11-06T06:54:10.161Z,sell,5.688e-05,63.0,0.00358344
BCD/BTC,1573023250161,2019-11-06T06:54:10.161Z,sell,5.687e-05,14.0,0.00079618
BCD/BTC,1573023250497,2019-11-06T06:54:10.497Z,sell,5.688e-05,38.0,0.0021614399999999
BCD/BTC,1573023250509,2019-11-06T06:54:10.509Z,sell,5.688e-05,55.0,0.0031284
BCD/BTC,1573023251378,2019-11-06T06:54:11.378Z,sell,5.688e-05,33.0,0.00187704
BCD/BTC,1573023251378,2019-11-06T06:54:11.378Z,sell,5.687e-05,44.0,0.00250228
BCD/BTC,1573023251436,2019-11-06T06:54:11.436Z,sell,5.687e-05,102.0,0.00580074
BCD/BTC,1573023252373,2019-11-06T06:54:12.373Z,sell,5.687e-05,1.0,5.687e-05
BCD/BTC,1573023252373,2019-11-06T06:54:12.373Z,sell,5.686e-05,76.0,0.00432136
BCD/BTC,1573023254511,2019-11-06T06:54:14.511Z,sell,5.687e-05,77.0,0.00437899
BCD/BTC,1573023254593,2019-11-06T06:54:14.593Z,sell,5.687e-05,8.0,0.00045496
BCD/BTC,1573023254593,2019-11-06T06:54:14.593Z,sell,5.686e-05,48.0,0.00272928
BCD/BTC,1573023254898,2019-11-06T06:54:14.898Z,sell,5.686e-05,25.0,0.0014215
BCD/BTC,1573023256334,2019-11-06T06:54:16.334Z,sell,5.686e-05,12.0,0.00068232
BCD/BTC,1573023256334,2019-11-06T06:54:16.334Z,sell,5.685e-05,65.0,0.0036952499999999
BCD/BTC,1573023258269,2019-11-06T06:54:18.269Z,sell,5.685e-05,77.0,0.00437745
BCD/BTC,1573023259337,2019-11-06T06:54:19.337Z,sell,5.685e-05,26.0,0.0014781
BCD/BTC,1573023259337,2019-11-06T06:54:19.337Z,sell,5.684e-05,51.0,0.0028988399999999
BCD/BTC,1573023260406,2019-11-06T06:54:20.406Z,sell,5.684e-05,77.0,0.00437668
BCD/BTC,1573023261423,2019-11-06T06:54:21.423Z,sell,5.684e-05,73.0,0.00414932
BCD/BTC,1573023262371,2019-11-06T06:54:22.371Z,sell,5.684e-05,20.0,0.0011367999999999
BCD/BTC,1573023345736,2019-11-06T06:55:45.736Z,buy,5.694e-05,352.0,0.02004288
BCD/BTC,1573023345736,2019-11-06T06:55:45.736Z,buy,5.695e-05,231.0,0.01315545
BCD/BTC,1573023458756,2019-11-06T06:57:38.756Z,buy,5.694e-05,89.0,0.00506766
BCD/BTC,1573023463615,2019-11-06T06:57:43.615Z,buy,5.692e-05,154.0,0.00876568
BCD/BTC,1573023471348,2019-11-06T06:57:51.348Z,buy,5.692e-05,100.0,0.005692
BCD/BTC,1573023474639,2019-11-06T06:57:54.639Z,buy,5.692e-05,49.0,0.0027890799999999
BCD/BTC,1573023477505,2019-11-06T06:57:57.505Z,buy,5.692e-05,170.0,0.0096764
BCD/BTC,1573023484703,2019-11-06T06:58:04.703Z,buy,5.693e-05,98.0,0.00557914
BCD/BTC,1573023850907,2019-11-06T07:04:10.907Z,buy,5.698e-05,352.0,0.02005696
BCD/BTC,1573024087227,2019-11-06T07:08:07.227Z,buy,5.697e-05,282.0,0.01606554
BCD/BTC,1573024115178,2019-11-06T07:08:35.178Z,buy,5.698e-05,251.0,0.01430198
BCD/BTC,1573024115178,2019-11-06T07:08:35.178Z,buy,5.698e-05,251.0,0.01430198
BCD/BTC,1573024329055,2019-11-06T07:12:09.055Z,buy,5.698e-05,60.0,0.0034188
BCD/BTC,1573024335476,2019-11-06T07:12:15.476Z,buy,5.699e-05,608.0,0.03464992
BCD/BTC,1573024348057,2019-11-06T07:12:28.057Z,buy,5.699e-05,115.0,0.00655385
BCD/BTC,1573024554765,2019-11-06T07:15:54.765Z,buy,5.699e-05,11.0,0.00062689
BCD/BTC,1573024788889,2019-11-06T07:19:48.889Z,sell,5.68e-05,88.0,0.0049984
BCD/BTC,1573024788910,2019-11-06T07:19:48.910Z,sell,5.68e-05,19.0,0.0010792
BCD/BTC,1573024789069,2019-11-06T07:19:49.069Z,sell,5.673e-05,98.0,0.00555954
BCD/BTC,1573024789183,2019-11-06T07:19:49.183Z,buy,5.667e-05,112.0,0.00634704
BCD/BTC,1573024789797,2019-11-06T07:19:49.797Z,buy,5.667e-05,135.0,0.00765045
BCD/BTC,1573024789797,2019-11-06T07:19:49.797Z,buy,5.67e-05,30.0,0.001701
BCD/BTC,1573024789797,2019-11-06T07:19:49.797Z,buy,5.68e-05,36.0,0.0020448
BCD/BTC,1573024791765,2019-11-06T07:19:51.765Z,sell,5.665e-05,34.0,0.0019261
BCD/BTC,1573024791789,2019-11-06T07:19:51.789Z,sell,5.665e-05,35.0,0.00198275
BCD/BTC,1573024793371,2019-11-06T07:19:53.371Z,sell,5.667e-05,48.0,0.00272016
BCD/BTC,1573024795502,2019-11-06T07:19:55.502Z,sell,5.669e-05,9.0,0.00051021
BCD/BTC,1573024796346,2019-11-06T07:19:56.346Z,sell,5.671e-05,11.0,0.0006238099999999
BCD/BTC,1573024796575,2019-11-06T07:19:56.575Z,sell,5.671e-05,7.0,0.0003969699999999
BCD/BTC,1573025413309,2019-11-06T07:30:13.309Z,buy,5.698e-05,81.0,0.00461538
BCD/BTC,1573025413309,2019-11-06T07:30:13.309Z,buy,5.699e-05,125.0,0.00712375
BCD/BTC,1573025433193,2019-11-06T07:30:33.193Z,buy,5.69e-05,288.0,0.0163872
BCD/BTC,1573025516307,2019-11-06T07:31:56.307Z,sell,5.672e-05,2.0,0.00011344
BCD/BTC,1573025516307,2019-11-06T07:31:56.307Z,sell,5.668e-05,200.0,0.011336
BCD/BTC,1573025516441,2019-11-06T07:31:56.441Z,sell,5.669e-05,332.0,0.01882108
BCD/BTC,1573025516634,2019-11-06T07:31:56.634Z,sell,5.669e-05,20.0,0.0011338
BCD/BTC,1573025516634,2019-11-06T07:31:56.634Z,sell,5.668e-05,6.0,0.00034008
BCD/BTC,1573025516634,2019-11-06T07:31:56.634Z,sell,5.661e-05,71.0,0.00401931
BCD/BTC,1573025519230,2019-11-06T07:31:59.230Z,sell,5.66e-05,47.0,0.0026602
BCD/BTC,1573025519679,2019-11-06T07:31:59.679Z,buy,5.662e-05,25.0,0.0014154999999999
BCD/BTC,1573025520898,2019-11-06T07:32:00.898Z,buy,5.662e-05,25.0,0.0014154999999999
BCD/BTC,1573025521978,2019-11-06T07:32:01.978Z,buy,5.662e-05,25.0,0.0014154999999999
BCD/BTC,1573025523111,2019-11-06T07:32:03.111Z,buy,5.662e-05,25.0,0.0014154999999999
BCD/BTC,1573025523525,2019-11-06T07:32:03.525Z,buy,5.662e-05,154.0,0.00871948
BCD/BTC,1573025587128,2019-11-06T07:33:07.128Z,sell,5.66e-05,50.0,0.00283
BCD/BTC,1573025587298,2019-11-06T07:33:07.298Z,sell,5.66e-05,40.0,0.002264
BCD/BTC,1573025588275,2019-11-06T07:33:08.275Z,sell,5.66e-05,65.0,0.003679
BCD/BTC,1573025588601,2019-11-06T07:33:08.601Z,sell,5.66e-05,53.0,0.0029998
BCD/BTC,1573025588975,2019-11-06T07:33:08.975Z,sell,5.66e-05,30.0,0.001698
BCD/BTC,1573025706243,2019-11-06T07:35:06.243Z,sell,5.663e-05,972.0,0.05504436
BCD/BTC,1573025706243,2019-11-06T07:35:06.243Z,sell,5.662e-05,652.0,0.0369162399999999
BCD/BTC,1573025763212,2019-11-06T07:36:03.212Z,buy,5.685e-05,31.0,0.00176235
BCD/BTC,1573025793632,2019-11-06T07:36:33.632Z,sell,5.664e-05,51.0,0.00288864
BCD/BTC,1573025793632,2019-11-06T07:36:33.632Z,sell,5.663e-05,5.0,0.0002831499999999
BCD/BTC,1573025793809,2019-11-06T07:36:33.809Z,sell,5.664e-05,30.0,0.0016992
BCD/BTC,1573025794103,2019-11-06T07:36:34.103Z,sell,5.664e-05,72.0,0.0040780799999999
BCD/BTC,1573025794268,2019-11-06T07:36:34.268Z,sell,5.663e-05,26.0,0.00147238
BCD/BTC,1573025794268,2019-11-06T07:36:34.268Z,sell,5.662e-05,4.0,0.00022648
BCD/BTC,1573025794627,2019-11-06T07:36:34.627Z,sell,5.663e-05,26.0,0.00147238
BCD/BTC,1573025794627,2019-11-06T07:36:34.627Z,sell,5.662e-05,29.0,0.00164198
BCD/BTC,1573025798238,2019-11-06T07:36:38.238Z,sell,5.662e-05,79.0,0.00447298
BCD/BTC,1573025799132,2019-11-06T07:36:39.132Z,sell,5.662e-05,84.0,0.0047560799999999
BCD/BTC,1573025799511,2019-11-06T07:36:39.511Z,sell,5.662e-05,87.0,0.0049259399999999
BCD/BTC,1573025801978,2019-11-06T07:36:41.978Z,sell,5.662e-05,75.0,0.0042464999999999
BCD/BTC,1573025806516,2019-11-06T07:36:46.516Z,sell,5.662e-05,76.0,0.00430312
BCD/BTC,1573025807482,2019-11-06T07:36:47.482Z,sell,5.662e-05,75.0,0.0042464999999999
BCD/BTC,1573025808186,2019-11-06T07:36:48.186Z,sell,5.662e-05,76.0,0.00430312
BCD/BTC,1573025808493,2019-11-06T07:36:48.493Z,sell,5.662e-05,9.0,0.0005095799999999
BCD/BTC,1573025874919,2019-11-06T07:37:54.919Z,sell,5.662e-05,13.0,0.00073606
BCD/BTC,1573025874974,2019-11-06T07:37:54.974Z,sell,5.662e-05,49.0,0.00277438
BCD/BTC,1573025875360,2019-11-06T07:37:55.360Z,sell,5.662e-05,57.0,0.00322734
BCD/BTC,1573025883838,2019-11-06T07:38:03.838Z,sell,5.662e-05,186.0,0.0105313199999999
BCD/BTC,1573025884438,2019-11-06T07:38:04.438Z,sell,5.662e-05,261.0,0.0147778199999999
BCD/BTC,1573025885239,2019-11-06T07:38:05.239Z,sell,5.662e-05,174.0,0.0098518799999999
BCD/BTC,1573025885672,2019-11-06T07:38:05.672Z,sell,5.662e-05,152.0,0.00860624
BCD/BTC,1573025886134,2019-11-06T07:38:06.134Z,sell,5.662e-05,37.0,0.00209494
BCD/BTC,1573025895844,2019-11-06T07:38:15.844Z,sell,5.662e-05,25.0,0.0014154999999999
BCD/BTC,1573025895844,2019-11-06T07:38:15.844Z,sell,5.659e-05,287.0,0.01624133
BCD/BTC,1573025896334,2019-11-06T07:38:16.334Z,sell,5.659e-05,138.0,0.00780942
BCD/BTC,1573025896736,2019-11-06T07:38:16.736Z,sell,5.659e-05,148.0,0.00837532
BCD/BTC,1573025896736,2019-11-06T07:38:16.736Z,sell,5.657e-05,247.0,0.01397279
BCD/BTC,1573025897666,2019-11-06T07:38:17.666Z,sell,5.657e-05,138.0,0.00780666
BCD/BTC,1573025898106,2019-11-06T07:38:18.106Z,sell,5.657e-05,56.0,0.00316792
BCD/BTC,1573025898524,2019-11-06T07:38:18.524Z,sell,5.657e-05,30.0,0.0016971
BCD/BTC,1573025905329,2019-11-06T07:38:25.329Z,sell,5.657e-05,5.0,0.00028285
BCD/BTC,1573025905329,2019-11-06T07:38:25.329Z,sell,5.655e-05,121.0,0.00684255
BCD/BTC,1573025940975,2019-11-06T07:39:00.975Z,buy,5.664e-05,305.0,0.0172752
BCD/BTC,1573025940975,2019-11-06T07:39:00.975Z,buy,5.666e-05,270.0,0.0152982
BCD/BTC,1573025941192,2019-11-06T07:39:01.192Z,sell,5.655e-05,124.0,0.0070122
BCD/BTC,1573025941602,2019-11-06T07:39:01.602Z,sell,5.655e-05,130.0,0.0073514999999999
BCD/BTC,1573025942345,2019-11-06T07:39:02.345Z,sell,5.655e-05,128.0,0.0072384
BCD/BTC,1573025942543,2019-11-06T07:39:02.543Z,sell,5.655e-05,25.0,0.00141375
BCD/BTC,1573025943278,2019-11-06T07:39:03.278Z,sell,5.655e-05,56.0,0.0031668
BCD/BTC,1573025943278,2019-11-06T07:39:03.278Z,sell,5.65e-05,13.0,0.0007345
BCD/BTC,1573025983031,2019-11-06T07:39:43.031Z,buy,5.651e-05,681.0,0.03848331
BCD/BTC,1573025984407,2019-11-06T07:39:44.407Z,buy,5.651e-05,25.0,0.00141275
BCD/BTC,1573025985462,2019-11-06T07:39:45.462Z,buy,5.651e-05,25.0,0.00141275
BCD/BTC,1573025987549,2019-11-06T07:39:47.549Z,buy,5.651e-05,273.0,0.01542723
BCD/BTC,1573026003649,2019-11-06T07:40:03.649Z,buy,5.659e-05,303.0,0.01714677
BCD/BTC,1573026037769,2019-11-06T07:40:37.769Z,buy,5.666e-05,16.0,0.00090656
BCD/BTC,1573026037769,2019-11-06T07:40:37.769Z,buy,5.673e-05,231.0,0.01310463
BCD/BTC,1573026140568,2019-11-06T07:42:20.568Z,buy,5.664e-05,16.0,0.00090624
BCD/BTC,1573026140570,2019-11-06T07:42:20.570Z,buy,5.664e-05,1.0,5.664e-05
BCD/BTC,1573026140590,2019-11-06T07:42:20.590Z,buy,5.673e-05,33.0,0.00187209
BCD/BTC,1573026486561,2019-11-06T07:48:06.561Z,buy,5.682e-05,231.0,0.01312542
BCD/BTC,1573026486561,2019-11-06T07:48:06.561Z,buy,5.683e-05,353.0,0.02006099
BCD/BTC,1573026486591,2019-11-06T07:48:06.591Z,sell,5.684e-05,217.0,0.01233428
BCD/BTC,1573026489935,2019-11-06T07:48:09.935Z,buy,5.678e-05,673.0,0.03821294
BCD/BTC,1573026519051,2019-11-06T07:48:39.051Z,sell,5.655e-05,74.0,0.0041846999999999
BCD/BTC,1573026810675,2019-11-06T07:53:30.675Z,buy,5.688e-05,154.0,0.00875952
BCD/BTC,1573026810675,2019-11-06T07:53:30.675Z,buy,5.692e-05,25.0,0.001423
BCD/BTC,1573026810675,2019-11-06T07:53:30.675Z,buy,5.693e-05,74.0,0.00421282
BCD/BTC,1573026810675,2019-11-06T07:53:30.675Z,buy,5.695e-05,156.0,0.0088842
BCD/BTC,1573026810675,2019-11-06T07:53:30.675Z,buy,5.699e-05,421.0,0.02399279
BCD/BTC,1573026849818,2019-11-06T07:54:09.818Z,buy,5.698e-05,103.0,0.00586894
BCD/BTC,1573026849818,2019-11-06T07:54:09.818Z,buy,5.699e-05,3.0,0.00017097
BCD/BTC,1573026849818,2019-11-06T07:54:09.818Z,buy,5.7e-05,5.0,0.000285
BCD/BTC,1573026849818,2019-11-06T07:54:09.818Z,buy,5.707e-05,141.0,0.00804687
BCD/BTC,1573026849818,2019-11-06T07:54:09.818Z,buy,5.708e-05,3.0,0.00017124
BCD/BTC,1573026849818,2019-11-06T07:54:09.818Z,buy,5.714e-05,745.0,0.0425693
BCD/BTC,1573026890478,2019-11-06T07:54:50.478Z,sell,5.679e-05,9.0,0.00051111
BCD/BTC,1573026890751,2019-11-06T07:54:50.751Z,sell,5.679e-05,9.0,0.00051111
BCD/BTC,1573026899598,2019-11-06T07:54:59.598Z,sell,5.683e-05,50.0,0.0028415
BCD/BTC,1573026900579,2019-11-06T07:55:00.579Z,sell,5.683e-05,50.0,0.0028415
BCD/BTC,1573026901293,2019-11-06T07:55:01.293Z,sell,5.683e-05,34.0,0.00193222
BCD/BTC,1573026901591,2019-11-06T07:55:01.591Z,sell,5.683e-05,11.0,0.00062513
BCD/BTC,1573026944165,2019-11-06T07:55:44.165Z,sell,5.684e-05,50.0,0.002842
BCD/BTC,1573026944520,2019-11-06T07:55:44.520Z,sell,5.684e-05,50.0,0.002842
BCD/BTC,1573026946787,2019-11-06T07:55:46.787Z,sell,5.685e-05,50.0,0.0028425
BCD/BTC,1573026946946,2019-11-06T07:55:46.946Z,sell,5.685e-05,48.0,0.0027288
BCD/BTC,1573026947690,2019-11-06T07:55:47.690Z,sell,5.686e-05,30.0,0.0017058
BCD/BTC,1573026964181,2019-11-06T07:56:04.181Z,sell,5.686e-05,78.0,0.00443508
BCD/BTC,1573026964181,2019-11-06T07:56:04.181Z,sell,5.685e-05,43.0,0.00244455
BCD/BTC,1573026964393,2019-11-06T07:56:04.393Z,sell,5.686e-05,72.0,0.00409392
BCD/BTC,1573026964393,2019-11-06T07:56:04.393Z,sell,5.685e-05,278.0,0.0158043
BCD/BTC,1573026964448,2019-11-06T07:56:04.448Z,sell,5.686e-05,48.0,0.00272928
BCD/BTC,1573026964824,2019-11-06T07:56:04.824Z,sell,5.686e-05,97.0,0.00551542
BCD/BTC,1573026964824,2019-11-06T07:56:04.824Z,sell,5.685e-05,37.0,0.0021034499999999
BCD/BTC,1573026965008,2019-11-06T07:56:05.008Z,sell,5.685e-05,31.0,0.00176235
BCD/BTC,1573026965254,2019-11-06T07:56:05.254Z,sell,5.685e-05,34.0,0.0019329
BCD/BTC,1573026965254,2019-11-06T07:56:05.254Z,sell,5.684e-05,17.0,0.0009662799999999
BCD/BTC,1573026965680,2019-11-06T07:56:05.680Z,sell,5.684e-05,41.0,0.00233044
BCD/BTC,1573026981100,2019-11-06T07:56:21.100Z,sell,5.684e-05,30.0,0.0017052
BCD/BTC,1573026981329,2019-11-06T07:56:21.329Z,sell,5.684e-05,126.0,0.00716184
BCD/BTC,1573026982838,2019-11-06T07:56:22.838Z,sell,5.684e-05,30.0,0.0017052
BCD/BTC,1573027188747,2019-11-06T07:59:48.747Z,buy,5.692e-05,352.0,0.02003584
BCD/BTC,1573027188747,2019-11-06T07:59:48.747Z,buy,5.693e-05,231.0,0.01315083
BCD/BTC,1573027188747,2019-11-06T07:59:48.747Z,buy,5.714e-05,158.0,0.00902812
BCD/BTC,1573027188747,2019-11-06T07:59:48.747Z,buy,5.715e-05,409.0,0.02337435
BCD/BTC,1573027302947,2019-11-06T08:01:42.947Z,buy,5.707e-05,123.0,0.00701961
BCD/BTC,1573027310162,2019-11-06T08:01:50.162Z,buy,5.707e-05,31.0,0.00176917
BCD/BTC,1573027310235,2019-11-06T08:01:50.235Z,sell,5.707e-05,92.0,0.00525044
BCD/BTC,1573027310262,2019-11-06T08:01:50.262Z,sell,5.676e-05,4.0,0.00022704
BCD/BTC,1573027356087,2019-11-06T08:02:36.087Z,sell,5.676e-05,73.0,0.00414348
BCD/BTC,1573027356087,2019-11-06T08:02:36.087Z,sell,5.675e-05,70.0,0.0039724999999999
BCD/BTC,1573027356087,2019-11-06T08:02:36.087Z,sell,5.674e-05,116.0,0.00658184
BCD/BTC,1573027356087,2019-11-06T08:02:36.087Z,sell,5.676e-05,73.0,0.00414348
BCD/BTC,1573027356087,2019-11-06T08:02:36.087Z,sell,5.675e-05,70.0,0.0039724999999999
BCD/BTC,1573027356087,2019-11-06T08:02:36.087Z,sell,5.674e-05,116.0,0.00658184
BCD/BTC,1573028649104,2019-11-06T08:24:09.104Z,buy,5.701e-05,128.0,0.00729728
BCD/BTC,1573028649104,2019-11-06T08:24:09.104Z,buy,5.702e-05,352.0,0.02007104
BCD/BTC,1573028649104,2019-11-06T08:24:09.104Z,buy,5.703e-05,129.0,0.00735687
BCD/BTC,1573028649104,2019-11-06T08:24:09.104Z,buy,5.715e-05,580.0,0.033147
BCD/BTC,1573028649834,2019-11-06T08:24:09.834Z,buy,5.701e-05,129.0,0.0073542899999999
BCD/BTC,1573028650470,2019-11-06T08:24:10.470Z,buy,5.706e-05,25.0,0.0014265
BCD/BTC,1573028725235,2019-11-06T08:25:25.235Z,buy,5.715e-05,20.0,0.001143
BCD/BTC,1573028725235,2019-11-06T08:25:25.235Z,buy,5.726e-05,13.0,0.00074438
BCD/BTC,1573028725235,2019-11-06T08:25:25.235Z,buy,5.732e-05,237.0,0.01358484
BCD/BTC,1573028792032,2019-11-06T08:26:32.032Z,sell,5.7e-05,231.0,0.013167
BCD/BTC,1573028793010,2019-11-06T08:26:33.010Z,sell,5.698e-05,5.0,0.0002849
BCD/BTC,1573028797508,2019-11-06T08:26:37.508Z,buy,5.703e-05,19.0,0.00108357
BCD/BTC,1573028797508,2019-11-06T08:26:37.508Z,buy,5.73e-05,77.0,0.0044120999999999
BCD/BTC,1573028797508,2019-11-06T08:26:37.508Z,buy,5.732e-05,658.0,0.03771656
BCD/BTC,1573028797508,2019-11-06T08:26:37.508Z,buy,5.734e-05,191.0,0.01095194
BCD/BTC,1573028797508,2019-11-06T08:26:37.508Z,buy,5.735e-05,371.0,0.02127685
BCD/BTC,1573028797508,2019-11-06T08:26:37.508Z,buy,5.738e-05,98.0,0.00562324
BCD/BTC,1573028797508,2019-11-06T08:26:37.508Z,buy,5.74e-05,123.0,0.0070602
BCD/BTC,1573028797508,2019-11-06T08:26:37.508Z,buy,5.743e-05,144.0,0.00826992
BCD/BTC,1573028797508,2019-11-06T08:26:37.508Z,buy,5.744e-05,264.0,0.01516416
BCD/BTC,1573028797508,2019-11-06T08:26:37.508Z,buy,5.749e-05,565.0,0.03248185
BCD/BTC,1573028800629,2019-11-06T08:26:40.629Z,buy,5.703e-05,3.0,0.00017109
BCD/BTC,1573028800950,2019-11-06T08:26:40.950Z,buy,5.703e-05,123.0,0.00701469
BCD/BTC,1573028801651,2019-11-06T08:26:41.651Z,sell,5.704e-05,173.0,0.00986792
BCD/BTC,1573028806090,2019-11-06T08:26:46.090Z,buy,5.704e-05,177.0,0.01009608
BCD/BTC,1573028821959,2019-11-06T08:27:01.959Z,sell,5.702e-05,122.0,0.00695644
BCD/BTC,1573028821996,2019-11-06T08:27:01.996Z,buy,5.702e-05,37.0,0.00210974
BCD/BTC,1573028822294,2019-11-06T08:27:02.294Z,buy,5.702e-05,269.0,0.01533838
BCD/BTC,1573028822315,2019-11-06T08:27:02.315Z,buy,5.702e-05,50.0,0.002851
BCD/BTC,1573028840267,2019-11-06T08:27:20.267Z,sell,5.702e-05,22.0,0.00125444
BCD/BTC,1573028851383,2019-11-06T08:27:31.383Z,sell,5.702e-05,38.0,0.0021667599999999
BCD/BTC,1573028883718,2019-11-06T08:28:03.718Z,buy,5.737e-05,57.0,0.00327009
BCD/BTC,1573028883718,2019-11-06T08:28:03.718Z,buy,5.738e-05,205.0,0.0117629
BCD/BTC,1573028885469,2019-11-06T08:28:05.469Z,sell,5.704e-05,88.0,0.00501952
BCD/BTC,1573028893279,2019-11-06T08:28:13.279Z,sell,5.704e-05,51.0,0.00290904
BCD/BTC,1573028902222,2019-11-06T08:28:22.222Z,sell,5.704e-05,103.0,0.00587512
BCD/BTC,1573028911084,2019-11-06T08:28:31.084Z,sell,5.704e-05,254.0,0.01448816
BCD/BTC,1573029020459,2019-11-06T08:30:20.459Z,sell,5.706e-05,10.0,0.0005706
BCD/BTC,1573029020486,2019-11-06T08:30:20.486Z,sell,5.706e-05,46.0,0.00262476
BCD/BTC,1573029020493,2019-11-06T08:30:20.493Z,sell,5.706e-05,40.0,0.0022824
BCD/BTC,1573029020493,2019-11-06T08:30:20.493Z,sell,5.705e-05,36.0,0.0020537999999999
BCD/BTC,1573029020567,2019-11-06T08:30:20.567Z,sell,5.705e-05,138.0,0.0078729
BCD/BTC,1573029020567,2019-11-06T08:30:20.567Z,sell,5.704e-05,24.0,0.00136896
BCD/BTC,1573029021023,2019-11-06T08:30:21.023Z,sell,5.704e-05,195.0,0.0111228
BCD/BTC,1573029021601,2019-11-06T08:30:21.601Z,sell,5.704e-05,116.0,0.00661664
BCD/BTC,1573029021661,2019-11-06T08:30:21.661Z,sell,5.704e-05,126.0,0.00718704
BCD/BTC,1573029022335,2019-11-06T08:30:22.335Z,sell,5.704e-05,19.0,0.00108376
BCD/BTC,1573029022335,2019-11-06T08:30:22.335Z,sell,5.7e-05,5.0,0.000285
BCD/BTC,1573029023105,2019-11-06T08:30:23.105Z,buy,5.698e-05,64.0,0.00364672
BCD/BTC,1573029541131,2019-11-06T08:39:01.131Z,buy,5.716e-05,231.0,0.01320396
BCD/BTC,1573029553235,2019-11-06T08:39:13.235Z,sell,5.716e-05,9.0,0.00051444
BCD/BTC,1573029590594,2019-11-06T08:39:50.594Z,sell,5.716e-05,5.0,0.0002858
BCD/BTC,1573029593081,2019-11-06T08:39:53.081Z,sell,5.691e-05,4.0,0.00022764
BCD/BTC,1573029593981,2019-11-06T08:39:53.981Z,buy,5.716e-05,102.0,0.00583032
BCD/BTC,1573029612998,2019-11-06T08:40:12.998Z,buy,5.73e-05,9.0,0.0005157
BCD/BTC,1573029690978,2019-11-06T08:41:30.978Z,buy,5.719e-05,89.0,0.00508991
BCD/BTC,1573029729846,2019-11-06T08:42:09.846Z,buy,5.721e-05,4.0,0.00022884
BCD/BTC,1573029847913,2019-11-06T08:44:07.913Z,buy,5.719e-05,122.0,0.00697718
BCD/BTC,1573029847913,2019-11-06T08:44:07.913Z,buy,5.72e-05,351.0,0.0200772
BCD/BTC,1573029847913,2019-11-06T08:44:07.913Z,buy,5.721e-05,121.0,0.00692241
BCD/BTC,1573029847913,2019-11-06T08:44:07.913Z,buy,5.723e-05,122.0,0.00698206
BCD/BTC,1573029847913,2019-11-06T08:44:07.913Z,buy,5.725e-05,1604.0,0.091829
BCD/BTC,1573029848897,2019-11-06T08:44:08.897Z,buy,5.725e-05,786.0,0.0449985
BCD/BTC,1573029867922,2019-11-06T08:44:27.922Z,buy,5.724e-05,95.0,0.0054378
BCD/BTC,1573029867922,2019-11-06T08:44:27.922Z,buy,5.725e-05,1285.0,0.07356625
BCD/BTC,1573029875695,2019-11-06T08:44:35.695Z,buy,5.725e-05,25.0,0.00143125
BCD/BTC,1573029888883,2019-11-06T08:44:48.883Z,buy,5.725e-05,25.0,0.00143125
BCD/BTC,1573029889976,2019-11-06T08:44:49.976Z,buy,5.725e-05,25.0,0.00143125
BCD/BTC,1573029890871,2019-11-06T08:44:50.871Z,buy,5.725e-05,25.0,0.00143125
BCD/BTC,1573029892188,2019-11-06T08:44:52.188Z,buy,5.725e-05,25.0,0.00143125
BCD/BTC,1573029911179,2019-11-06T08:45:11.179Z,buy,5.725e-05,52.0,0.002977
BCD/BTC,1573029912891,2019-11-06T08:45:12.891Z,buy,5.734e-05,5.0,0.0002867
BCD/BTC,1573029912891,2019-11-06T08:45:12.891Z,buy,5.738e-05,20.0,0.0011476
BCD/BTC,1573029913891,2019-11-06T08:45:13.891Z,buy,5.738e-05,25.0,0.0014345
BCD/BTC,1573029914875,2019-11-06T08:45:14.875Z,buy,5.738e-05,25.0,0.0014345
BCD/BTC,1573029916052,2019-11-06T08:45:16.052Z,buy,5.738e-05,6.0,0.00034428
BCD/BTC,1573029916052,2019-11-06T08:45:16.052Z,buy,5.743e-05,3.0,0.00017229
BCD/BTC,1573029916052,2019-11-06T08:45:16.052Z,buy,5.749e-05,16.0,0.00091984
BCD/BTC,1573029916170,2019-11-06T08:45:16.170Z,sell,5.741e-05,43.0,0.00246863
BCD/BTC,1573029916253,2019-11-06T08:45:16.253Z,sell,5.741e-05,594.0,0.03410154
BCD/BTC,1573029916256,2019-11-06T08:45:16.256Z,sell,5.741e-05,114.0,0.00654474
BCD/BTC,1573029916492,2019-11-06T08:45:16.492Z,sell,5.741e-05,527.0,0.03025507
BCD/BTC,1573029916577,2019-11-06T08:45:16.577Z,sell,5.741e-05,283.0,0.01624703
BCD/BTC,1573029917158,2019-11-06T08:45:17.158Z,buy,5.749e-05,25.0,0.00143725
BCD/BTC,1573029917171,2019-11-06T08:45:17.171Z,sell,5.741e-05,500.0,0.028705
BCD/BTC,1573029917564,2019-11-06T08:45:17.564Z,sell,5.741e-05,365.0,0.02095465
BCD/BTC,1573029917805,2019-11-06T08:45:17.805Z,buy,5.749e-05,1016.0,0.05840984
BCD/BTC,1573029918112,2019-11-06T08:45:18.112Z,buy,5.75e-05,3.0,0.0001725
BCD/BTC,1573029918112,2019-11-06T08:45:18.112Z,buy,5.751e-05,22.0,0.00126522
BCD/BTC,1573029921701,2019-11-06T08:45:21.701Z,sell,5.715e-05,2.0,0.0001143
BCD/BTC,1573029923425,2019-11-06T08:45:23.425Z,sell,5.715e-05,6.0,0.0003429
BCD/BTC,1573029923435,2019-11-06T08:45:23.435Z,buy,5.751e-05,3.0,0.00017253
BCD/BTC,1573029923557,2019-11-06T08:45:23.557Z,sell,5.751e-05,1.0,5.751e-05
BCD/BTC,1573029924409,2019-11-06T08:45:24.409Z,sell,5.716e-05,14.0,0.00080024
BCD/BTC,1573029926859,2019-11-06T08:45:26.859Z,sell,5.72e-05,227.0,0.0129844
BCD/BTC,1573029929734,2019-11-06T08:45:29.734Z,sell,5.72e-05,71.0,0.0040612
BCD/BTC,1573029940843,2019-11-06T08:45:40.843Z,sell,5.74e-05,122.0,0.0070028
BCD/BTC,1573029957800,2019-11-06T08:45:57.800Z,sell,5.72e-05,125.0,0.00715
BCD/BTC,1573029968886,2019-11-06T08:46:08.886Z,sell,5.72e-05,427.0,0.0244244
BCD/BTC,1573030062575,2019-11-06T08:47:42.575Z,sell,5.72e-05,57.0,0.0032604
BCD/BTC,1573030065375,2019-11-06T08:47:45.375Z,sell,5.72e-05,44.0,0.0025168
BCD/BTC,1573030075739,2019-11-06T08:47:55.739Z,sell,5.72e-05,70.0,0.004004
BCD/BTC,1573030133942,2019-11-06T08:48:53.942Z,sell,5.719e-05,4.0,0.00022876
BCD/BTC,1573030133942,2019-11-06T08:48:53.942Z,sell,5.708e-05,3.0,0.00017124
BCD/BTC,1573030133942,2019-11-06T08:48:53.942Z,sell,5.7e-05,2.0,0.000114
BCD/BTC,1573030163521,2019-11-06T08:49:23.521Z,buy,5.724e-05,119.0,0.00681156
BCD/BTC,1573030172530,2019-11-06T08:49:32.530Z,sell,5.704e-05,3.0,0.00017112
BCD/BTC,1573030174025,2019-11-06T08:49:34.025Z,sell,5.705e-05,119.0,0.0067889499999999
BCD/BTC,1573030174025,2019-11-06T08:49:34.025Z,sell,5.704e-05,50.0,0.002852
BCD/BTC,1573030424918,2019-11-06T08:53:44.918Z,sell,5.706e-05,30.0,0.0017117999999999
BCD/BTC,1573030492680,2019-11-06T08:54:52.680Z,sell,5.705e-05,126.0,0.0071883
BCD/BTC,1573030492680,2019-11-06T08:54:52.680Z,sell,5.704e-05,244.0,0.01391776
BCD/BTC,1573030492680,2019-11-06T08:54:52.680Z,sell,5.7e-05,3.0,0.000171
BCD/BTC,1573030492680,2019-11-06T08:54:52.680Z,sell,5.688e-05,877.0,0.04988376
BCD/BTC,1573030492680,2019-11-06T08:54:52.680Z,sell,5.679e-05,13.0,0.00073827
BCD/BTC,1573030492680,2019-11-06T08:54:52.680Z,sell,5.678e-05,882.0,0.05007996
BCD/BTC,1573030492680,2019-11-06T08:54:52.680Z,sell,5.673e-05,7.0,0.00039711
BCD/BTC,1573030492680,2019-11-06T08:54:52.680Z,sell,5.667e-05,86.0,0.0048736199999999
BCD/BTC,1573030492680,2019-11-06T08:54:52.680Z,sell,5.665e-05,5.0,0.00028325
BCD/BTC,1573030492680,2019-11-06T08:54:52.680Z,sell,5.66e-05,211.0,0.0119426
BCD/BTC,1573030492680,2019-11-06T08:54:52.680Z,sell,5.656e-05,661.0,0.03738616
BCD/BTC,1573030492680,2019-11-06T08:54:52.680Z,sell,5.655e-05,542.0,0.0306501
BCD/BTC,1573030492680,2019-11-06T08:54:52.680Z,sell,5.652e-05,266.0,0.01503432
BCD/BTC,1573030492680,2019-11-06T08:54:52.680Z,sell,5.651e-05,55.0,0.00310805
BCD/BTC,1573030492680,2019-11-06T08:54:52.680Z,sell,5.65e-05,421.0,0.0237865
BCD/BTC,1573030493275,2019-11-06T08:54:53.275Z,buy,5.686e-05,26.0,0.00147836
BCD/BTC,1573030493309,2019-11-06T08:54:53.309Z,buy,5.686e-05,65.0,0.0036959
BCD/BTC,1573030493486,2019-11-06T08:54:53.486Z,buy,5.686e-05,30.0,0.0017058
BCD/BTC,1573030493574,2019-11-06T08:54:53.574Z,buy,5.686e-05,39.0,0.00221754
BCD/BTC,1573030493625,2019-11-06T08:54:53.625Z,buy,5.686e-05,39.0,0.00221754
BCD/BTC,1573030494216,2019-11-06T08:54:54.216Z,buy,5.686e-05,8.0,0.00045488
BCD/BTC,1573030494661,2019-11-06T08:54:54.661Z,buy,5.686e-05,25.0,0.0014215
BCD/BTC,1573030494970,2019-11-06T08:54:54.970Z,buy,5.686e-05,34.0,0.00193324
BCD/BTC,1573030494970,2019-11-06T08:54:54.970Z,buy,5.7e-05,49.0,0.002793
BCD/BTC,1573030495396,2019-11-06T08:54:55.396Z,buy,5.7e-05,183.0,0.010431
BCD/BTC,1573030495424,2019-11-06T08:54:55.424Z,buy,5.701e-05,24.0,0.00136824
BCD/BTC,1573030495641,2019-11-06T08:54:55.641Z,buy,5.708e-05,3.0,0.00017124
BCD/BTC,1573030495641,2019-11-06T08:54:55.641Z,buy,5.71e-05,22.0,0.0012562
BCD/BTC,1573030499452,2019-11-06T08:54:59.452Z,sell,5.7e-05,5.0,0.000285
BCD/BTC,1573030511335,2019-11-06T08:55:11.335Z,buy,5.71e-05,57.0,0.0032547
BCD/BTC,1573030513010,2019-11-06T08:55:13.010Z,sell,5.678e-05,22.0,0.00124916
BCD/BTC,1573030525763,2019-11-06T08:55:25.763Z,buy,5.707e-05,14.0,0.00079898
BCD/BTC,1573030525879,2019-11-06T08:55:25.879Z,buy,5.707e-05,805.0,0.04594135
BCD/BTC,1573030527061,2019-11-06T08:55:27.061Z,buy,5.706e-05,25.0,0.0014265
BCD/BTC,1573030528028,2019-11-06T08:55:28.028Z,buy,5.706e-05,25.0,0.0014265
BCD/BTC,1573030529175,2019-11-06T08:55:29.175Z,buy,5.706e-05,25.0,0.0014265
BCD/BTC,1573030530945,2019-11-06T08:55:30.945Z,buy,5.706e-05,25.0,0.0014265
BCD/BTC,1573030532183,2019-11-06T08:55:32.183Z,buy,5.706e-05,25.0,0.0014265
BCD/BTC,1573030533088,2019-11-06T08:55:33.088Z,buy,5.706e-05,1.0,5.706e-05
BCD/BTC,1573030533088,2019-11-06T08:55:33.088Z,buy,5.707e-05,24.0,0.00136968
BCD/BTC,1573030534225,2019-11-06T08:55:34.225Z,buy,5.706e-05,25.0,0.0014265
BCD/BTC,1573030535136,2019-11-06T08:55:35.136Z,buy,5.706e-05,25.0,0.0014265
BCD/BTC,1573030536473,2019-11-06T08:55:36.473Z,buy,5.706e-05,25.0,0.0014265
BCD/BTC,1573030537505,2019-11-06T08:55:37.505Z,buy,5.706e-05,18.0,0.00102708
BCD/BTC,1573030537505,2019-11-06T08:55:37.505Z,buy,5.707e-05,7.0,0.00039949
BCD/BTC,1573030538668,2019-11-06T08:55:38.668Z,buy,5.705e-05,25.0,0.00142625
BCD/BTC,1573030539691,2019-11-06T08:55:39.691Z,buy,5.705e-05,25.0,0.00142625
BCD/BTC,1573030694828,2019-11-06T08:58:14.828Z,buy,5.693e-05,43.0,0.00244799
BCD/BTC,1573030695031,2019-11-06T08:58:15.031Z,buy,5.693e-05,12.0,0.0006831599999999
BCD/BTC,1573030695031,2019-11-06T08:58:15.031Z,buy,5.703e-05,19.0,0.00108357
BCD/BTC,1573030695143,2019-11-06T08:58:15.143Z,buy,5.703e-05,30.0,0.0017109
BCD/BTC,1573030695278,2019-11-06T08:58:15.278Z,buy,5.703e-05,9.0,0.00051327
BCD/BTC,1573030734962,2019-11-06T08:58:54.962Z,buy,5.707e-05,30.0,0.0017121
BCD/BTC,1573030734968,2019-11-06T08:58:54.968Z,buy,5.707e-05,2.0,0.00011414
BCD/BTC,1573030734968,2019-11-06T08:58:54.968Z,buy,5.713e-05,28.0,0.0015996399999999
BCD/BTC,1573030734974,2019-11-06T08:58:54.974Z,buy,5.713e-05,30.0,0.0017139
BCD/BTC,1573030735162,2019-11-06T08:58:55.162Z,buy,5.713e-05,4.0,0.00022852
BCD/BTC,1573030736747,2019-11-06T08:58:56.747Z,sell,5.713e-05,35.0,0.0019995499999999
BCD/BTC,1573030737075,2019-11-06T08:58:57.075Z,buy,5.718e-05,30.0,0.0017154
BCD/BTC,1573030795171,2019-11-06T08:59:55.171Z,buy,5.712e-05,30.0,0.0017136
BCD/BTC,1573030795184,2019-11-06T08:59:55.184Z,buy,5.712e-05,30.0,0.0017136
BCD/BTC,1573030795274,2019-11-06T08:59:55.274Z,buy,5.712e-05,12.0,0.00068544
BCD/BTC,1573030796401,2019-11-06T08:59:56.401Z,buy,5.712e-05,9.0,0.00051408
BCD/BTC,1573030842299,2019-11-06T09:00:42.299Z,buy,5.712e-05,123.0,0.00702576
BCD/BTC,1573030894135,2019-11-06T09:01:34.135Z,buy,5.706e-05,2.0,0.00011412
BCD/BTC,1573030915248,2019-11-06T09:01:55.248Z,sell,5.703e-05,205.0,0.01169115
BCD/BTC,1573030915248,2019-11-06T09:01:55.248Z,sell,5.703e-05,205.0,0.01169115
BCD/BTC,1573031144130,2019-11-06T09:05:44.130Z,sell,5.709e-05,54.0,0.0030828599999999
BCD/BTC,1573031144130,2019-11-06T09:05:44.130Z,sell,5.708e-05,157.0,0.00896156
BCD/BTC,1573031313118,2019-11-06T09:08:33.118Z,buy,5.726e-05,6.0,0.0003435599999999
BCD/BTC,1573031428988,2019-11-06T09:10:28.988Z,buy,5.726e-05,4.0,0.00022904
BCD/BTC,1573031461235,2019-11-06T09:11:01.235Z,buy,5.726e-05,30.0,0.0017178
BCD/BTC,1573031593853,2019-11-06T09:13:13.853Z,buy,5.726e-05,5.0,0.0002862999999999
BCD/BTC,1573031593949,2019-11-06T09:13:13.949Z,sell,5.727e-05,180.0,0.0103086
BCD/BTC,1573031727352,2019-11-06T09:15:27.352Z,buy,5.727e-05,2.0,0.00011454
BCD/BTC,1573031727352,2019-11-06T09:15:27.352Z,buy,5.732e-05,110.0,0.0063052
BCD/BTC,1573032275612,2019-11-06T09:24:35.612Z,sell,5.713e-05,79.0,0.00451327
BCD/BTC,1573032275617,2019-11-06T09:24:35.617Z,sell,5.712e-05,34.0,0.00194208
BCD/BTC,1573032308416,2019-11-06T09:25:08.416Z,sell,5.712e-05,2.0,0.00011424
BCD/BTC,1573032564484,2019-11-06T09:29:24.484Z,sell,5.702e-05,156.0,0.00889512
BCD/BTC,1573032564602,2019-11-06T09:29:24.602Z,sell,5.702e-05,87.0,0.00496074
BCD/BTC,1573032571914,2019-11-06T09:29:31.914Z,sell,5.702e-05,60.0,0.0034212
BCD/BTC,1573032572037,2019-11-06T09:29:32.037Z,sell,5.702e-05,54.0,0.00307908
BCD/BTC,1573032572162,2019-11-06T09:29:32.162Z,sell,5.702e-05,5.0,0.0002851
BCD/BTC,1573032576533,2019-11-06T09:29:36.533Z,sell,5.702e-05,21.0,0.00119742
BCD/BTC,1573033101161,2019-11-06T09:38:21.161Z,sell,5.703e-05,171.0,0.00975213
BCD/BTC,1573033101161,2019-11-06T09:38:21.161Z,sell,5.702e-05,1840.0,0.1049168
BCD/BTC,1573033101216,2019-11-06T09:38:21.216Z,sell,5.702e-05,100.0,0.005702
BCD/BTC,1573033101517,2019-11-06T09:38:21.517Z,sell,5.702e-05,748.0,0.04265096
BCD/BTC,1573033104650,2019-11-06T09:38:24.650Z,sell,5.683e-05,191.0,0.01085453
BCD/BTC,1573033132060,2019-11-06T09:38:52.060Z,sell,5.683e-05,160.0,0.0090928
BCD/BTC,1573033132060,2019-11-06T09:38:52.060Z,sell,5.682e-05,140.0,0.0079548
BCD/BTC,1573033132060,2019-11-06T09:38:52.060Z,sell,5.679e-05,13.0,0.00073827
BCD/BTC,1573033132060,2019-11-06T09:38:52.060Z,sell,5.676e-05,95.0,0.0053922
BCD/BTC,1573033275610,2019-11-06T09:41:15.610Z,buy,5.692e-05,25.0,0.001423
BCD/BTC,1573033276585,2019-11-06T09:41:16.585Z,buy,5.692e-05,25.0,0.001423
BCD/BTC,1573033280034,2019-11-06T09:41:20.034Z,buy,5.692e-05,25.0,0.001423
BCD/BTC,1573033281331,2019-11-06T09:41:21.331Z,buy,5.692e-05,25.0,0.001423
BCD/BTC,1573033282320,2019-11-06T09:41:22.320Z,buy,5.692e-05,25.0,0.001423
BCD/BTC,1573033283588,2019-11-06T09:41:23.588Z,buy,5.69e-05,25.0,0.0014225
BCD/BTC,1573033284513,2019-11-06T09:41:24.513Z,buy,5.69e-05,25.0,0.0014225
BCD/BTC,1573033285567,2019-11-06T09:41:25.567Z,buy,5.69e-05,25.0,0.0014225
BCD/BTC,1573033286581,2019-11-06T09:41:26.581Z,buy,5.69e-05,25.0,0.0014225
BCD/BTC,1573033334140,2019-11-06T09:42:14.140Z,sell,5.689e-05,5.0,0.00028445
BCD/BTC,1573033366852,2019-11-06T09:42:46.852Z,buy,5.688e-05,25.0,0.0014219999999999
BCD/BTC,1573033367840,2019-11-06T09:42:47.840Z,buy,5.688e-05,25.0,0.0014219999999999
BCD/BTC,1573033369200,2019-11-06T09:42:49.200Z,buy,5.688e-05,25.0,0.0014219999999999
BCD/BTC,1573033384962,2019-11-06T09:43:04.962Z,sell,5.685e-05,20.0,0.001137
BCD/BTC,1573033501504,2019-11-06T09:45:01.504Z,sell,5.685e-05,30.0,0.0017055
BCD/BTC,1573033501512,2019-11-06T09:45:01.512Z,sell,5.685e-05,5.0,0.00028425
BCD/BTC,1573033854268,2019-11-06T09:50:54.268Z,sell,5.676e-05,29.0,0.0016460399999999
BCD/BTC,1573034441324,2019-11-06T10:00:41.324Z,buy,5.68e-05,349.0,0.0198232
BCD/BTC,1573034441324,2019-11-06T10:00:41.324Z,buy,5.681e-05,647.0,0.03675607
BCD/BTC,1573034441324,2019-11-06T10:00:41.324Z,buy,5.72e-05,4.0,0.0002288
BCD/BTC,1573034441324,2019-11-06T10:00:41.324Z,buy,5.68e-05,349.0,0.0198232
BCD/BTC,1573034441324,2019-11-06T10:00:41.324Z,buy,5.681e-05,647.0,0.03675607
BCD/BTC,1573034441324,2019-11-06T10:00:41.324Z,buy,5.72e-05,4.0,0.0002288
BCD/BTC,1573034647744,2019-11-06T10:04:07.744Z,sell,5.677e-05,50.0,0.0028385
BCD/BTC,1573034647820,2019-11-06T10:04:07.820Z,sell,5.678e-05,61.0,0.00346358
BCD/BTC,1573034648203,2019-11-06T10:04:08.203Z,sell,5.678e-05,40.0,0.0022712
BCD/BTC,1573034648203,2019-11-06T10:04:08.203Z,sell,5.677e-05,301.0,0.01708777
BCD/BTC,1573034648203,2019-11-06T10:04:08.203Z,sell,5.676e-05,101.0,0.00573276
BCD/BTC,1573034648203,2019-11-06T10:04:08.203Z,sell,5.675e-05,17.0,0.0009647499999999
BCD/BTC,1573034648638,2019-11-06T10:04:08.638Z,sell,5.678e-05,102.0,0.00579156
BCD/BTC,1573034648638,2019-11-06T10:04:08.638Z,sell,5.675e-05,344.0,0.0195219999999999
BCD/BTC,1573034649101,2019-11-06T10:04:09.101Z,sell,5.673e-05,3.0,0.00017019
BCD/BTC,1573034649125,2019-11-06T10:04:09.125Z,buy,5.667e-05,478.0,0.02708826
BCD/BTC,1573034653063,2019-11-06T10:04:13.063Z,sell,5.676e-05,58.0,0.0032920799999999
BCD/BTC,1573034653508,2019-11-06T10:04:13.508Z,sell,5.676e-05,41.0,0.00232716
BCD/BTC,1573034655326,2019-11-06T10:04:15.326Z,sell,5.676e-05,30.0,0.0017028
BCD/BTC,1573034794092,2019-11-06T10:06:34.092Z,buy,5.696e-05,67.0,0.0038163199999999
BCD/BTC,1573034939703,2019-11-06T10:08:59.703Z,sell,5.676e-05,4.0,0.00022704
BCD/BTC,1573034939703,2019-11-06T10:08:59.703Z,sell,5.668e-05,26.0,0.00147368
BCD/BTC,1573035161209,2019-11-06T10:12:41.209Z,sell,5.669e-05,30.0,0.0017007
BCD/BTC,1573035194728,2019-11-06T10:13:14.728Z,sell,5.669e-05,12.0,0.00068028
BCD/BTC,1573035194728,2019-11-06T10:13:14.728Z,sell,5.668e-05,42.0,0.00238056
BCD/BTC,1573035194728,2019-11-06T10:13:14.728Z,sell,5.665e-05,17.0,0.00096305
BCD/BTC,1573035194728,2019-11-06T10:13:14.728Z,sell,5.664e-05,70.0,0.0039648
BCD/BTC,1573035194728,2019-11-06T10:13:14.728Z,sell,5.663e-05,1483.0,0.08398229
BCD/BTC,1573035211521,2019-11-06T10:13:31.521Z,sell,5.663e-05,17.0,0.00096271
BCD/BTC,1573035308014,2019-11-06T10:15:08.014Z,buy,5.692e-05,352.0,0.02003584
BCD/BTC,1573035308076,2019-11-06T10:15:08.076Z,sell,5.693e-05,30.0,0.0017079
BCD/BTC,1573035308076,2019-11-06T10:15:08.076Z,sell,5.693e-05,201.0,0.01144293
BCD/BTC,1573035311072,2019-11-06T10:15:11.072Z,buy,5.686e-05,49.0,0.00278614
BCD/BTC,1573035311504,2019-11-06T10:15:11.504Z,sell,5.664e-05,92.0,0.00521088
BCD/BTC,1573035311504,2019-11-06T10:15:11.504Z,sell,5.663e-05,139.0,0.00787157
BCD/BTC,1573035318484,2019-11-06T10:15:18.484Z,sell,5.664e-05,49.0,0.00277536
BCD/BTC,1573035318484,2019-11-06T10:15:18.484Z,sell,5.663e-05,170.0,0.0096271
BCD/BTC,1573035318835,2019-11-06T10:15:18.835Z,sell,5.663e-05,65.0,0.0036809499999999
BCD/BTC,1573035318853,2019-11-06T10:15:18.853Z,sell,5.663e-05,8.0,0.00045304
BCD/BTC,1573035318853,2019-11-06T10:15:18.853Z,sell,5.662e-05,70.0,0.0039634
BCD/BTC,1573035318853,2019-11-06T10:15:18.853Z,sell,5.661e-05,76.0,0.00430236
BCD/BTC,1573035339445,2019-11-06T10:15:39.445Z,sell,5.661e-05,46.0,0.00260406
BCD/BTC,1573035339513,2019-11-06T10:15:39.513Z,sell,5.662e-05,131.0,0.0074172199999999
BCD/BTC,1573035339775,2019-11-06T10:15:39.775Z,sell,5.662e-05,42.0,0.0023780399999999
BCD/BTC,1573035339795,2019-11-06T10:15:39.795Z,sell,5.662e-05,126.0,0.00713412
BCD/BTC,1573035339795,2019-11-06T10:15:39.795Z,sell,5.661e-05,14.0,0.00079254
BCD/BTC,1573035365575,2019-11-06T10:16:05.575Z,sell,5.659e-05,50.0,0.0028295
BCD/BTC,1573035536363,2019-11-06T10:18:56.363Z,buy,5.674e-05,2.0,0.00011348
BCD/BTC,1573035612626,2019-11-06T10:20:12.626Z,buy,5.674e-05,18.0,0.00102132
BCD/BTC,1573035612626,2019-11-06T10:20:12.626Z,buy,5.676e-05,353.0,0.02003628
BCD/BTC,1573035612626,2019-11-06T10:20:12.626Z,buy,5.677e-05,231.0,0.01311387
BCD/BTC,1573035612626,2019-11-06T10:20:12.626Z,buy,5.681e-05,158.0,0.00897598
BCD/BTC,1573035742245,2019-11-06T10:22:22.245Z,sell,5.662e-05,30.0,0.0016986
BCD/BTC,1573035744273,2019-11-06T10:22:24.273Z,sell,5.666e-05,30.0,0.0016998
BCD/BTC,1573035745274,2019-11-06T10:22:25.274Z,sell,5.666e-05,30.0,0.0016998
BCD/BTC,1573035753228,2019-11-06T10:22:33.228Z,sell,5.666e-05,17.0,0.00096322
BCD/BTC,1573035753228,2019-11-06T10:22:33.228Z,sell,5.663e-05,13.0,0.00073619
BCD/BTC,1573035753659,2019-11-06T10:22:33.659Z,sell,5.667e-05,32.0,0.00181344
BCD/BTC,1573035755105,2019-11-06T10:22:35.105Z,sell,5.667e-05,19.0,0.00107673
BCD/BTC,1573035755105,2019-11-06T10:22:35.105Z,sell,5.664e-05,138.0,0.00781632
BCD/BTC,1573035755451,2019-11-06T10:22:35.451Z,sell,5.668e-05,92.0,0.00521456
BCD/BTC,1573035985134,2019-11-06T10:26:25.134Z,buy,5.687e-05,201.0,0.01143087
BCD/BTC,1573035985134,2019-11-06T10:26:25.134Z,buy,5.688e-05,227.0,0.01291176
BCD/BTC,1573035985212,2019-11-06T10:26:25.212Z,sell,5.69e-05,181.0,0.0102989
BCD/BTC,1573036114671,2019-11-06T10:28:34.671Z,sell,5.673e-05,113.0,0.00641049
BCD/BTC,1573036152839,2019-11-06T10:29:12.839Z,sell,5.677e-05,9.0,0.00051093
BCD/BTC,1573036333811,2019-11-06T10:32:13.811Z,sell,5.674e-05,78.0,0.00442572
BCD/BTC,1573036334043,2019-11-06T10:32:14.043Z,sell,5.675e-05,150.0,0.0085125
BCD/BTC,1573036375115,2019-11-06T10:32:55.115Z,sell,5.676e-05,89.0,0.00505164
BCD/BTC,1573036379029,2019-11-06T10:32:59.029Z,sell,5.675e-05,88.0,0.004994
BCD/BTC,1573036564445,2019-11-06T10:36:04.445Z,sell,5.662e-05,30.0,0.0016986
BCD/BTC,1573036565334,2019-11-06T10:36:05.334Z,sell,5.662e-05,30.0,0.0016986
BCD/BTC,1573037235249,2019-11-06T10:47:15.249Z,sell,5.662e-05,2.0,0.00011324
BCD/BTC,1573037235249,2019-11-06T10:47:15.249Z,sell,5.658e-05,125.0,0.0070725
BCD/BTC,1573037521869,2019-11-06T10:52:01.869Z,sell,5.659e-05,5.0,0.00028295
BCD/BTC,1573037521869,2019-11-06T10:52:01.869Z,sell,5.658e-05,2.0,0.00011316
BCD/BTC,1573037521869,2019-11-06T10:52:01.869Z,sell,5.651e-05,70.0,0.0039557
BCD/BTC,1573037521869,2019-11-06T10:52:01.869Z,sell,5.65e-05,717.0,0.0405105
BCD/BTC,1573037521879,2019-11-06T10:52:01.879Z,sell,5.65e-05,48.0,0.002712
BCD/BTC,1573037521907,2019-11-06T10:52:01.907Z,buy,5.65e-05,22.0,0.001243
BCD/BTC,1573037521991,2019-11-06T10:52:01.991Z,buy,5.65e-05,579.0,0.0327135
BCD/BTC,1573037522189,2019-11-06T10:52:02.189Z,sell,5.648e-05,30.0,0.0016944
BCD/BTC,1573037522262,2019-11-06T10:52:02.262Z,sell,5.648e-05,6.0,0.00033888
BCD/BTC,1573037522262,2019-11-06T10:52:02.262Z,sell,5.647e-05,15.0,0.00084705
BCD/BTC,1573037522369,2019-11-06T10:52:02.369Z,sell,5.649e-05,10.0,0.0005649
BCD/BTC,1573037522701,2019-11-06T10:52:02.701Z,sell,5.648e-05,51.0,0.00288048
BCD/BTC,1573037522962,2019-11-06T10:52:02.962Z,sell,5.648e-05,144.0,0.00813312
BCD/BTC,1573037522962,2019-11-06T10:52:02.962Z,sell,5.647e-05,117.0,0.00660699
BCD/BTC,1573037522962,2019-11-06T10:52:02.962Z,sell,5.645e-05,133.0,0.00750785
BCD/BTC,1573037523489,2019-11-06T10:52:03.489Z,sell,5.649e-05,500.0,0.028245
BCD/BTC,1573037523629,2019-11-06T10:52:03.629Z,sell,5.649e-05,6.0,0.00033894
BCD/BTC,1573037524071,2019-11-06T10:52:04.071Z,sell,5.649e-05,239.0,0.01350111
BCD/BTC,1573037524658,2019-11-06T10:52:04.658Z,sell,5.65e-05,171.0,0.0096615
BCD/BTC,1573037524658,2019-11-06T10:52:04.658Z,sell,5.649e-05,51.0,0.00288099
BCD/BTC,1573037525201,2019-11-06T10:52:05.201Z,sell,5.649e-05,500.0,0.028245
BCD/BTC,1573037525452,2019-11-06T10:52:05.452Z,sell,5.649e-05,95.0,0.00536655
BCD/BTC,1573037525699,2019-11-06T10:52:05.699Z,sell,5.649e-05,128.0,0.00723072
BCD/BTC,1573037580395,2019-11-06T10:53:00.395Z,sell,5.648e-05,140.0,0.0079072
BCD/BTC,1573037580594,2019-11-06T10:53:00.594Z,sell,5.648e-05,28.0,0.00158144
BCD/BTC,1573037580615,2019-11-06T10:53:00.615Z,sell,5.648e-05,8.0,0.00045184
BCD/BTC,1573037580615,2019-11-06T10:53:00.615Z,sell,5.646e-05,70.0,0.0039521999999999
BCD/BTC,1573037580615,2019-11-06T10:53:00.615Z,sell,5.645e-05,36.0,0.0020322
BCD/BTC,1573037580950,2019-11-06T10:53:00.950Z,sell,5.645e-05,188.0,0.0106126
BCD/BTC,1573037581604,2019-11-06T10:53:01.604Z,sell,5.645e-05,122.0,0.0068869
BCD/BTC,1573037582137,2019-11-06T10:53:02.137Z,sell,5.645e-05,57.0,0.00321765
BCD/BTC,1573037583469,2019-11-06T10:53:03.469Z,sell,5.645e-05,30.0,0.0016935
BCD/BTC,1573037609147,2019-11-06T10:53:29.147Z,buy,5.652e-05,231.0,0.01305612
BCD/BTC,1573037615098,2019-11-06T10:53:35.098Z,buy,5.65e-05,155.0,0.0087575
BCD/BTC,1573037615098,2019-11-06T10:53:35.098Z,buy,5.651e-05,16.0,0.00090416
BCD/BTC,1573037618435,2019-11-06T10:53:38.435Z,buy,5.648e-05,50.0,0.002824
BCD/BTC,1573037627599,2019-11-06T10:53:47.599Z,buy,5.649e-05,33.0,0.00186417
BCD/BTC,1573037727024,2019-11-06T10:55:27.024Z,sell,5.645e-05,8.0,0.0004516
BCD/BTC,1573037727024,2019-11-06T10:55:27.024Z,sell,5.638e-05,3.0,0.00016914
BCD/BTC,1573037727024,2019-11-06T10:55:27.024Z,sell,5.633e-05,13.0,0.00073229
BCD/BTC,1573037727024,2019-11-06T10:55:27.024Z,sell,5.631e-05,6.0,0.00033786
BCD/BTC,1573037727063,2019-11-06T10:55:27.063Z,sell,5.631e-05,69.0,0.00388539
BCD/BTC,1573037727079,2019-11-06T10:55:27.079Z,sell,5.631e-05,57.0,0.00320967
BCD/BTC,1573037727126,2019-11-06T10:55:27.126Z,buy,5.63e-05,89.0,0.0050107
BCD/BTC,1573037727313,2019-11-06T10:55:27.313Z,buy,5.625e-05,156.0,0.008775
BCD/BTC,1573037727555,2019-11-06T10:55:27.555Z,buy,5.624e-05,100.0,0.005624
BCD/BTC,1573037727555,2019-11-06T10:55:27.555Z,buy,5.625e-05,56.0,0.00315
BCD/BTC,1573037727569,2019-11-06T10:55:27.569Z,buy,5.625e-05,300.0,0.016875
BCD/BTC,1573037727872,2019-11-06T10:55:27.872Z,sell,5.625e-05,28.0,0.001575
BCD/BTC,1573037745169,2019-11-06T10:55:45.169Z,sell,5.626e-05,145.0,0.0081577
BCD/BTC,1573037745169,2019-11-06T10:55:45.169Z,sell,5.625e-05,11.0,0.0006187499999999
BCD/BTC,1573037745703,2019-11-06T10:55:45.703Z,sell,5.626e-05,97.0,0.00545722
BCD/BTC,1573037745703,2019-11-06T10:55:45.703Z,sell,5.625e-05,285.0,0.01603125
BCD/BTC,1573037746085,2019-11-06T10:55:46.085Z,sell,5.626e-05,64.0,0.00360064
BCD/BTC,1573037746085,2019-11-06T10:55:46.085Z,sell,5.622e-05,4.0,0.00022488
BCD/BTC,1573037746085,2019-11-06T10:55:46.085Z,sell,5.621e-05,2.0,0.00011242
BCD/BTC,1573037746085,2019-11-06T10:55:46.085Z,sell,5.62e-05,303.0,0.0170285999999999
BCD/BTC,1573037746969,2019-11-06T10:55:46.969Z,buy,5.619e-05,6.0,0.00033714
BCD/BTC,1573037746969,2019-11-06T10:55:46.969Z,buy,5.648e-05,18.0,0.00101664
BCD/BTC,1573037747193,2019-11-06T10:55:47.193Z,sell,5.63e-05,11.0,0.0006193
BCD/BTC,1573037747507,2019-11-06T10:55:47.507Z,sell,5.63e-05,9.0,0.0005067
BCD/BTC,1573037749972,2019-11-06T10:55:49.972Z,buy,5.645e-05,355.0,0.02003975
BCD/BTC,1573037749972,2019-11-06T10:55:49.972Z,buy,5.646e-05,122.0,0.00688812
BCD/BTC,1573037749972,2019-11-06T10:55:49.972Z,buy,5.647e-05,271.0,0.01530337
BCD/BTC,1573037749972,2019-11-06T10:55:49.972Z,buy,5.65e-05,131.0,0.0074015
BCD/BTC,1573037749991,2019-11-06T10:55:49.991Z,buy,5.65e-05,554.0,0.0313009999999999
BCD/BTC,1573037749991,2019-11-06T10:55:49.991Z,buy,5.665e-05,5.0,0.00028325
BCD/BTC,1573037749991,2019-11-06T10:55:49.991Z,buy,5.673e-05,3.0,0.00017019
BCD/BTC,1573037749991,2019-11-06T10:55:49.991Z,buy,5.677e-05,313.0,0.01776901
BCD/BTC,1573037752685,2019-11-06T10:55:52.685Z,buy,5.644e-05,146.0,0.00824024
BCD/BTC,1573037752738,2019-11-06T10:55:52.738Z,sell,5.638e-05,3.0,0.00016914
BCD/BTC,1573037752738,2019-11-06T10:55:52.738Z,sell,5.63e-05,6.0,0.0003377999999999
BCD/BTC,1573037755203,2019-11-06T10:55:55.203Z,sell,5.632e-05,135.0,0.0076032
BCD/BTC,1573037755203,2019-11-06T10:55:55.203Z,sell,5.631e-05,365.0,0.02055315
BCD/BTC,1573037755209,2019-11-06T10:55:55.209Z,sell,5.631e-05,379.0,0.02134149
BCD/BTC,1573037756468,2019-11-06T10:55:56.468Z,sell,5.631e-05,500.0,0.028155
BCD/BTC,1573037756763,2019-11-06T10:55:56.763Z,sell,5.632e-05,103.0,0.00580096
BCD/BTC,1573037756763,2019-11-06T10:55:56.763Z,sell,5.625e-05,106.0,0.0059625
BCD/BTC,1573037757214,2019-11-06T10:55:57.214Z,sell,5.627e-05,129.0,0.00725883
BCD/BTC,1573037757214,2019-11-06T10:55:57.214Z,sell,5.626e-05,112.0,0.00630112
BCD/BTC,1573037757554,2019-11-06T10:55:57.554Z,sell,5.627e-05,129.0,0.00725883
BCD/BTC,1573037757554,2019-11-06T10:55:57.554Z,sell,5.626e-05,120.0,0.0067512
BCD/BTC,1573037757604,2019-11-06T10:55:57.604Z,buy,5.62e-05,9.0,0.0005057999999999
BCD/BTC,1573037758664,2019-11-06T10:55:58.664Z,sell,5.645e-05,3.0,0.00016935
BCD/BTC,1573037758664,2019-11-06T10:55:58.664Z,sell,5.627e-05,337.0,0.01896299
BCD/BTC,1573037758849,2019-11-06T10:55:58.849Z,sell,5.627e-05,47.0,0.00264469
BCD/BTC,1573037759451,2019-11-06T10:55:59.451Z,sell,5.627e-05,27.0,0.00151929
BCD/BTC,1573037759802,2019-11-06T10:55:59.802Z,buy,5.621e-05,39.0,0.00219219
BCD/BTC,1573037759916,2019-11-06T10:55:59.916Z,buy,5.662e-05,39.0,0.0022081799999999
BCD/BTC,1573037760329,2019-11-06T10:56:00.329Z,buy,5.662e-05,25.0,0.0014154999999999
BCD/BTC,1573037797641,2019-11-06T10:56:37.641Z,buy,5.65e-05,67.0,0.0037855
BCD/BTC,1573037805811,2019-11-06T10:56:45.811Z,sell,5.625e-05,30.0,0.0016875
BCD/BTC,1573037807294,2019-11-06T10:56:47.294Z,sell,5.626e-05,35.0,0.0019691
BCD/BTC,1573037807294,2019-11-06T10:56:47.294Z,sell,5.625e-05,7.0,0.00039375
BCD/BTC,1573037808351,2019-11-06T10:56:48.351Z,sell,5.626e-05,45.0,0.0025317
BCD/BTC,1573037808519,2019-11-06T10:56:48.519Z,buy,5.655e-05,81.0,0.00458055
BCD/BTC,1573037857096,2019-11-06T10:57:37.096Z,buy,5.655e-05,224.0,0.0126672
BCD/BTC,1573037894358,2019-11-06T10:58:14.358Z,sell,5.627e-05,90.0,0.0050643
BCD/BTC,1573037896394,2019-11-06T10:58:16.394Z,sell,5.629e-05,62.0,0.0034899799999999
BCD/BTC,1573037896744,2019-11-06T10:58:16.744Z,sell,5.63e-05,35.0,0.0019705
BCD/BTC,1573037897409,2019-11-06T10:58:17.409Z,sell,5.63e-05,130.0,0.007319
BCD/BTC,1573037897466,2019-11-06T10:58:17.466Z,sell,5.63e-05,31.0,0.0017453
BCD/BTC,1573037897997,2019-11-06T10:58:17.997Z,sell,5.63e-05,9.0,0.0005067
BCD/BTC,1573037899564,2019-11-06T10:58:19.564Z,sell,5.63e-05,316.0,0.0177908
BCD/BTC,1573037900410,2019-11-06T10:58:20.410Z,sell,5.63e-05,89.0,0.0050107
BCD/BTC,1573037901534,2019-11-06T10:58:21.534Z,sell,5.63e-05,30.0,0.001689
BCD/BTC,1573037948467,2019-11-06T10:59:08.467Z,buy,5.648e-05,224.0,0.01265152
BCD/BTC,1573037948467,2019-11-06T10:59:08.467Z,buy,5.649e-05,354.0,0.01999746
BCD/BTC,1573038035353,2019-11-06T11:00:35.353Z,sell,5.63e-05,354.0,0.0199302
BCD/BTC,1573038035353,2019-11-06T11:00:35.353Z,sell,5.629e-05,82.0,0.00461578
BCD/BTC,1573038035353,2019-11-06T11:00:35.353Z,sell,5.627e-05,157.0,0.00883439
BCD/BTC,1573038035353,2019-11-06T11:00:35.353Z,sell,5.616e-05,208.0,0.0116812799999999
BCD/BTC,1573038035353,2019-11-06T11:00:35.353Z,sell,5.615e-05,198.0,0.0111177
BCD/BTC,1573038039463,2019-11-06T11:00:39.463Z,buy,5.649e-05,149.0,0.00841701
BCD/BTC,1573038039463,2019-11-06T11:00:39.463Z,buy,5.649e-05,149.0,0.00841701
BCD/BTC,1573038042629,2019-11-06T11:00:42.629Z,buy,5.649e-05,143.0,0.00807807
BCD/BTC,1573038045563,2019-11-06T11:00:45.563Z,buy,5.647e-05,83.0,0.00468701
BCD/BTC,1573038045563,2019-11-06T11:00:45.563Z,buy,5.649e-05,71.0,0.00401079
BCD/BTC,1573038052196,2019-11-06T11:00:52.196Z,buy,5.647e-05,84.0,0.00474348
BCD/BTC,1573038062628,2019-11-06T11:01:02.628Z,buy,5.649e-05,354.0,0.01999746
BCD/BTC,1573038067342,2019-11-06T11:01:07.342Z,buy,5.65e-05,62.0,0.003503
BCD/BTC,1573038087697,2019-11-06T11:01:27.697Z,buy,5.665e-05,5.0,0.00028325
BCD/BTC,1573038088176,2019-11-06T11:01:28.176Z,buy,5.669e-05,133.0,0.00753977
BCD/BTC,1573038089389,2019-11-06T11:01:29.389Z,buy,5.669e-05,25.0,0.00141725
BCD/BTC,1573038090516,2019-11-06T11:01:30.516Z,buy,5.669e-05,19.0,0.00107711
BCD/BTC,1573038090516,2019-11-06T11:01:30.516Z,buy,5.673e-05,3.0,0.00017019
BCD/BTC,1573038090516,2019-11-06T11:01:30.516Z,buy,5.679e-05,3.0,0.0001703699999999
BCD/BTC,1573038430132,2019-11-06T11:07:10.132Z,sell,5.655e-05,39.0,0.00220545
BCD/BTC,1573038432163,2019-11-06T11:07:12.163Z,sell,5.657e-05,60.0,0.0033942
BCD/BTC,1573038432163,2019-11-06T11:07:12.163Z,sell,5.656e-05,70.0,0.0039592
BCD/BTC,1573038432331,2019-11-06T11:07:12.331Z,sell,5.657e-05,36.0,0.00203652
BCD/BTC,1573038432569,2019-11-06T11:07:12.569Z,sell,5.657e-05,13.0,0.00073541
BCD/BTC,1573038432569,2019-11-06T11:07:12.569Z,sell,5.653e-05,89.0,0.00503117
BCD/BTC,1573038433102,2019-11-06T11:07:13.102Z,sell,5.657e-05,39.0,0.00220623
BCD/BTC,1573038434264,2019-11-06T11:07:14.264Z,sell,5.657e-05,9.0,0.00050913
BCD/BTC,1573038452365,2019-11-06T11:07:32.365Z,sell,5.654e-05,216.0,0.01221264
BCD/BTC,1573038452781,2019-11-06T11:07:32.781Z,sell,5.654e-05,82.0,0.00463628
BCD/BTC,1573038453534,2019-11-06T11:07:33.534Z,sell,5.654e-05,67.0,0.00378818
BCD/BTC,1573038453841,2019-11-06T11:07:33.841Z,sell,5.654e-05,30.0,0.0016962
BCD/BTC,1573038482106,2019-11-06T11:08:02.106Z,sell,5.653e-05,52.0,0.00293956
BCD/BTC,1573038575655,2019-11-06T11:09:35.655Z,buy,5.658e-05,65.0,0.0036777
BCD/BTC,1573038672632,2019-11-06T11:11:12.632Z,buy,5.656e-05,51.0,0.00288456
BCD/BTC,1573039207937,2019-11-06T11:20:07.937Z,buy,5.653e-05,2.0,0.00011306
BCD/BTC,1573039207937,2019-11-06T11:20:07.937Z,buy,5.656e-05,80.0,0.0045248
BCD/BTC,1573039207937,2019-11-06T11:20:07.937Z,buy,5.662e-05,338.0,0.0191375599999999
BCD/BTC,1573039362387,2019-11-06T11:22:42.387Z,sell,5.645e-05,73.0,0.00412085
BCD/BTC,1573039562636,2019-11-06T11:26:02.636Z,sell,5.642e-05,26.0,0.00146692
BCD/BTC,1573040115804,2019-11-06T11:35:15.804Z,buy,5.668e-05,1.0,5.668e-05
BCD/BTC,1573041403893,2019-11-06T11:56:43.893Z,buy,5.656e-05,9.0,0.00050904
BCD/BTC,1573041468227,2019-11-06T11:57:48.227Z,buy,5.665e-05,1.0,5.665e-05
BCD/BTC,1573041512121,2019-11-06T11:58:32.121Z,buy,5.654e-05,70.0,0.0039578
BCD/BTC,1573041512121,2019-11-06T11:58:32.121Z,buy,5.654e-05,70.0,0.0039578
BCD/BTC,1573041657595,2019-11-06T12:00:57.595Z,buy,5.662e-05,4.0,0.00022648
BCD/BTC,1573042115706,2019-11-06T12:08:35.706Z,buy,5.65e-05,63.0,0.0035594999999999
BCD/BTC,1573042118679,2019-11-06T12:08:38.679Z,buy,5.653e-05,25.0,0.00141325
BCD/BTC,1573042119648,2019-11-06T12:08:39.648Z,buy,5.654e-05,25.0,0.0014134999999999
BCD/BTC,1573042120660,2019-11-06T12:08:40.660Z,buy,5.654e-05,25.0,0.0014134999999999
BCD/BTC,1573042121639,2019-11-06T12:08:41.639Z,buy,5.653e-05,25.0,0.00141325
BCD/BTC,1573042122687,2019-11-06T12:08:42.687Z,buy,5.653e-05,7.0,0.00039571
BCD/BTC,1573042122687,2019-11-06T12:08:42.687Z,buy,5.654e-05,18.0,0.00101772
BCD/BTC,1573042123282,2019-11-06T12:08:43.282Z,buy,5.654e-05,509.0,0.02877886
BCD/BTC,1573042123792,2019-11-06T12:08:43.792Z,buy,5.673e-05,25.0,0.00141825
BCD/BTC,1573042232634,2019-11-06T12:10:32.634Z,buy,5.674e-05,90.0,0.0051066
BCD/BTC,1573042232634,2019-11-06T12:10:32.634Z,buy,5.675e-05,120.0,0.00681
BCD/BTC,1573042233365,2019-11-06T12:10:33.365Z,sell,5.649e-05,41.0,0.00231609
BCD/BTC,1573042234233,2019-11-06T12:10:34.233Z,sell,5.65e-05,60.0,0.00339
BCD/BTC,1573042235202,2019-11-06T12:10:35.202Z,sell,5.65e-05,408.0,0.023052
BCD/BTC,1573042235546,2019-11-06T12:10:35.546Z,sell,5.651e-05,201.0,0.01135851
BCD/BTC,1573042235546,2019-11-06T12:10:35.546Z,sell,5.65e-05,33.0,0.0018644999999999
BCD/BTC,1573042236233,2019-11-06T12:10:36.233Z,sell,5.65e-05,118.0,0.0066669999999999
BCD/BTC,1573042757606,2019-11-06T12:19:17.606Z,sell,5.65e-05,99.0,0.0055934999999999
BCD/BTC,1573042819576,2019-11-06T12:20:19.576Z,sell,5.64e-05,32.0,0.0018048
BCD/BTC,1573043848164,2019-11-06T12:37:28.164Z,buy,5.665e-05,13.0,0.00073645
BCD/BTC,1573044247004,2019-11-06T12:44:07.004Z,sell,5.641e-05,20.0,0.0011282
BCD/BTC,1573044247250,2019-11-06T12:44:07.250Z,sell,5.641e-05,80.0,0.0045128
BCD/BTC,1573044634859,2019-11-06T12:50:34.859Z,sell,5.663e-05,354.0,0.02004702
BCD/BTC,1573044637874,2019-11-06T12:50:37.874Z,buy,5.665e-05,124.0,0.0070246
BCD/BTC,1573044637874,2019-11-06T12:50:37.874Z,buy,5.665e-05,124.0,0.0070246
BCD/BTC,1573045182029,2019-11-06T12:59:42.029Z,buy,5.664e-05,73.0,0.00413472
BCD/BTC,1573045303779,2019-11-06T13:01:43.779Z,buy,5.667e-05,83.0,0.0047036099999999
BCD/BTC,1573045303779,2019-11-06T13:01:43.779Z,buy,5.668e-05,354.0,0.02006472
BCD/BTC,1573045307301,2019-11-06T13:01:47.301Z,buy,5.665e-05,77.0,0.00436205
BCD/BTC,1573045686846,2019-11-06T13:08:06.846Z,buy,5.665e-05,17.0,0.00096305
BCD/BTC,1573045686846,2019-11-06T13:08:06.846Z,buy,5.672e-05,252.0,0.01429344
BCD/BTC,1573045686846,2019-11-06T13:08:06.846Z,buy,5.673e-05,351.0,0.01991223
BCD/BTC,1573045701204,2019-11-06T13:08:21.204Z,buy,5.673e-05,281.0,0.01594113
BCD/BTC,1573045701204,2019-11-06T13:08:21.204Z,buy,5.674e-05,886.0,0.05027164
BCD/BTC,1573045701204,2019-11-06T13:08:21.204Z,buy,5.675e-05,453.0,0.0257077499999999
BCD/BTC,1573045754402,2019-11-06T13:09:14.402Z,sell,5.648e-05,107.0,0.00604336
BCD/BTC,1573045760083,2019-11-06T13:09:20.083Z,buy,5.674e-05,107.0,0.00607118
BCD/BTC,1573045760083,2019-11-06T13:09:20.083Z,buy,5.675e-05,58.0,0.0032914999999999
BCD/BTC,1573046677658,2019-11-06T13:24:37.658Z,sell,5.657e-05,353.0,0.01996921
BCD/BTC,1573048059442,2019-11-06T13:47:39.442Z,buy,5.676e-05,353.0,0.02003628
BCD/BTC,1573048059442,2019-11-06T13:47:39.442Z,buy,5.677e-05,176.0,0.00999152
BCD/BTC,1573048059442,2019-11-06T13:47:39.442Z,buy,5.679e-05,13.0,0.00073827
BCD/BTC,1573048059442,2019-11-06T13:47:39.442Z,buy,5.686e-05,4.0,0.00022744
BCD/BTC,1573048059442,2019-11-06T13:47:39.442Z,buy,5.689e-05,544.0,0.03094816
BCD/BTC,1573048074291,2019-11-06T13:47:54.291Z,buy,5.688e-05,18.0,0.00102384
BCD/BTC,1573048223922,2019-11-06T13:50:23.922Z,buy,5.688e-05,470.0,0.0267336
BCD/BTC,1573048223922,2019-11-06T13:50:23.922Z,buy,5.688e-05,470.0,0.0267336
BCD/BTC,1573048822247,2019-11-06T14:00:22.247Z,sell,5.659e-05,49.0,0.00277291
BCD/BTC,1573049352116,2019-11-06T14:09:12.116Z,sell,5.663e-05,534.0,0.03024042
BCD/BTC,1573049352116,2019-11-06T14:09:12.116Z,sell,5.662e-05,162.0,0.0091724399999999
BCD/BTC,1573049353747,2019-11-06T14:09:13.747Z,sell,5.664e-05,4.0,0.00022656
BCD/BTC,1573049651376,2019-11-06T14:14:11.376Z,sell,5.663e-05,55.0,0.00311465
BCD/BTC,1573049708393,2019-11-06T14:15:08.393Z,sell,5.663e-05,40.0,0.0022651999999999
BCD/BTC,1573049708393,2019-11-06T14:15:08.393Z,sell,5.661e-05,102.0,0.00577422
BCD/BTC,1573049708440,2019-11-06T14:15:08.440Z,sell,5.662e-05,30.0,0.0016986
BCD/BTC,1573049708459,2019-11-06T14:15:08.459Z,sell,5.662e-05,123.0,0.00696426
BCD/BTC,1573049708459,2019-11-06T14:15:08.459Z,sell,5.661e-05,23.0,0.00130203
BCD/BTC,1573049708618,2019-11-06T14:15:08.618Z,sell,5.662e-05,30.0,0.0016986
BCD/BTC,1573049708736,2019-11-06T14:15:08.736Z,sell,5.662e-05,30.0,0.0016986
BCD/BTC,1573049860276,2019-11-06T14:17:40.276Z,sell,5.661e-05,2.0,0.00011322
BCD/BTC,1573050004515,2019-11-06T14:20:04.515Z,sell,5.683e-05,229.0,0.01301407
BCD/BTC,1573050022292,2019-11-06T14:20:22.292Z,sell,5.661e-05,80.0,0.0045288
BCD/BTC,1573050645123,2019-11-06T14:30:45.123Z,buy,5.679e-05,25.0,0.00141975
BCD/BTC,1573050645205,2019-11-06T14:30:45.205Z,buy,5.679e-05,278.0,0.01578762
BCD/BTC,1573050645205,2019-11-06T14:30:45.205Z,buy,5.682e-05,352.0,0.02000064
BCD/BTC,1573050645205,2019-11-06T14:30:45.205Z,buy,5.683e-05,207.0,0.01176381
BCD/BTC,1573050645205,2019-11-06T14:30:45.205Z,buy,5.684e-05,149.0,0.00846916
BCD/BTC,1573050645205,2019-11-06T14:30:45.205Z,buy,5.685e-05,176.0,0.0100056
BCD/BTC,1573050645205,2019-11-06T14:30:45.205Z,buy,5.689e-05,113.0,0.00642857
BCD/BTC,1573050671772,2019-11-06T14:31:11.772Z,sell,5.664e-05,132.0,0.00747648
BCD/BTC,1573050671772,2019-11-06T14:31:11.772Z,sell,5.663e-05,352.0,0.01993376
BCD/BTC,1573050671772,2019-11-06T14:31:11.772Z,sell,5.662e-05,131.0,0.0074172199999999
BCD/BTC,1573050671772,2019-11-06T14:31:11.772Z,sell,5.661e-05,69.0,0.00390609
BCD/BTC,1573050672193,2019-11-06T14:31:12.193Z,sell,5.664e-05,107.0,0.00606048
BCD/BTC,1573050672419,2019-11-06T14:31:12.419Z,sell,5.664e-05,25.0,0.001416
BCD/BTC,1573050672419,2019-11-06T14:31:12.419Z,sell,5.661e-05,75.0,0.00424575
BCD/BTC,1573050695047,2019-11-06T14:31:35.047Z,sell,5.665e-05,70.0,0.0039655
BCD/BTC,1573050695047,2019-11-06T14:31:35.047Z,sell,5.661e-05,180.0,0.0101898
BCD/BTC,1573050838414,2019-11-06T14:33:58.414Z,buy,5.68e-05,352.0,0.0199936
BCD/BTC,1573050865698,2019-11-06T14:34:25.698Z,buy,5.683e-05,104.0,0.00591032
BCD/BTC,1573050924617,2019-11-06T14:35:24.617Z,buy,5.683e-05,11.0,0.00062513
BCD/BTC,1573050924617,2019-11-06T14:35:24.617Z,buy,5.683e-05,11.0,0.00062513
BCD/BTC,1573051988170,2019-11-06T14:53:08.170Z,buy,5.683e-05,176.0,0.01000208
BCD/BTC,1573053355587,2019-11-06T15:15:55.587Z,buy,5.669e-05,13.0,0.00073697
BCD/BTC,1573053963694,2019-11-06T15:26:03.694Z,sell,5.67e-05,352.0,0.0199584
BCD/BTC,1573053963694,2019-11-06T15:26:03.694Z,sell,5.669e-05,918.0,0.05204142
BCD/BTC,1573054125708,2019-11-06T15:28:45.708Z,sell,5.669e-05,165.0,0.00935385
BCD/BTC,1573054126439,2019-11-06T15:28:46.439Z,buy,5.669e-05,340.0,0.0192746
BCD/BTC,1573054296776,2019-11-06T15:31:36.776Z,buy,5.669e-05,132.0,0.00748308
BCD/BTC,1573054296776,2019-11-06T15:31:36.776Z,buy,5.669e-05,132.0,0.00748308
BCD/BTC,1573055919445,2019-11-06T15:58:39.445Z,buy,5.669e-05,52.0,0.00294788
BCD/BTC,1573057513939,2019-11-06T16:25:13.939Z,buy,5.683e-05,1112.0,0.06319496
BCD/BTC,1573057513939,2019-11-06T16:25:13.939Z,buy,5.683e-05,1112.0,0.06319496
BCD/BTC,1573058346517,2019-11-06T16:39:06.517Z,buy,5.683e-05,2.0,0.00011366
BCD/BTC,1573058396563,2019-11-06T16:39:56.563Z,buy,5.686e-05,11.0,0.00062546
BCD/BTC,1573058443237,2019-11-06T16:40:43.237Z,buy,5.687e-05,5.0,0.00028435
BCD/BTC,1573058732937,2019-11-06T16:45:32.937Z,sell,5.669e-05,176.0,0.00997744
BCD/BTC,1573058732937,2019-11-06T16:45:32.937Z,sell,5.666e-05,57.0,0.00322962
BCD/BTC,1573058732937,2019-11-06T16:45:32.937Z,sell,5.665e-05,931.0,0.05274115
BCD/BTC,1573058736192,2019-11-06T16:45:36.192Z,sell,5.664e-05,18.0,0.0010195199999999
BCD/BTC,1573058736192,2019-11-06T16:45:36.192Z,sell,5.663e-05,111.0,0.0062859299999999
BCD/BTC,1573059495052,2019-11-06T16:58:15.052Z,sell,5.664e-05,54.0,0.00305856
BCD/BTC,1573060954152,2019-11-06T17:22:34.152Z,buy,5.679e-05,50.0,0.0028395
BCD/BTC,1573060962761,2019-11-06T17:22:42.761Z,buy,5.679e-05,19.0,0.00107901
BCD/BTC,1573060962761,2019-11-06T17:22:42.761Z,buy,5.679e-05,19.0,0.00107901
BCD/BTC,1573061632670,2019-11-06T17:33:52.670Z,buy,5.678e-05,278.0,0.01578484
BCD/BTC,1573061632833,2019-11-06T17:33:52.833Z,buy,5.678e-05,74.0,0.00420172
BCD/BTC,1573061632833,2019-11-06T17:33:52.833Z,buy,5.679e-05,182.0,0.01033578
BCD/BTC,1573061633385,2019-11-06T17:33:53.385Z,buy,5.679e-05,30.0,0.0017036999999999
BCD/BTC,1573061635337,2019-11-06T17:33:55.337Z,buy,5.679e-05,63.0,0.0035777699999999
BCD/BTC,1573061635777,2019-11-06T17:33:55.777Z,buy,5.679e-05,37.0,0.00210123
BCD/BTC,1573061636192,2019-11-06T17:33:56.192Z,buy,5.679e-05,35.0,0.00198765
BCD/BTC,1573061638717,2019-11-06T17:33:58.717Z,buy,5.679e-05,30.0,0.0017036999999999
BCD/BTC,1573061770382,2019-11-06T17:36:10.382Z,buy,5.679e-05,19.0,0.00107901
BCD/BTC,1573061770382,2019-11-06T17:36:10.382Z,buy,5.682e-05,155.0,0.0088071
BCD/BTC,1573061778956,2019-11-06T17:36:18.956Z,buy,5.682e-05,206.0,0.01170492
BCD/BTC,1573061779011,2019-11-06T17:36:19.011Z,buy,5.682e-05,76.0,0.00431832
BCD/BTC,1573061779124,2019-11-06T17:36:19.124Z,buy,5.682e-05,31.0,0.00176142
BCD/BTC,1573061779320,2019-11-06T17:36:19.320Z,buy,5.682e-05,39.0,0.00221598
BCD/BTC,1573061826201,2019-11-06T17:37:06.201Z,buy,5.682e-05,6.0,0.00034092
BCD/BTC,1573061826201,2019-11-06T17:37:06.201Z,buy,5.687e-05,136.0,0.00773432
BCD/BTC,1573061827696,2019-11-06T17:37:07.696Z,buy,5.687e-05,138.0,0.00784806
BCD/BTC,1573061832280,2019-11-06T17:37:12.280Z,buy,5.687e-05,78.0,0.00443586
BCD/BTC,1573061834813,2019-11-06T17:37:14.813Z,buy,5.687e-05,45.0,0.00255915
BCD/BTC,1573061840414,2019-11-06T17:37:20.414Z,buy,5.687e-05,30.0,0.0017061
BCD/BTC,1573061842768,2019-11-06T17:37:22.768Z,buy,5.687e-05,30.0,0.0017061
BCD/BTC,1573061852377,2019-11-06T17:37:32.377Z,buy,5.687e-05,56.0,0.00318472
BCD/BTC,1573061874733,2019-11-06T17:37:54.733Z,sell,5.687e-05,1736.0,0.09872632
BCD/BTC,1573061878020,2019-11-06T17:37:58.020Z,sell,5.687e-05,167.0,0.00949729
BCD/BTC,1573061887809,2019-11-06T17:38:07.809Z,sell,5.687e-05,2889.0,0.16429743
BCD/BTC,1573062128007,2019-11-06T17:42:08.007Z,buy,5.685e-05,164.0,0.0093233999999999
BCD/BTC,1573062426020,2019-11-06T17:47:06.020Z,buy,5.685e-05,420.0,0.023877
BCD/BTC,1573062426020,2019-11-06T17:47:06.020Z,buy,5.686e-05,653.0,0.03712958
BCD/BTC,1573062426020,2019-11-06T17:47:06.020Z,buy,5.687e-05,137.0,0.00779119
BCD/BTC,1573062452408,2019-11-06T17:47:32.408Z,buy,5.687e-05,557.0,0.03167659
BCD/BTC,1573062452408,2019-11-06T17:47:32.408Z,buy,5.691e-05,62.0,0.00352842
BCD/BTC,1573063043724,2019-11-06T17:57:23.724Z,buy,5.7e-05,87.0,0.004959
BCD/BTC,1573063128618,2019-11-06T17:58:48.618Z,buy,5.7e-05,198.0,0.011286
BCD/BTC,1573063213227,2019-11-06T18:00:13.227Z,sell,5.699e-05,1200.0,0.068388
BCD/BTC,1573063213227,2019-11-06T18:00:13.227Z,sell,5.691e-05,140.0,0.0079674
BCD/BTC,1573063213722,2019-11-06T18:00:13.722Z,buy,5.687e-05,62.0,0.00352594
BCD/BTC,1573063227031,2019-11-06T18:00:27.031Z,buy,5.687e-05,261.0,0.01484307
BCD/BTC,1573063338288,2019-11-06T18:02:18.288Z,sell,5.674e-05,282.0,0.01600068
BCD/BTC,1573063338288,2019-11-06T18:02:18.288Z,sell,5.669e-05,763.0,0.04325447
BCD/BTC,1573063338288,2019-11-06T18:02:18.288Z,sell,5.667e-05,283.0,0.01603761
BCD/BTC,1573063338288,2019-11-06T18:02:18.288Z,sell,5.665e-05,5.0,0.00028325
BCD/BTC,1573063338288,2019-11-06T18:02:18.288Z,sell,5.664e-05,1064.0,0.06026496
BCD/BTC,1573063338288,2019-11-06T18:02:18.288Z,sell,5.661e-05,70.0,0.0039627
BCD/BTC,1573063338288,2019-11-06T18:02:18.288Z,sell,5.66e-05,362.0,0.0204892
BCD/BTC,1573063338288,2019-11-06T18:02:18.288Z,sell,5.66e-05,158.0,0.0089428
BCD/BTC,1573063338288,2019-11-06T18:02:18.288Z,sell,5.674e-05,282.0,0.01600068
BCD/BTC,1573063338288,2019-11-06T18:02:18.288Z,sell,5.669e-05,763.0,0.04325447
BCD/BTC,1573063338288,2019-11-06T18:02:18.288Z,sell,5.667e-05,283.0,0.01603761
BCD/BTC,1573063338288,2019-11-06T18:02:18.288Z,sell,5.665e-05,5.0,0.00028325
BCD/BTC,1573063338288,2019-11-06T18:02:18.288Z,sell,5.664e-05,1064.0,0.06026496
BCD/BTC,1573063338288,2019-11-06T18:02:18.288Z,sell,5.661e-05,70.0,0.0039627
BCD/BTC,1573063338288,2019-11-06T18:02:18.288Z,sell,5.66e-05,362.0,0.0204892
BCD/BTC,1573063338288,2019-11-06T18:02:18.288Z,sell,5.66e-05,158.0,0.0089428
BCD/BTC,1573066003275,2019-11-06T18:46:43.275Z,buy,5.699e-05,54.0,0.00307746
BCD/BTC,1573066241191,2019-11-06T18:50:41.191Z,sell,5.699e-05,268.0,0.01527332
BCD/BTC,1573066241191,2019-11-06T18:50:41.191Z,sell,5.699e-05,268.0,0.01527332
BCD/BTC,1573067393570,2019-11-06T19:09:53.570Z,buy,5.699e-05,2.0,0.00011398
BCD/BTC,1573067393570,2019-11-06T19:09:53.570Z,buy,5.7e-05,99.0,0.005643
BCD/BTC,1573067393570,2019-11-06T19:09:53.570Z,buy,5.701e-05,70.0,0.0039907
BCD/BTC,1573067393570,2019-11-06T19:09:53.570Z,buy,5.702e-05,2.0,0.00011404
BCD/BTC,1573067573849,2019-11-06T19:12:53.849Z,buy,5.702e-05,9.0,0.00051318
BCD/BTC,1573067605345,2019-11-06T19:13:25.345Z,sell,5.694e-05,54.0,0.00307476
BCD/BTC,1573067605345,2019-11-06T19:13:25.345Z,sell,5.693e-05,119.0,0.00677467
BCD/BTC,1573067724332,2019-11-06T19:15:24.332Z,sell,5.693e-05,164.0,0.00933652
BCD/BTC,1573067724445,2019-11-06T19:15:24.445Z,sell,5.693e-05,74.0,0.00421282
BCD/BTC,1573067858359,2019-11-06T19:17:38.359Z,buy,5.697e-05,582.0,0.03315654
BCD/BTC,1573068027293,2019-11-06T19:20:27.293Z,buy,5.698e-05,494.0,0.02814812
BCD/BTC,1573068120089,2019-11-06T19:22:00.089Z,buy,5.698e-05,89.0,0.00507122
BCD/BTC,1573068121965,2019-11-06T19:22:01.965Z,buy,5.698e-05,179.0,0.01019942
BCD/BTC,1573068121965,2019-11-06T19:22:01.965Z,buy,5.701e-05,348.0,0.01983948
BCD/BTC,1573068122257,2019-11-06T19:22:02.257Z,buy,5.701e-05,14.0,0.0007981399999999
BCD/BTC,1573069765681,2019-11-06T19:49:25.681Z,sell,5.697e-05,17.0,0.00096849
BCD/BTC,1573069765681,2019-11-06T19:49:25.681Z,sell,5.697e-05,17.0,0.00096849
BCD/BTC,1573072087504,2019-11-06T20:28:07.504Z,buy,5.695e-05,2.0,0.0001139
BCD/BTC,1573073055680,2019-11-06T20:44:15.680Z,buy,5.695e-05,2.0,0.0001139
BCD/BTC,1573073055680,2019-11-06T20:44:15.680Z,buy,5.695e-05,2.0,0.0001139
BCD/BTC,1573073463214,2019-11-06T20:51:03.214Z,sell,5.679e-05,21.0,0.0011925899999999
BCD/BTC,1573073464368,2019-11-06T20:51:04.368Z,sell,5.68e-05,42.0,0.0023856
BCD/BTC,1573073464780,2019-11-06T20:51:04.780Z,sell,5.68e-05,35.0,0.0019879999999999
BCD/BTC,1573073464891,2019-11-06T20:51:04.891Z,sell,5.68e-05,51.0,0.0028967999999999
BCD/BTC,1573073464986,2019-11-06T20:51:04.986Z,sell,5.68e-05,103.0,0.0058503999999999
BCD/BTC,1573073465121,2019-11-06T20:51:05.121Z,sell,5.68e-05,213.0,0.0120984
BCD/BTC,1573074064319,2019-11-06T21:01:04.319Z,buy,5.695e-05,7.0,0.00039865
BCD/BTC,1573074450066,2019-11-06T21:07:30.066Z,buy,5.694e-05,96.0,0.00546624
BCD/BTC,1573074576324,2019-11-06T21:09:36.324Z,buy,5.694e-05,4.0,0.00022776
BCD/BTC,1573074829852,2019-11-06T21:13:49.852Z,buy,5.678e-05,28.0,0.00158984
BCD/BTC,1573075623277,2019-11-06T21:27:03.277Z,buy,5.695e-05,14.0,0.0007973
BCD/BTC,1573075840185,2019-11-06T21:30:40.185Z,buy,5.694e-05,16.0,0.00091104
BCD/BTC,1573075954093,2019-11-06T21:32:34.093Z,buy,5.694e-05,66.0,0.00375804
BCD/BTC,1573075957249,2019-11-06T21:32:37.249Z,buy,5.694e-05,40.0,0.0022776
BCD/BTC,1573076189927,2019-11-06T21:36:29.927Z,buy,5.694e-05,53.0,0.00301782
BCD/BTC,1573076237750,2019-11-06T21:37:17.750Z,buy,5.695e-05,346.0,0.0197047
BCD/BTC,1573076311912,2019-11-06T21:38:31.912Z,buy,5.695e-05,3.0,0.00017085
BCD/BTC,1573076311912,2019-11-06T21:38:31.912Z,buy,5.695e-05,3.0,0.00017085
BCD/BTC,1573077321665,2019-11-06T21:55:21.665Z,buy,5.695e-05,27.0,0.00153765
BCD/BTC,1573077322710,2019-11-06T21:55:22.710Z,buy,5.697e-05,2.0,0.00011394
BCD/BTC,1573077322710,2019-11-06T21:55:22.710Z,buy,5.701e-05,12.0,0.00068412
BCD/BTC,1573077516156,2019-11-06T21:58:36.156Z,sell,5.695e-05,43.0,0.00244885
BCD/BTC,1573077516297,2019-11-06T21:58:36.297Z,sell,5.677e-05,43.0,0.00244111
BCD/BTC,1573077517015,2019-11-06T21:58:37.015Z,sell,5.677e-05,25.0,0.00141925
BCD/BTC,1573077555627,2019-11-06T21:59:15.627Z,sell,5.678e-05,284.0,0.01612552
BCD/BTC,1573077555627,2019-11-06T21:59:15.627Z,sell,5.677e-05,284.0,0.01612268
BCD/BTC,1573077555627,2019-11-06T21:59:15.627Z,sell,5.676e-05,135.0,0.0076625999999999
BCD/BTC,1573077555627,2019-11-06T21:59:15.627Z,sell,5.675e-05,146.0,0.0082855
BCD/BTC,1573077578929,2019-11-06T21:59:38.929Z,buy,5.695e-05,76.0,0.0043282
BCD/BTC,1573077660374,2019-11-06T22:01:00.374Z,sell,5.676e-05,70.0,0.0039732
BCD/BTC,1573077973199,2019-11-06T22:06:13.199Z,sell,5.675e-05,578.0,0.0328015
BCD/BTC,1573078019055,2019-11-06T22:06:59.055Z,sell,5.671e-05,1185.0,0.0672013499999999
BCD/BTC,1573078099954,2019-11-06T22:08:19.954Z,sell,5.671e-05,2.0,0.00011342
BCD/BTC,1573078099954,2019-11-06T22:08:19.954Z,sell,5.667e-05,172.0,0.0097472399999999
BCD/BTC,1573078375156,2019-11-06T22:12:55.156Z,sell,5.665e-05,543.0,0.03076095
BCD/BTC,1573078375156,2019-11-06T22:12:55.156Z,sell,5.665e-05,27.0,0.00152955
BCD/BTC,1573078375156,2019-11-06T22:12:55.156Z,sell,5.66e-05,8.0,0.0004528
BCD/BTC,1573078375156,2019-11-06T22:12:55.156Z,sell,5.659e-05,66.0,0.00373494
BCD/BTC,1573078401452,2019-11-06T22:13:21.452Z,sell,5.665e-05,60.0,0.003399
BCD/BTC,1573079066210,2019-11-06T22:24:26.210Z,sell,5.659e-05,76.0,0.00430084
BCD/BTC,1573079455819,2019-11-06T22:30:55.819Z,sell,5.659e-05,416.0,0.02354144
BCD/BTC,1573079455819,2019-11-06T22:30:55.819Z,sell,5.659e-05,416.0,0.02354144
BCD/BTC,1573080581466,2019-11-06T22:49:41.466Z,sell,5.659e-05,186.0,0.01052574
BCD/BTC,1573080584899,2019-11-06T22:49:44.899Z,sell,5.659e-05,186.0,0.01052574
BCD/BTC,1573080950540,2019-11-06T22:55:50.540Z,sell,5.668e-05,306.0,0.01734408
BCD/BTC,1573080954850,2019-11-06T22:55:54.850Z,sell,5.673e-05,96.0,0.00544608
BCD/BTC,1573080975247,2019-11-06T22:56:15.247Z,buy,5.679e-05,14.0,0.00079506
BCD/BTC,1573081140659,2019-11-06T22:59:00.659Z,buy,5.679e-05,226.0,0.0128345399999999
BCD/BTC,1573081339470,2019-11-06T23:02:19.470Z,buy,5.679e-05,6.0,0.0003407399999999
BCD/BTC,1573081502290,2019-11-06T23:05:02.290Z,sell,5.679e-05,5.0,0.00028395
BCD/BTC,1573082035280,2019-11-06T23:13:55.280Z,buy,5.681e-05,442.0,0.02511002
BCD/BTC,1573082365431,2019-11-06T23:19:25.431Z,buy,5.68e-05,163.0,0.0092584
BCD/BTC,1573082523801,2019-11-06T23:22:03.801Z,buy,5.68e-05,294.0,0.0166992
BCD/BTC,1573082523809,2019-11-06T23:22:03.809Z,buy,5.68e-05,59.0,0.0033512
BCD/BTC,1573082523809,2019-11-06T23:22:03.809Z,buy,5.681e-05,119.0,0.00676039
BCD/BTC,1573082523809,2019-11-06T23:22:03.809Z,buy,5.684e-05,199.0,0.0113111599999999
BCD/BTC,1573082524121,2019-11-06T23:22:04.121Z,buy,5.679e-05,44.0,0.00249876
BCD/BTC,1573082524121,2019-11-06T23:22:04.121Z,buy,5.684e-05,85.0,0.0048314
BCD/BTC,1573082524211,2019-11-06T23:22:04.211Z,buy,5.684e-05,83.0,0.00471772
BCD/BTC,1573082524427,2019-11-06T23:22:04.427Z,buy,5.684e-05,30.0,0.0017052
BCD/BTC,1573082524896,2019-11-06T23:22:04.896Z,buy,5.684e-05,458.0,0.02603272
BCD/BTC,1573082525954,2019-11-06T23:22:05.954Z,buy,5.687e-05,175.0,0.00995225
BCD/BTC,1573082532394,2019-11-06T23:22:12.394Z,buy,5.696e-05,165.0,0.0093984
BCD/BTC,1573082538098,2019-11-06T23:22:18.098Z,buy,5.695e-05,366.0,0.0208437
BCD/BTC,1573082597080,2019-11-06T23:23:17.080Z,buy,5.685e-05,44.0,0.0025014
BCD/BTC,1573082619529,2019-11-06T23:23:39.529Z,buy,5.685e-05,88.0,0.0050028
BCD/BTC,1573082619607,2019-11-06T23:23:39.607Z,buy,5.685e-05,47.0,0.00267195
BCD/BTC,1573082619607,2019-11-06T23:23:39.607Z,buy,5.686e-05,183.0,0.01040538
BCD/BTC,1573082619818,2019-11-06T23:23:39.818Z,buy,5.685e-05,90.0,0.0051164999999999
BCD/BTC,1573082619818,2019-11-06T23:23:39.818Z,buy,5.687e-05,59.0,0.00335533
BCD/BTC,1573082619964,2019-11-06T23:23:39.964Z,buy,5.685e-05,60.0,0.003411
BCD/BTC,1573082619964,2019-11-06T23:23:39.964Z,buy,5.687e-05,135.0,0.00767745
BCD/BTC,1573082620194,2019-11-06T23:23:40.194Z,buy,5.689e-05,110.0,0.0062579
BCD/BTC,1573082620194,2019-11-06T23:23:40.194Z,buy,5.689e-05,110.0,0.0062579
BCD/BTC,1573084270897,2019-11-06T23:51:10.897Z,sell,5.667e-05,352.0,0.0199478399999999
BCD/BTC,1573084270897,2019-11-06T23:51:10.897Z,sell,5.666e-05,227.0,0.01286182
BCD/BTC,1573084270897,2019-11-06T23:51:10.897Z,sell,5.661e-05,1219.0,0.06900759
BCD/BTC,1573084270897,2019-11-06T23:51:10.897Z,sell,5.659e-05,918.0,0.05194962
BCD/BTC,1573084333028,2019-11-06T23:52:13.028Z,sell,5.665e-05,167.0,0.00946055
BCD/BTC,1573084333028,2019-11-06T23:52:13.028Z,sell,5.661e-05,152.0,0.00860472
BCD/BTC,1573084333028,2019-11-06T23:52:13.028Z,sell,5.66e-05,176.0,0.0099616
BCD/BTC,1573084333028,2019-11-06T23:52:13.028Z,sell,5.659e-05,1815.0,0.1027108499999999
BCD/BTC,1573084352104,2019-11-06T23:52:32.104Z,buy,5.681e-05,118.0,0.00670358
BCD/BTC,1573084355111,2019-11-06T23:52:35.111Z,buy,5.681e-05,78.0,0.00443118
BCD/BTC,1573084355274,2019-11-06T23:52:35.274Z,buy,5.681e-05,24.0,0.00136344
BCD/BTC,1573084356340,2019-11-06T23:52:36.340Z,buy,5.681e-05,40.0,0.0022724
BCD/BTC,1573084461775,2019-11-06T23:54:21.775Z,buy,5.682e-05,39.0,0.00221598
BCD/BTC,1573084465786,2019-11-06T23:54:25.786Z,buy,5.681e-05,30.0,0.0017043
BCD/BTC,1573084469062,2019-11-06T23:54:29.062Z,buy,5.681e-05,23.0,0.00130663
BCD/BTC,1573084537971,2019-11-06T23:55:37.971Z,buy,5.684e-05,30.0,0.0017052
BCD/BTC,1573084564960,2019-11-06T23:56:04.960Z,buy,5.684e-05,38.0,0.00215992
BCD/BTC,1573084725540,2019-11-06T23:58:45.540Z,buy,5.684e-05,30.0,0.0017052
BCD/BTC,1573084725612,2019-11-06T23:58:45.612Z,buy,5.684e-05,30.0,0.0017052
BCD/BTC,1573084738563,2019-11-06T23:58:58.563Z,buy,5.684e-05,2.0,0.00011368
BCD/BTC,1573084738563,2019-11-06T23:58:58.563Z,buy,5.685e-05,260.0,0.0147809999999999
BCD/BTC,1573084738753,2019-11-06T23:58:58.753Z,buy,5.684e-05,86.0,0.0048882399999999
BCD/BTC,1573084738753,2019-11-06T23:58:58.753Z,buy,5.685e-05,80.0,0.004548
BCD/BTC,1573084739243,2019-11-06T23:58:59.243Z,buy,5.684e-05,30.0,0.0017052
BCD/BTC,1573084740464,2019-11-06T23:59:00.464Z,buy,5.684e-05,28.0,0.00159152
BCD/BTC,1573084740464,2019-11-06T23:59:00.464Z,buy,5.685e-05,96.0,0.0054576
BCD/BTC,1573084740659,2019-11-06T23:59:00.659Z,buy,5.683e-05,48.0,0.00272784
BCD/BTC,1573084740683,2019-11-06T23:59:00.683Z,buy,5.683e-05,68.0,0.00386444
BCD/BTC,1573084740683,2019-11-06T23:59:00.683Z,buy,5.685e-05,53.0,0.0030130499999999
BCD/BTC,1573084740842,2019-11-06T23:59:00.842Z,buy,5.685e-05,32.0,0.0018192
BCD/BTC,1573084740842,2019-11-06T23:59:00.842Z,buy,5.686e-05,1.0,5.686e-05
BCD/BTC,1573084747132,2019-11-06T23:59:07.132Z,buy,5.686e-05,39.0,0.00221754
BCD/BTC,1573084767425,2019-11-06T23:59:27.425Z,buy,5.686e-05,30.0,0.0017058
BCD/BTC,1573084772172,2019-11-06T23:59:32.172Z,buy,5.686e-05,13.0,0.00073918
BCD/BTC,1573084772172,2019-11-06T23:59:32.172Z,buy,5.687e-05,279.0,0.01586673
BCD/BTC,1573084772342,2019-11-06T23:59:32.342Z,buy,5.687e-05,9.0,0.00051183
BCD/BTC,1573084773922,2019-11-06T23:59:33.922Z,buy,5.687e-05,121.0,0.00688127
BCD/BTC,1573084774302,2019-11-06T23:59:34.302Z,buy,5.687e-05,50.0,0.0028435
BCD/BTC,1573084774566,2019-11-06T23:59:34.566Z,buy,5.687e-05,31.0,0.00176297
BCD/BTC,1573084775126,2019-11-06T23:59:35.126Z,buy,5.687e-05,30.0,0.0017061
BCD/BTC,1573084813511,2019-11-07T00:00:13.511Z,buy,5.687e-05,1.0,5.687e-05
BCD/BTC,1573084813511,2019-11-07T00:00:13.511Z,buy,5.689e-05,175.0,0.00995575
BCD/BTC,1573084873960,2019-11-07T00:01:13.960Z,buy,5.689e-05,59.0,0.00335651
BCD/BTC,1573084875421,2019-11-07T00:01:15.421Z,buy,5.689e-05,59.0,0.00335651
BCD/BTC,1573084878364,2019-11-07T00:01:18.364Z,buy,5.689e-05,59.0,0.00335651
BCD/BTC,1573084881267,2019-11-07T00:01:21.267Z,buy,5.689e-05,59.0,0.00335651
BCD/BTC,1573084881563,2019-11-07T00:01:21.563Z,buy,5.689e-05,59.0,0.00335651
BCD/BTC,1573084883269,2019-11-07T00:01:23.269Z,buy,5.689e-05,59.0,0.00335651
BCD/BTC,1573084884259,2019-11-07T00:01:24.259Z,buy,5.689e-05,59.0,0.00335651
BCD/BTC,1573084887418,2019-11-07T00:01:27.418Z,buy,5.689e-05,59.0,0.00335651
BCD/BTC,1573084888435,2019-11-07T00:01:28.435Z,buy,5.689e-05,59.0,0.00335651
BCD/BTC,1573084889710,2019-11-07T00:01:29.710Z,buy,5.689e-05,59.0,0.00335651
BCD/BTC,1573084891470,2019-11-07T00:01:31.470Z,buy,5.689e-05,59.0,0.00335651
BCD/BTC,1573084899214,2019-11-07T00:01:39.214Z,buy,5.689e-05,1597.0,0.09085333
BCD/BTC,1573084899432,2019-11-07T00:01:39.432Z,buy,5.689e-05,101.0,0.00574589
BCD/BTC,1573084899505,2019-11-07T00:01:39.505Z,buy,5.689e-05,307.0,0.0174652299999999
BCD/BTC,1573084899562,2019-11-07T00:01:39.562Z,buy,5.689e-05,394.0,0.02241466
BCD/BTC,1573084899769,2019-11-07T00:01:39.769Z,buy,5.689e-05,105.0,0.00597345
BCD/BTC,1573084900632,2019-11-07T00:01:40.632Z,buy,5.689e-05,44.0,0.00250316
BCD/BTC,1573084901062,2019-11-07T00:01:41.062Z,buy,5.689e-05,98.0,0.00557522
BCD/BTC,1573084903334,2019-11-07T00:01:43.334Z,sell,5.695e-05,16.0,0.0009112
BCD/BTC,1573084903334,2019-11-07T00:01:43.334Z,sell,5.668e-05,9.0,0.00051012
BCD/BTC,1573085706098,2019-11-07T00:15:06.098Z,buy,5.677e-05,99.0,0.00562023
BCD/BTC,1573086161951,2019-11-07T00:22:41.951Z,buy,5.698e-05,63.0,0.00358974
BCD/BTC,1573086184937,2019-11-07T00:23:04.937Z,buy,5.698e-05,7.0,0.00039886
BCD/BTC,1573086185319,2019-11-07T00:23:05.319Z,sell,5.698e-05,2.0,0.00011396
BCD/BTC,1573086185319,2019-11-07T00:23:05.319Z,sell,5.698e-05,2.0,0.00011396
BCD/BTC,1573086235350,2019-11-07T00:23:55.350Z,sell,5.698e-05,16.0,0.00091168
BCD/BTC,1573086637484,2019-11-07T00:30:37.484Z,buy,5.698e-05,160.0,0.0091168
BCD/BTC,1573086640624,2019-11-07T00:30:40.624Z,buy,5.7e-05,5.0,0.000285
BCD/BTC,1573086640624,2019-11-07T00:30:40.624Z,buy,5.701e-05,156.0,0.00889356
BCD/BTC,1573086640708,2019-11-07T00:30:40.708Z,sell,5.698e-05,9.0,0.00051282
BCD/BTC,1573086661233,2019-11-07T00:31:01.233Z,buy,5.701e-05,332.0,0.01892732
BCD/BTC,1573086661923,2019-11-07T00:31:01.923Z,buy,5.702e-05,25.0,0.0014255
BCD/BTC,1573086662621,2019-11-07T00:31:02.621Z,buy,5.702e-05,102.0,0.00581604
BCD/BTC,1573086662621,2019-11-07T00:31:02.621Z,buy,5.708e-05,16.0,0.00091328
BCD/BTC,1573086662621,2019-11-07T00:31:02.621Z,buy,5.712e-05,175.0,0.009996
BCD/BTC,1573086662621,2019-11-07T00:31:02.621Z,buy,5.713e-05,18.0,0.00102834
BCD/BTC,1573086662621,2019-11-07T00:31:02.621Z,buy,5.716e-05,165.0,0.0094314
BCD/BTC,1573086662857,2019-11-07T00:31:02.857Z,buy,5.716e-05,9.0,0.00051444
BCD/BTC,1573086662857,2019-11-07T00:31:02.857Z,buy,5.721e-05,15.0,0.00085815
BCD/BTC,1573086662857,2019-11-07T00:31:02.857Z,buy,5.726e-05,1.0,5.726e-05
BCD/BTC,1573086662891,2019-11-07T00:31:02.891Z,sell,5.718e-05,8.0,0.00045744
BCD/BTC,1573086662931,2019-11-07T00:31:02.931Z,sell,5.718e-05,1187.0,0.06787266
BCD/BTC,1573086662947,2019-11-07T00:31:02.947Z,sell,5.718e-05,1187.0,0.06787266
BCD/BTC,1573086662964,2019-11-07T00:31:02.964Z,sell,5.718e-05,269.0,0.01538142
BCD/BTC,1573086663036,2019-11-07T00:31:03.036Z,sell,5.718e-05,140.0,0.0080052
BCD/BTC,1573086663165,2019-11-07T00:31:03.165Z,sell,5.718e-05,462.0,0.02641716
BCD/BTC,1573086663191,2019-11-07T00:31:03.191Z,sell,5.718e-05,301.0,0.01721118
BCD/BTC,1573086663193,2019-11-07T00:31:03.193Z,sell,5.718e-05,281.0,0.0160675799999999
BCD/BTC,1573086670281,2019-11-07T00:31:10.281Z,buy,5.712e-05,1167.0,0.06665904
BCD/BTC,1573086670281,2019-11-07T00:31:10.281Z,buy,5.726e-05,12.0,0.0006871199999999
BCD/BTC,1573086670281,2019-11-07T00:31:10.281Z,buy,5.732e-05,531.0,0.03043692
BCD/BTC,1573086678744,2019-11-07T00:31:18.744Z,buy,5.732e-05,1486.0,0.08517752
BCD/BTC,1573086681361,2019-11-07T00:31:21.361Z,sell,5.699e-05,14.0,0.00079786
BCD/BTC,1573086683308,2019-11-07T00:31:23.308Z,buy,5.732e-05,49.0,0.00280868
BCD/BTC,1573086687391,2019-11-07T00:31:27.391Z,buy,5.702e-05,19.0,0.0010833799999999
BCD/BTC,1573086687391,2019-11-07T00:31:27.391Z,buy,5.732e-05,6.0,0.00034392
BCD/BTC,1573086691562,2019-11-07T00:31:31.562Z,buy,5.711e-05,70.0,0.0039977
BCD/BTC,1573086693839,2019-11-07T00:31:33.839Z,buy,5.731e-05,363.0,0.02080353
BCD/BTC,1573086711257,2019-11-07T00:31:51.257Z,buy,5.731e-05,442.0,0.02533102
BCD/BTC,1573086711318,2019-11-07T00:31:51.318Z,buy,5.731e-05,25.0,0.00143275
BCD/BTC,1573086712396,2019-11-07T00:31:52.396Z,buy,5.731e-05,25.0,0.00143275
BCD/BTC,1573086713064,2019-11-07T00:31:53.064Z,buy,5.731e-05,199.0,0.01140469
BCD/BTC,1573086731542,2019-11-07T00:32:11.542Z,buy,5.721e-05,2.0,0.00011442
BCD/BTC,1573086731542,2019-11-07T00:32:11.542Z,buy,5.732e-05,45.0,0.0025794
BCD/BTC,1573086737888,2019-11-07T00:32:17.888Z,buy,5.732e-05,262.0,0.01501784
BCD/BTC,1573086737888,2019-11-07T00:32:17.888Z,buy,5.733e-05,14.0,0.00080262
BCD/BTC,1573086737888,2019-11-07T00:32:17.888Z,buy,5.734e-05,375.0,0.0215025
BCD/BTC,1573086737906,2019-11-07T00:32:17.906Z,sell,5.738e-05,187.0,0.01073006
BCD/BTC,1573086737915,2019-11-07T00:32:17.915Z,sell,5.738e-05,33.0,0.00189354
BCD/BTC,1573086739187,2019-11-07T00:32:19.187Z,sell,5.715e-05,2.0,0.0001143
BCD/BTC,1573086745241,2019-11-07T00:32:25.241Z,sell,5.715e-05,1.0,5.715e-05
BCD/BTC,1573086745813,2019-11-07T00:32:25.813Z,buy,5.715e-05,24.0,0.0013716
BCD/BTC,1573086745813,2019-11-07T00:32:25.813Z,buy,5.732e-05,31.0,0.00177692
BCD/BTC,1573086746236,2019-11-07T00:32:26.236Z,sell,5.706e-05,3.0,0.00017118
BCD/BTC,1573086758210,2019-11-07T00:32:38.210Z,buy,5.709e-05,18.0,0.00102762
BCD/BTC,1573086758210,2019-11-07T00:32:38.210Z,buy,5.732e-05,156.0,0.00894192
BCD/BTC,1573086763211,2019-11-07T00:32:43.211Z,buy,5.732e-05,174.0,0.00997368
BCD/BTC,1573086772184,2019-11-07T00:32:52.184Z,sell,5.704e-05,12.0,0.00068448
BCD/BTC,1573086930081,2019-11-07T00:35:30.081Z,sell,5.711e-05,110.0,0.0062821
BCD/BTC,1573087017406,2019-11-07T00:36:57.406Z,sell,5.713e-05,83.0,0.00474179
BCD/BTC,1573087332014,2019-11-07T00:42:12.014Z,buy,5.732e-05,170.0,0.0097444
BCD/BTC,1573087332014,2019-11-07T00:42:12.014Z,buy,5.741e-05,77.0,0.00442057
BCD/BTC,1573087336428,2019-11-07T00:42:16.428Z,buy,5.742e-05,45.0,0.0025839
BCD/BTC,1573087336428,2019-11-07T00:42:16.428Z,buy,5.743e-05,3.0,0.00017229
BCD/BTC,1573087336428,2019-11-07T00:42:16.428Z,buy,5.744e-05,3.0,0.00017232
BCD/BTC,1573087368942,2019-11-07T00:42:48.942Z,buy,5.747e-05,53.0,0.0030459099999999
BCD/BTC,1573087368942,2019-11-07T00:42:48.942Z,buy,5.748e-05,136.0,0.00781728
BCD/BTC,1573087377695,2019-11-07T00:42:57.695Z,sell,5.722e-05,255.0,0.0145911
BCD/BTC,1573087379580,2019-11-07T00:42:59.580Z,sell,5.723e-05,12.0,0.00068676
BCD/BTC,1573087384046,2019-11-07T00:43:04.046Z,sell,5.724e-05,14.0,0.00080136
BCD/BTC,1573087384698,2019-11-07T00:43:04.698Z,sell,5.724e-05,14.0,0.00080136
BCD/BTC,1573087404683,2019-11-07T00:43:24.683Z,sell,5.724e-05,249.0,0.01425276
BCD/BTC,1573087405152,2019-11-07T00:43:25.152Z,buy,5.724e-05,165.0,0.0094446
BCD/BTC,1573087427971,2019-11-07T00:43:47.971Z,buy,5.741e-05,99.0,0.00568359
BCD/BTC,1573087433202,2019-11-07T00:43:53.202Z,buy,5.739e-05,67.0,0.00384513
BCD/BTC,1573087433202,2019-11-07T00:43:53.202Z,buy,5.741e-05,2.0,0.00011482
BCD/BTC,1573087433202,2019-11-07T00:43:53.202Z,buy,5.744e-05,227.0,0.01303888
BCD/BTC,1573087530381,2019-11-07T00:45:30.381Z,sell,5.721e-05,22.0,0.00125862
BCD/BTC,1573087811714,2019-11-07T00:50:11.714Z,buy,5.742e-05,144.0,0.00826848
BCD/BTC,1573087811714,2019-11-07T00:50:11.714Z,buy,5.743e-05,300.0,0.0172289999999999
BCD/BTC,1573087818191,2019-11-07T00:50:18.191Z,buy,5.745e-05,132.0,0.0075834
BCD/BTC,1573087919214,2019-11-07T00:51:59.214Z,sell,5.722e-05,122.0,0.0069808399999999
BCD/BTC,1573087919312,2019-11-07T00:51:59.312Z,sell,5.722e-05,49.0,0.00280378
BCD/BTC,1573087919355,2019-11-07T00:51:59.355Z,sell,5.722e-05,34.0,0.0019454799999999
BCD/BTC,1573087919355,2019-11-07T00:51:59.355Z,sell,5.721e-05,2.0,0.00011442
BCD/BTC,1573087919774,2019-11-07T00:51:59.774Z,sell,5.722e-05,55.0,0.0031471
BCD/BTC,1573087920395,2019-11-07T00:52:00.395Z,sell,5.722e-05,53.0,0.00303266
BCD/BTC,1573087920486,2019-11-07T00:52:00.486Z,sell,5.722e-05,30.0,0.0017166
BCD/BTC,1573087920536,2019-11-07T00:52:00.536Z,sell,5.722e-05,52.0,0.0029754399999999
BCD/BTC,1573088182624,2019-11-07T00:56:22.624Z,buy,5.738e-05,349.0,0.02002562
BCD/BTC,1573088182624,2019-11-07T00:56:22.624Z,buy,5.739e-05,257.0,0.0147492299999999
BCD/BTC,1573088206108,2019-11-07T00:56:46.108Z,buy,5.739e-05,25.0,0.00143475
BCD/BTC,1573088206108,2019-11-07T00:56:46.108Z,buy,5.743e-05,48.0,0.00275664
BCD/BTC,1573088206108,2019-11-07T00:56:46.108Z,buy,5.744e-05,745.0,0.0427928
BCD/BTC,1573088206108,2019-11-07T00:56:46.108Z,buy,5.745e-05,1010.0,0.0580245
BCD/BTC,1573088206108,2019-11-07T00:56:46.108Z,buy,5.746e-05,22.0,0.00126412
BCD/BTC,1573088253310,2019-11-07T00:57:33.310Z,buy,5.746e-05,180.0,0.0103428
BCD/BTC,1573088253310,2019-11-07T00:57:33.310Z,buy,5.747e-05,174.0,0.00999978
BCD/BTC,1573088253310,2019-11-07T00:57:33.310Z,buy,5.748e-05,55.0,0.0031614
BCD/BTC,1573088258152,2019-11-07T00:57:38.152Z,buy,5.748e-05,88.0,0.00505824
BCD/BTC,1573088262640,2019-11-07T00:57:42.640Z,buy,5.748e-05,88.0,0.00505824
BCD/BTC,1573088329171,2019-11-07T00:58:49.171Z,buy,5.747e-05,2.0,0.00011494
BCD/BTC,1573088329171,2019-11-07T00:58:49.171Z,buy,5.748e-05,519.0,0.02983212
BCD/BTC,1573088333793,2019-11-07T00:58:53.793Z,buy,5.748e-05,182.0,0.01046136
BCD/BTC,1573088333793,2019-11-07T00:58:53.793Z,buy,5.752e-05,10.0,0.0005752
BCD/BTC,1573088333793,2019-11-07T00:58:53.793Z,buy,5.753e-05,257.0,0.01478521
BCD/BTC,1573088335388,2019-11-07T00:58:55.388Z,buy,5.753e-05,131.0,0.00753643
BCD/BTC,1573088335388,2019-11-07T00:58:55.388Z,buy,5.756e-05,17.0,0.0009785199999999
BCD/BTC,1573088335388,2019-11-07T00:58:55.388Z,buy,5.76e-05,61.0,0.0035136
BCD/BTC,1573088335388,2019-11-07T00:58:55.388Z,buy,5.762e-05,861.0,0.04961082
BCD/BTC,1573088339134,2019-11-07T00:58:59.134Z,buy,5.762e-05,66.0,0.00380292
BCD/BTC,1573088339161,2019-11-07T00:58:59.161Z,buy,5.762e-05,20.0,0.0011524
BCD/BTC,1573088339201,2019-11-07T00:58:59.201Z,sell,5.762e-05,67.0,0.00386054
BCD/BTC,1573088339279,2019-11-07T00:58:59.279Z,sell,5.762e-05,983.0,0.05664046
BCD/BTC,1573088339478,2019-11-07T00:58:59.478Z,sell,5.762e-05,59.0,0.00339958
BCD/BTC,1573088340255,2019-11-07T00:59:00.255Z,buy,5.756e-05,25.0,0.001439
BCD/BTC,1573088341387,2019-11-07T00:59:01.387Z,sell,5.722e-05,6.0,0.00034332
BCD/BTC,1573088341449,2019-11-07T00:59:01.449Z,sell,5.722e-05,17.0,0.0009727399999999
BCD/BTC,1573088341458,2019-11-07T00:59:01.458Z,sell,5.722e-05,89.0,0.00509258
BCD/BTC,1573088341493,2019-11-07T00:59:01.493Z,buy,5.756e-05,25.0,0.001439
BCD/BTC,1573088344618,2019-11-07T00:59:04.618Z,buy,5.755e-05,182.0,0.0104741
BCD/BTC,1573088344618,2019-11-07T00:59:04.618Z,buy,5.756e-05,330.0,0.0189948
BCD/BTC,1573088346265,2019-11-07T00:59:06.265Z,sell,5.714e-05,21.0,0.00119994
BCD/BTC,1573088356163,2019-11-07T00:59:16.163Z,sell,5.738e-05,6.0,0.00034428
BCD/BTC,1573088356163,2019-11-07T00:59:16.163Z,sell,5.719e-05,24.0,0.00137256
BCD/BTC,1573088357542,2019-11-07T00:59:17.542Z,sell,5.719e-05,311.0,0.01778609
BCD/BTC,1573088369975,2019-11-07T00:59:29.975Z,sell,5.72e-05,153.0,0.0087516
BCD/BTC,1573088369975,2019-11-07T00:59:29.975Z,sell,5.719e-05,11.0,0.00062909
BCD/BTC,1573088372621,2019-11-07T00:59:32.621Z,buy,5.735e-05,21.0,0.0012043499999999
BCD/BTC,1573088372621,2019-11-07T00:59:32.621Z,buy,5.754e-05,77.0,0.00443058
BCD/BTC,1573088372621,2019-11-07T00:59:32.621Z,buy,5.755e-05,291.0,0.01674705
BCD/BTC,1573088372621,2019-11-07T00:59:32.621Z,buy,5.756e-05,1119.0,0.06440964
BCD/BTC,1573088372621,2019-11-07T00:59:32.621Z,buy,5.762e-05,17.0,0.00097954
BCD/BTC,1573088372621,2019-11-07T00:59:32.621Z,buy,5.766e-05,26.0,0.00149916
BCD/BTC,1573088372621,2019-11-07T00:59:32.621Z,buy,5.767e-05,2.0,0.00011534
BCD/BTC,1573088372621,2019-11-07T00:59:32.621Z,buy,5.769e-05,97.0,0.00559593
BCD/BTC,1573088372621,2019-11-07T00:59:32.621Z,buy,5.771e-05,18.0,0.00103878
BCD/BTC,1573088372621,2019-11-07T00:59:32.621Z,buy,5.772e-05,3.0,0.00017316
BCD/BTC,1573088372621,2019-11-07T00:59:32.621Z,buy,5.773e-05,13.0,0.0007504899999999
BCD/BTC,1573088372621,2019-11-07T00:59:32.621Z,buy,5.774e-05,27.0,0.00155898
BCD/BTC,1573088372621,2019-11-07T00:59:32.621Z,buy,5.778e-05,3.0,0.00017334
BCD/BTC,1573088372621,2019-11-07T00:59:32.621Z,buy,5.78e-05,356.0,0.0205768
BCD/BTC,1573088379128,2019-11-07T00:59:39.128Z,buy,5.779e-05,102.0,0.00589458
BCD/BTC,1573088379128,2019-11-07T00:59:39.128Z,buy,5.78e-05,207.0,0.0119646
BCD/BTC,1573088388580,2019-11-07T00:59:48.580Z,sell,5.744e-05,6.0,0.00034464
BCD/BTC,1573088391425,2019-11-07T00:59:51.425Z,sell,5.744e-05,35.0,0.0020104
BCD/BTC,1573088420038,2019-11-07T01:00:20.038Z,buy,5.746e-05,79.0,0.00453934
BCD/BTC,1573088420038,2019-11-07T01:00:20.038Z,buy,5.747e-05,121.0,0.00695387
BCD/BTC,1573088449925,2019-11-07T01:00:49.925Z,buy,5.746e-05,88.0,0.00505648
BCD/BTC,1573088449925,2019-11-07T01:00:49.925Z,buy,5.747e-05,406.0,0.0233328199999999
BCD/BTC,1573088449925,2019-11-07T01:00:49.925Z,buy,5.752e-05,70.0,0.0040264
BCD/BTC,1573088574460,2019-11-07T01:02:54.460Z,sell,5.756e-05,16.0,0.00092096
BCD/BTC,1573088588532,2019-11-07T01:03:08.532Z,sell,5.756e-05,14.0,0.0008058399999999
BCD/BTC,1573088627025,2019-11-07T01:03:47.025Z,buy,5.777e-05,17.0,0.00098209
BCD/BTC,1573088690337,2019-11-07T01:04:50.337Z,sell,5.756e-05,35.0,0.0020146
BCD/BTC,1573088760702,2019-11-07T01:06:00.702Z,buy,5.777e-05,53.0,0.00306181
BCD/BTC,1573088777728,2019-11-07T01:06:17.728Z,buy,5.778e-05,70.0,0.0040446
BCD/BTC,1573088791492,2019-11-07T01:06:31.492Z,buy,5.779e-05,176.0,0.01017104
BCD/BTC,1573088794416,2019-11-07T01:06:34.416Z,sell,5.756e-05,504.0,0.02901024
BCD/BTC,1573088794416,2019-11-07T01:06:34.416Z,sell,5.755e-05,1376.0,0.0791888
BCD/BTC,1573088799834,2019-11-07T01:06:39.834Z,buy,5.78e-05,377.0,0.0217906
BCD/BTC,1573088804155,2019-11-07T01:06:44.155Z,sell,5.756e-05,9.0,0.00051804
BCD/BTC,1573088805172,2019-11-07T01:06:45.172Z,sell,5.756e-05,9.0,0.00051804
BCD/BTC,1573088811363,2019-11-07T01:06:51.363Z,buy,5.783e-05,78.0,0.00451074
BCD/BTC,1573088830560,2019-11-07T01:07:10.560Z,buy,5.759e-05,216.0,0.01243944
BCD/BTC,1573088835335,2019-11-07T01:07:15.335Z,buy,5.759e-05,171.0,0.00984789
BCD/BTC,1573088836284,2019-11-07T01:07:16.284Z,sell,5.758e-05,167.0,0.00961586
BCD/BTC,1573088836284,2019-11-07T01:07:16.284Z,sell,5.757e-05,182.0,0.01047774
BCD/BTC,1573088846854,2019-11-07T01:07:26.854Z,sell,5.759e-05,128.0,0.00737152
BCD/BTC,1573089028474,2019-11-07T01:10:28.474Z,sell,5.757e-05,30.0,0.0017271
BCD/BTC,1573089028611,2019-11-07T01:10:28.611Z,sell,5.757e-05,264.0,0.01519848
BCD/BTC,1573089028611,2019-11-07T01:10:28.611Z,sell,5.756e-05,109.0,0.00627404
BCD/BTC,1573089028642,2019-11-07T01:10:28.642Z,sell,5.756e-05,142.0,0.00817352
BCD/BTC,1573089064471,2019-11-07T01:11:04.471Z,sell,5.756e-05,135.0,0.0077706
BCD/BTC,1573089150686,2019-11-07T01:12:30.686Z,sell,5.756e-05,50.0,0.002878
BCD/BTC,1573089151060,2019-11-07T01:12:31.060Z,sell,5.756e-05,1.0,5.756e-05
BCD/BTC,1573089151060,2019-11-07T01:12:31.060Z,sell,5.755e-05,49.0,0.00281995
BCD/BTC,1573089160959,2019-11-07T01:12:40.959Z,sell,5.755e-05,50.0,0.0028775
BCD/BTC,1573089161719,2019-11-07T01:12:41.719Z,sell,5.755e-05,50.0,0.0028775
BCD/BTC,1573089162069,2019-11-07T01:12:42.069Z,sell,5.755e-05,50.0,0.0028775
BCD/BTC,1573089162526,2019-11-07T01:12:42.526Z,sell,5.755e-05,724.0,0.0416662
BCD/BTC,1573089162668,2019-11-07T01:12:42.668Z,sell,5.755e-05,56.0,0.0032228
BCD/BTC,1573089163058,2019-11-07T01:12:43.058Z,sell,5.755e-05,52.0,0.0029926
BCD/BTC,1573089163930,2019-11-07T01:12:43.930Z,sell,5.755e-05,51.0,0.00293505
BCD/BTC,1573089164154,2019-11-07T01:12:44.154Z,sell,5.755e-05,52.0,0.0029926
BCD/BTC,1573089167372,2019-11-07T01:12:47.372Z,sell,5.755e-05,31.0,0.00178405
BCD/BTC,1573089203715,2019-11-07T01:13:23.715Z,buy,5.756e-05,400.0,0.023024
BCD/BTC,1573089204668,2019-11-07T01:13:24.668Z,buy,5.756e-05,599.0,0.03447844
BCD/BTC,1573089272772,2019-11-07T01:14:32.772Z,sell,5.756e-05,50.0,0.002878
BCD/BTC,1573089273102,2019-11-07T01:14:33.102Z,sell,5.756e-05,50.0,0.002878
BCD/BTC,1573089276286,2019-11-07T01:14:36.286Z,sell,5.756e-05,50.0,0.002878
BCD/BTC,1573089276504,2019-11-07T01:14:36.504Z,sell,5.756e-05,50.0,0.002878
BCD/BTC,1573089277393,2019-11-07T01:14:37.393Z,sell,5.756e-05,50.0,0.002878
BCD/BTC,1573089277657,2019-11-07T01:14:37.657Z,sell,5.756e-05,50.0,0.002878
BCD/BTC,1573089281114,2019-11-07T01:14:41.114Z,sell,5.756e-05,66.0,0.0037989599999999
BCD/BTC,1573089281342,2019-11-07T01:14:41.342Z,sell,5.756e-05,50.0,0.002878
BCD/BTC,1573089282169,2019-11-07T01:14:42.169Z,sell,5.756e-05,50.0,0.002878
BCD/BTC,1573089282400,2019-11-07T01:14:42.400Z,sell,5.756e-05,65.0,0.0037413999999999
BCD/BTC,1573089286595,2019-11-07T01:14:46.595Z,sell,5.756e-05,312.0,0.01795872
BCD/BTC,1573089286806,2019-11-07T01:14:46.806Z,sell,5.756e-05,104.0,0.0059862399999999
BCD/BTC,1573089287113,2019-11-07T01:14:47.113Z,sell,5.756e-05,9.0,0.00051804
BCD/BTC,1573089287113,2019-11-07T01:14:47.113Z,sell,5.755e-05,21.0,0.00120855
BCD/BTC,1573089287131,2019-11-07T01:14:47.131Z,sell,5.755e-05,107.0,0.00615785
BCD/BTC,1573089287800,2019-11-07T01:14:47.800Z,sell,5.756e-05,96.0,0.0055257599999999
BCD/BTC,1573089288093,2019-11-07T01:14:48.093Z,sell,5.756e-05,28.0,0.0016116799999999
BCD/BTC,1573089288093,2019-11-07T01:14:48.093Z,sell,5.755e-05,100.0,0.005755
BCD/BTC,1573089288296,2019-11-07T01:14:48.296Z,sell,5.755e-05,131.0,0.00753905
BCD/BTC,1573089288339,2019-11-07T01:14:48.339Z,sell,5.755e-05,44.0,0.0025322
BCD/BTC,1573089288823,2019-11-07T01:14:48.823Z,sell,5.755e-05,210.0,0.0120855
BCD/BTC,1573089288913,2019-11-07T01:14:48.913Z,sell,5.755e-05,62.0,0.0035681
BCD/BTC,1573089289163,2019-11-07T01:14:49.163Z,sell,5.755e-05,26.0,0.0014963
BCD/BTC,1573089321948,2019-11-07T01:15:21.948Z,sell,5.748e-05,49.0,0.00281652
BCD/BTC,1573089590240,2019-11-07T01:19:50.240Z,buy,5.764e-05,166.0,0.0095682399999999
BCD/BTC,1573089590240,2019-11-07T01:19:50.240Z,buy,5.765e-05,312.0,0.0179868
BCD/BTC,1573089682016,2019-11-07T01:21:22.016Z,buy,5.765e-05,327.0,0.0188515499999999
BCD/BTC,1573089688554,2019-11-07T01:21:28.554Z,buy,5.772e-05,347.0,0.02002884
BCD/BTC,1573089692840,2019-11-07T01:21:32.840Z,buy,5.773e-05,70.0,0.0040411
BCD/BTC,1573089692840,2019-11-07T01:21:32.840Z,buy,5.783e-05,230.0,0.0133009
BCD/BTC,1573089692840,2019-11-07T01:21:32.840Z,buy,5.784e-05,72.0,0.00416448
BCD/BTC,1573089692840,2019-11-07T01:21:32.840Z,buy,5.785e-05,748.0,0.0432718
BCD/BTC,1573089692840,2019-11-07T01:21:32.840Z,buy,5.786e-05,70.0,0.0040501999999999
BCD/BTC,1573089741637,2019-11-07T01:22:21.637Z,sell,5.759e-05,9.0,0.00051831
BCD/BTC,1573089742686,2019-11-07T01:22:22.686Z,sell,5.759e-05,20.0,0.0011518
BCD/BTC,1573089743732,2019-11-07T01:22:23.732Z,sell,5.759e-05,24.0,0.00138216
BCD/BTC,1573089743732,2019-11-07T01:22:23.732Z,sell,5.759e-05,24.0,0.00138216
BCD/BTC,1573089934719,2019-11-07T01:25:34.719Z,sell,5.765e-05,133.0,0.00766745
BCD/BTC,1573089934750,2019-11-07T01:25:34.750Z,sell,5.765e-05,57.0,0.00328605
BCD/BTC,1573089934958,2019-11-07T01:25:34.958Z,sell,5.766e-05,109.0,0.00628494
BCD/BTC,1573089935085,2019-11-07T01:25:35.085Z,sell,5.766e-05,9.0,0.00051894
BCD/BTC,1573089935085,2019-11-07T01:25:35.085Z,sell,5.765e-05,239.0,0.01377835
BCD/BTC,1573089935085,2019-11-07T01:25:35.085Z,sell,5.764e-05,149.0,0.00858836
BCD/BTC,1573089935134,2019-11-07T01:25:35.134Z,sell,5.764e-05,12.0,0.00069168
BCD/BTC,1573089936074,2019-11-07T01:25:36.074Z,sell,5.764e-05,133.0,0.0076661199999999
BCD/BTC,1573089936512,2019-11-07T01:25:36.512Z,sell,5.764e-05,197.0,0.01135508
BCD/BTC,1573089937289,2019-11-07T01:25:37.289Z,sell,5.764e-05,134.0,0.00772376
BCD/BTC,1573089937720,2019-11-07T01:25:37.720Z,sell,5.764e-05,30.0,0.0017292
BCD/BTC,1573089938301,2019-11-07T01:25:38.301Z,sell,5.764e-05,15.0,0.0008646
BCD/BTC,1573090006900,2019-11-07T01:26:46.900Z,sell,5.764e-05,6.0,0.00034584
BCD/BTC,1573090006900,2019-11-07T01:26:46.900Z,sell,5.759e-05,165.0,0.00950235
BCD/BTC,1573090097526,2019-11-07T01:28:17.526Z,sell,5.761e-05,53.0,0.00305333
BCD/BTC,1573090203471,2019-11-07T01:30:03.471Z,sell,5.761e-05,28.0,0.00161308
BCD/BTC,1573090204644,2019-11-07T01:30:04.644Z,sell,5.761e-05,50.0,0.0028805
BCD/BTC,1573090205493,2019-11-07T01:30:05.493Z,sell,5.761e-05,50.0,0.0028805
BCD/BTC,1573090206607,2019-11-07T01:30:06.607Z,sell,5.761e-05,50.0,0.0028805
BCD/BTC,1573090209417,2019-11-07T01:30:09.417Z,sell,5.761e-05,50.0,0.0028805
BCD/BTC,1573090259496,2019-11-07T01:30:59.496Z,buy,5.777e-05,370.0,0.0213749
BCD/BTC,1573090259496,2019-11-07T01:30:59.496Z,buy,5.778e-05,676.0,0.03905928
BCD/BTC,1573090259496,2019-11-07T01:30:59.496Z,buy,5.785e-05,230.0,0.0133055
BCD/BTC,1573090259496,2019-11-07T01:30:59.496Z,buy,5.786e-05,240.0,0.0138864
BCD/BTC,1573090259496,2019-11-07T01:30:59.496Z,buy,5.787e-05,262.0,0.01516194
BCD/BTC,1573090259496,2019-11-07T01:30:59.496Z,buy,5.789e-05,112.0,0.00648368
BCD/BTC,1573090259496,2019-11-07T01:30:59.496Z,buy,5.79e-05,20.0,0.001158
BCD/BTC,1573090259496,2019-11-07T01:30:59.496Z,buy,5.797e-05,15.0,0.00086955
BCD/BTC,1573090259496,2019-11-07T01:30:59.496Z,buy,5.799e-05,132.0,0.00765468
BCD/BTC,1573090259496,2019-11-07T01:30:59.496Z,buy,5.8e-05,333.0,0.019314
BCD/BTC,1573090262823,2019-11-07T01:31:02.823Z,sell,5.765e-05,30.0,0.0017295
BCD/BTC,1573090263143,2019-11-07T01:31:03.143Z,sell,5.765e-05,30.0,0.0017295
BCD/BTC,1573090263386,2019-11-07T01:31:03.386Z,sell,5.765e-05,17.0,0.0009800499999999
BCD/BTC,1573090263386,2019-11-07T01:31:03.386Z,sell,5.764e-05,55.0,0.0031701999999999
BCD/BTC,1573090263699,2019-11-07T01:31:03.699Z,sell,5.765e-05,51.0,0.00294015
BCD/BTC,1573090263699,2019-11-07T01:31:03.699Z,sell,5.764e-05,64.0,0.00368896
BCD/BTC,1573090263894,2019-11-07T01:31:03.894Z,sell,5.765e-05,31.0,0.00178715
BCD/BTC,1573090264630,2019-11-07T01:31:04.630Z,sell,5.765e-05,71.0,0.00409315
BCD/BTC,1573090264630,2019-11-07T01:31:04.630Z,sell,5.764e-05,33.0,0.00190212
BCD/BTC,1573090265007,2019-11-07T01:31:05.007Z,sell,5.764e-05,44.0,0.00253616
BCD/BTC,1573090265311,2019-11-07T01:31:05.311Z,sell,5.764e-05,104.0,0.0059945599999999
BCD/BTC,1573090265708,2019-11-07T01:31:05.708Z,sell,5.764e-05,56.0,0.00322784
BCD/BTC,1573090266656,2019-11-07T01:31:06.656Z,sell,5.764e-05,9.0,0.00051876
BCD/BTC,1573090267299,2019-11-07T01:31:07.299Z,sell,5.764e-05,6.0,0.00034584
BCD/BTC,1573090267299,2019-11-07T01:31:07.299Z,sell,5.762e-05,44.0,0.00253528
BCD/BTC,1573090267631,2019-11-07T01:31:07.631Z,sell,5.762e-05,50.0,0.002881
BCD/BTC,1573090268655,2019-11-07T01:31:08.655Z,sell,5.762e-05,50.0,0.002881
BCD/BTC,1573090269349,2019-11-07T01:31:09.349Z,sell,5.763e-05,56.0,0.00322728
BCD/BTC,1573090270592,2019-11-07T01:31:10.592Z,sell,5.763e-05,16.0,0.00092208
BCD/BTC,1573090273627,2019-11-07T01:31:13.627Z,sell,5.764e-05,54.0,0.00311256
BCD/BTC,1573090274334,2019-11-07T01:31:14.334Z,sell,5.764e-05,61.0,0.00351604
BCD/BTC,1573090274573,2019-11-07T01:31:14.573Z,sell,5.764e-05,44.0,0.00253616
BCD/BTC,1573090275311,2019-11-07T01:31:15.311Z,sell,5.765e-05,56.0,0.0032283999999999
BCD/BTC,1573090275704,2019-11-07T01:31:15.704Z,sell,5.765e-05,98.0,0.0056497
BCD/BTC,1573090276802,2019-11-07T01:31:16.802Z,sell,5.765e-05,14.0,0.0008070999999999
BCD/BTC,1573090278494,2019-11-07T01:31:18.494Z,sell,5.765e-05,2.0,0.0001153
BCD/BTC,1573090278494,2019-11-07T01:31:18.494Z,sell,5.764e-05,54.0,0.00311256
BCD/BTC,1573090279618,2019-11-07T01:31:19.618Z,sell,5.764e-05,3.0,0.00017292
BCD/BTC,1573090279618,2019-11-07T01:31:19.618Z,sell,5.763e-05,53.0,0.00305439
BCD/BTC,1573090280016,2019-11-07T01:31:20.016Z,sell,5.763e-05,18.0,0.00103734
BCD/BTC,1573090290819,2019-11-07T01:31:30.819Z,buy,5.782e-05,36.0,0.00208152
BCD/BTC,1573090290819,2019-11-07T01:31:30.819Z,buy,5.797e-05,231.0,0.01339107
BCD/BTC,1573090290819,2019-11-07T01:31:30.819Z,buy,5.798e-05,369.0,0.02139462
BCD/BTC,1573090290819,2019-11-07T01:31:30.819Z,buy,5.8e-05,1864.0,0.108112
BCD/BTC,1573090292097,2019-11-07T01:31:32.097Z,sell,5.765e-05,31.0,0.00178715
BCD/BTC,1573090292314,2019-11-07T01:31:32.314Z,sell,5.765e-05,20.0,0.001153
BCD/BTC,1573090292668,2019-11-07T01:31:32.668Z,sell,5.766e-05,24.0,0.00138384
BCD/BTC,1573090292787,2019-11-07T01:31:32.787Z,buy,5.797e-05,9.0,0.00052173
BCD/BTC,1573090293204,2019-11-07T01:31:33.204Z,sell,5.767e-05,30.0,0.0017301
BCD/BTC,1573090299698,2019-11-07T01:31:39.698Z,buy,5.797e-05,81.0,0.00469557
BCD/BTC,1573090299698,2019-11-07T01:31:39.698Z,buy,5.798e-05,160.0,0.0092768
BCD/BTC,1573090299698,2019-11-07T01:31:39.698Z,buy,5.8e-05,2259.0,0.131022
BCD/BTC,1573090302114,2019-11-07T01:31:42.114Z,buy,5.798e-05,25.0,0.0014494999999999
BCD/BTC,1573090303396,2019-11-07T01:31:43.396Z,buy,5.768e-05,7.0,0.0004037599999999
BCD/BTC,1573090303396,2019-11-07T01:31:43.396Z,buy,5.797e-05,18.0,0.00104346
BCD/BTC,1573090304464,2019-11-07T01:31:44.464Z,buy,5.797e-05,25.0,0.00144925
BCD/BTC,1573090305149,2019-11-07T01:31:45.149Z,buy,5.797e-05,62.0,0.00359414
BCD/BTC,1573090305593,2019-11-07T01:31:45.593Z,buy,5.799e-05,25.0,0.0014497499999999
BCD/BTC,1573090306740,2019-11-07T01:31:46.740Z,buy,5.797e-05,25.0,0.00144925
BCD/BTC,1573090307923,2019-11-07T01:31:47.923Z,buy,5.796e-05,25.0,0.001449
BCD/BTC,1573090308637,2019-11-07T01:31:48.637Z,buy,5.795e-05,70.0,0.0040565
BCD/BTC,1573090309031,2019-11-07T01:31:49.031Z,buy,5.797e-05,25.0,0.00144925
BCD/BTC,1573090310112,2019-11-07T01:31:50.112Z,buy,5.797e-05,20.0,0.0011594
BCD/BTC,1573090310112,2019-11-07T01:31:50.112Z,buy,5.8e-05,5.0,0.00029
BCD/BTC,1573090311422,2019-11-07T01:31:51.422Z,buy,5.795e-05,25.0,0.00144875
BCD/BTC,1573090311633,2019-11-07T01:31:51.633Z,buy,5.795e-05,189.0,0.01095255
BCD/BTC,1573090313133,2019-11-07T01:31:53.133Z,buy,5.796e-05,25.0,0.001449
BCD/BTC,1573090314091,2019-11-07T01:31:54.091Z,buy,5.792e-05,25.0,0.001448
BCD/BTC,1573090315044,2019-11-07T01:31:55.044Z,buy,5.793e-05,25.0,0.00144825
BCD/BTC,1573090316155,2019-11-07T01:31:56.155Z,buy,5.793e-05,25.0,0.00144825
BCD/BTC,1573090320979,2019-11-07T01:32:00.979Z,sell,5.776e-05,3.0,0.00017328
BCD/BTC,1573090320979,2019-11-07T01:32:00.979Z,sell,5.775e-05,3.0,0.00017325
BCD/BTC,1573090323317,2019-11-07T01:32:03.317Z,buy,5.775e-05,1.0,5.775e-05
BCD/BTC,1573090328805,2019-11-07T01:32:08.805Z,sell,5.778e-05,50.0,0.002889
BCD/BTC,1573090332474,2019-11-07T01:32:12.474Z,sell,5.778e-05,50.0,0.002889
BCD/BTC,1573090332543,2019-11-07T01:32:12.543Z,sell,5.778e-05,50.0,0.002889
BCD/BTC,1573090335836,2019-11-07T01:32:15.836Z,sell,5.778e-05,2.0,0.00011556
BCD/BTC,1573090340080,2019-11-07T01:32:20.080Z,sell,5.778e-05,27.0,0.00156006
BCD/BTC,1573090340531,2019-11-07T01:32:20.531Z,sell,5.778e-05,30.0,0.0017334
BCD/BTC,1573090340597,2019-11-07T01:32:20.597Z,sell,5.778e-05,17.0,0.00098226
BCD/BTC,1573090349251,2019-11-07T01:32:29.251Z,sell,5.778e-05,20.0,0.0011556
BCD/BTC,1573090386886,2019-11-07T01:33:06.886Z,buy,5.791e-05,25.0,0.00144775
BCD/BTC,1573090387823,2019-11-07T01:33:07.823Z,buy,5.791e-05,25.0,0.00144775
BCD/BTC,1573090388977,2019-11-07T01:33:08.977Z,buy,5.791e-05,24.0,0.00138984
BCD/BTC,1573090388977,2019-11-07T01:33:08.977Z,buy,5.792e-05,1.0,5.792e-05
BCD/BTC,1573090389993,2019-11-07T01:33:09.993Z,buy,5.792e-05,69.0,0.00399648
BCD/BTC,1573090390065,2019-11-07T01:33:10.065Z,buy,5.793e-05,10.0,0.0005793
BCD/BTC,1573090390065,2019-11-07T01:33:10.065Z,buy,5.796e-05,15.0,0.0008694
BCD/BTC,1573090391618,2019-11-07T01:33:11.618Z,buy,5.796e-05,4.0,0.00023184
BCD/BTC,1573090391618,2019-11-07T01:33:11.618Z,buy,5.798e-05,21.0,0.00121758
BCD/BTC,1573090392776,2019-11-07T01:33:12.776Z,buy,5.799e-05,25.0,0.0014497499999999
BCD/BTC,1573090394126,2019-11-07T01:33:14.126Z,buy,5.799e-05,25.0,0.0014497499999999
BCD/BTC,1573090428557,2019-11-07T01:33:48.557Z,buy,5.798e-05,25.0,0.0014494999999999
BCD/BTC,1573090429525,2019-11-07T01:33:49.525Z,buy,5.799e-05,25.0,0.0014497499999999
BCD/BTC,1573090430508,2019-11-07T01:33:50.508Z,buy,5.799e-05,25.0,0.0014497499999999
BCD/BTC,1573090431490,2019-11-07T01:33:51.490Z,buy,5.798e-05,25.0,0.0014494999999999
BCD/BTC,1573090431768,2019-11-07T01:33:51.768Z,buy,5.798e-05,307.0,0.01779986
BCD/BTC,1573090432585,2019-11-07T01:33:52.585Z,buy,5.799e-05,25.0,0.0014497499999999
BCD/BTC,1573090433532,2019-11-07T01:33:53.532Z,buy,5.799e-05,25.0,0.0014497499999999
BCD/BTC,1573090434480,2019-11-07T01:33:54.480Z,buy,5.798e-05,8.0,0.00046384
BCD/BTC,1573090434480,2019-11-07T01:33:54.480Z,buy,5.799e-05,17.0,0.00098583
BCD/BTC,1573090435746,2019-11-07T01:33:55.746Z,buy,5.799e-05,25.0,0.0014497499999999
BCD/BTC,1573090437030,2019-11-07T01:33:57.030Z,buy,5.799e-05,25.0,0.0014497499999999
BCD/BTC,1573090438085,2019-11-07T01:33:58.085Z,buy,5.799e-05,25.0,0.0014497499999999
BCD/BTC,1573090439089,2019-11-07T01:33:59.089Z,buy,5.799e-05,25.0,0.0014497499999999
BCD/BTC,1573090440037,2019-11-07T01:34:00.037Z,buy,5.799e-05,25.0,0.0014497499999999
BCD/BTC,1573090440967,2019-11-07T01:34:00.967Z,buy,5.799e-05,25.0,0.0014497499999999
BCD/BTC,1573090441978,2019-11-07T01:34:01.978Z,buy,5.799e-05,25.0,0.0014497499999999
BCD/BTC,1573090443891,2019-11-07T01:34:03.891Z,buy,5.799e-05,25.0,0.0014497499999999
BCD/BTC,1573090445074,2019-11-07T01:34:05.074Z,buy,5.799e-05,25.0,0.0014497499999999
BCD/BTC,1573090447964,2019-11-07T01:34:07.964Z,buy,5.799e-05,17.0,0.00098583
BCD/BTC,1573090500573,2019-11-07T01:35:00.573Z,sell,5.778e-05,3.0,0.00017334
BCD/BTC,1573090592788,2019-11-07T01:36:32.788Z,sell,5.778e-05,10.0,0.0005778
BCD/BTC,1573090592788,2019-11-07T01:36:32.788Z,sell,5.771e-05,346.0,0.01996766
BCD/BTC,1573090592788,2019-11-07T01:36:32.788Z,sell,5.77e-05,131.0,0.0075587
BCD/BTC,1573090594836,2019-11-07T01:36:34.836Z,buy,5.766e-05,25.0,0.0014415
BCD/BTC,1573090596018,2019-11-07T01:36:36.018Z,buy,5.766e-05,8.0,0.00046128
BCD/BTC,1573090596018,2019-11-07T01:36:36.018Z,buy,5.798e-05,17.0,0.00098566
BCD/BTC,1573090606156,2019-11-07T01:36:46.156Z,buy,5.774e-05,24.0,0.00138576
BCD/BTC,1573090606156,2019-11-07T01:36:46.156Z,buy,5.798e-05,1.0,5.798e-05
BCD/BTC,1573090802879,2019-11-07T01:40:02.879Z,sell,5.771e-05,18.0,0.00103878
BCD/BTC,1573090802879,2019-11-07T01:40:02.879Z,sell,5.77e-05,4.0,0.0002308
BCD/BTC,1573090808237,2019-11-07T01:40:08.237Z,buy,5.769e-05,175.0,0.01009575
BCD/BTC,1573090983710,2019-11-07T01:43:03.710Z,buy,5.799e-05,340.0,0.0197166
BCD/BTC,1573091094289,2019-11-07T01:44:54.289Z,buy,5.799e-05,34.0,0.00197166
BCD/BTC,1573091094289,2019-11-07T01:44:54.289Z,buy,5.8e-05,2921.0,0.169418
BCD/BTC,1573091137086,2019-11-07T01:45:37.086Z,sell,5.771e-05,8.0,0.00046168
BCD/BTC,1573091258451,2019-11-07T01:47:38.451Z,sell,5.774e-05,42.0,0.00242508
BCD/BTC,1573091259277,2019-11-07T01:47:39.277Z,sell,5.774e-05,25.0,0.0014435
BCD/BTC,1573091289755,2019-11-07T01:48:09.755Z,sell,5.774e-05,16.0,0.00092384
BCD/BTC,1573092016960,2019-11-07T02:00:16.960Z,sell,5.769e-05,346.0,0.0199607399999999
BCD/BTC,1573092016960,2019-11-07T02:00:16.960Z,sell,5.768e-05,198.0,0.01142064
BCD/BTC,1573092016960,2019-11-07T02:00:16.960Z,sell,5.761e-05,433.0,0.02494513
BCD/BTC,1573092016960,2019-11-07T02:00:16.960Z,sell,5.755e-05,116.0,0.0066758
BCD/BTC,1573092018378,2019-11-07T02:00:18.378Z,sell,5.768e-05,151.0,0.00870968
BCD/BTC,1573092019284,2019-11-07T02:00:19.284Z,sell,5.762e-05,25.0,0.0014405
BCD/BTC,1573092020498,2019-11-07T02:00:20.498Z,sell,5.756e-05,25.0,0.001439
BCD/BTC,1573092020898,2019-11-07T02:00:20.898Z,sell,5.756e-05,35.0,0.0020146
BCD/BTC,1573092021809,2019-11-07T02:00:21.809Z,sell,5.756e-05,25.0,0.001439
BCD/BTC,1573092022854,2019-11-07T02:00:22.854Z,sell,5.756e-05,25.0,0.001439
BCD/BTC,1573092024046,2019-11-07T02:00:24.046Z,sell,5.756e-05,22.0,0.00126632
BCD/BTC,1573092024046,2019-11-07T02:00:24.046Z,sell,5.754e-05,3.0,0.00017262
BCD/BTC,1573092025517,2019-11-07T02:00:25.517Z,sell,5.757e-05,25.0,0.00143925
BCD/BTC,1573092026703,2019-11-07T02:00:26.703Z,sell,5.757e-05,25.0,0.00143925
BCD/BTC,1573092028341,2019-11-07T02:00:28.341Z,sell,5.755e-05,25.0,0.00143875
BCD/BTC,1573092029831,2019-11-07T02:00:29.831Z,sell,5.755e-05,25.0,0.00143875
BCD/BTC,1573092031446,2019-11-07T02:00:31.446Z,sell,5.755e-05,25.0,0.00143875
BCD/BTC,1573092107019,2019-11-07T02:01:47.019Z,buy,5.786e-05,346.0,0.02001956
BCD/BTC,1573092107019,2019-11-07T02:01:47.019Z,buy,5.787e-05,192.0,0.0111110399999999
BCD/BTC,1573092597613,2019-11-07T02:09:57.613Z,sell,5.775e-05,60.0,0.003465
BCD/BTC,1573092613637,2019-11-07T02:10:13.637Z,sell,5.778e-05,25.0,0.0014445
BCD/BTC,1573092614671,2019-11-07T02:10:14.671Z,sell,5.778e-05,25.0,0.0014445
BCD/BTC,1573092615776,2019-11-07T02:10:15.776Z,sell,5.778e-05,22.0,0.00127116
BCD/BTC,1573092615776,2019-11-07T02:10:15.776Z,sell,5.777e-05,3.0,0.0001733099999999
BCD/BTC,1573092616724,2019-11-07T02:10:16.724Z,sell,5.778e-05,25.0,0.0014445
BCD/BTC,1573092617677,2019-11-07T02:10:17.677Z,sell,5.778e-05,25.0,0.0014445
BCD/BTC,1573092618627,2019-11-07T02:10:18.627Z,sell,5.778e-05,8.0,0.00046224
BCD/BTC,1573092618627,2019-11-07T02:10:18.627Z,sell,5.777e-05,17.0,0.00098209
BCD/BTC,1573092619647,2019-11-07T02:10:19.647Z,sell,5.778e-05,25.0,0.0014445
BCD/BTC,1573092620820,2019-11-07T02:10:20.820Z,sell,5.778e-05,25.0,0.0014445
BCD/BTC,1573092621800,2019-11-07T02:10:21.800Z,sell,5.778e-05,25.0,0.0014445
BCD/BTC,1573092622926,2019-11-07T02:10:22.926Z,sell,5.778e-05,25.0,0.0014445
BCD/BTC,1573092623549,2019-11-07T02:10:23.549Z,sell,5.778e-05,17.0,0.00098226
BCD/BTC,1573092623549,2019-11-07T02:10:23.549Z,sell,5.777e-05,668.0,0.03859036
BCD/BTC,1573092623549,2019-11-07T02:10:23.549Z,sell,5.776e-05,438.0,0.02529888
BCD/BTC,1573092624763,2019-11-07T02:10:24.763Z,sell,5.776e-05,171.0,0.00987696
BCD/BTC,1573092787968,2019-11-07T02:13:07.968Z,sell,5.778e-05,537.0,0.03102786
BCD/BTC,1573092787968,2019-11-07T02:13:07.968Z,sell,5.777e-05,503.0,0.02905831
BCD/BTC,1573092813063,2019-11-07T02:13:33.063Z,sell,5.777e-05,2500.0,0.144425
BCD/BTC,1573092835643,2019-11-07T02:13:55.643Z,sell,5.777e-05,1262.0,0.07290574
BCD/BTC,1573092838234,2019-11-07T02:13:58.234Z,sell,5.776e-05,25.0,0.001444
BCD/BTC,1573092839488,2019-11-07T02:13:59.488Z,sell,5.776e-05,25.0,0.001444
BCD/BTC,1573092840559,2019-11-07T02:14:00.559Z,sell,5.776e-05,25.0,0.001444
BCD/BTC,1573092841622,2019-11-07T02:14:01.622Z,sell,5.776e-05,25.0,0.001444
BCD/BTC,1573092842353,2019-11-07T02:14:02.353Z,sell,5.776e-05,1764.0,0.10188864
BCD/BTC,1573092842718,2019-11-07T02:14:02.718Z,sell,5.757e-05,2.0,0.00011514
BCD/BTC,1573092842718,2019-11-07T02:14:02.718Z,sell,5.749e-05,23.0,0.00132227
BCD/BTC,1573092848722,2019-11-07T02:14:08.722Z,sell,5.762e-05,4.0,0.00023048
BCD/BTC,1573092848722,2019-11-07T02:14:08.722Z,sell,5.749e-05,290.0,0.0166721
BCD/BTC,1573092848722,2019-11-07T02:14:08.722Z,sell,5.748e-05,160.0,0.0091968
BCD/BTC,1573092955061,2019-11-07T02:15:55.061Z,sell,5.757e-05,2.0,0.00011514
BCD/BTC,1573092955061,2019-11-07T02:15:55.061Z,sell,5.748e-05,23.0,0.00132204
BCD/BTC,1573092956328,2019-11-07T02:15:56.328Z,sell,5.748e-05,25.0,0.001437
BCD/BTC,1573092957301,2019-11-07T02:15:57.301Z,sell,5.748e-05,25.0,0.001437
BCD/BTC,1573092958322,2019-11-07T02:15:58.322Z,sell,5.748e-05,25.0,0.001437
BCD/BTC,1573092959324,2019-11-07T02:15:59.324Z,sell,5.748e-05,25.0,0.001437
BCD/BTC,1573092960121,2019-11-07T02:16:00.121Z,sell,5.748e-05,1775.0,0.1020269999999999
BCD/BTC,1573092960121,2019-11-07T02:16:00.121Z,sell,5.743e-05,5.0,0.00028715
BCD/BTC,1573092960121,2019-11-07T02:16:00.121Z,sell,5.739e-05,207.0,0.01187973
BCD/BTC,1573092960121,2019-11-07T02:16:00.121Z,sell,5.738e-05,16.0,0.00091808
BCD/BTC,1573092960121,2019-11-07T02:16:00.121Z,sell,5.734e-05,5.0,0.0002867
BCD/BTC,1573092960121,2019-11-07T02:16:00.121Z,sell,5.726e-05,13.0,0.00074438
BCD/BTC,1573092960121,2019-11-07T02:16:00.121Z,sell,5.713e-05,59.0,0.0033706699999999
BCD/BTC,1573092960347,2019-11-07T02:16:00.347Z,sell,5.714e-05,25.0,0.0014284999999999
BCD/BTC,1573092962346,2019-11-07T02:16:02.346Z,sell,5.744e-05,2.0,0.00011488
BCD/BTC,1573093001167,2019-11-07T02:16:41.167Z,sell,5.717e-05,34.0,0.00194378
BCD/BTC,1573093039237,2019-11-07T02:17:19.237Z,buy,5.737e-05,43.0,0.00246691
BCD/BTC,1573093039425,2019-11-07T02:17:19.425Z,buy,5.737e-05,14.0,0.00080318
BCD/BTC,1573093039595,2019-11-07T02:17:19.595Z,buy,5.737e-05,2.0,0.00011474
BCD/BTC,1573093041404,2019-11-07T02:17:21.404Z,sell,5.743e-05,25.0,0.00143575
BCD/BTC,1573093042044,2019-11-07T02:17:22.044Z,buy,5.752e-05,230.0,0.0132296
BCD/BTC,1573093042044,2019-11-07T02:17:22.044Z,buy,5.753e-05,207.0,0.01190871
BCD/BTC,1573093042044,2019-11-07T02:17:22.044Z,buy,5.76e-05,2.0,0.0001152
BCD/BTC,1573093042044,2019-11-07T02:17:22.044Z,buy,5.761e-05,2.0,0.00011522
BCD/BTC,1573093042044,2019-11-07T02:17:22.044Z,buy,5.769e-05,5.0,0.00028845
BCD/BTC,1573093042044,2019-11-07T02:17:22.044Z,buy,5.773e-05,13.0,0.0007504899999999
BCD/BTC,1573093042044,2019-11-07T02:17:22.044Z,buy,5.777e-05,365.0,0.02108605
BCD/BTC,1573093042044,2019-11-07T02:17:22.044Z,buy,5.778e-05,19.0,0.00109782
BCD/BTC,1573093042044,2019-11-07T02:17:22.044Z,buy,5.779e-05,2.0,0.00011558
BCD/BTC,1573093042088,2019-11-07T02:17:22.088Z,sell,5.792e-05,67.0,0.00388064
BCD/BTC,1573093042094,2019-11-07T02:17:22.094Z,sell,5.792e-05,59.0,0.00341728
BCD/BTC,1573093042094,2019-11-07T02:17:22.094Z,sell,5.792e-05,28.0,0.00162176
BCD/BTC,1573093042129,2019-11-07T02:17:22.129Z,buy,5.768e-05,57.0,0.00328776
BCD/BTC,1573093042133,2019-11-07T02:17:22.133Z,buy,5.768e-05,31.0,0.0017880799999999
BCD/BTC,1573093042524,2019-11-07T02:17:22.524Z,buy,5.768e-05,40.0,0.0023071999999999
BCD/BTC,1573093042988,2019-11-07T02:17:22.988Z,sell,5.75e-05,2468.0,0.14191
BCD/BTC,1573093042988,2019-11-07T02:17:22.988Z,sell,5.743e-05,3.0,0.00017229
BCD/BTC,1573093042988,2019-11-07T02:17:22.988Z,sell,5.727e-05,42.0,0.0024053399999999
BCD/BTC,1573093042988,2019-11-07T02:17:22.988Z,sell,5.726e-05,76.0,0.00435176
BCD/BTC,1573093042988,2019-11-07T02:17:22.988Z,sell,5.711e-05,170.0,0.0097087
BCD/BTC,1573093042988,2019-11-07T02:17:22.988Z,sell,5.708e-05,1.0,5.708e-05
BCD/BTC,1573093057466,2019-11-07T02:17:37.466Z,sell,5.743e-05,3.0,0.00017229
BCD/BTC,1573093057466,2019-11-07T02:17:37.466Z,sell,5.736e-05,57.0,0.00326952
BCD/BTC,1573093085949,2019-11-07T02:18:05.949Z,sell,5.735e-05,18.0,0.0010322999999999
BCD/BTC,1573093165214,2019-11-07T02:19:25.214Z,sell,5.75e-05,11.0,0.0006325
BCD/BTC,1573093165214,2019-11-07T02:19:25.214Z,sell,5.736e-05,14.0,0.00080304
BCD/BTC,1573093208940,2019-11-07T02:20:08.940Z,sell,5.736e-05,25.0,0.001434
BCD/BTC,1573093210013,2019-11-07T02:20:10.013Z,sell,5.736e-05,25.0,0.001434
BCD/BTC,1573093210013,2019-11-07T02:20:10.013Z,sell,5.736e-05,25.0,0.001434
BCD/BTC,1573093353647,2019-11-07T02:22:33.647Z,buy,5.74e-05,26.0,0.0014924
BCD/BTC,1573093443835,2019-11-07T02:24:03.835Z,buy,5.763e-05,18.0,0.00103734
BCD/BTC,1573093506972,2019-11-07T02:25:06.972Z,buy,5.763e-05,5.0,0.00028815
BCD/BTC,1573093545344,2019-11-07T02:25:45.344Z,buy,5.759e-05,86.0,0.00495274
BCD/BTC,1573093803023,2019-11-07T02:30:03.023Z,sell,5.734e-05,5.0,0.0002867
BCD/BTC,1573093803023,2019-11-07T02:30:03.023Z,sell,5.728e-05,4.0,0.00022912
BCD/BTC,1573093975907,2019-11-07T02:32:55.907Z,buy,5.752e-05,82.0,0.00471664
BCD/BTC,1573094249040,2019-11-07T02:37:29.040Z,buy,5.75e-05,26.0,0.001495
BCD/BTC,1573094752880,2019-11-07T02:45:52.880Z,buy,5.75e-05,77.0,0.0044275
BCD/BTC,1573094752907,2019-11-07T02:45:52.907Z,buy,5.75e-05,265.0,0.0152375
BCD/BTC,1573094752907,2019-11-07T02:45:52.907Z,buy,5.751e-05,71.0,0.00408321
BCD/BTC,1573094793579,2019-11-07T02:46:33.579Z,buy,5.759e-05,95.0,0.00547105
BCD/BTC,1573094972743,2019-11-07T02:49:32.743Z,buy,5.755e-05,17.0,0.00097835
BCD/BTC,1573094973333,2019-11-07T02:49:33.333Z,buy,5.755e-05,65.0,0.00374075
BCD/BTC,1573094976240,2019-11-07T02:49:36.240Z,sell,5.755e-05,9.0,0.00051795
BCD/BTC,1573094978163,2019-11-07T02:49:38.163Z,sell,5.755e-05,9.0,0.00051795
BCD/BTC,1573094994257,2019-11-07T02:49:54.257Z,sell,5.755e-05,5.0,0.00028775
BCD/BTC,1573095153741,2019-11-07T02:52:33.741Z,sell,5.729e-05,4.0,0.00022916
BCD/BTC,1573095153741,2019-11-07T02:52:33.741Z,sell,5.728e-05,14.0,0.00080192
BCD/BTC,1573095153741,2019-11-07T02:52:33.741Z,sell,5.726e-05,13.0,0.00074438
BCD/BTC,1573095153778,2019-11-07T02:52:33.778Z,buy,5.726e-05,26.0,0.00148876
BCD/BTC,1573095153843,2019-11-07T02:52:33.843Z,buy,5.726e-05,26.0,0.00148876
BCD/BTC,1573095156051,2019-11-07T02:52:36.051Z,buy,5.719e-05,911.0,0.05210009
BCD/BTC,1573095167180,2019-11-07T02:52:47.180Z,buy,5.762e-05,92.0,0.00530104
BCD/BTC,1573095187931,2019-11-07T02:53:07.931Z,buy,5.768e-05,118.0,0.00680624
BCD/BTC,1573095210356,2019-11-07T02:53:30.356Z,sell,5.74e-05,33.0,0.0018942
BCD/BTC,1573095210449,2019-11-07T02:53:30.449Z,sell,5.74e-05,62.0,0.0035588
BCD/BTC,1573095210449,2019-11-07T02:53:30.449Z,sell,5.733e-05,348.0,0.01995084
BCD/BTC,1573095210449,2019-11-07T02:53:30.449Z,sell,5.717e-05,69.0,0.00394473
BCD/BTC,1573095210449,2019-11-07T02:53:30.449Z,sell,5.708e-05,38.0,0.00216904
BCD/BTC,1573095210449,2019-11-07T02:53:30.449Z,sell,5.704e-05,3.0,0.00017112
BCD/BTC,1573095210499,2019-11-07T02:53:30.499Z,sell,5.74e-05,36.0,0.0020664
BCD/BTC,1573095210626,2019-11-07T02:53:30.626Z,buy,5.768e-05,95.0,0.0054795999999999
BCD/BTC,1573095295458,2019-11-07T02:54:55.458Z,buy,5.705e-05,126.0,0.0071883
BCD/BTC,1573095295460,2019-11-07T02:54:55.460Z,buy,5.718e-05,3.0,0.00017154
BCD/BTC,1573095296047,2019-11-07T02:54:56.047Z,buy,5.705e-05,26.0,0.0014833
BCD/BTC,1573095296087,2019-11-07T02:54:56.087Z,buy,5.705e-05,100.0,0.005705
BCD/BTC,1573095296874,2019-11-07T02:54:56.874Z,buy,5.705e-05,339.0,0.0193399499999999
BCD/BTC,1573095298591,2019-11-07T02:54:58.591Z,buy,5.705e-05,338.0,0.0192829
BCD/BTC,1573095384300,2019-11-07T02:56:24.300Z,buy,5.743e-05,3.0,0.00017229
BCD/BTC,1573095384300,2019-11-07T02:56:24.300Z,buy,5.75e-05,44.0,0.00253
BCD/BTC,1573095450541,2019-11-07T02:57:30.541Z,sell,5.731e-05,30.0,0.0017193
BCD/BTC,1573095451088,2019-11-07T02:57:31.088Z,sell,5.731e-05,30.0,0.0017193
BCD/BTC,1573095451494,2019-11-07T02:57:31.494Z,sell,5.731e-05,30.0,0.0017193
BCD/BTC,1573095575417,2019-11-07T02:59:35.417Z,buy,5.745e-05,4.0,0.0002298
BCD/BTC,1573095650751,2019-11-07T03:00:50.751Z,sell,5.729e-05,45.0,0.00257805
BCD/BTC,1573095650751,2019-11-07T03:00:50.751Z,sell,5.728e-05,13.0,0.00074464
BCD/BTC,1573095650768,2019-11-07T03:00:50.768Z,sell,5.728e-05,88.0,0.00504064
BCD/BTC,1573095651045,2019-11-07T03:00:51.045Z,sell,5.728e-05,65.0,0.0037232
BCD/BTC,1573095651067,2019-11-07T03:00:51.067Z,sell,5.728e-05,15.0,0.0008592
BCD/BTC,1573095740683,2019-11-07T03:02:20.683Z,buy,5.742e-05,1.0,5.742e-05
BCD/BTC,1573095880600,2019-11-07T03:04:40.600Z,buy,5.739e-05,1.0,5.739e-05
BCD/BTC,1573095906515,2019-11-07T03:05:06.515Z,buy,5.738e-05,9.0,0.00051642
BCD/BTC,1573095983059,2019-11-07T03:06:23.059Z,buy,5.735e-05,1.0,5.735e-05
BCD/BTC,1573096103526,2019-11-07T03:08:23.526Z,buy,5.733e-05,1.0,5.733e-05
BCD/BTC,1573096499448,2019-11-07T03:14:59.448Z,buy,5.724e-05,11.0,0.00062964
BCD/BTC,1573096555709,2019-11-07T03:15:55.709Z,sell,5.71e-05,131.0,0.0074801
BCD/BTC,1573096562191,2019-11-07T03:16:02.191Z,sell,5.71e-05,87.0,0.0049677
BCD/BTC,1573096568801,2019-11-07T03:16:08.801Z,sell,5.71e-05,60.0,0.003426
BCD/BTC,1573096575295,2019-11-07T03:16:15.295Z,sell,5.71e-05,116.0,0.0066235999999999
BCD/BTC,1573096619934,2019-11-07T03:16:59.934Z,sell,5.709e-05,90.0,0.0051381
BCD/BTC,1573096645789,2019-11-07T03:17:25.789Z,buy,5.72e-05,3.0,0.0001716
BCD/BTC,1573096645789,2019-11-07T03:17:25.789Z,buy,5.721e-05,18.0,0.00102978
BCD/BTC,1573096645789,2019-11-07T03:17:25.789Z,buy,5.741e-05,230.0,0.0132043
BCD/BTC,1573096645789,2019-11-07T03:17:25.789Z,buy,5.742e-05,298.0,0.01711116
BCD/BTC,1573096647182,2019-11-07T03:17:27.182Z,sell,5.709e-05,77.0,0.00439593
BCD/BTC,1573096651959,2019-11-07T03:17:31.959Z,sell,5.714e-05,25.0,0.0014284999999999
BCD/BTC,1573096653058,2019-11-07T03:17:33.058Z,sell,5.715e-05,25.0,0.00142875
BCD/BTC,1573096653729,2019-11-07T03:17:33.729Z,sell,5.716e-05,76.0,0.00434416
BCD/BTC,1573096653729,2019-11-07T03:17:33.729Z,sell,5.715e-05,322.0,0.0184023
BCD/BTC,1573096654093,2019-11-07T03:17:34.093Z,sell,5.716e-05,14.0,0.00080024
BCD/BTC,1573096654093,2019-11-07T03:17:34.093Z,sell,5.715e-05,11.0,0.00062865
BCD/BTC,1573096655220,2019-11-07T03:17:35.220Z,sell,5.716e-05,25.0,0.001429
BCD/BTC,1573096656912,2019-11-07T03:17:36.912Z,sell,5.716e-05,25.0,0.001429
BCD/BTC,1573096764988,2019-11-07T03:19:24.988Z,buy,5.731e-05,229.0,0.01312399
BCD/BTC,1573096783275,2019-11-07T03:19:43.275Z,buy,5.727e-05,55.0,0.00314985
BCD/BTC,1573096805620,2019-11-07T03:20:05.620Z,buy,5.73e-05,349.0,0.0199977
BCD/BTC,1573096805620,2019-11-07T03:20:05.620Z,buy,5.73e-05,349.0,0.0199977
BCD/BTC,1573096830619,2019-11-07T03:20:30.619Z,sell,5.715e-05,2.0,0.0001143
BCD/BTC,1573096830619,2019-11-07T03:20:30.619Z,sell,5.711e-05,23.0,0.00131353
BCD/BTC,1573096831007,2019-11-07T03:20:31.007Z,sell,5.712e-05,12.0,0.00068544
BCD/BTC,1573096831007,2019-11-07T03:20:31.007Z,sell,5.711e-05,61.0,0.00348371
BCD/BTC,1573096831678,2019-11-07T03:20:31.678Z,sell,5.712e-05,24.0,0.00137088
BCD/BTC,1573096831678,2019-11-07T03:20:31.678Z,sell,5.711e-05,1.0,5.711e-05
BCD/BTC,1573096835194,2019-11-07T03:20:35.194Z,sell,5.713e-05,25.0,0.0014282499999999
BCD/BTC,1573096836187,2019-11-07T03:20:36.187Z,sell,5.713e-05,25.0,0.0014282499999999
BCD/BTC,1573096837257,2019-11-07T03:20:37.257Z,sell,5.713e-05,3.0,0.00017139
BCD/BTC,1573096837257,2019-11-07T03:20:37.257Z,sell,5.711e-05,20.0,0.0011422
BCD/BTC,1573096837257,2019-11-07T03:20:37.257Z,sell,5.708e-05,2.0,0.00011416
BCD/BTC,1573096842835,2019-11-07T03:20:42.835Z,buy,5.731e-05,123.0,0.00704913
BCD/BTC,1573096852377,2019-11-07T03:20:52.377Z,sell,5.711e-05,25.0,0.00142775
BCD/BTC,1573096853365,2019-11-07T03:20:53.365Z,sell,5.712e-05,18.0,0.00102816
BCD/BTC,1573096853365,2019-11-07T03:20:53.365Z,sell,5.711e-05,7.0,0.00039977
BCD/BTC,1573096854463,2019-11-07T03:20:54.463Z,sell,5.712e-05,17.0,0.00097104
BCD/BTC,1573096854463,2019-11-07T03:20:54.463Z,sell,5.711e-05,8.0,0.00045688
BCD/BTC,1573096854823,2019-11-07T03:20:54.823Z,sell,5.709e-05,55.0,0.00313995
BCD/BTC,1573097351075,2019-11-07T03:29:11.075Z,buy,5.721e-05,13.0,0.00074373
BCD/BTC,1573097351075,2019-11-07T03:29:11.075Z,buy,5.722e-05,58.0,0.00331876
BCD/BTC,1573097351172,2019-11-07T03:29:11.172Z,buy,5.722e-05,10.0,0.0005721999999999
BCD/BTC,1573097351172,2019-11-07T03:29:11.172Z,buy,5.724e-05,34.0,0.00194616
BCD/BTC,1573097351274,2019-11-07T03:29:11.274Z,buy,5.724e-05,9.0,0.00051516
BCD/BTC,1573097351294,2019-11-07T03:29:11.294Z,buy,5.724e-05,25.0,0.001431
BCD/BTC,1573097351294,2019-11-07T03:29:11.294Z,buy,5.727e-05,5.0,0.00028635
BCD/BTC,1573097351382,2019-11-07T03:29:11.382Z,buy,5.726e-05,9.0,0.00051534
BCD/BTC,1573097351461,2019-11-07T03:29:11.461Z,buy,5.726e-05,30.0,0.0017178
BCD/BTC,1573097410127,2019-11-07T03:30:10.127Z,sell,5.709e-05,2.0,0.00011418
BCD/BTC,1573097410127,2019-11-07T03:30:10.127Z,sell,5.708e-05,1.0,5.708e-05
BCD/BTC,1573097410127,2019-11-07T03:30:10.127Z,sell,5.701e-05,113.0,0.00644213
BCD/BTC,1573097415611,2019-11-07T03:30:15.611Z,sell,5.701e-05,60.0,0.0034205999999999
BCD/BTC,1573097420986,2019-11-07T03:30:20.986Z,sell,5.701e-05,59.0,0.00336359
BCD/BTC,1573097429436,2019-11-07T03:30:29.436Z,sell,5.701e-05,119.0,0.00678419
BCD/BTC,1573097531782,2019-11-07T03:32:11.782Z,sell,5.7e-05,5.0,0.000285
BCD/BTC,1573097531782,2019-11-07T03:32:11.782Z,sell,5.697e-05,350.0,0.0199395
BCD/BTC,1573097531782,2019-11-07T03:32:11.782Z,sell,5.696e-05,170.0,0.0096832
BCD/BTC,1573097533256,2019-11-07T03:32:13.256Z,buy,5.724e-05,104.0,0.00595296
BCD/BTC,1573097533502,2019-11-07T03:32:13.502Z,buy,5.723e-05,30.0,0.0017169
BCD/BTC,1573097534081,2019-11-07T03:32:14.081Z,buy,5.723e-05,28.0,0.00160244
BCD/BTC,1573097534081,2019-11-07T03:32:14.081Z,buy,5.724e-05,53.0,0.00303372
BCD/BTC,1573097536179,2019-11-07T03:32:16.179Z,sell,5.708e-05,104.0,0.00593632
BCD/BTC,1573097536179,2019-11-07T03:32:16.179Z,sell,5.707e-05,500.0,0.028535
BCD/BTC,1573097536579,2019-11-07T03:32:16.579Z,buy,5.724e-05,45.0,0.0025758
BCD/BTC,1573097538114,2019-11-07T03:32:18.114Z,sell,5.721e-05,25.0,0.00143025
BCD/BTC,1573097574564,2019-11-07T03:32:54.564Z,buy,5.724e-05,30.0,0.0017172
BCD/BTC,1573097625628,2019-11-07T03:33:45.628Z,buy,5.724e-05,9.0,0.00051516
BCD/BTC,1573097625821,2019-11-07T03:33:45.821Z,buy,5.724e-05,7.0,0.00040068
BCD/BTC,1573097990974,2019-11-07T03:39:50.974Z,sell,5.73e-05,42.0,0.0024066
BCD/BTC,1573097992199,2019-11-07T03:39:52.199Z,sell,5.73e-05,432.0,0.0247535999999999
BCD/BTC,1573097992341,2019-11-07T03:39:52.341Z,buy,5.717e-05,382.0,0.02183894
BCD/BTC,1573097992344,2019-11-07T03:39:52.344Z,buy,5.717e-05,49.0,0.00280133
BCD/BTC,1573097993271,2019-11-07T03:39:53.271Z,sell,5.723e-05,25.0,0.00143075
BCD/BTC,1573097994281,2019-11-07T03:39:54.281Z,sell,5.723e-05,25.0,0.00143075
BCD/BTC,1573097995472,2019-11-07T03:39:55.472Z,sell,5.723e-05,25.0,0.00143075
BCD/BTC,1573097996807,2019-11-07T03:39:56.807Z,sell,5.724e-05,25.0,0.001431
BCD/BTC,1573097997605,2019-11-07T03:39:57.605Z,sell,5.724e-05,28.0,0.00160272
BCD/BTC,1573097998050,2019-11-07T03:39:58.050Z,sell,5.723e-05,25.0,0.00143075
BCD/BTC,1573097999166,2019-11-07T03:39:59.166Z,sell,5.723e-05,25.0,0.00143075
BCD/BTC,1573098000079,2019-11-07T03:40:00.079Z,sell,5.723e-05,25.0,0.00143075
BCD/BTC,1573098001066,2019-11-07T03:40:01.066Z,sell,5.723e-05,25.0,0.00143075
BCD/BTC,1573098001133,2019-11-07T03:40:01.133Z,sell,5.723e-05,64.0,0.00366272
BCD/BTC,1573098001250,2019-11-07T03:40:01.250Z,sell,5.723e-05,128.0,0.00732544
BCD/BTC,1573098002253,2019-11-07T03:40:02.253Z,sell,5.723e-05,25.0,0.00143075
BCD/BTC,1573098003280,2019-11-07T03:40:03.280Z,sell,5.723e-05,25.0,0.00143075
BCD/BTC,1573098004222,2019-11-07T03:40:04.222Z,sell,5.723e-05,51.0,0.00291873
BCD/BTC,1573098004379,2019-11-07T03:40:04.379Z,sell,5.723e-05,25.0,0.00143075
BCD/BTC,1573098005337,2019-11-07T03:40:05.337Z,sell,5.723e-05,25.0,0.00143075
BCD/BTC,1573098005624,2019-11-07T03:40:05.624Z,sell,5.723e-05,517.0,0.02958791
BCD/BTC,1573098005699,2019-11-07T03:40:05.699Z,buy,5.723e-05,25.0,0.00143075
BCD/BTC,1573098008182,2019-11-07T03:40:08.182Z,buy,5.733e-05,22.0,0.00126126
BCD/BTC,1573098008655,2019-11-07T03:40:08.655Z,buy,5.733e-05,22.0,0.00126126
BCD/BTC,1573098010082,2019-11-07T03:40:10.082Z,sell,5.694e-05,24.0,0.00136656
BCD/BTC,1573098010082,2019-11-07T03:40:10.082Z,sell,5.693e-05,126.0,0.0071731799999999
BCD/BTC,1573098010105,2019-11-07T03:40:10.105Z,buy,5.693e-05,27.0,0.00153711
BCD/BTC,1573098010184,2019-11-07T03:40:10.184Z,buy,5.693e-05,30.0,0.0017079
BCD/BTC,1573098010234,2019-11-07T03:40:10.234Z,buy,5.693e-05,1.0,5.693e-05
BCD/BTC,1573098012611,2019-11-07T03:40:12.611Z,buy,5.733e-05,31.0,0.00177723
BCD/BTC,1573098012744,2019-11-07T03:40:12.744Z,buy,5.733e-05,31.0,0.00177723
BCD/BTC,1573098013773,2019-11-07T03:40:13.773Z,buy,5.733e-05,31.0,0.00177723
BCD/BTC,1573098014139,2019-11-07T03:40:14.139Z,sell,5.7e-05,62.0,0.003534
BCD/BTC,1573098014139,2019-11-07T03:40:14.139Z,sell,5.699e-05,123.0,0.00700977
BCD/BTC,1573098014182,2019-11-07T03:40:14.182Z,buy,5.699e-05,30.0,0.0017097
BCD/BTC,1573098014221,2019-11-07T03:40:14.221Z,buy,5.699e-05,1.0,5.699e-05
BCD/BTC,1573098014478,2019-11-07T03:40:14.478Z,buy,5.733e-05,31.0,0.00177723
BCD/BTC,1573098014863,2019-11-07T03:40:14.863Z,buy,5.733e-05,31.0,0.00177723
BCD/BTC,1573098018141,2019-11-07T03:40:18.141Z,buy,5.733e-05,30.0,0.0017199
BCD/BTC,1573098018515,2019-11-07T03:40:18.515Z,sell,5.706e-05,158.0,0.00901548
BCD/BTC,1573098018515,2019-11-07T03:40:18.515Z,sell,5.705e-05,185.0,0.01055425
BCD/BTC,1573098018974,2019-11-07T03:40:18.974Z,buy,5.731e-05,313.0,0.01793803
BCD/BTC,1573098019358,2019-11-07T03:40:19.358Z,buy,5.731e-05,31.0,0.0017766099999999
BCD/BTC,1573098041602,2019-11-07T03:40:41.602Z,buy,5.731e-05,74.0,0.0042409399999999
BCD/BTC,1573098045879,2019-11-07T03:40:45.879Z,buy,5.729e-05,26.0,0.00148954
BCD/BTC,1573098046294,2019-11-07T03:40:46.294Z,buy,5.729e-05,30.0,0.0017187
BCD/BTC,1573098048319,2019-11-07T03:40:48.319Z,buy,5.729e-05,14.0,0.00080206
BCD/BTC,1573098048319,2019-11-07T03:40:48.319Z,buy,5.732e-05,48.0,0.00275136
BCD/BTC,1573098048319,2019-11-07T03:40:48.319Z,buy,5.734e-05,5.0,0.0002867
BCD/BTC,1573098048319,2019-11-07T03:40:48.319Z,buy,5.736e-05,45.0,0.0025812
BCD/BTC,1573098048646,2019-11-07T03:40:48.646Z,buy,5.728e-05,28.0,0.00160384
BCD/BTC,1573098049450,2019-11-07T03:40:49.450Z,buy,5.728e-05,78.0,0.00446784
BCD/BTC,1573098050527,2019-11-07T03:40:50.527Z,buy,5.728e-05,30.0,0.0017184
BCD/BTC,1573098092182,2019-11-07T03:41:32.182Z,buy,5.728e-05,5.0,0.0002864
BCD/BTC,1573098094262,2019-11-07T03:41:34.262Z,sell,5.729e-05,25.0,0.00143225
BCD/BTC,1573098095450,2019-11-07T03:41:35.450Z,sell,5.729e-05,25.0,0.00143225
BCD/BTC,1573098096558,2019-11-07T03:41:36.558Z,sell,5.729e-05,25.0,0.00143225
BCD/BTC,1573098120185,2019-11-07T03:42:00.185Z,sell,5.729e-05,47.0,0.00269263
BCD/BTC,1573098120185,2019-11-07T03:42:00.185Z,sell,5.728e-05,1596.0,0.09141888
BCD/BTC,1573098148450,2019-11-07T03:42:28.450Z,sell,5.728e-05,14.0,0.00080192
BCD/BTC,1573098394482,2019-11-07T03:46:34.482Z,sell,5.727e-05,78.0,0.00446706
BCD/BTC,1573098427084,2019-11-07T03:47:07.084Z,buy,5.732e-05,108.0,0.00619056
BCD/BTC,1573098445954,2019-11-07T03:47:25.954Z,sell,5.732e-05,433.0,0.02481956
BCD/BTC,1573098457943,2019-11-07T03:47:37.943Z,sell,5.732e-05,2337.0,0.13395684
BCD/BTC,1573098582788,2019-11-07T03:49:42.788Z,buy,5.731e-05,2.0,0.00011462
BCD/BTC,1573098586665,2019-11-07T03:49:46.665Z,buy,5.731e-05,83.0,0.00475673
BCD/BTC,1573098586665,2019-11-07T03:49:46.665Z,buy,5.742e-05,349.0,0.02003958
BCD/BTC,1573098586665,2019-11-07T03:49:46.665Z,buy,5.743e-05,3.0,0.00017229
BCD/BTC,1573098586665,2019-11-07T03:49:46.665Z,buy,5.752e-05,174.0,0.01000848
BCD/BTC,1573098586665,2019-11-07T03:49:46.665Z,buy,5.769e-05,175.0,0.01009575
BCD/BTC,1573098586665,2019-11-07T03:49:46.665Z,buy,5.773e-05,13.0,0.0007504899999999
BCD/BTC,1573098586665,2019-11-07T03:49:46.665Z,buy,5.775e-05,35.0,0.00202125
BCD/BTC,1573098586665,2019-11-07T03:49:46.665Z,buy,5.778e-05,3.0,0.00017334
BCD/BTC,1573098586681,2019-11-07T03:49:46.681Z,sell,5.788e-05,121.0,0.00700348
BCD/BTC,1573098586681,2019-11-07T03:49:46.681Z,sell,5.788e-05,121.0,0.00700348
BCD/BTC,1573098586685,2019-11-07T03:49:46.685Z,sell,5.788e-05,121.0,0.00700348
BCD/BTC,1573098586689,2019-11-07T03:49:46.689Z,sell,5.788e-05,9.0,0.00052092
BCD/BTC,1573098586719,2019-11-07T03:49:46.719Z,buy,5.781e-05,121.0,0.0069950099999999
BCD/BTC,1573098586719,2019-11-07T03:49:46.719Z,buy,5.782e-05,130.0,0.0075166
BCD/BTC,1573098586847,2019-11-07T03:49:46.847Z,buy,5.782e-05,121.0,0.00699622
BCD/BTC,1573098586876,2019-11-07T03:49:46.876Z,sell,5.788e-05,21.0,0.00121548
BCD/BTC,1573098586895,2019-11-07T03:49:46.895Z,sell,5.788e-05,64.0,0.00370432
BCD/BTC,1573098587207,2019-11-07T03:49:47.207Z,buy,5.782e-05,35.0,0.0020237
BCD/BTC,1573098594071,2019-11-07T03:49:54.071Z,sell,5.744e-05,60.0,0.0034464
BCD/BTC,1573098594071,2019-11-07T03:49:54.071Z,sell,5.743e-05,3.0,0.00017229
BCD/BTC,1573098594071,2019-11-07T03:49:54.071Z,sell,5.727e-05,9.0,0.00051543
BCD/BTC,1573098594071,2019-11-07T03:49:54.071Z,sell,5.726e-05,13.0,0.00074438
BCD/BTC,1573098594071,2019-11-07T03:49:54.071Z,sell,5.72e-05,32.0,0.0018304
BCD/BTC,1573098595128,2019-11-07T03:49:55.128Z,sell,5.744e-05,57.0,0.00327408
BCD/BTC,1573098597405,2019-11-07T03:49:57.405Z,sell,5.744e-05,40.0,0.0022976
BCD/BTC,1573098597429,2019-11-07T03:49:57.429Z,sell,5.744e-05,19.0,0.00109136
BCD/BTC,1573098597429,2019-11-07T03:49:57.429Z,sell,5.734e-05,5.0,0.0002867
BCD/BTC,1573098597429,2019-11-07T03:49:57.429Z,sell,5.721e-05,66.0,0.00377586
BCD/BTC,1573098598451,2019-11-07T03:49:58.451Z,sell,5.735e-05,117.0,0.00670995
BCD/BTC,1573098606062,2019-11-07T03:50:06.062Z,sell,5.731e-05,54.0,0.00309474
BCD/BTC,1573098606068,2019-11-07T03:50:06.068Z,sell,5.731e-05,46.0,0.00263626
BCD/BTC,1573098616668,2019-11-07T03:50:16.668Z,sell,5.733e-05,50.0,0.0028665
BCD/BTC,1573098616668,2019-11-07T03:50:16.668Z,sell,5.732e-05,20.0,0.0011464
BCD/BTC,1573098617170,2019-11-07T03:50:17.170Z,sell,5.733e-05,60.0,0.0034398
BCD/BTC,1573098617170,2019-11-07T03:50:17.170Z,sell,5.732e-05,9.0,0.00051588
BCD/BTC,1573098617543,2019-11-07T03:50:17.543Z,sell,5.733e-05,111.0,0.00636363
BCD/BTC,1573098617543,2019-11-07T03:50:17.543Z,sell,5.732e-05,6.0,0.00034392
BCD/BTC,1573098617669,2019-11-07T03:50:17.669Z,sell,5.732e-05,75.0,0.004299
BCD/BTC,1573098617961,2019-11-07T03:50:17.961Z,sell,5.732e-05,75.0,0.004299
BCD/BTC,1573098618167,2019-11-07T03:50:18.167Z,sell,5.732e-05,96.0,0.00550272
BCD/BTC,1573098618167,2019-11-07T03:50:18.167Z,sell,5.727e-05,20.0,0.0011454
BCD/BTC,1573098620508,2019-11-07T03:50:20.508Z,sell,5.728e-05,35.0,0.0020048
BCD/BTC,1573098620675,2019-11-07T03:50:20.675Z,sell,5.728e-05,46.0,0.00263488
BCD/BTC,1573098621321,2019-11-07T03:50:21.321Z,sell,5.728e-05,83.0,0.00475424
BCD/BTC,1573098625898,2019-11-07T03:50:25.898Z,sell,5.728e-05,49.0,0.00280672
BCD/BTC,1573098653909,2019-11-07T03:50:53.909Z,buy,5.743e-05,2.0,0.00011486
BCD/BTC,1573098682507,2019-11-07T03:51:22.507Z,sell,5.743e-05,16.0,0.00091888
BCD/BTC,1573098854195,2019-11-07T03:54:14.195Z,buy,5.752e-05,13.0,0.00074776
BCD/BTC,1573099141457,2019-11-07T03:59:01.457Z,buy,5.73e-05,313.0,0.0179349
BCD/BTC,1573099141457,2019-11-07T03:59:01.457Z,buy,5.73e-05,54.0,0.0030941999999999
BCD/BTC,1573099141459,2019-11-07T03:59:01.459Z,buy,5.73e-05,535.0,0.0306555
BCD/BTC,1573099141825,2019-11-07T03:59:01.825Z,sell,5.74e-05,254.0,0.0145796
BCD/BTC,1573099142428,2019-11-07T03:59:02.428Z,sell,5.74e-05,153.0,0.0087822
BCD/BTC,1573099149033,2019-11-07T03:59:09.033Z,sell,5.74e-05,245.0,0.0140629999999999
BCD/BTC,1573099149056,2019-11-07T03:59:09.056Z,buy,5.73e-05,32.0,0.0018336
BCD/BTC,1573099149252,2019-11-07T03:59:09.252Z,buy,5.73e-05,192.0,0.0110016
BCD/BTC,1573099149279,2019-11-07T03:59:09.279Z,buy,5.73e-05,649.0,0.0371877
BCD/BTC,1573099149904,2019-11-07T03:59:09.904Z,buy,5.73e-05,68.0,0.0038964
BCD/BTC,1573099150502,2019-11-07T03:59:10.502Z,buy,5.73e-05,82.0,0.0046986
BCD/BTC,1573099150873,2019-11-07T03:59:10.873Z,buy,5.73e-05,85.0,0.0048705
BCD/BTC,1573099163200,2019-11-07T03:59:23.200Z,buy,5.73e-05,81.0,0.0046413
BCD/BTC,1573099164240,2019-11-07T03:59:24.240Z,buy,5.73e-05,100.0,0.00573
BCD/BTC,1573099164540,2019-11-07T03:59:24.540Z,buy,5.73e-05,78.0,0.0044694
BCD/BTC,1573099164586,2019-11-07T03:59:24.586Z,buy,5.73e-05,12.0,0.0006876
BCD/BTC,1573099239637,2019-11-07T04:00:39.637Z,sell,5.726e-05,89.0,0.00509614
BCD/BTC,1573099239637,2019-11-07T04:00:39.637Z,sell,5.725e-05,26.0,0.0014885
BCD/BTC,1573099239777,2019-11-07T04:00:39.777Z,sell,5.724e-05,174.0,0.00995976
BCD/BTC,1573099239777,2019-11-07T04:00:39.777Z,sell,5.722e-05,69.0,0.00394818
BCD/BTC,1573099242746,2019-11-07T04:00:42.746Z,sell,5.708e-05,21.0,0.00119868
BCD/BTC,1573099242746,2019-11-07T04:00:42.746Z,sell,5.706e-05,675.0,0.0385155
BCD/BTC,1573099266639,2019-11-07T04:01:06.639Z,sell,5.706e-05,367.0,0.02094102
BCD/BTC,1573099266687,2019-11-07T04:01:06.687Z,buy,5.706e-05,535.0,0.0305270999999999
BCD/BTC,1573099266689,2019-11-07T04:01:06.689Z,buy,5.706e-05,68.0,0.00388008
BCD/BTC,1573099278107,2019-11-07T04:01:18.107Z,buy,5.724e-05,151.0,0.00864324
BCD/BTC,1573099278107,2019-11-07T04:01:18.107Z,buy,5.742e-05,120.0,0.0068904
BCD/BTC,1573099283278,2019-11-07T04:01:23.278Z,buy,5.742e-05,123.0,0.00706266
BCD/BTC,1573099301191,2019-11-07T04:01:41.191Z,buy,5.742e-05,47.0,0.00269874
BCD/BTC,1573099301191,2019-11-07T04:01:41.191Z,buy,5.743e-05,3.0,0.00017229
BCD/BTC,1573099301191,2019-11-07T04:01:41.191Z,buy,5.751e-05,88.0,0.00506088
BCD/BTC,1573099400440,2019-11-07T04:03:20.440Z,buy,5.733e-05,133.0,0.00762489
BCD/BTC,1573099400440,2019-11-07T04:03:20.440Z,buy,5.735e-05,134.0,0.0076849
BCD/BTC,1573099400440,2019-11-07T04:03:20.440Z,buy,5.739e-05,333.0,0.01911087
BCD/BTC,1573099626697,2019-11-07T04:07:06.697Z,buy,5.74e-05,18.0,0.0010332
BCD/BTC,1573099943697,2019-11-07T04:12:23.697Z,buy,5.74e-05,2.0,0.0001148
BCD/BTC,1573100122252,2019-11-07T04:15:22.252Z,buy,5.74e-05,23.0,0.0013201999999999
BCD/BTC,1573100233868,2019-11-07T04:17:13.868Z,buy,5.752e-05,2.0,0.00011504
BCD/BTC,1573100269242,2019-11-07T04:17:49.242Z,buy,5.755e-05,11.0,0.00063305
BCD/BTC,1573100269989,2019-11-07T04:17:49.989Z,buy,5.755e-05,24.0,0.0013812
BCD/BTC,1573100270084,2019-11-07T04:17:50.084Z,buy,5.761e-05,87.0,0.0050120699999999
BCD/BTC,1573100272189,2019-11-07T04:17:52.189Z,buy,5.762e-05,33.0,0.00190146
BCD/BTC,1573100272749,2019-11-07T04:17:52.749Z,buy,5.762e-05,2.0,0.00011524
BCD/BTC,1573100291838,2019-11-07T04:18:11.838Z,buy,5.76e-05,1114.0,0.0641664
BCD/BTC,1573100308217,2019-11-07T04:18:28.217Z,buy,5.763e-05,69.0,0.00397647
BCD/BTC,1573100309238,2019-11-07T04:18:29.238Z,sell,5.762e-05,69.0,0.00397578
BCD/BTC,1573100317863,2019-11-07T04:18:37.863Z,buy,5.762e-05,1.0,5.762e-05
BCD/BTC,1573100319676,2019-11-07T04:18:39.676Z,buy,5.766e-05,70.0,0.0040362
BCD/BTC,1573100319703,2019-11-07T04:18:39.703Z,sell,5.766e-05,30.0,0.0017298
BCD/BTC,1573100319720,2019-11-07T04:18:39.720Z,sell,5.766e-05,30.0,0.0017298
BCD/BTC,1573100354404,2019-11-07T04:19:14.404Z,buy,5.767e-05,9.0,0.00051903
BCD/BTC,1573100354832,2019-11-07T04:19:14.832Z,buy,5.767e-05,3.0,0.00017301
BCD/BTC,1573100355827,2019-11-07T04:19:15.827Z,buy,5.767e-05,75.0,0.00432525
BCD/BTC,1573100357800,2019-11-07T04:19:17.800Z,sell,5.767e-05,25.0,0.00144175
BCD/BTC,1573100358740,2019-11-07T04:19:18.740Z,sell,5.767e-05,25.0,0.00144175
BCD/BTC,1573100359858,2019-11-07T04:19:19.858Z,sell,5.767e-05,25.0,0.00144175
BCD/BTC,1573100361575,2019-11-07T04:19:21.575Z,sell,5.767e-05,25.0,0.00144175
BCD/BTC,1573100362660,2019-11-07T04:19:22.660Z,sell,5.767e-05,25.0,0.00144175
BCD/BTC,1573100363638,2019-11-07T04:19:23.638Z,sell,5.767e-05,25.0,0.00144175
BCD/BTC,1573100364941,2019-11-07T04:19:24.941Z,sell,5.767e-05,25.0,0.00144175
BCD/BTC,1573100365890,2019-11-07T04:19:25.890Z,sell,5.767e-05,25.0,0.00144175
BCD/BTC,1573100366820,2019-11-07T04:19:26.820Z,sell,5.767e-05,25.0,0.00144175
BCD/BTC,1573100367791,2019-11-07T04:19:27.791Z,sell,5.767e-05,25.0,0.00144175
BCD/BTC,1573100368902,2019-11-07T04:19:28.902Z,sell,5.767e-05,25.0,0.00144175
BCD/BTC,1573100370115,2019-11-07T04:19:30.115Z,sell,5.767e-05,25.0,0.00144175
BCD/BTC,1573100371046,2019-11-07T04:19:31.046Z,sell,5.768e-05,25.0,0.001442
BCD/BTC,1573100372249,2019-11-07T04:19:32.249Z,sell,5.768e-05,25.0,0.001442
BCD/BTC,1573100373182,2019-11-07T04:19:33.182Z,sell,5.768e-05,25.0,0.001442
BCD/BTC,1573100374341,2019-11-07T04:19:34.341Z,sell,5.768e-05,25.0,0.001442
BCD/BTC,1573100375314,2019-11-07T04:19:35.314Z,sell,5.768e-05,25.0,0.001442
BCD/BTC,1573100376263,2019-11-07T04:19:36.263Z,sell,5.768e-05,25.0,0.001442
BCD/BTC,1573100377404,2019-11-07T04:19:37.404Z,sell,5.768e-05,25.0,0.001442
BCD/BTC,1573100378370,2019-11-07T04:19:38.370Z,sell,5.768e-05,25.0,0.001442
BCD/BTC,1573100379321,2019-11-07T04:19:39.321Z,sell,5.768e-05,25.0,0.001442
BCD/BTC,1573100380421,2019-11-07T04:19:40.421Z,sell,5.767e-05,25.0,0.00144175
BCD/BTC,1573100381496,2019-11-07T04:19:41.496Z,sell,5.767e-05,25.0,0.00144175
BCD/BTC,1573100381993,2019-11-07T04:19:41.993Z,buy,5.769e-05,5.0,0.00028845
BCD/BTC,1573100381995,2019-11-07T04:19:41.995Z,buy,5.773e-05,13.0,0.0007504899999999
BCD/BTC,1573100381995,2019-11-07T04:19:41.995Z,buy,5.774e-05,5.0,0.0002887
BCD/BTC,1573100382380,2019-11-07T04:19:42.380Z,sell,5.767e-05,25.0,0.00144175
BCD/BTC,1573100382488,2019-11-07T04:19:42.488Z,buy,5.774e-05,174.0,0.01004676
BCD/BTC,1573100382496,2019-11-07T04:19:42.496Z,buy,5.774e-05,96.0,0.00554304
BCD/BTC,1573100383316,2019-11-07T04:19:43.316Z,sell,5.767e-05,25.0,0.00144175
BCD/BTC,1573100384333,2019-11-07T04:19:44.333Z,sell,5.767e-05,25.0,0.00144175
BCD/BTC,1573100386384,2019-11-07T04:19:46.384Z,sell,5.767e-05,25.0,0.00144175
BCD/BTC,1573100387845,2019-11-07T04:19:47.845Z,sell,5.767e-05,25.0,0.00144175
BCD/BTC,1573100388772,2019-11-07T04:19:48.772Z,sell,5.767e-05,25.0,0.00144175
BCD/BTC,1573100389716,2019-11-07T04:19:49.716Z,sell,5.767e-05,25.0,0.00144175
BCD/BTC,1573100403942,2019-11-07T04:20:03.942Z,sell,5.767e-05,9.0,0.00051903
BCD/BTC,1573100403942,2019-11-07T04:20:03.942Z,sell,5.767e-05,9.0,0.00051903
BCD/BTC,1573100423062,2019-11-07T04:20:23.062Z,buy,5.774e-05,11.0,0.00063514
BCD/BTC,1573100424618,2019-11-07T04:20:24.618Z,sell,5.767e-05,585.0,0.03373695
BCD/BTC,1573100424624,2019-11-07T04:20:24.624Z,sell,5.767e-05,745.0,0.04296415
BCD/BTC,1573100424730,2019-11-07T04:20:24.730Z,sell,5.767e-05,75.0,0.00432525
BCD/BTC,1573100425025,2019-11-07T04:20:25.025Z,sell,5.767e-05,172.0,0.00991924
BCD/BTC,1573100425620,2019-11-07T04:20:25.620Z,sell,5.767e-05,154.0,0.00888118
BCD/BTC,1573100425919,2019-11-07T04:20:25.919Z,sell,5.767e-05,99.0,0.00570933
BCD/BTC,1573100426334,2019-11-07T04:20:26.334Z,sell,5.767e-05,47.0,0.00271049
BCD/BTC,1573100428386,2019-11-07T04:20:28.386Z,sell,5.767e-05,43.0,0.00247981
BCD/BTC,1573100429532,2019-11-07T04:20:29.532Z,sell,5.767e-05,30.0,0.0017301
BCD/BTC,1573100429544,2019-11-07T04:20:29.544Z,sell,5.767e-05,30.0,0.0017301
BCD/BTC,1573100642950,2019-11-07T04:24:02.950Z,sell,5.757e-05,140.0,0.0080598
BCD/BTC,1573100642968,2019-11-07T04:24:02.968Z,sell,5.757e-05,33.0,0.00189981
BCD/BTC,1573100662133,2019-11-07T04:24:22.133Z,buy,5.767e-05,406.0,0.02341402
BCD/BTC,1573100662256,2019-11-07T04:24:22.256Z,buy,5.767e-05,10.0,0.0005767
BCD/BTC,1573100662277,2019-11-07T04:24:22.277Z,sell,5.767e-05,186.0,0.01072662
BCD/BTC,1573100662341,2019-11-07T04:24:22.341Z,sell,5.767e-05,100.0,0.005767
BCD/BTC,1573100662355,2019-11-07T04:24:22.355Z,sell,5.767e-05,295.0,0.01701265
BCD/BTC,1573100664199,2019-11-07T04:24:24.199Z,sell,5.767e-05,406.0,0.02341402
BCD/BTC,1573100667419,2019-11-07T04:24:27.419Z,sell,5.767e-05,267.0,0.01539789
BCD/BTC,1573100667520,2019-11-07T04:24:27.520Z,sell,5.767e-05,148.0,0.00853516
BCD/BTC,1573100668560,2019-11-07T04:24:28.560Z,sell,5.767e-05,78.0,0.00449826
BCD/BTC,1573100669336,2019-11-07T04:24:29.336Z,sell,5.767e-05,45.0,0.00259515
BCD/BTC,1573100806869,2019-11-07T04:26:46.869Z,sell,5.767e-05,62.0,0.00357554
BCD/BTC,1573100806869,2019-11-07T04:26:46.869Z,sell,5.761e-05,13.0,0.00074893
BCD/BTC,1573101039351,2019-11-07T04:30:39.351Z,buy,5.765e-05,3.0,0.00017295
BCD/BTC,1573101188391,2019-11-07T04:33:08.391Z,sell,5.765e-05,15.0,0.00086475
BCD/BTC,1573101224739,2019-11-07T04:33:44.739Z,sell,5.758e-05,111.0,0.00639138
BCD/BTC,1573101225012,2019-11-07T04:33:45.012Z,sell,5.758e-05,39.0,0.00224562
BCD/BTC,1573101249916,2019-11-07T04:34:09.916Z,sell,5.758e-05,44.0,0.00253352
BCD/BTC,1573101349820,2019-11-07T04:35:49.820Z,sell,5.758e-05,25.0,0.0014395
BCD/BTC,1573101717565,2019-11-07T04:41:57.565Z,sell,5.734e-05,5.0,0.0002867
BCD/BTC,1573101717565,2019-11-07T04:41:57.565Z,sell,5.731e-05,348.0,0.01994388
BCD/BTC,1573101717565,2019-11-07T04:41:57.565Z,sell,5.73e-05,571.0,0.0327183
BCD/BTC,1573101717565,2019-11-07T04:41:57.565Z,sell,5.729e-05,22.0,0.00126038
BCD/BTC,1573101717565,2019-11-07T04:41:57.565Z,sell,5.726e-05,13.0,0.00074438
BCD/BTC,1573101717565,2019-11-07T04:41:57.565Z,sell,5.721e-05,11.0,0.00062931
BCD/BTC,1573101717565,2019-11-07T04:41:57.565Z,sell,5.715e-05,171.0,0.00977265
BCD/BTC,1573101717565,2019-11-07T04:41:57.565Z,sell,5.708e-05,3.0,0.00017124
BCD/BTC,1573101717565,2019-11-07T04:41:57.565Z,sell,5.704e-05,173.0,0.00986792
BCD/BTC,1573101717565,2019-11-07T04:41:57.565Z,sell,5.702e-05,2.0,0.00011404
BCD/BTC,1573101717565,2019-11-07T04:41:57.565Z,sell,5.701e-05,11.0,0.00062711
BCD/BTC,1573101717565,2019-11-07T04:41:57.565Z,sell,5.7e-05,5.0,0.000285
BCD/BTC,1573101717565,2019-11-07T04:41:57.565Z,sell,5.696e-05,16.0,0.00091136
BCD/BTC,1573101717565,2019-11-07T04:41:57.565Z,sell,5.695e-05,416.0,0.0236912
BCD/BTC,1573101717565,2019-11-07T04:41:57.565Z,sell,5.683e-05,87.0,0.00494421
BCD/BTC,1573101717565,2019-11-07T04:41:57.565Z,sell,5.679e-05,222.0,0.01260738
BCD/BTC,1573101717565,2019-11-07T04:41:57.565Z,sell,5.678e-05,209.0,0.01186702
BCD/BTC,1573101717565,2019-11-07T04:41:57.565Z,sell,5.677e-05,65.0,0.00369005
BCD/BTC,1573101717565,2019-11-07T04:41:57.565Z,sell,5.676e-05,72.0,0.00408672
BCD/BTC,1573101717565,2019-11-07T04:41:57.565Z,sell,5.675e-05,124.0,0.007037
BCD/BTC,1573101717565,2019-11-07T04:41:57.565Z,sell,5.673e-05,64.0,0.00363072
BCD/BTC,1573101717565,2019-11-07T04:41:57.565Z,sell,5.671e-05,929.0,0.0526835899999999
BCD/BTC,1573101718109,2019-11-07T04:41:58.109Z,sell,5.712e-05,2.0,0.00011424
BCD/BTC,1573101718168,2019-11-07T04:41:58.168Z,buy,5.711e-05,17.0,0.00097087
BCD/BTC,1573101718189,2019-11-07T04:41:58.189Z,buy,5.711e-05,46.0,0.00262706
BCD/BTC,1573101718950,2019-11-07T04:41:58.950Z,buy,5.707e-05,17.0,0.00097019
BCD/BTC,1573101721137,2019-11-07T04:42:01.137Z,buy,5.701e-05,3.0,0.00017103
BCD/BTC,1573101721137,2019-11-07T04:42:01.137Z,buy,5.707e-05,14.0,0.00079898
BCD/BTC,1573101724748,2019-11-07T04:42:04.748Z,sell,5.704e-05,2.0,0.00011408
BCD/BTC,1573101728389,2019-11-07T04:42:08.389Z,buy,5.695e-05,1.0,5.695e-05
BCD/BTC,1573101747946,2019-11-07T04:42:27.946Z,sell,5.695e-05,16.0,0.0009112
BCD/BTC,1573101757272,2019-11-07T04:42:37.272Z,buy,5.695e-05,14.0,0.0007973
BCD/BTC,1573101757272,2019-11-07T04:42:37.272Z,buy,5.698e-05,16.0,0.00091168
BCD/BTC,1573101757372,2019-11-07T04:42:37.372Z,buy,5.698e-05,30.0,0.0017094
BCD/BTC,1573101758239,2019-11-07T04:42:38.239Z,buy,5.692e-05,9.0,0.0005122799999999
BCD/BTC,1573101758412,2019-11-07T04:42:38.412Z,buy,5.692e-05,9.0,0.0005122799999999
BCD/BTC,1573101799951,2019-11-07T04:43:19.951Z,buy,5.69e-05,8.0,0.0004552
BCD/BTC,1573101800024,2019-11-07T04:43:20.024Z,sell,5.698e-05,7.0,0.00039886
BCD/BTC,1573101808983,2019-11-07T04:43:28.983Z,buy,5.689e-05,45.0,0.00256005
BCD/BTC,1573101809625,2019-11-07T04:43:29.625Z,buy,5.689e-05,59.0,0.00335651
BCD/BTC,1573101813968,2019-11-07T04:43:33.968Z,buy,5.692e-05,129.0,0.00734268
BCD/BTC,1573101821937,2019-11-07T04:43:41.937Z,buy,5.692e-05,73.0,0.00415516
BCD/BTC,1573101841019,2019-11-07T04:44:01.019Z,sell,5.699e-05,194.0,0.01105606
BCD/BTC,1573101901877,2019-11-07T04:45:01.877Z,sell,5.692e-05,38.0,0.00216296
BCD/BTC,1573102076634,2019-11-07T04:47:56.634Z,buy,5.689e-05,14.0,0.00079646
BCD/BTC,1573102076634,2019-11-07T04:47:56.634Z,buy,5.701e-05,87.0,0.00495987
BCD/BTC,1573102125528,2019-11-07T04:48:45.528Z,buy,5.708e-05,351.0,0.02003508
BCD/BTC,1573102185613,2019-11-07T04:49:45.613Z,buy,5.709e-05,51.0,0.00291159
BCD/BTC,1573102378814,2019-11-07T04:52:58.814Z,sell,5.707e-05,15.0,0.00085605
BCD/BTC,1573102389015,2019-11-07T04:53:09.015Z,sell,5.699e-05,70.0,0.0039893
BCD/BTC,1573102432650,2019-11-07T04:53:52.650Z,buy,5.693e-05,124.0,0.00705932
BCD/BTC,1573102472838,2019-11-07T04:54:32.838Z,buy,5.709e-05,365.0,0.0208378499999999
BCD/BTC,1573102723901,2019-11-07T04:58:43.901Z,buy,5.718e-05,173.0,0.0098921399999999
BCD/BTC,1573102873865,2019-11-07T05:01:13.865Z,sell,5.725e-05,80.0,0.00458
BCD/BTC,1573102899364,2019-11-07T05:01:39.364Z,sell,5.725e-05,2.0,0.0001145
BCD/BTC,1573102899440,2019-11-07T05:01:39.440Z,sell,5.725e-05,46.0,0.0026335
BCD/BTC,1573103283414,2019-11-07T05:08:03.414Z,sell,5.725e-05,609.0,0.03486525
BCD/BTC,1573103370925,2019-11-07T05:09:30.925Z,buy,5.726e-05,13.0,0.00074438
BCD/BTC,1573103375905,2019-11-07T05:09:35.905Z,buy,5.729e-05,2.0,0.00011458
BCD/BTC,1573103376016,2019-11-07T05:09:36.016Z,buy,5.734e-05,5.0,0.0002867
BCD/BTC,1573103376122,2019-11-07T05:09:36.122Z,buy,5.735e-05,17.0,0.0009749499999999
BCD/BTC,1573103377470,2019-11-07T05:09:37.470Z,buy,5.736e-05,33.0,0.00189288
BCD/BTC,1573103377470,2019-11-07T05:09:37.470Z,buy,5.743e-05,3.0,0.00017229
BCD/BTC,1573103377470,2019-11-07T05:09:37.470Z,buy,5.745e-05,70.0,0.0040215
BCD/BTC,1573103377470,2019-11-07T05:09:37.470Z,buy,5.746e-05,148.0,0.00850408
BCD/BTC,1573103377470,2019-11-07T05:09:37.470Z,buy,5.747e-05,17.0,0.0009769899999999
BCD/BTC,1573103377470,2019-11-07T05:09:37.470Z,buy,5.76e-05,29.0,0.0016703999999999
BCD/BTC,1573103391864,2019-11-07T05:09:51.864Z,buy,5.768e-05,19.0,0.00109592
BCD/BTC,1573103413334,2019-11-07T05:10:13.334Z,buy,5.754e-05,2.0,0.00011508
BCD/BTC,1573103413334,2019-11-07T05:10:13.334Z,buy,5.767e-05,829.0,0.04780843
BCD/BTC,1573103769427,2019-11-07T05:16:09.427Z,sell,5.744e-05,199.0,0.01143056
BCD/BTC,1573103769535,2019-11-07T05:16:09.535Z,sell,5.744e-05,30.0,0.0017232
BCD/BTC,1573103794534,2019-11-07T05:16:34.534Z,sell,5.744e-05,213.0,0.01223472
BCD/BTC,1573103795396,2019-11-07T05:16:35.396Z,sell,5.745e-05,58.0,0.0033321
BCD/BTC,1573103795396,2019-11-07T05:16:35.396Z,sell,5.745e-05,58.0,0.0033321
BCD/BTC,1573104167106,2019-11-07T05:22:47.106Z,sell,5.744e-05,135.0,0.0077544
BCD/BTC,1573104167131,2019-11-07T05:22:47.131Z,buy,5.734e-05,188.0,0.01077992
BCD/BTC,1573104167161,2019-11-07T05:22:47.161Z,buy,5.734e-05,188.0,0.01077992
BCD/BTC,1573104167192,2019-11-07T05:22:47.192Z,buy,5.734e-05,188.0,0.01077992
BCD/BTC,1573104167281,2019-11-07T05:22:47.281Z,buy,5.734e-05,300.0,0.017202
BCD/BTC,1573104331056,2019-11-07T05:25:31.056Z,sell,5.734e-05,2.0,0.00011468
BCD/BTC,1573104406884,2019-11-07T05:26:46.884Z,sell,5.727e-05,17.0,0.00097359
BCD/BTC,1573104451840,2019-11-07T05:27:31.840Z,sell,5.727e-05,4.0,0.00022908
BCD/BTC,1573104625564,2019-11-07T05:30:25.564Z,buy,5.751e-05,1.0,5.751e-05
BCD/BTC,1573104647570,2019-11-07T05:30:47.570Z,buy,5.75e-05,2.0,0.000115
BCD/BTC,1573104647802,2019-11-07T05:30:47.802Z,sell,5.75e-05,9.0,0.0005175
BCD/BTC,1573104719234,2019-11-07T05:31:59.234Z,sell,5.75e-05,2.0,0.000115
BCD/BTC,1573104784045,2019-11-07T05:33:04.045Z,sell,5.75e-05,6.0,0.000345
BCD/BTC,1573104784045,2019-11-07T05:33:04.045Z,sell,5.74e-05,98.0,0.0056252
BCD/BTC,1573104784047,2019-11-07T05:33:04.047Z,sell,5.74e-05,328.0,0.0188272
BCD/BTC,1573104784058,2019-11-07T05:33:04.058Z,sell,5.74e-05,7.0,0.0004018
BCD/BTC,1573104784441,2019-11-07T05:33:04.441Z,buy,5.73e-05,319.0,0.0182787
BCD/BTC,1573105172235,2019-11-07T05:39:32.235Z,buy,5.75e-05,102.0,0.005865
BCD/BTC,1573105172262,2019-11-07T05:39:32.262Z,sell,5.751e-05,91.0,0.00523341
BCD/BTC,1573105188807,2019-11-07T05:39:48.807Z,sell,5.726e-05,54.0,0.00309204
BCD/BTC,1573105188807,2019-11-07T05:39:48.807Z,sell,5.725e-05,22.0,0.0012595
BCD/BTC,1573105202450,2019-11-07T05:40:02.450Z,sell,5.726e-05,78.0,0.0044662799999999
BCD/BTC,1573105230160,2019-11-07T05:40:30.160Z,sell,5.75e-05,331.0,0.0190325
BCD/BTC,1573105230209,2019-11-07T05:40:30.209Z,sell,5.75e-05,72.0,0.00414
BCD/BTC,1573105248656,2019-11-07T05:40:48.656Z,sell,5.725e-05,282.0,0.0161445
BCD/BTC,1573105262581,2019-11-07T05:41:02.581Z,sell,5.725e-05,5.0,0.00028625
BCD/BTC,1573105262581,2019-11-07T05:41:02.581Z,sell,5.711e-05,132.0,0.00753852
BCD/BTC,1573105262581,2019-11-07T05:41:02.581Z,sell,5.71e-05,16.0,0.0009136
BCD/BTC,1573105262581,2019-11-07T05:41:02.581Z,sell,5.708e-05,151.0,0.00861908
BCD/BTC,1573105841897,2019-11-07T05:50:41.897Z,buy,5.743e-05,3.0,0.00017229
BCD/BTC,1573105841897,2019-11-07T05:50:41.897Z,buy,5.757e-05,348.0,0.02003436
BCD/BTC,1573105841897,2019-11-07T05:50:41.897Z,buy,5.758e-05,99.0,0.00570042
BCD/BTC,1573105842485,2019-11-07T05:50:42.485Z,buy,5.758e-05,20.0,0.0011516
BCD/BTC,1573106549606,2019-11-07T06:02:29.606Z,buy,5.758e-05,18.0,0.00103644
BCD/BTC,1573106671703,2019-11-07T06:04:31.703Z,sell,5.73e-05,135.0,0.0077354999999999
BCD/BTC,1573106678158,2019-11-07T06:04:38.158Z,sell,5.73e-05,135.0,0.0077354999999999
BCD/BTC,1573106684660,2019-11-07T06:04:44.660Z,sell,5.731e-05,129.0,0.0073929899999999
BCD/BTC,1573106691149,2019-11-07T06:04:51.149Z,sell,5.731e-05,87.0,0.00498597
BCD/BTC,1573106697642,2019-11-07T06:04:57.642Z,sell,5.726e-05,135.0,0.0077300999999999
BCD/BTC,1573106706480,2019-11-07T06:05:06.480Z,sell,5.727e-05,135.0,0.00773145
BCD/BTC,1573106711064,2019-11-07T06:05:11.064Z,sell,5.727e-05,67.0,0.00383709
BCD/BTC,1573106711064,2019-11-07T06:05:11.064Z,sell,5.727e-05,67.0,0.00383709
BCD/BTC,1573107761060,2019-11-07T06:22:41.060Z,buy,5.727e-05,225.0,0.01288575
BCD/BTC,1573108078447,2019-11-07T06:27:58.447Z,sell,5.721e-05,18.0,0.00102978
BCD/BTC,1573108088231,2019-11-07T06:28:08.231Z,sell,5.72e-05,5.0,0.000286
BCD/BTC,1573108095570,2019-11-07T06:28:15.570Z,sell,5.709e-05,51.0,0.00291159
BCD/BTC,1573108116112,2019-11-07T06:28:36.112Z,sell,5.709e-05,31.0,0.0017697899999999
BCD/BTC,1573108401735,2019-11-07T06:33:21.735Z,buy,5.73e-05,86.0,0.0049277999999999
BCD/BTC,1573108410354,2019-11-07T06:33:30.354Z,buy,5.73e-05,65.0,0.0037245
BCD/BTC,1573108415811,2019-11-07T06:33:35.811Z,buy,5.729e-05,19.0,0.00108851
BCD/BTC,1573108422895,2019-11-07T06:33:42.895Z,buy,5.73e-05,66.0,0.0037817999999999
BCD/BTC,1573108439754,2019-11-07T06:33:59.754Z,buy,5.73e-05,210.0,0.0120329999999999
BCD/BTC,1573108477283,2019-11-07T06:34:37.283Z,buy,5.715e-05,82.0,0.0046863
BCD/BTC,1573108477339,2019-11-07T06:34:37.339Z,buy,5.715e-05,21.0,0.00120015
BCD/BTC,1573108485741,2019-11-07T06:34:45.741Z,sell,5.715e-05,113.0,0.00645795
BCD/BTC,1573108543781,2019-11-07T06:35:43.781Z,sell,5.718e-05,75.0,0.0042885
BCD/BTC,1573108543781,2019-11-07T06:35:43.781Z,sell,5.717e-05,145.0,0.00828965
BCD/BTC,1573108547647,2019-11-07T06:35:47.647Z,sell,5.718e-05,55.0,0.0031449
BCD/BTC,1573108547647,2019-11-07T06:35:47.647Z,sell,5.717e-05,77.0,0.00440209
BCD/BTC,1573108646185,2019-11-07T06:37:26.185Z,buy,5.735e-05,198.0,0.0113553
BCD/BTC,1573108646185,2019-11-07T06:37:26.185Z,buy,5.736e-05,160.0,0.0091776
BCD/BTC,1573109406015,2019-11-07T06:50:06.015Z,sell,5.713e-05,2.0,0.00011426
BCD/BTC,1573109406015,2019-11-07T06:50:06.015Z,sell,5.708e-05,3.0,0.00017124
BCD/BTC,1573109406015,2019-11-07T06:50:06.015Z,sell,5.704e-05,98.0,0.00558992
BCD/BTC,1573109406015,2019-11-07T06:50:06.015Z,sell,5.703e-05,161.0,0.00918183
BCD/BTC,1573109406015,2019-11-07T06:50:06.015Z,sell,5.702e-05,70.0,0.0039914
BCD/BTC,1573109406015,2019-11-07T06:50:06.015Z,sell,5.7e-05,5.0,0.000285
BCD/BTC,1573109406015,2019-11-07T06:50:06.015Z,sell,5.697e-05,35.0,0.00199395
BCD/BTC,1573109406015,2019-11-07T06:50:06.015Z,sell,5.685e-05,70.0,0.0039795
BCD/BTC,1573109406015,2019-11-07T06:50:06.015Z,sell,5.684e-05,359.0,0.02040556
BCD/BTC,1573109406015,2019-11-07T06:50:06.015Z,sell,5.683e-05,339.0,0.01926537
BCD/BTC,1573109406049,2019-11-07T06:50:06.049Z,sell,5.704e-05,65.0,0.0037076
BCD/BTC,1573109406139,2019-11-07T06:50:06.139Z,buy,5.703e-05,1.0,5.703e-05
BCD/BTC,1573109406144,2019-11-07T06:50:06.144Z,sell,5.684e-05,15.0,0.0008526
BCD/BTC,1573109406144,2019-11-07T06:50:06.144Z,sell,5.683e-05,10.0,0.0005683
BCD/BTC,1573109407723,2019-11-07T06:50:07.723Z,sell,5.683e-05,37.0,0.00210271
BCD/BTC,1573109875788,2019-11-07T06:57:55.788Z,buy,5.713e-05,350.0,0.0199955
BCD/BTC,1573109875818,2019-11-07T06:57:55.818Z,sell,5.713e-05,258.0,0.0147395399999999
BCD/BTC,1573109875992,2019-11-07T06:57:55.992Z,sell,5.713e-05,105.0,0.0059986499999999
BCD/BTC,1573109879731,2019-11-07T06:57:59.731Z,sell,5.713e-05,428.0,0.02445164
BCD/BTC,1573110040988,2019-11-07T07:00:40.988Z,buy,5.722e-05,175.0,0.0100135
BCD/BTC,1573110040988,2019-11-07T07:00:40.988Z,buy,5.734e-05,5.0,0.0002867
BCD/BTC,1573110040988,2019-11-07T07:00:40.988Z,buy,5.743e-05,3.0,0.00017229
BCD/BTC,1573110040988,2019-11-07T07:00:40.988Z,buy,5.753e-05,187.0,0.01075811
BCD/BTC,1573110040988,2019-11-07T07:00:40.988Z,buy,5.754e-05,12.0,0.00069048
BCD/BTC,1573110040988,2019-11-07T07:00:40.988Z,buy,5.756e-05,53.0,0.00305068
BCD/BTC,1573110040988,2019-11-07T07:00:40.988Z,buy,5.76e-05,295.0,0.016992
BCD/BTC,1573110040988,2019-11-07T07:00:40.988Z,buy,5.764e-05,270.0,0.0155628
BCD/BTC,1573110088319,2019-11-07T07:01:28.319Z,buy,5.751e-05,313.0,0.01800063
BCD/BTC,1573110088319,2019-11-07T07:01:28.319Z,buy,5.764e-05,760.0,0.0438063999999999
BCD/BTC,1573110101012,2019-11-07T07:01:41.012Z,buy,5.763e-05,70.0,0.0040341
BCD/BTC,1573110114383,2019-11-07T07:01:54.383Z,sell,5.728e-05,9.0,0.00051552
BCD/BTC,1573110121183,2019-11-07T07:02:01.183Z,sell,5.728e-05,32.0,0.00183296
BCD/BTC,1573110121236,2019-11-07T07:02:01.236Z,sell,5.728e-05,37.0,0.00211936
BCD/BTC,1573110121331,2019-11-07T07:02:01.331Z,sell,5.728e-05,32.0,0.00183296
BCD/BTC,1573110123530,2019-11-07T07:02:03.530Z,sell,5.73e-05,43.0,0.0024638999999999
BCD/BTC,1573110123882,2019-11-07T07:02:03.882Z,sell,5.73e-05,50.0,0.002865
BCD/BTC,1573110125300,2019-11-07T07:02:05.300Z,sell,5.73e-05,50.0,0.002865
BCD/BTC,1573110126414,2019-11-07T07:02:06.414Z,sell,5.73e-05,20.0,0.0011459999999999
BCD/BTC,1573110126453,2019-11-07T07:02:06.453Z,sell,5.73e-05,8.0,0.0004584
BCD/BTC,1573110152670,2019-11-07T07:02:32.670Z,sell,5.725e-05,11.0,0.00062975
BCD/BTC,1573110152918,2019-11-07T07:02:32.918Z,sell,5.725e-05,5.0,0.00028625
BCD/BTC,1573110186593,2019-11-07T07:03:06.593Z,sell,5.713e-05,1.0,5.713e-05
BCD/BTC,1573110186593,2019-11-07T07:03:06.593Z,sell,5.71e-05,64.0,0.0036544
BCD/BTC,1573110186691,2019-11-07T07:03:06.691Z,sell,5.711e-05,37.0,0.00211307
BCD/BTC,1573110186777,2019-11-07T07:03:06.777Z,sell,5.711e-05,80.0,0.0045688
BCD/BTC,1573110190529,2019-11-07T07:03:10.529Z,sell,5.714e-05,10.0,0.0005714
BCD/BTC,1573110190529,2019-11-07T07:03:10.529Z,sell,5.714e-05,10.0,0.0005714
BCD/BTC,1573110716521,2019-11-07T07:11:56.521Z,sell,5.708e-05,3.0,0.00017124
BCD/BTC,1573110716557,2019-11-07T07:11:56.557Z,buy,5.708e-05,4.0,0.00022832
BCD/BTC,1573111239054,2019-11-07T07:20:39.054Z,sell,5.7e-05,5.0,0.000285
BCD/BTC,1573111239054,2019-11-07T07:20:39.054Z,sell,5.692e-05,146.0,0.00831032
BCD/BTC,1573111239763,2019-11-07T07:20:39.763Z,sell,5.693e-05,69.0,0.00392817
BCD/BTC,1573111239763,2019-11-07T07:20:39.763Z,sell,5.692e-05,31.0,0.0017645199999999
BCD/BTC,1573111239778,2019-11-07T07:20:39.778Z,sell,5.692e-05,145.0,0.0082534
BCD/BTC,1573111239778,2019-11-07T07:20:39.778Z,sell,5.691e-05,6.0,0.00034146
BCD/BTC,1573111241692,2019-11-07T07:20:41.692Z,buy,5.708e-05,24.0,0.00136992
BCD/BTC,1573112326214,2019-11-07T07:38:46.214Z,buy,5.72e-05,5.0,0.000286
BCD/BTC,1573112646220,2019-11-07T07:44:06.220Z,sell,5.694e-05,90.0,0.0051246
BCD/BTC,1573112646220,2019-11-07T07:44:06.220Z,sell,5.693e-05,245.0,0.01394785
BCD/BTC,1573112646220,2019-11-07T07:44:06.220Z,sell,5.692e-05,932.0,0.0530494399999999
BCD/BTC,1573112646220,2019-11-07T07:44:06.220Z,sell,5.691e-05,1573.0,0.08951943
BCD/BTC,1573112646555,2019-11-07T07:44:06.555Z,sell,5.691e-05,316.0,0.01798356
BCD/BTC,1573112646583,2019-11-07T07:44:06.583Z,buy,5.691e-05,26.0,0.00147966
BCD/BTC,1573112646643,2019-11-07T07:44:06.643Z,buy,5.691e-05,26.0,0.00147966
BCD/BTC,1573112646648,2019-11-07T07:44:06.648Z,buy,5.691e-05,43.0,0.00244713
BCD/BTC,1573112674164,2019-11-07T07:44:34.164Z,sell,5.7e-05,75.0,0.004275
BCD/BTC,1573112739748,2019-11-07T07:45:39.748Z,buy,5.714e-05,5.0,0.0002857
BCD/BTC,1573112792943,2019-11-07T07:46:32.943Z,buy,5.714e-05,4.0,0.00022856
BCD/BTC,1573112906443,2019-11-07T07:48:26.443Z,sell,5.7e-05,626.0,0.035682
BCD/BTC,1573112991438,2019-11-07T07:49:51.438Z,sell,5.688e-05,175.0,0.009954
BCD/BTC,1573112991438,2019-11-07T07:49:51.438Z,sell,5.684e-05,70.0,0.0039788
BCD/BTC,1573112991438,2019-11-07T07:49:51.438Z,sell,5.683e-05,1373.0,0.07802759
BCD/BTC,1573112991460,2019-11-07T07:49:51.460Z,buy,5.683e-05,130.0,0.0073879
BCD/BTC,1573113635329,2019-11-07T08:00:35.329Z,sell,5.687e-05,127.0,0.00722249
BCD/BTC,1573113635329,2019-11-07T08:00:35.329Z,sell,5.686e-05,367.0,0.02086762
BCD/BTC,1573113635329,2019-11-07T08:00:35.329Z,sell,5.683e-05,95.0,0.00539885
BCD/BTC,1573113635329,2019-11-07T08:00:35.329Z,sell,5.68e-05,395.0,0.0224359999999999
BCD/BTC,1573113635329,2019-11-07T08:00:35.329Z,sell,5.679e-05,13.0,0.00073827
BCD/BTC,1573113635329,2019-11-07T08:00:35.329Z,sell,5.676e-05,2.0,0.00011352
BCD/BTC,1573113635329,2019-11-07T08:00:35.329Z,sell,5.687e-05,127.0,0.00722249
BCD/BTC,1573113635329,2019-11-07T08:00:35.329Z,sell,5.686e-05,367.0,0.02086762
BCD/BTC,1573113635329,2019-11-07T08:00:35.329Z,sell,5.683e-05,95.0,0.00539885
BCD/BTC,1573113635329,2019-11-07T08:00:35.329Z,sell,5.68e-05,395.0,0.0224359999999999
BCD/BTC,1573113635329,2019-11-07T08:00:35.329Z,sell,5.679e-05,13.0,0.00073827
BCD/BTC,1573113635329,2019-11-07T08:00:35.329Z,sell,5.676e-05,2.0,0.00011352
BCD/BTC,1573114111145,2019-11-07T08:08:31.145Z,sell,5.677e-05,10.0,0.0005677
BCD/BTC,1573114111145,2019-11-07T08:08:31.145Z,sell,5.676e-05,16.0,0.00090816
BCD/BTC,1573114111145,2019-11-07T08:08:31.145Z,sell,5.673e-05,156.0,0.00884988
BCD/BTC,1573114111165,2019-11-07T08:08:31.165Z,sell,5.673e-05,147.0,0.00833931
BCD/BTC,1573114111165,2019-11-07T08:08:31.165Z,sell,5.668e-05,35.0,0.0019838
BCD/BTC,1573114111188,2019-11-07T08:08:31.188Z,sell,5.668e-05,35.0,0.0019838
BCD/BTC,1573114111188,2019-11-07T08:08:31.188Z,sell,5.667e-05,141.0,0.00799047
BCD/BTC,1573114111308,2019-11-07T08:08:31.308Z,sell,5.667e-05,105.0,0.00595035
BCD/BTC,1573114111576,2019-11-07T08:08:31.576Z,sell,5.677e-05,18.0,0.00102186
BCD/BTC,1573114111705,2019-11-07T08:08:31.705Z,sell,5.677e-05,108.0,0.00613116
BCD/BTC,1573114111781,2019-11-07T08:08:31.781Z,sell,5.677e-05,12.0,0.00068124
BCD/BTC,1573114311345,2019-11-07T08:11:51.345Z,sell,5.678e-05,130.0,0.0073814
BCD/BTC,1573114311348,2019-11-07T08:11:51.348Z,sell,5.678e-05,43.0,0.00244154
BCD/BTC,1573114311348,2019-11-07T08:11:51.348Z,sell,5.677e-05,100.0,0.005677
BCD/BTC,1573114772455,2019-11-07T08:19:32.455Z,sell,5.673e-05,37.0,0.00209901
BCD/BTC,1573114772455,2019-11-07T08:19:32.455Z,sell,5.667e-05,577.0,0.03269859
BCD/BTC,1573114895423,2019-11-07T08:21:35.423Z,buy,5.681e-05,35.0,0.00198835
BCD/BTC,1573114899386,2019-11-07T08:21:39.386Z,buy,5.682e-05,9.0,0.00051138
BCD/BTC,1573114900205,2019-11-07T08:21:40.205Z,buy,5.681e-05,13.0,0.00073853
BCD/BTC,1573114938222,2019-11-07T08:22:18.222Z,buy,5.678e-05,3.0,0.00017034
BCD/BTC,1573115133128,2019-11-07T08:25:33.128Z,buy,5.678e-05,51.0,0.00289578
BCD/BTC,1573115206252,2019-11-07T08:26:46.252Z,buy,5.678e-05,108.0,0.00613224
BCD/BTC,1573115206252,2019-11-07T08:26:46.252Z,buy,5.691e-05,230.0,0.0130893
BCD/BTC,1573115206252,2019-11-07T08:26:46.252Z,buy,5.694e-05,49.0,0.00279006
BCD/BTC,1573115264775,2019-11-07T08:27:44.775Z,sell,5.675e-05,19.0,0.00107825
BCD/BTC,1573115264775,2019-11-07T08:27:44.775Z,sell,5.674e-05,95.0,0.0053903
BCD/BTC,1573115264775,2019-11-07T08:27:44.775Z,sell,5.673e-05,434.0,0.02462082
BCD/BTC,1573115264775,2019-11-07T08:27:44.775Z,sell,5.666e-05,76.0,0.00430616
BCD/BTC,1573115264775,2019-11-07T08:27:44.775Z,sell,5.665e-05,101.0,0.00572165
BCD/BTC,1573115264775,2019-11-07T08:27:44.775Z,sell,5.664e-05,215.0,0.0121776
BCD/BTC,1573115266621,2019-11-07T08:27:46.621Z,sell,5.666e-05,51.0,0.00288966
BCD/BTC,1573115267417,2019-11-07T08:27:47.417Z,sell,5.664e-05,98.0,0.00555072
BCD/BTC,1573115267417,2019-11-07T08:27:47.417Z,sell,5.66e-05,638.0,0.0361108
BCD/BTC,1573115267417,2019-11-07T08:27:47.417Z,sell,5.659e-05,457.0,0.02586163
BCD/BTC,1573115267939,2019-11-07T08:27:47.939Z,sell,5.659e-05,1049.0,0.05936291
BCD/BTC,1573115267939,2019-11-07T08:27:47.939Z,sell,5.645e-05,377.0,0.02128165
BCD/BTC,1573115267939,2019-11-07T08:27:47.939Z,sell,5.644e-05,13.0,0.00073372
BCD/BTC,1573115267939,2019-11-07T08:27:47.939Z,sell,5.639e-05,121.0,0.00682319
BCD/BTC,1573115364622,2019-11-07T08:29:24.622Z,sell,5.64e-05,51.0,0.0028764
BCD/BTC,1573115471031,2019-11-07T08:31:11.031Z,buy,5.674e-05,9.0,0.00051066
BCD/BTC,1573116051596,2019-11-07T08:40:51.596Z,buy,5.677e-05,193.0,0.01095661
BCD/BTC,1573116052254,2019-11-07T08:40:52.254Z,buy,5.677e-05,128.0,0.00726656
BCD/BTC,1573116052325,2019-11-07T08:40:52.325Z,sell,5.677e-05,142.0,0.00806134
BCD/BTC,1573116052511,2019-11-07T08:40:52.511Z,sell,5.677e-05,30.0,0.0017031
BCD/BTC,1573116052524,2019-11-07T08:40:52.524Z,sell,5.677e-05,66.0,0.00374682
BCD/BTC,1573116052643,2019-11-07T08:40:52.643Z,sell,5.677e-05,673.0,0.03820621
BCD/BTC,1573116052922,2019-11-07T08:40:52.922Z,sell,5.677e-05,201.0,0.01141077
BCD/BTC,1573116053549,2019-11-07T08:40:53.549Z,sell,5.646e-05,25.0,0.0014115
BCD/BTC,1573116055810,2019-11-07T08:40:55.810Z,buy,5.676e-05,26.0,0.00147576
BCD/BTC,1573116065122,2019-11-07T08:41:05.122Z,buy,5.677e-05,76.0,0.00431452
BCD/BTC,1573116075494,2019-11-07T08:41:15.494Z,buy,5.677e-05,431.0,0.02446787
BCD/BTC,1573116148285,2019-11-07T08:42:28.285Z,buy,5.677e-05,76.0,0.00431452
BCD/BTC,1573116445032,2019-11-07T08:47:25.032Z,buy,5.678e-05,70.0,0.0039746
BCD/BTC,1573116669374,2019-11-07T08:51:09.374Z,sell,5.681e-05,333.0,0.01891773
BCD/BTC,1573116835609,2019-11-07T08:53:55.609Z,sell,5.682e-05,19.0,0.00107958
BCD/BTC,1573116835609,2019-11-07T08:53:55.609Z,sell,5.681e-05,59.0,0.00335179
BCD/BTC,1573117021634,2019-11-07T08:57:01.634Z,sell,5.681e-05,9.0,0.00051129
BCD/BTC,1573117021693,2019-11-07T08:57:01.693Z,sell,5.681e-05,9.0,0.00051129
BCD/BTC,1573117021817,2019-11-07T08:57:01.817Z,sell,5.681e-05,1.0,5.681e-05
BCD/BTC,1573117052697,2019-11-07T08:57:32.697Z,sell,5.673e-05,8.0,0.00045384
BCD/BTC,1573117093962,2019-11-07T08:58:13.962Z,sell,5.673e-05,61.0,0.00346053
BCD/BTC,1573117097358,2019-11-07T08:58:17.358Z,sell,5.673e-05,1.0,5.673e-05
BCD/BTC,1573117097358,2019-11-07T08:58:17.358Z,sell,5.668e-05,65.0,0.0036842
BCD/BTC,1573117097358,2019-11-07T08:58:17.358Z,sell,5.667e-05,925.0,0.05241975
BCD/BTC,1573117101354,2019-11-07T08:58:21.354Z,sell,5.668e-05,65.0,0.0036842
BCD/BTC,1573117101354,2019-11-07T08:58:21.354Z,sell,5.667e-05,74.0,0.00419358
BCD/BTC,1573117101354,2019-11-07T08:58:21.354Z,sell,5.666e-05,50.0,0.002833
BCD/BTC,1573117101354,2019-11-07T08:58:21.354Z,sell,5.668e-05,65.0,0.0036842
BCD/BTC,1573117101354,2019-11-07T08:58:21.354Z,sell,5.667e-05,74.0,0.00419358
BCD/BTC,1573117101354,2019-11-07T08:58:21.354Z,sell,5.666e-05,50.0,0.002833
BCD/BTC,1573117343248,2019-11-07T09:02:23.248Z,buy,5.676e-05,60.0,0.0034056
BCD/BTC,1573117440216,2019-11-07T09:04:00.216Z,sell,5.676e-05,30.0,0.0017028
BCD/BTC,1573117605118,2019-11-07T09:06:45.118Z,buy,5.678e-05,60.0,0.0034068
BCD/BTC,1573117605118,2019-11-07T09:06:45.118Z,buy,5.679e-05,352.0,0.01999008
BCD/BTC,1573117605118,2019-11-07T09:06:45.118Z,buy,5.68e-05,125.0,0.0070999999999999
BCD/BTC,1573117605708,2019-11-07T09:06:45.708Z,buy,5.678e-05,25.0,0.0014195
BCD/BTC,1573117623103,2019-11-07T09:07:03.103Z,buy,5.678e-05,35.0,0.0019873
BCD/BTC,1573117640411,2019-11-07T09:07:20.411Z,sell,5.666e-05,2.0,0.00011332
BCD/BTC,1573117640411,2019-11-07T09:07:20.411Z,sell,5.66e-05,171.0,0.0096786
BCD/BTC,1573117640595,2019-11-07T09:07:20.595Z,sell,5.66e-05,35.0,0.001981
BCD/BTC,1573117640595,2019-11-07T09:07:20.595Z,sell,5.655e-05,33.0,0.00186615
BCD/BTC,1573117640650,2019-11-07T09:07:20.650Z,sell,5.655e-05,107.0,0.00605085
BCD/BTC,1573117640665,2019-11-07T09:07:20.665Z,sell,5.655e-05,24.0,0.0013572
BCD/BTC,1573117640795,2019-11-07T09:07:20.795Z,sell,5.656e-05,36.0,0.00203616
BCD/BTC,1573117641550,2019-11-07T09:07:21.550Z,sell,5.659e-05,23.0,0.00130157
BCD/BTC,1573117641640,2019-11-07T09:07:21.640Z,sell,5.659e-05,73.0,0.00413107
BCD/BTC,1573117641849,2019-11-07T09:07:21.849Z,sell,5.659e-05,20.0,0.0011318
BCD/BTC,1573117641849,2019-11-07T09:07:21.849Z,sell,5.658e-05,91.0,0.0051487799999999
BCD/BTC,1573117641911,2019-11-07T09:07:21.911Z,sell,5.658e-05,41.0,0.00231978
BCD/BTC,1573117926690,2019-11-07T09:12:06.690Z,buy,5.68e-05,9.0,0.0005112
BCD/BTC,1573118113120,2019-11-07T09:15:13.120Z,buy,5.681e-05,52.0,0.00295412
BCD/BTC,1573118113921,2019-11-07T09:15:13.921Z,buy,5.681e-05,17.0,0.00096577
BCD/BTC,1573118114047,2019-11-07T09:15:14.047Z,sell,5.681e-05,167.0,0.00948727
BCD/BTC,1573118114449,2019-11-07T09:15:14.449Z,sell,5.681e-05,52.0,0.00295412
BCD/BTC,1573118115639,2019-11-07T09:15:15.639Z,sell,5.681e-05,30.0,0.0017043
BCD/BTC,1573118115762,2019-11-07T09:15:15.762Z,sell,5.681e-05,4.0,0.00022724
BCD/BTC,1573118133117,2019-11-07T09:15:33.117Z,sell,5.658e-05,27.0,0.00152766
BCD/BTC,1573118133117,2019-11-07T09:15:33.117Z,sell,5.657e-05,3.0,0.00016971
BCD/BTC,1573118147337,2019-11-07T09:15:47.337Z,sell,5.657e-05,9.0,0.00050913
BCD/BTC,1573118242036,2019-11-07T09:17:22.036Z,sell,5.657e-05,46.0,0.00260222
BCD/BTC,1573118242036,2019-11-07T09:17:22.036Z,sell,5.656e-05,57.0,0.00322392
BCD/BTC,1573118242036,2019-11-07T09:17:22.036Z,sell,5.655e-05,161.0,0.00910455
BCD/BTC,1573118242036,2019-11-07T09:17:22.036Z,sell,5.652e-05,157.0,0.00887364
BCD/BTC,1573118242036,2019-11-07T09:17:22.036Z,sell,5.641e-05,5.0,0.00028205
BCD/BTC,1573118246171,2019-11-07T09:17:26.171Z,sell,5.642e-05,755.0,0.0425971
BCD/BTC,1573118246171,2019-11-07T09:17:26.171Z,sell,5.641e-05,65.0,0.0036666499999999
BCD/BTC,1573118246171,2019-11-07T09:17:26.171Z,sell,5.64e-05,915.0,0.051606
BCD/BTC,1573118529770,2019-11-07T09:22:09.770Z,sell,5.64e-05,229.0,0.0129156
BCD/BTC,1573118847125,2019-11-07T09:27:27.125Z,buy,5.669e-05,2.0,0.00011338
BCD/BTC,1573119014598,2019-11-07T09:30:14.598Z,sell,5.646e-05,46.0,0.00259716
BCD/BTC,1573119014598,2019-11-07T09:30:14.598Z,sell,5.642e-05,46.0,0.00259532
BCD/BTC,1573119014598,2019-11-07T09:30:14.598Z,sell,5.641e-05,70.0,0.0039486999999999
BCD/BTC,1573119014598,2019-11-07T09:30:14.598Z,sell,5.64e-05,738.0,0.0416232
BCD/BTC,1573119016602,2019-11-07T09:30:16.602Z,sell,5.64e-05,45.0,0.002538
BCD/BTC,1573119253522,2019-11-07T09:34:13.522Z,buy,5.67e-05,43.0,0.0024381
BCD/BTC,1573119276362,2019-11-07T09:34:36.362Z,buy,5.669e-05,39.0,0.00221091
BCD/BTC,1573119298345,2019-11-07T09:34:58.345Z,buy,5.671e-05,74.0,0.0041965399999999
BCD/BTC,1573119336358,2019-11-07T09:35:36.358Z,buy,5.671e-05,34.0,0.0019281399999999
BCD/BTC,1573119354368,2019-11-07T09:35:54.368Z,buy,5.668e-05,78.0,0.00442104
BCD/BTC,1573119397354,2019-11-07T09:36:37.354Z,buy,5.67e-05,69.0,0.0039123
BCD/BTC,1573119397354,2019-11-07T09:36:37.354Z,buy,5.671e-05,1.0,5.671e-05
BCD/BTC,1573119433673,2019-11-07T09:37:13.673Z,buy,5.673e-05,74.0,0.00419802
BCD/BTC,1573119474410,2019-11-07T09:37:54.410Z,buy,5.674e-05,58.0,0.00329092
BCD/BTC,1573119503731,2019-11-07T09:38:23.731Z,buy,5.681e-05,59.0,0.00335179
BCD/BTC,1573119536442,2019-11-07T09:38:56.442Z,buy,5.679e-05,78.0,0.0044296199999999
BCD/BTC,1573119576440,2019-11-07T09:39:36.440Z,buy,5.679e-05,1.0,5.679e-05
BCD/BTC,1573119576467,2019-11-07T09:39:36.467Z,sell,5.679e-05,32.0,0.00181728
BCD/BTC,1573119576647,2019-11-07T09:39:36.647Z,sell,5.679e-05,9.0,0.00051111
BCD/BTC,1573119599373,2019-11-07T09:39:59.373Z,buy,5.683e-05,36.0,0.00204588
BCD/BTC,1573119600590,2019-11-07T09:40:00.590Z,sell,5.683e-05,2.0,0.00011366
BCD/BTC,1573119600590,2019-11-07T09:40:00.590Z,sell,5.663e-05,23.0,0.00130249
BCD/BTC,1573119613267,2019-11-07T09:40:13.267Z,sell,5.665e-05,9.0,0.00050985
BCD/BTC,1573119618073,2019-11-07T09:40:18.073Z,sell,5.665e-05,188.0,0.0106502
BCD/BTC,1573119618553,2019-11-07T09:40:18.553Z,buy,5.69e-05,56.0,0.0031864
BCD/BTC,1573119649382,2019-11-07T09:40:49.382Z,buy,5.685e-05,34.0,0.0019329
BCD/BTC,1573119666465,2019-11-07T09:41:06.465Z,buy,5.684e-05,80.0,0.0045471999999999
BCD/BTC,1573119716449,2019-11-07T09:41:56.449Z,buy,5.684e-05,51.0,0.0028988399999999
BCD/BTC,1573119716498,2019-11-07T09:41:56.498Z,sell,5.684e-05,44.0,0.00250096
BCD/BTC,1573119748775,2019-11-07T09:42:28.775Z,sell,5.67e-05,9.0,0.0005103
BCD/BTC,1573119762391,2019-11-07T09:42:42.391Z,buy,5.694e-05,67.0,0.00381498
BCD/BTC,1573119794402,2019-11-07T09:43:14.402Z,buy,5.694e-05,59.0,0.00335946
BCD/BTC,1573119826377,2019-11-07T09:43:46.377Z,buy,5.694e-05,41.0,0.00233454
BCD/BTC,1573119826466,2019-11-07T09:43:46.466Z,sell,5.694e-05,36.0,0.00204984
BCD/BTC,1573119826473,2019-11-07T09:43:46.473Z,sell,5.694e-05,3.0,0.00017082
BCD/BTC,1573119833576,2019-11-07T09:43:53.576Z,sell,5.668e-05,30.0,0.0017004
BCD/BTC,1573119844267,2019-11-07T09:44:04.267Z,sell,5.669e-05,35.0,0.00198415
BCD/BTC,1573119858472,2019-11-07T09:44:18.472Z,sell,5.669e-05,34.0,0.00192746
BCD/BTC,1573119858515,2019-11-07T09:44:18.515Z,sell,5.669e-05,34.0,0.00192746
BCD/BTC,1573119858838,2019-11-07T09:44:18.838Z,sell,5.67e-05,39.0,0.0022113
BCD/BTC,1573119868535,2019-11-07T09:44:28.535Z,buy,5.694e-05,41.0,0.00233454
BCD/BTC,1573119890380,2019-11-07T09:44:50.380Z,buy,5.692e-05,84.0,0.00478128
BCD/BTC,1573119936737,2019-11-07T09:45:36.737Z,buy,5.695e-05,43.0,0.00244885
BCD/BTC,1573119937051,2019-11-07T09:45:37.051Z,sell,5.695e-05,19.0,0.00108205
BCD/BTC,1573119937158,2019-11-07T09:45:37.158Z,sell,5.695e-05,1.0,5.695e-05
BCD/BTC,1573119968380,2019-11-07T09:46:08.380Z,buy,5.699e-05,36.0,0.00205164
BCD/BTC,1573119968460,2019-11-07T09:46:08.460Z,sell,5.677e-05,19.0,0.00107863
BCD/BTC,1573119968484,2019-11-07T09:46:08.484Z,sell,5.677e-05,19.0,0.00107863
BCD/BTC,1573119990397,2019-11-07T09:46:30.397Z,buy,5.7e-05,38.0,0.002166
BCD/BTC,1573120008734,2019-11-07T09:46:48.734Z,buy,5.7e-05,5.0,0.000285
BCD/BTC,1573120008760,2019-11-07T09:46:48.760Z,sell,5.7e-05,40.0,0.00228
BCD/BTC,1573120008766,2019-11-07T09:46:48.766Z,sell,5.7e-05,3.0,0.000171
BCD/BTC,1573120026281,2019-11-07T09:47:06.281Z,sell,5.678e-05,34.0,0.00193052
BCD/BTC,1573120033406,2019-11-07T09:47:13.406Z,buy,5.699e-05,51.0,0.00290649
BCD/BTC,1573120046469,2019-11-07T09:47:26.469Z,sell,5.679e-05,36.0,0.00204444
BCD/BTC,1573120046627,2019-11-07T09:47:26.627Z,sell,5.679e-05,43.0,0.00244197
BCD/BTC,1573120061463,2019-11-07T09:47:41.463Z,buy,5.7e-05,62.0,0.003534
BCD/BTC,1573120084052,2019-11-07T09:48:04.052Z,sell,5.673e-05,90.0,0.0051057
BCD/BTC,1573120084302,2019-11-07T09:48:04.302Z,sell,5.674e-05,303.0,0.01719222
BCD/BTC,1573120084389,2019-11-07T09:48:04.389Z,sell,5.674e-05,46.0,0.00261004
BCD/BTC,1573120084437,2019-11-07T09:48:04.437Z,sell,5.674e-05,3.0,0.00017022
BCD/BTC,1573120084437,2019-11-07T09:48:04.437Z,sell,5.673e-05,6.0,0.00034038
BCD/BTC,1573120084542,2019-11-07T09:48:04.542Z,sell,5.673e-05,11.0,0.00062403
BCD/BTC,1573120084542,2019-11-07T09:48:04.542Z,sell,5.665e-05,80.0,0.004532
BCD/BTC,1573120088452,2019-11-07T09:48:08.452Z,sell,5.666e-05,30.0,0.0016998
BCD/BTC,1573120093406,2019-11-07T09:48:13.406Z,buy,5.667e-05,9.0,0.00051003
BCD/BTC,1573120094585,2019-11-07T09:48:14.585Z,buy,5.696e-05,88.0,0.00501248
BCD/BTC,1573120145419,2019-11-07T09:49:05.419Z,buy,5.691e-05,95.0,0.00540645
BCD/BTC,1573120195443,2019-11-07T09:49:55.443Z,buy,5.688e-05,62.0,0.0035265599999999
BCD/BTC,1573120230432,2019-11-07T09:50:30.432Z,buy,5.687e-05,38.0,0.00216106
BCD/BTC,1573120248414,2019-11-07T09:50:48.414Z,buy,5.687e-05,42.0,0.00238854
BCD/BTC,1573120251443,2019-11-07T09:50:51.443Z,sell,5.666e-05,150.0,0.008499
BCD/BTC,1573120251443,2019-11-07T09:50:51.443Z,sell,5.665e-05,101.0,0.00572165
BCD/BTC,1573120251443,2019-11-07T09:50:51.443Z,sell,5.657e-05,133.0,0.00752381
BCD/BTC,1573120251443,2019-11-07T09:50:51.443Z,sell,5.656e-05,35.0,0.0019796
BCD/BTC,1573120251443,2019-11-07T09:50:51.443Z,sell,5.65e-05,2218.0,0.1253169999999999
BCD/BTC,1573120251483,2019-11-07T09:50:51.483Z,sell,5.651e-05,25.0,0.00141275
BCD/BTC,1573120251608,2019-11-07T09:50:51.608Z,sell,5.657e-05,66.0,0.00373362
BCD/BTC,1573120251623,2019-11-07T09:50:51.623Z,sell,5.657e-05,72.0,0.00407304
BCD/BTC,1573120271471,2019-11-07T09:51:11.471Z,buy,5.681e-05,33.0,0.00187473
BCD/BTC,1573120289453,2019-11-07T09:51:29.453Z,buy,5.678e-05,33.0,0.00187374
BCD/BTC,1573120306458,2019-11-07T09:51:46.458Z,buy,5.677e-05,33.0,0.00187341
BCD/BTC,1573120325456,2019-11-07T09:52:05.456Z,buy,5.677e-05,63.0,0.00357651
BCD/BTC,1573120356449,2019-11-07T09:52:36.449Z,buy,5.675e-05,61.0,0.00346175
BCD/BTC,1573120391469,2019-11-07T09:53:11.469Z,buy,5.677e-05,37.0,0.00210049
BCD/BTC,1573120409455,2019-11-07T09:53:29.455Z,buy,5.675e-05,78.0,0.0044265
BCD/BTC,1573120451467,2019-11-07T09:54:11.467Z,buy,5.678e-05,33.0,0.00187374
BCD/BTC,1573120475479,2019-11-07T09:54:35.479Z,buy,5.679e-05,105.0,0.00596295
BCD/BTC,1573120509393,2019-11-07T09:55:09.393Z,sell,5.657e-05,323.0,0.01827211
BCD/BTC,1573120526448,2019-11-07T09:55:26.448Z,buy,5.657e-05,63.0,0.00356391
BCD/BTC,1573120553412,2019-11-07T09:55:53.412Z,sell,5.652e-05,82.0,0.00463464
BCD/BTC,1573120553412,2019-11-07T09:55:53.412Z,sell,5.651e-05,210.0,0.0118671
BCD/BTC,1573120553412,2019-11-07T09:55:53.412Z,sell,5.65e-05,1209.0,0.0683085
BCD/BTC,1573120559460,2019-11-07T09:55:59.460Z,buy,5.677e-05,52.0,0.00295204
BCD/BTC,1573120584771,2019-11-07T09:56:24.771Z,buy,5.675e-05,71.0,0.00402925
BCD/BTC,1573120622483,2019-11-07T09:57:02.483Z,buy,5.675e-05,40.0,0.00227
BCD/BTC,1573120643611,2019-11-07T09:57:23.611Z,sell,5.676e-05,34.0,0.00192984
BCD/BTC,1573120643613,2019-11-07T09:57:23.613Z,sell,5.676e-05,34.0,0.00192984
BCD/BTC,1573120643613,2019-11-07T09:57:23.613Z,sell,5.676e-05,1.0,5.676e-05
BCD/BTC,1573120643915,2019-11-07T09:57:23.915Z,sell,5.652e-05,69.0,0.00389988
BCD/BTC,1573120660578,2019-11-07T09:57:40.578Z,sell,5.652e-05,37.0,0.00209124
BCD/BTC,1573120681448,2019-11-07T09:58:01.448Z,buy,5.67e-05,25.0,0.0014175
BCD/BTC,1573120696451,2019-11-07T09:58:16.451Z,buy,5.676e-05,37.0,0.00210012
BCD/BTC,1573120696451,2019-11-07T09:58:16.451Z,buy,5.676e-05,37.0,0.00210012
BCD/BTC,1573120716506,2019-11-07T09:58:36.506Z,sell,5.678e-05,80.0,0.0045424
BCD/BTC,1573120716506,2019-11-07T09:58:36.506Z,sell,5.678e-05,11.0,0.00062458
BCD/BTC,1573120716793,2019-11-07T09:58:36.793Z,sell,5.652e-05,42.0,0.00237384
BCD/BTC,1573120716793,2019-11-07T09:58:36.793Z,sell,5.651e-05,49.0,0.00276899
BCD/BTC,1573120726464,2019-11-07T09:58:46.464Z,sell,5.651e-05,13.0,0.00073463
BCD/BTC,1573120726464,2019-11-07T09:58:46.464Z,sell,5.65e-05,17.0,0.0009605
BCD/BTC,1573120727086,2019-11-07T09:58:47.086Z,sell,5.65e-05,30.0,0.001695
BCD/BTC,1573120734155,2019-11-07T09:58:54.155Z,sell,5.65e-05,91.0,0.0051414999999999
BCD/BTC,1573120753390,2019-11-07T09:59:13.390Z,sell,5.65e-05,79.0,0.0044635
BCD/BTC,1573120754278,2019-11-07T09:59:14.278Z,sell,5.65e-05,91.0,0.0051414999999999
BCD/BTC,1573120763495,2019-11-07T09:59:23.495Z,buy,5.677e-05,36.0,0.00204372
BCD/BTC,1573120781899,2019-11-07T09:59:41.899Z,buy,5.677e-05,38.0,0.00215726
BCD/BTC,1573120801455,2019-11-07T10:00:01.455Z,buy,5.676e-05,64.0,0.00363264
BCD/BTC,1573120836502,2019-11-07T10:00:36.502Z,buy,5.674e-05,52.0,0.00295048
BCD/BTC,1573120862491,2019-11-07T10:01:02.491Z,buy,5.675e-05,61.0,0.00346175
BCD/BTC,1573120895505,2019-11-07T10:01:35.505Z,buy,5.676e-05,62.0,0.0035191199999999
BCD/BTC,1573120928509,2019-11-07T10:02:08.509Z,buy,5.674e-05,50.0,0.002837
BCD/BTC,1573120954500,2019-11-07T10:02:34.500Z,buy,5.677e-05,43.0,0.00244111
BCD/BTC,1573120979500,2019-11-07T10:02:59.500Z,buy,5.676e-05,50.0,0.002838
BCD/BTC,1573121005512,2019-11-07T10:03:25.512Z,buy,5.676e-05,11.0,0.00062436
BCD/BTC,1573121005585,2019-11-07T10:03:25.585Z,sell,5.676e-05,30.0,0.0017028
BCD/BTC,1573121026768,2019-11-07T10:03:46.768Z,buy,5.675e-05,83.0,0.00471025
BCD/BTC,1573121070486,2019-11-07T10:04:30.486Z,buy,5.673e-05,26.0,0.00147498
BCD/BTC,1573121071292,2019-11-07T10:04:31.292Z,sell,5.673e-05,25.0,0.00141825
BCD/BTC,1573121101455,2019-11-07T10:05:01.455Z,buy,5.674e-05,60.0,0.0034044
BCD/BTC,1573121131457,2019-11-07T10:05:31.457Z,buy,5.672e-05,33.0,0.0018717599999999
BCD/BTC,1573121131879,2019-11-07T10:05:31.879Z,sell,5.672e-05,55.0,0.0031196
BCD/BTC,1573121176455,2019-11-07T10:06:16.455Z,buy,5.673e-05,61.0,0.00346053
BCD/BTC,1573121208500,2019-11-07T10:06:48.500Z,buy,5.673e-05,91.0,0.00516243
BCD/BTC,1573121256466,2019-11-07T10:07:36.466Z,buy,5.672e-05,45.0,0.0025524
BCD/BTC,1573121282754,2019-11-07T10:08:02.754Z,buy,5.672e-05,41.0,0.0023255199999999
BCD/BTC,1573121303531,2019-11-07T10:08:23.531Z,buy,5.672e-05,91.0,0.00516152
BCD/BTC,1573121351472,2019-11-07T10:09:11.472Z,buy,5.662e-05,52.0,0.00294424
BCD/BTC,1573121381470,2019-11-07T10:09:41.470Z,buy,5.662e-05,50.0,0.0028309999999999
BCD/BTC,1573121404522,2019-11-07T10:10:04.522Z,buy,5.662e-05,43.0,0.00243466
BCD/BTC,1573121431477,2019-11-07T10:10:31.477Z,buy,5.662e-05,38.0,0.00215156
BCD/BTC,1573121451489,2019-11-07T10:10:51.489Z,buy,5.662e-05,47.0,0.0026611399999999
BCD/BTC,1573121476500,2019-11-07T10:11:16.500Z,buy,5.662e-05,75.0,0.0042464999999999
BCD/BTC,1573121477846,2019-11-07T10:11:17.846Z,buy,5.662e-05,72.0,0.0040766399999999
BCD/BTC,1573121484117,2019-11-07T10:11:24.117Z,buy,5.663e-05,176.0,0.00996688
BCD/BTC,1573121512631,2019-11-07T10:11:52.631Z,buy,5.684e-05,102.0,0.0057976799999999
BCD/BTC,1573121524271,2019-11-07T10:12:04.271Z,buy,5.659e-05,140.0,0.0079226
BCD/BTC,1573121524271,2019-11-07T10:12:04.271Z,buy,5.663e-05,128.0,0.00724864
BCD/BTC,1573121557338,2019-11-07T10:12:37.338Z,sell,5.661e-05,25.0,0.00141525
BCD/BTC,1573121557527,2019-11-07T10:12:37.527Z,sell,5.661e-05,205.0,0.01160505
BCD/BTC,1573121557527,2019-11-07T10:12:37.527Z,sell,5.66e-05,311.0,0.0176026
BCD/BTC,1573121558443,2019-11-07T10:12:38.443Z,sell,5.661e-05,25.0,0.00141525
BCD/BTC,1573121559175,2019-11-07T10:12:39.175Z,sell,5.661e-05,128.0,0.00724608
BCD/BTC,1573121559920,2019-11-07T10:12:39.920Z,sell,5.661e-05,25.0,0.00141525
BCD/BTC,1573121560846,2019-11-07T10:12:40.846Z,sell,5.662e-05,25.0,0.0014154999999999
BCD/BTC,1573121561852,2019-11-07T10:12:41.852Z,sell,5.662e-05,25.0,0.0014154999999999
BCD/BTC,1573121562720,2019-11-07T10:12:42.720Z,sell,5.662e-05,25.0,0.0014154999999999
BCD/BTC,1573121563736,2019-11-07T10:12:43.736Z,sell,5.662e-05,25.0,0.0014154999999999
BCD/BTC,1573121563981,2019-11-07T10:12:43.981Z,sell,5.662e-05,253.0,0.0143248599999999
BCD/BTC,1573121566525,2019-11-07T10:12:46.525Z,buy,5.663e-05,32.0,0.00181216
BCD/BTC,1573121568651,2019-11-07T10:12:48.651Z,sell,5.66e-05,58.0,0.0032828
BCD/BTC,1573121571705,2019-11-07T10:12:51.705Z,sell,5.661e-05,96.0,0.00543456
BCD/BTC,1573121574013,2019-11-07T10:12:54.013Z,sell,5.662e-05,25.0,0.0014154999999999
BCD/BTC,1573121574231,2019-11-07T10:12:54.231Z,sell,5.662e-05,53.0,0.0030008599999999
BCD/BTC,1573121574874,2019-11-07T10:12:54.874Z,sell,5.662e-05,25.0,0.0014154999999999
BCD/BTC,1573121575750,2019-11-07T10:12:55.750Z,sell,5.662e-05,25.0,0.0014154999999999
BCD/BTC,1573121576835,2019-11-07T10:12:56.835Z,sell,5.662e-05,25.0,0.0014154999999999
BCD/BTC,1573121578000,2019-11-07T10:12:58.000Z,sell,5.662e-05,25.0,0.0014154999999999
BCD/BTC,1573121579183,2019-11-07T10:12:59.183Z,sell,5.662e-05,25.0,0.0014154999999999
BCD/BTC,1573121580379,2019-11-07T10:13:00.379Z,sell,5.662e-05,25.0,0.0014154999999999
BCD/BTC,1573121581405,2019-11-07T10:13:01.405Z,sell,5.662e-05,25.0,0.0014154999999999
BCD/BTC,1573121582337,2019-11-07T10:13:02.337Z,sell,5.662e-05,25.0,0.0014154999999999
BCD/BTC,1573121583180,2019-11-07T10:13:03.180Z,sell,5.662e-05,50.0,0.0028309999999999
BCD/BTC,1573121583364,2019-11-07T10:13:03.364Z,buy,5.663e-05,63.0,0.00356769
BCD/BTC,1573121583369,2019-11-07T10:13:03.369Z,sell,5.66e-05,25.0,0.001415
BCD/BTC,1573121603817,2019-11-07T10:13:23.817Z,sell,5.66e-05,98.0,0.0055468
BCD/BTC,1573121607007,2019-11-07T10:13:27.007Z,sell,5.654e-05,128.0,0.00723712
BCD/BTC,1573121619522,2019-11-07T10:13:39.522Z,buy,5.661e-05,89.0,0.00503829
BCD/BTC,1573121666463,2019-11-07T10:14:26.463Z,buy,5.66e-05,96.0,0.0054336
BCD/BTC,1573121710213,2019-11-07T10:15:10.213Z,sell,5.65e-05,92.0,0.0051979999999999
BCD/BTC,1573121710442,2019-11-07T10:15:10.442Z,sell,5.65e-05,431.0,0.0243514999999999
BCD/BTC,1573121710464,2019-11-07T10:15:10.464Z,sell,5.65e-05,227.0,0.0128255
BCD/BTC,1573121716458,2019-11-07T10:15:16.458Z,buy,5.655e-05,45.0,0.00254475
BCD/BTC,1573121741474,2019-11-07T10:15:41.474Z,buy,5.655e-05,39.0,0.00220545
BCD/BTC,1573121761463,2019-11-07T10:16:01.463Z,buy,5.655e-05,53.0,0.00299715
BCD/BTC,1573121788516,2019-11-07T10:16:28.516Z,buy,5.655e-05,44.0,0.0024882
BCD/BTC,1573121816463,2019-11-07T10:16:56.463Z,buy,5.655e-05,37.0,0.0020923499999999
BCD/BTC,1573121831476,2019-11-07T10:17:11.476Z,buy,5.655e-05,34.0,0.0019227
BCD/BTC,1573121851461,2019-11-07T10:17:31.461Z,buy,5.655e-05,85.0,0.00480675
BCD/BTC,1573121896466,2019-11-07T10:18:16.466Z,buy,5.657e-05,49.0,0.00277193
BCD/BTC,1573121921481,2019-11-07T10:18:41.481Z,buy,5.657e-05,76.0,0.00429932
BCD/BTC,1573121961480,2019-11-07T10:19:21.480Z,buy,5.658e-05,82.0,0.00463956
BCD/BTC,1573122006462,2019-11-07T10:20:06.462Z,buy,5.653e-05,81.0,0.00457893
BCD/BTC,1573122051487,2019-11-07T10:20:51.487Z,buy,5.653e-05,47.0,0.00265691
BCD/BTC,1573122076479,2019-11-07T10:21:16.479Z,buy,5.653e-05,40.0,0.0022612
BCD/BTC,1573122096464,2019-11-07T10:21:36.464Z,buy,5.653e-05,33.0,0.00186549
BCD/BTC,1573122096724,2019-11-07T10:21:36.724Z,sell,5.653e-05,3.0,0.00016959
BCD/BTC,1573122099247,2019-11-07T10:21:39.247Z,sell,5.65e-05,698.0,0.039437
BCD/BTC,1573122099247,2019-11-07T10:21:39.247Z,sell,5.64e-05,672.0,0.0379008
BCD/BTC,1573122101999,2019-11-07T10:21:41.999Z,sell,5.64e-05,135.0,0.007614
BCD/BTC,1573122105333,2019-11-07T10:21:45.333Z,sell,5.64e-05,25.0,0.00141
BCD/BTC,1573122106267,2019-11-07T10:21:46.267Z,sell,5.64e-05,25.0,0.00141
BCD/BTC,1573122107219,2019-11-07T10:21:47.219Z,sell,5.64e-05,25.0,0.00141
BCD/BTC,1573122108420,2019-11-07T10:21:48.420Z,sell,5.64e-05,25.0,0.00141
BCD/BTC,1573122108505,2019-11-07T10:21:48.505Z,sell,5.64e-05,135.0,0.007614
BCD/BTC,1573122116464,2019-11-07T10:21:56.464Z,buy,5.652e-05,40.0,0.0022608
BCD/BTC,1573122136463,2019-11-07T10:22:16.463Z,buy,5.652e-05,39.0,0.00220428
BCD/BTC,1573122142620,2019-11-07T10:22:22.620Z,sell,5.64e-05,25.0,0.00141
BCD/BTC,1573122143558,2019-11-07T10:22:23.558Z,sell,5.64e-05,25.0,0.00141
BCD/BTC,1573122144622,2019-11-07T10:22:24.622Z,sell,5.64e-05,25.0,0.00141
BCD/BTC,1573122145628,2019-11-07T10:22:25.628Z,sell,5.64e-05,25.0,0.00141
BCD/BTC,1573122145761,2019-11-07T10:22:25.761Z,sell,5.64e-05,135.0,0.007614
BCD/BTC,1573122146760,2019-11-07T10:22:26.760Z,sell,5.64e-05,25.0,0.00141
BCD/BTC,1573122147679,2019-11-07T10:22:27.679Z,sell,5.64e-05,25.0,0.00141
BCD/BTC,1573122148946,2019-11-07T10:22:28.946Z,sell,5.64e-05,25.0,0.00141
BCD/BTC,1573122150200,2019-11-07T10:22:30.200Z,sell,5.64e-05,25.0,0.00141
BCD/BTC,1573122151737,2019-11-07T10:22:31.737Z,sell,5.64e-05,25.0,0.00141
BCD/BTC,1573122152711,2019-11-07T10:22:32.711Z,sell,5.64e-05,25.0,0.00141
BCD/BTC,1573122153820,2019-11-07T10:22:33.820Z,sell,5.64e-05,25.0,0.00141
BCD/BTC,1573122154533,2019-11-07T10:22:34.533Z,buy,5.655e-05,59.0,0.00333645
BCD/BTC,1573122154792,2019-11-07T10:22:34.792Z,sell,5.64e-05,25.0,0.00141
BCD/BTC,1573122155928,2019-11-07T10:22:35.928Z,sell,5.64e-05,25.0,0.00141
BCD/BTC,1573122157455,2019-11-07T10:22:37.455Z,sell,5.64e-05,25.0,0.00141
BCD/BTC,1573122158867,2019-11-07T10:22:38.867Z,sell,5.64e-05,41.0,0.0023124
BCD/BTC,1573122159056,2019-11-07T10:22:39.056Z,sell,5.64e-05,2.0,0.0001128
BCD/BTC,1573122159056,2019-11-07T10:22:39.056Z,sell,5.638e-05,3.0,0.00016914
BCD/BTC,1573122159056,2019-11-07T10:22:39.056Z,sell,5.633e-05,13.0,0.00073229
BCD/BTC,1573122159056,2019-11-07T10:22:39.056Z,sell,5.632e-05,7.0,0.00039424
BCD/BTC,1573122186462,2019-11-07T10:23:06.462Z,buy,5.647e-05,38.0,0.00214586
BCD/BTC,1573122206468,2019-11-07T10:23:26.468Z,buy,5.648e-05,32.0,0.00180736
BCD/BTC,1573122226475,2019-11-07T10:23:46.475Z,buy,5.648e-05,32.0,0.00180736
BCD/BTC,1573122241463,2019-11-07T10:24:01.463Z,buy,5.648e-05,46.0,0.00259808
BCD/BTC,1573122264563,2019-11-07T10:24:24.563Z,buy,5.653e-05,55.0,0.00310915
BCD/BTC,1573122296763,2019-11-07T10:24:56.763Z,buy,5.653e-05,28.0,0.00158284
BCD/BTC,1573122311457,2019-11-07T10:25:11.457Z,buy,5.648e-05,62.0,0.00350176
BCD/BTC,1573122341477,2019-11-07T10:25:41.477Z,buy,5.648e-05,108.0,0.00609984
BCD/BTC,1573122406479,2019-11-07T10:26:46.479Z,buy,5.648e-05,64.0,0.00361472
BCD/BTC,1573122441474,2019-11-07T10:27:21.474Z,buy,5.648e-05,62.0,0.00350176
BCD/BTC,1573122466462,2019-11-07T10:27:46.462Z,buy,5.648e-05,77.0,0.00434896
BCD/BTC,1573122511463,2019-11-07T10:28:31.463Z,buy,5.648e-05,107.0,0.00604336
BCD/BTC,1573122533247,2019-11-07T10:28:53.247Z,sell,5.647e-05,25.0,0.00141175
BCD/BTC,1573122564546,2019-11-07T10:29:24.546Z,buy,5.648e-05,38.0,0.00214624
BCD/BTC,1573122586485,2019-11-07T10:29:46.485Z,buy,5.655e-05,35.0,0.00197925
BCD/BTC,1573122606466,2019-11-07T10:30:06.466Z,buy,5.655e-05,52.0,0.0029406
BCD/BTC,1573122630765,2019-11-07T10:30:30.765Z,buy,5.654e-05,35.0,0.0019789
BCD/BTC,1573122633076,2019-11-07T10:30:33.076Z,buy,5.654e-05,5.0,0.0002827
BCD/BTC,1573122633913,2019-11-07T10:30:33.913Z,buy,5.654e-05,72.0,0.00407088
BCD/BTC,1573122633913,2019-11-07T10:30:33.913Z,buy,5.655e-05,354.0,0.0200187
BCD/BTC,1573122633913,2019-11-07T10:30:33.913Z,buy,5.656e-05,95.0,0.0053732
BCD/BTC,1573122633913,2019-11-07T10:30:33.913Z,buy,5.662e-05,187.0,0.0105879399999999
BCD/BTC,1573122633913,2019-11-07T10:30:33.913Z,buy,5.664e-05,1011.0,0.05726304
BCD/BTC,1573122633936,2019-11-07T10:30:33.936Z,buy,5.671e-05,999.0,0.0566532899999999
BCD/BTC,1573122633943,2019-11-07T10:30:33.943Z,buy,5.672e-05,300.0,0.017016
BCD/BTC,1573122633943,2019-11-07T10:30:33.943Z,buy,5.673e-05,3.0,0.00017019
BCD/BTC,1573122636057,2019-11-07T10:30:36.057Z,sell,5.665e-05,25.0,0.00141625
BCD/BTC,1573122637131,2019-11-07T10:30:37.131Z,sell,5.665e-05,25.0,0.00141625
BCD/BTC,1573122638060,2019-11-07T10:30:38.060Z,sell,5.665e-05,25.0,0.00141625
BCD/BTC,1573122639879,2019-11-07T10:30:39.879Z,sell,5.665e-05,25.0,0.00141625
BCD/BTC,1573122641155,2019-11-07T10:30:41.155Z,sell,5.665e-05,25.0,0.00141625
BCD/BTC,1573122642240,2019-11-07T10:30:42.240Z,sell,5.665e-05,25.0,0.00141625
BCD/BTC,1573122643380,2019-11-07T10:30:43.380Z,sell,5.665e-05,25.0,0.00141625
BCD/BTC,1573122644935,2019-11-07T10:30:44.935Z,sell,5.665e-05,25.0,0.00141625
BCD/BTC,1573122645874,2019-11-07T10:30:45.874Z,sell,5.665e-05,25.0,0.00141625
BCD/BTC,1573122646040,2019-11-07T10:30:46.040Z,sell,5.665e-05,33.0,0.00186945
BCD/BTC,1573122646040,2019-11-07T10:30:46.040Z,sell,5.664e-05,125.0,0.00708
BCD/BTC,1573122646957,2019-11-07T10:30:46.957Z,sell,5.666e-05,25.0,0.0014165
BCD/BTC,1573122647866,2019-11-07T10:30:47.866Z,sell,5.666e-05,25.0,0.0014165
BCD/BTC,1573122648551,2019-11-07T10:30:48.551Z,buy,5.679e-05,13.0,0.00073827
BCD/BTC,1573122648588,2019-11-07T10:30:48.588Z,sell,5.679e-05,65.0,0.00369135
BCD/BTC,1573122648590,2019-11-07T10:30:48.590Z,sell,5.679e-05,5.0,0.00028395
BCD/BTC,1573122648837,2019-11-07T10:30:48.837Z,sell,5.666e-05,25.0,0.0014165
BCD/BTC,1573122649467,2019-11-07T10:30:49.467Z,sell,5.666e-05,30.0,0.0016998
BCD/BTC,1573122650108,2019-11-07T10:30:50.108Z,sell,5.665e-05,25.0,0.00141625
BCD/BTC,1573122651129,2019-11-07T10:30:51.129Z,sell,5.665e-05,25.0,0.00141625
BCD/BTC,1573122652094,2019-11-07T10:30:52.094Z,sell,5.665e-05,25.0,0.00141625
BCD/BTC,1573122652567,2019-11-07T10:30:52.567Z,sell,5.665e-05,69.0,0.00390885
BCD/BTC,1573122653744,2019-11-07T10:30:53.744Z,sell,5.666e-05,25.0,0.0014165
BCD/BTC,1573122653846,2019-11-07T10:30:53.846Z,sell,5.666e-05,30.0,0.0016998
BCD/BTC,1573122654965,2019-11-07T10:30:54.965Z,sell,5.666e-05,6.0,0.00033996
BCD/BTC,1573122654965,2019-11-07T10:30:54.965Z,sell,5.664e-05,19.0,0.00107616
BCD/BTC,1573122655180,2019-11-07T10:30:55.180Z,sell,5.665e-05,30.0,0.0016995
BCD/BTC,1573122655828,2019-11-07T10:30:55.828Z,sell,5.665e-05,30.0,0.0016995
BCD/BTC,1573122655925,2019-11-07T10:30:55.925Z,sell,5.665e-05,25.0,0.00141625
BCD/BTC,1573122656857,2019-11-07T10:30:56.857Z,sell,5.665e-05,25.0,0.00141625
BCD/BTC,1573122657902,2019-11-07T10:30:57.902Z,sell,5.665e-05,12.0,0.0006798
BCD/BTC,1573122657902,2019-11-07T10:30:57.902Z,sell,5.664e-05,13.0,0.0007363199999999
BCD/BTC,1573122658959,2019-11-07T10:30:58.959Z,sell,5.664e-05,25.0,0.001416
BCD/BTC,1573122659083,2019-11-07T10:30:59.083Z,sell,5.664e-05,135.0,0.0076464
BCD/BTC,1573122659878,2019-11-07T10:30:59.878Z,sell,5.653e-05,25.0,0.00141325
BCD/BTC,1573122683863,2019-11-07T10:31:23.863Z,sell,5.656e-05,16.0,0.00090496
BCD/BTC,1573122695994,2019-11-07T10:31:35.994Z,sell,5.664e-05,3.0,0.00016992
BCD/BTC,1573122695994,2019-11-07T10:31:35.994Z,sell,5.655e-05,155.0,0.00876525
BCD/BTC,1573122695994,2019-11-07T10:31:35.994Z,sell,5.654e-05,85.0,0.0048059
BCD/BTC,1573122696535,2019-11-07T10:31:36.535Z,sell,5.679e-05,47.0,0.00266913
BCD/BTC,1573122696535,2019-11-07T10:31:36.535Z,sell,5.654e-05,447.0,0.0252733799999999
BCD/BTC,1573122718869,2019-11-07T10:31:58.869Z,buy,5.681e-05,5.0,0.00028405
BCD/BTC,1573122718935,2019-11-07T10:31:58.935Z,sell,5.681e-05,37.0,0.00210197
BCD/BTC,1573122719260,2019-11-07T10:31:59.260Z,sell,5.681e-05,7.0,0.00039767
BCD/BTC,1573122735938,2019-11-07T10:32:15.938Z,sell,5.654e-05,23.0,0.00130042
BCD/BTC,1573122743555,2019-11-07T10:32:23.555Z,buy,5.683e-05,66.0,0.00375078
BCD/BTC,1573122781519,2019-11-07T10:33:01.519Z,buy,5.679e-05,54.0,0.0030666599999999
BCD/BTC,1573122807573,2019-11-07T10:33:27.573Z,buy,5.681e-05,32.0,0.00181792
BCD/BTC,1573122824575,2019-11-07T10:33:44.575Z,buy,5.684e-05,38.0,0.00215992
BCD/BTC,1573122827853,2019-11-07T10:33:47.853Z,sell,5.66e-05,66.0,0.0037356
BCD/BTC,1573122846561,2019-11-07T10:34:06.561Z,buy,5.678e-05,46.0,0.00261188
BCD/BTC,1573122876195,2019-11-07T10:34:36.195Z,buy,5.672e-05,30.0,0.0017016
BCD/BTC,1573122876791,2019-11-07T10:34:36.791Z,sell,5.672e-05,30.0,0.0017016
BCD/BTC,1573122877222,2019-11-07T10:34:37.222Z,sell,5.681e-05,39.0,0.00221559
BCD/BTC,1573122877410,2019-11-07T10:34:37.410Z,sell,5.681e-05,3.0,0.00017043
BCD/BTC,1573122894259,2019-11-07T10:34:54.259Z,sell,5.655e-05,42.0,0.0023750999999999
BCD/BTC,1573122908358,2019-11-07T10:35:08.358Z,sell,5.656e-05,20.0,0.0011312
BCD/BTC,1573122911546,2019-11-07T10:35:11.546Z,sell,5.656e-05,30.0,0.0016968
BCD/BTC,1573122926467,2019-11-07T10:35:26.467Z,buy,5.676e-05,58.0,0.0032920799999999
BCD/BTC,1573122956463,2019-11-07T10:35:56.463Z,buy,5.669e-05,35.0,0.00198415
BCD/BTC,1573122976470,2019-11-07T10:36:16.470Z,buy,5.669e-05,67.0,0.00379823
BCD/BTC,1573123011484,2019-11-07T10:36:51.484Z,buy,5.669e-05,19.0,0.00107711
BCD/BTC,1573123021512,2019-11-07T10:37:01.512Z,buy,5.68e-05,34.0,0.0019311999999999
BCD/BTC,1573123036564,2019-11-07T10:37:16.564Z,buy,5.685e-05,63.0,0.00358155
BCD/BTC,1573123071490,2019-11-07T10:37:51.490Z,buy,5.682e-05,34.0,0.00193188
BCD/BTC,1573123089572,2019-11-07T10:38:09.572Z,buy,5.682e-05,85.0,0.0048297
BCD/BTC,1573123101402,2019-11-07T10:38:21.402Z,buy,5.679e-05,197.0,0.0111876299999999
BCD/BTC,1573123101402,2019-11-07T10:38:21.402Z,buy,5.68e-05,750.0,0.0426
BCD/BTC,1573123101402,2019-11-07T10:38:21.402Z,buy,5.681e-05,176.0,0.00999856
BCD/BTC,1573123101402,2019-11-07T10:38:21.402Z,buy,5.682e-05,1461.0,0.08301402
BCD/BTC,1573123101505,2019-11-07T10:38:21.505Z,sell,5.682e-05,549.0,0.03119418
BCD/BTC,1573123101506,2019-11-07T10:38:21.506Z,sell,5.682e-05,53.0,0.00301146
BCD/BTC,1573123101589,2019-11-07T10:38:21.589Z,sell,5.682e-05,19.0,0.00107958
BCD/BTC,1573123109505,2019-11-07T10:38:29.505Z,sell,5.647e-05,1.0,5.647e-05
BCD/BTC,1573123109505,2019-11-07T10:38:29.505Z,sell,5.642e-05,199.0,0.01122758
BCD/BTC,1573123109505,2019-11-07T10:38:29.505Z,sell,5.641e-05,98.0,0.00552818
BCD/BTC,1573123131908,2019-11-07T10:38:51.908Z,sell,5.639e-05,64.0,0.00360896
BCD/BTC,1573123134861,2019-11-07T10:38:54.861Z,buy,5.669e-05,55.0,0.00311795
BCD/BTC,1573123162879,2019-11-07T10:39:22.879Z,buy,5.666e-05,53.0,0.00300298
BCD/BTC,1573123191490,2019-11-07T10:39:51.490Z,buy,5.666e-05,36.0,0.00203976
BCD/BTC,1573123209721,2019-11-07T10:40:09.721Z,buy,5.672e-05,41.0,0.0023255199999999
BCD/BTC,1573123231472,2019-11-07T10:40:31.472Z,buy,5.668e-05,39.0,0.00221052
BCD/BTC,1573123256482,2019-11-07T10:40:56.482Z,buy,5.668e-05,30.0,0.0017004
BCD/BTC,1573123271494,2019-11-07T10:41:11.494Z,buy,5.672e-05,72.0,0.00408384
BCD/BTC,1573123280078,2019-11-07T10:41:20.078Z,sell,5.648e-05,25.0,0.001412
BCD/BTC,1573123281012,2019-11-07T10:41:21.012Z,sell,5.648e-05,11.0,0.00062128
BCD/BTC,1573123281012,2019-11-07T10:41:21.012Z,sell,5.647e-05,14.0,0.00079058
BCD/BTC,1573123282212,2019-11-07T10:41:22.212Z,sell,5.647e-05,25.0,0.00141175
BCD/BTC,1573123306477,2019-11-07T10:41:46.477Z,buy,5.667e-05,38.0,0.00215346
BCD/BTC,1573123314674,2019-11-07T10:41:54.674Z,sell,5.646e-05,25.0,0.0014115
BCD/BTC,1573123315926,2019-11-07T10:41:55.926Z,sell,5.646e-05,25.0,0.0014115
BCD/BTC,1573123326475,2019-11-07T10:42:06.475Z,buy,5.668e-05,75.0,0.004251
BCD/BTC,1573123333455,2019-11-07T10:42:13.455Z,sell,5.646e-05,25.0,0.0014115
BCD/BTC,1573123334402,2019-11-07T10:42:14.402Z,sell,5.646e-05,25.0,0.0014115
BCD/BTC,1573123335382,2019-11-07T10:42:15.382Z,sell,5.646e-05,25.0,0.0014115
BCD/BTC,1573123350604,2019-11-07T10:42:30.604Z,sell,5.647e-05,25.0,0.00141175
BCD/BTC,1573123351529,2019-11-07T10:42:31.529Z,sell,5.647e-05,25.0,0.00141175
BCD/BTC,1573123352507,2019-11-07T10:42:32.507Z,sell,5.647e-05,25.0,0.00141175
BCD/BTC,1573123353524,2019-11-07T10:42:33.524Z,sell,5.647e-05,25.0,0.00141175
BCD/BTC,1573123362989,2019-11-07T10:42:42.989Z,sell,5.647e-05,135.0,0.00762345
BCD/BTC,1573123364560,2019-11-07T10:42:44.560Z,sell,5.647e-05,22.0,0.00124234
BCD/BTC,1573123364560,2019-11-07T10:42:44.560Z,sell,5.646e-05,2.0,0.00011292
BCD/BTC,1573123364560,2019-11-07T10:42:44.560Z,sell,5.638e-05,1.0,5.638e-05
BCD/BTC,1573123366474,2019-11-07T10:42:46.474Z,buy,5.665e-05,89.0,0.00504185
BCD/BTC,1573123382125,2019-11-07T10:43:02.125Z,sell,5.646e-05,3.0,0.00016938
BCD/BTC,1573123382125,2019-11-07T10:43:02.125Z,sell,5.645e-05,22.0,0.0012419
BCD/BTC,1573123383261,2019-11-07T10:43:03.261Z,sell,5.639e-05,25.0,0.00140975
BCD/BTC,1573123416485,2019-11-07T10:43:36.485Z,buy,5.663e-05,78.0,0.00441714
BCD/BTC,1573123456476,2019-11-07T10:44:16.476Z,buy,5.659e-05,53.0,0.00299927
BCD/BTC,1573123483475,2019-11-07T10:44:43.475Z,sell,5.638e-05,2.0,0.00011276
BCD/BTC,1573123483475,2019-11-07T10:44:43.475Z,sell,5.634e-05,23.0,0.00129582
BCD/BTC,1573123483612,2019-11-07T10:44:43.612Z,buy,5.659e-05,59.0,0.0033388099999999
BCD/BTC,1573123516473,2019-11-07T10:45:16.473Z,buy,5.664e-05,62.0,0.00351168
BCD/BTC,1573123538879,2019-11-07T10:45:38.879Z,sell,5.634e-05,135.0,0.0076059
BCD/BTC,1573123541199,2019-11-07T10:45:41.199Z,sell,5.635e-05,25.0,0.00140875
BCD/BTC,1573123545471,2019-11-07T10:45:45.471Z,sell,5.635e-05,131.0,0.00738185
BCD/BTC,1573123551481,2019-11-07T10:45:51.481Z,buy,5.664e-05,13.0,0.0007363199999999
BCD/BTC,1573123551701,2019-11-07T10:45:51.701Z,sell,5.664e-05,9.0,0.0005097599999999
BCD/BTC,1573123552070,2019-11-07T10:45:52.070Z,sell,5.664e-05,26.0,0.0014726399999999
BCD/BTC,1573123558584,2019-11-07T10:45:58.584Z,sell,5.635e-05,104.0,0.0058604
BCD/BTC,1573123566985,2019-11-07T10:46:06.985Z,sell,5.635e-05,74.0,0.0041699
BCD/BTC,1573123569425,2019-11-07T10:46:09.425Z,buy,5.664e-05,114.0,0.00645696
BCD/BTC,1573123576767,2019-11-07T10:46:16.767Z,buy,5.664e-05,7.0,0.00039648
BCD/BTC,1573123578371,2019-11-07T10:46:18.371Z,buy,5.665e-05,26.0,0.0014729
BCD/BTC,1573123578804,2019-11-07T10:46:18.804Z,buy,5.673e-05,3.0,0.00017019
BCD/BTC,1573123579166,2019-11-07T10:46:19.166Z,sell,5.673e-05,11.0,0.00062403
BCD/BTC,1573123579305,2019-11-07T10:46:19.305Z,sell,5.673e-05,26.0,0.00147498
BCD/BTC,1573123582374,2019-11-07T10:46:22.374Z,sell,5.64e-05,84.0,0.0047376
BCD/BTC,1573123598953,2019-11-07T10:46:38.953Z,sell,5.64e-05,4.0,0.0002256
BCD/BTC,1573123612619,2019-11-07T10:46:52.619Z,buy,5.672e-05,38.0,0.00215536
BCD/BTC,1573123634612,2019-11-07T10:47:14.612Z,buy,5.668e-05,50.0,0.002834
BCD/BTC,1573123661486,2019-11-07T10:47:41.486Z,buy,5.666e-05,36.0,0.00203976
BCD/BTC,1573123677890,2019-11-07T10:47:57.890Z,buy,5.666e-05,48.0,0.00271968
BCD/BTC,1573123706877,2019-11-07T10:48:26.877Z,buy,5.672e-05,77.0,0.00436744
BCD/BTC,1573123745621,2019-11-07T10:49:05.621Z,buy,5.666e-05,57.0,0.00322962
BCD/BTC,1573123791487,2019-11-07T10:49:51.487Z,buy,5.666e-05,29.0,0.00164314
BCD/BTC,1573123793115,2019-11-07T10:49:53.115Z,buy,5.674e-05,58.0,0.00329092
BCD/BTC,1573123793115,2019-11-07T10:49:53.115Z,buy,5.675e-05,39.0,0.00221325
BCD/BTC,1573123819158,2019-11-07T10:50:19.158Z,sell,5.646e-05,124.0,0.00700104
BCD/BTC,1573123841491,2019-11-07T10:50:41.491Z,buy,5.674e-05,52.0,0.00295048
BCD/BTC,1573123871506,2019-11-07T10:51:11.506Z,buy,5.674e-05,40.0,0.0022696
BCD/BTC,1573123891617,2019-11-07T10:51:31.617Z,buy,5.674e-05,35.0,0.0019859
BCD/BTC,1573123909619,2019-11-07T10:51:49.619Z,buy,5.674e-05,76.0,0.00431224
BCD/BTC,1573123953623,2019-11-07T10:52:33.623Z,buy,5.673e-05,42.0,0.00238266
BCD/BTC,1573123981478,2019-11-07T10:53:01.478Z,buy,5.673e-05,84.0,0.00476532
BCD/BTC,1573124016478,2019-11-07T10:53:36.478Z,buy,5.673e-05,57.0,0.00323361
BCD/BTC,1573124046773,2019-11-07T10:54:06.773Z,buy,5.673e-05,67.0,0.00380091
BCD/BTC,1573124083645,2019-11-07T10:54:43.645Z,buy,5.673e-05,39.0,0.00221247
BCD/BTC,1573124102644,2019-11-07T10:55:02.644Z,buy,5.673e-05,42.0,0.00238266
BCD/BTC,1573124127632,2019-11-07T10:55:27.632Z,buy,5.674e-05,94.0,0.00533356
BCD/BTC,1573124176478,2019-11-07T10:56:16.478Z,buy,5.675e-05,55.0,0.00312125
BCD/BTC,1573124206482,2019-11-07T10:56:46.482Z,buy,5.675e-05,15.0,0.00085125
BCD/BTC,1573124226481,2019-11-07T10:57:06.481Z,buy,5.676e-05,45.0,0.0025542
BCD/BTC,1573124236484,2019-11-07T10:57:16.484Z,buy,5.676e-05,99.0,0.00561924
BCD/BTC,1573124291479,2019-11-07T10:58:11.479Z,buy,5.676e-05,46.0,0.00261096
BCD/BTC,1573124291479,2019-11-07T10:58:11.479Z,buy,5.676e-05,46.0,0.00261096
BCD/BTC,1573124321501,2019-11-07T10:58:41.501Z,buy,5.676e-05,42.0,0.00238392
BCD/BTC,1573124339659,2019-11-07T10:58:59.659Z,buy,5.675e-05,35.0,0.0019862499999999
BCD/BTC,1573124339688,2019-11-07T10:58:59.688Z,sell,5.675e-05,30.0,0.0017025
BCD/BTC,1573124340122,2019-11-07T10:59:00.122Z,sell,5.675e-05,1.0,5.675e-05
BCD/BTC,1573124340122,2019-11-07T10:59:00.122Z,sell,5.673e-05,29.0,0.00164517
BCD/BTC,1573124340239,2019-11-07T10:59:00.239Z,sell,5.673e-05,9.0,0.00051057
BCD/BTC,1573124371503,2019-11-07T10:59:31.503Z,buy,5.676e-05,52.0,0.00295152
BCD/BTC,1573124406491,2019-11-07T11:00:06.491Z,buy,5.676e-05,81.0,0.00459756
BCD/BTC,1573124441507,2019-11-07T11:00:41.507Z,buy,5.676e-05,68.0,0.00385968
BCD/BTC,1573124481517,2019-11-07T11:01:21.517Z,buy,5.676e-05,82.0,0.00465432
BCD/BTC,1573124521513,2019-11-07T11:02:01.513Z,buy,5.676e-05,46.0,0.00261096
BCD/BTC,1573124546502,2019-11-07T11:02:26.502Z,buy,5.676e-05,55.0,0.0031218
BCD/BTC,1573124581494,2019-11-07T11:03:01.494Z,buy,5.676e-05,73.0,0.00414348
BCD/BTC,1573124621514,2019-11-07T11:03:41.514Z,buy,5.676e-05,32.0,0.00181632
BCD/BTC,1573124636487,2019-11-07T11:03:56.487Z,buy,5.676e-05,98.0,0.00556248
BCD/BTC,1573124646486,2019-11-07T11:04:06.486Z,buy,5.676e-05,88.0,0.00499488
BCD/BTC,1573124686498,2019-11-07T11:04:46.498Z,buy,5.676e-05,45.0,0.0025542
BCD/BTC,1573124706881,2019-11-07T11:05:06.881Z,buy,5.676e-05,50.0,0.002838
BCD/BTC,1573124736496,2019-11-07T11:05:36.496Z,buy,5.676e-05,66.0,0.00374616
BCD/BTC,1573124771533,2019-11-07T11:06:11.533Z,buy,5.676e-05,42.0,0.00238392
BCD/BTC,1573124791497,2019-11-07T11:06:31.497Z,buy,5.676e-05,77.0,0.00437052
BCD/BTC,1573124831518,2019-11-07T11:07:11.518Z,buy,5.676e-05,89.0,0.00505164
BCD/BTC,1573124881501,2019-11-07T11:08:01.501Z,buy,5.676e-05,39.0,0.00221364
BCD/BTC,1573124901510,2019-11-07T11:08:21.510Z,buy,5.676e-05,34.0,0.00192984
BCD/BTC,1573124921509,2019-11-07T11:08:41.509Z,buy,5.676e-05,90.0,0.0051084
BCD/BTC,1573124966522,2019-11-07T11:09:26.522Z,buy,5.676e-05,66.0,0.00374616
BCD/BTC,1573125001508,2019-11-07T11:10:01.508Z,buy,5.676e-05,58.0,0.0032920799999999
BCD/BTC,1573125031498,2019-11-07T11:10:31.498Z,buy,5.676e-05,79.0,0.00448404
BCD/BTC,1573125076526,2019-11-07T11:11:16.526Z,buy,5.676e-05,55.0,0.0031218
BCD/BTC,1573125106493,2019-11-07T11:11:46.493Z,buy,5.676e-05,62.0,0.0035191199999999
BCD/BTC,1573125136506,2019-11-07T11:12:16.506Z,buy,5.676e-05,61.0,0.00346236
BCD/BTC,1573125176503,2019-11-07T11:12:56.503Z,buy,5.676e-05,42.0,0.00238392
BCD/BTC,1573125191802,2019-11-07T11:13:11.802Z,buy,5.676e-05,54.0,0.0030650399999999
BCD/BTC,1573125221508,2019-11-07T11:13:41.508Z,buy,5.676e-05,66.0,0.00374616
BCD/BTC,1573125256492,2019-11-07T11:14:16.492Z,buy,5.676e-05,42.0,0.00238392
BCD/BTC,1573125276499,2019-11-07T11:14:36.499Z,buy,5.676e-05,48.0,0.00272448
BCD/BTC,1573125306504,2019-11-07T11:15:06.504Z,buy,5.676e-05,58.0,0.0032920799999999
BCD/BTC,1573125341518,2019-11-07T11:15:41.518Z,buy,5.676e-05,81.0,0.00459756
BCD/BTC,1573125381513,2019-11-07T11:16:21.513Z,buy,5.676e-05,44.0,0.00249744
BCD/BTC,1573125382941,2019-11-07T11:16:22.941Z,buy,5.676e-05,18.0,0.00102168
BCD/BTC,1573125406497,2019-11-07T11:16:46.497Z,buy,5.676e-05,107.0,0.00607332
BCD/BTC,1573125461517,2019-11-07T11:17:41.517Z,buy,5.676e-05,33.0,0.00187308
BCD/BTC,1573125476504,2019-11-07T11:17:56.504Z,buy,5.676e-05,48.0,0.00272448
BCD/BTC,1573125483857,2019-11-07T11:18:03.857Z,sell,5.673e-05,6.0,0.00034038
BCD/BTC,1573125483857,2019-11-07T11:18:03.857Z,sell,5.648e-05,24.0,0.00135552
BCD/BTC,1573125484638,2019-11-07T11:18:04.638Z,sell,5.648e-05,57.0,0.00321936
BCD/BTC,1573125484837,2019-11-07T11:18:04.837Z,sell,5.648e-05,194.0,0.01095712
BCD/BTC,1573125485900,2019-11-07T11:18:05.900Z,sell,5.649e-05,30.0,0.0016947
BCD/BTC,1573125486084,2019-11-07T11:18:06.084Z,sell,5.649e-05,249.0,0.01406601
BCD/BTC,1573125487118,2019-11-07T11:18:07.118Z,sell,5.649e-05,100.0,0.005649
BCD/BTC,1573125487118,2019-11-07T11:18:07.118Z,sell,5.648e-05,77.0,0.00434896
BCD/BTC,1573125487118,2019-11-07T11:18:07.118Z,sell,5.641e-05,161.0,0.00908201
BCD/BTC,1573125498739,2019-11-07T11:18:18.739Z,buy,5.669e-05,50.0,0.0028345
BCD/BTC,1573125519390,2019-11-07T11:18:39.390Z,sell,5.641e-05,9.0,0.00050769
BCD/BTC,1573125525731,2019-11-07T11:18:45.731Z,buy,5.668e-05,62.0,0.00351416
BCD/BTC,1573125525731,2019-11-07T11:18:45.731Z,buy,5.669e-05,2.0,0.00011338
BCD/BTC,1573125560737,2019-11-07T11:19:20.737Z,buy,5.666e-05,38.0,0.00215308
BCD/BTC,1573125579731,2019-11-07T11:19:39.731Z,buy,5.669e-05,38.0,0.00215422
BCD/BTC,1573125601537,2019-11-07T11:20:01.537Z,buy,5.669e-05,20.0,0.0011338
BCD/BTC,1573125626510,2019-11-07T11:20:26.510Z,buy,5.671e-05,70.0,0.0039697
BCD/BTC,1573125626952,2019-11-07T11:20:26.952Z,buy,5.675e-05,42.0,0.0023834999999999
BCD/BTC,1573125671523,2019-11-07T11:21:11.523Z,buy,5.673e-05,79.0,0.00448167
BCD/BTC,1573125711516,2019-11-07T11:21:51.516Z,buy,5.673e-05,73.0,0.00414129
BCD/BTC,1573125751506,2019-11-07T11:22:31.506Z,buy,5.673e-05,37.0,0.00209901
BCD/BTC,1573125770581,2019-11-07T11:22:50.581Z,sell,5.643e-05,39.0,0.00220077
BCD/BTC,1573125770770,2019-11-07T11:22:50.770Z,buy,5.673e-05,50.0,0.0028365
BCD/BTC,1573125796525,2019-11-07T11:23:16.525Z,buy,5.667e-05,34.0,0.00192678
BCD/BTC,1573125816504,2019-11-07T11:23:36.504Z,buy,5.669e-05,47.0,0.00266443
BCD/BTC,1573125844733,2019-11-07T11:24:04.733Z,buy,5.666e-05,39.0,0.00220974
BCD/BTC,1573125844733,2019-11-07T11:24:04.733Z,buy,5.667e-05,9.0,0.00051003
BCD/BTC,1573125865736,2019-11-07T11:24:25.736Z,buy,5.673e-05,88.0,0.00499224
BCD/BTC,1573125866556,2019-11-07T11:24:26.556Z,buy,5.674e-05,5.0,0.0002837
BCD/BTC,1573125911759,2019-11-07T11:25:11.759Z,buy,5.673e-05,45.0,0.00255285
BCD/BTC,1573125918589,2019-11-07T11:25:18.589Z,sell,5.646e-05,166.0,0.00937236
BCD/BTC,1573125918589,2019-11-07T11:25:18.589Z,sell,5.645e-05,230.0,0.0129835
BCD/BTC,1573125918589,2019-11-07T11:25:18.589Z,sell,5.642e-05,124.0,0.00699608
BCD/BTC,1573125936515,2019-11-07T11:25:36.515Z,buy,5.672e-05,75.0,0.004254
BCD/BTC,1573125936539,2019-11-07T11:25:36.539Z,sell,5.672e-05,30.0,0.0017016
BCD/BTC,1573125953702,2019-11-07T11:25:53.702Z,sell,5.643e-05,30.0,0.0016929
BCD/BTC,1573125991511,2019-11-07T11:26:31.511Z,buy,5.663e-05,49.0,0.00277487
BCD/BTC,1573126017750,2019-11-07T11:26:57.750Z,buy,5.663e-05,43.0,0.00243509
BCD/BTC,1573126041538,2019-11-07T11:27:21.538Z,buy,5.665e-05,34.0,0.0019261
BCD/BTC,1573126059751,2019-11-07T11:27:39.751Z,buy,5.669e-05,37.0,0.00209753
BCD/BTC,1573126081518,2019-11-07T11:28:01.518Z,buy,5.669e-05,22.0,0.00124718
BCD/BTC,1573126091515,2019-11-07T11:28:11.515Z,buy,5.663e-05,10.0,0.0005662999999999
BCD/BTC,1573126091633,2019-11-07T11:28:11.633Z,sell,5.663e-05,10.0,0.0005662999999999
BCD/BTC,1573126101526,2019-11-07T11:28:21.526Z,buy,5.673e-05,32.0,0.00181536
BCD/BTC,1573126121526,2019-11-07T11:28:41.526Z,buy,5.674e-05,34.0,0.00192916
BCD/BTC,1573126141535,2019-11-07T11:29:01.535Z,buy,5.674e-05,40.0,0.0022696
BCD/BTC,1573126141649,2019-11-07T11:29:01.649Z,sell,5.644e-05,9.0,0.00050796
BCD/BTC,1573126161536,2019-11-07T11:29:21.536Z,buy,5.674e-05,105.0,0.0059577
BCD/BTC,1573126213767,2019-11-07T11:30:13.767Z,buy,5.674e-05,47.0,0.00266678
BCD/BTC,1573126241524,2019-11-07T11:30:41.524Z,buy,5.674e-05,51.0,0.00289374
BCD/BTC,1573126266520,2019-11-07T11:31:06.520Z,buy,5.674e-05,44.0,0.00249656
BCD/BTC,1573126287767,2019-11-07T11:31:27.767Z,buy,5.674e-05,41.0,0.00232634
BCD/BTC,1573126287891,2019-11-07T11:31:27.891Z,sell,5.674e-05,45.0,0.0025533
BCD/BTC,1573126288249,2019-11-07T11:31:28.249Z,sell,5.674e-05,6.0,0.00034044
BCD/BTC,1573126304087,2019-11-07T11:31:44.087Z,sell,5.648e-05,24.0,0.00135552
BCD/BTC,1573126307510,2019-11-07T11:31:47.510Z,sell,5.649e-05,9.0,0.00050841
BCD/BTC,1573126565790,2019-11-07T11:36:05.790Z,sell,5.649e-05,320.0,0.0180768
BCD/BTC,1573126565790,2019-11-07T11:36:05.790Z,sell,5.648e-05,230.0,0.0129904
BCD/BTC,1573126565790,2019-11-07T11:36:05.790Z,sell,5.646e-05,176.0,0.00993696
BCD/BTC,1573126565790,2019-11-07T11:36:05.790Z,sell,5.638e-05,9.0,0.00050742
BCD/BTC,1573126565790,2019-11-07T11:36:05.790Z,sell,5.633e-05,13.0,0.00073229
BCD/BTC,1573126565790,2019-11-07T11:36:05.790Z,sell,5.632e-05,12.0,0.00067584
BCD/BTC,1573126565790,2019-11-07T11:36:05.790Z,sell,5.631e-05,5.0,0.00028155
BCD/BTC,1573126565790,2019-11-07T11:36:05.790Z,sell,5.624e-05,115.0,0.0064675999999999
BCD/BTC,1573126566937,2019-11-07T11:36:06.937Z,sell,5.639e-05,18.0,0.00101502
BCD/BTC,1573126613239,2019-11-07T11:36:53.239Z,buy,5.661e-05,1.0,5.661e-05
BCD/BTC,1573126642903,2019-11-07T11:37:22.903Z,buy,5.638e-05,96.0,0.00541248
BCD/BTC,1573127127857,2019-11-07T11:45:27.857Z,sell,5.638e-05,2.0,0.00011276
BCD/BTC,1573127127857,2019-11-07T11:45:27.857Z,sell,5.631e-05,148.0,0.00833388
BCD/BTC,1573127127857,2019-11-07T11:45:27.857Z,sell,5.63e-05,177.0,0.0099651
BCD/BTC,1573127127857,2019-11-07T11:45:27.857Z,sell,5.623e-05,553.0,0.03109519
BCD/BTC,1573127127857,2019-11-07T11:45:27.857Z,sell,5.612e-05,50.0,0.002806
BCD/BTC,1573127127857,2019-11-07T11:45:27.857Z,sell,5.606e-05,16.0,0.00089696
BCD/BTC,1573127127857,2019-11-07T11:45:27.857Z,sell,5.603e-05,3.0,0.00016809
BCD/BTC,1573127127857,2019-11-07T11:45:27.857Z,sell,5.602e-05,187.0,0.01047574
BCD/BTC,1573127127857,2019-11-07T11:45:27.857Z,sell,5.601e-05,992.0,0.05556192
BCD/BTC,1573127127857,2019-11-07T11:45:27.857Z,sell,5.6e-05,824.0,0.046144
BCD/BTC,1573127127857,2019-11-07T11:45:27.857Z,sell,5.6e-05,35.0,0.00196
BCD/BTC,1573127128047,2019-11-07T11:45:28.047Z,sell,5.631e-05,98.0,0.00551838
BCD/BTC,1573127130362,2019-11-07T11:45:30.362Z,sell,5.632e-05,91.0,0.00512512
BCD/BTC,1573127130362,2019-11-07T11:45:30.362Z,sell,5.631e-05,65.0,0.00366015
BCD/BTC,1573127130460,2019-11-07T11:45:30.460Z,buy,5.637e-05,4.0,0.00022548
BCD/BTC,1573127228796,2019-11-07T11:47:08.796Z,sell,5.616e-05,136.0,0.0076377599999999
BCD/BTC,1573127228796,2019-11-07T11:47:08.796Z,sell,5.615e-05,3.0,0.00016845
BCD/BTC,1573127228796,2019-11-07T11:47:08.796Z,sell,5.614e-05,11.0,0.00061754
BCD/BTC,1573127610757,2019-11-07T11:53:30.757Z,buy,5.637e-05,2.0,0.00011274
BCD/BTC,1573127610757,2019-11-07T11:53:30.757Z,buy,5.638e-05,3.0,0.00016914
BCD/BTC,1573127610757,2019-11-07T11:53:30.757Z,buy,5.644e-05,356.0,0.02009264
BCD/BTC,1573127610757,2019-11-07T11:53:30.757Z,buy,5.645e-05,148.0,0.0083546
BCD/BTC,1573127614740,2019-11-07T11:53:34.740Z,sell,5.62e-05,423.0,0.0237725999999999
BCD/BTC,1573127622527,2019-11-07T11:53:42.527Z,buy,5.664e-05,4.0,0.00022656
BCD/BTC,1573127689922,2019-11-07T11:54:49.922Z,buy,5.664e-05,5.0,0.0002832
BCD/BTC,1573127831120,2019-11-07T11:57:11.120Z,buy,5.659e-05,422.0,0.02388098
BCD/BTC,1573127831120,2019-11-07T11:57:11.120Z,buy,5.659e-05,422.0,0.02388098
BCD/BTC,1573128002898,2019-11-07T12:00:02.898Z,sell,5.633e-05,177.0,0.0099704099999999
BCD/BTC,1573128292615,2019-11-07T12:04:52.615Z,buy,5.657e-05,5.0,0.00028285
BCD/BTC,1573128390546,2019-11-07T12:06:30.546Z,sell,5.621e-05,4.0,0.00022484
BCD/BTC,1573128459156,2019-11-07T12:07:39.156Z,sell,5.628e-05,48.0,0.00270144
BCD/BTC,1573128459412,2019-11-07T12:07:39.412Z,sell,5.628e-05,6.0,0.00033768
BCD/BTC,1573128459412,2019-11-07T12:07:39.412Z,sell,5.625e-05,24.0,0.00135
BCD/BTC,1573128460329,2019-11-07T12:07:40.329Z,sell,5.629e-05,30.0,0.0016887
BCD/BTC,1573128460429,2019-11-07T12:07:40.429Z,sell,5.629e-05,22.0,0.0012383799999999
BCD/BTC,1573128460746,2019-11-07T12:07:40.746Z,sell,5.629e-05,48.0,0.00270192
BCD/BTC,1573128868906,2019-11-07T12:14:28.906Z,sell,5.629e-05,8.0,0.00045032
BCD/BTC,1573128909898,2019-11-07T12:15:09.898Z,buy,5.607e-05,115.0,0.0064480499999999
BCD/BTC,1573128911155,2019-11-07T12:15:11.155Z,buy,5.607e-05,25.0,0.00140175
BCD/BTC,1573128912145,2019-11-07T12:15:12.145Z,buy,5.607e-05,25.0,0.00140175
BCD/BTC,1573128913083,2019-11-07T12:15:13.083Z,buy,5.607e-05,25.0,0.00140175
BCD/BTC,1573128914260,2019-11-07T12:15:14.260Z,buy,5.607e-05,25.0,0.00140175
BCD/BTC,1573128915157,2019-11-07T12:15:15.157Z,buy,5.607e-05,25.0,0.00140175
BCD/BTC,1573128916187,2019-11-07T12:15:16.187Z,buy,5.607e-05,25.0,0.00140175
BCD/BTC,1573128917447,2019-11-07T12:15:17.447Z,buy,5.607e-05,25.0,0.00140175
BCD/BTC,1573128917530,2019-11-07T12:15:17.530Z,buy,5.607e-05,398.0,0.02231586
BCD/BTC,1573129395952,2019-11-07T12:23:15.952Z,buy,5.629e-05,25.0,0.0014072499999999
BCD/BTC,1573129737411,2019-11-07T12:28:57.411Z,buy,5.629e-05,2.0,0.00011258
BCD/BTC,1573129737411,2019-11-07T12:28:57.411Z,buy,5.664e-05,38.0,0.00215232
BCD/BTC,1573129749347,2019-11-07T12:29:09.347Z,buy,5.656e-05,216.0,0.01221696
BCD/BTC,1573129759195,2019-11-07T12:29:19.195Z,buy,5.663e-05,145.0,0.00821135
BCD/BTC,1573129915207,2019-11-07T12:31:55.207Z,buy,5.664e-05,97.0,0.00549408
BCD/BTC,1573129946172,2019-11-07T12:32:26.172Z,buy,5.663e-05,65.0,0.0036809499999999
BCD/BTC,1573129955071,2019-11-07T12:32:35.071Z,buy,5.664e-05,129.0,0.00730656
BCD/BTC,1573130385984,2019-11-07T12:39:45.984Z,buy,5.665e-05,5.0,0.00028325
BCD/BTC,1573130386071,2019-11-07T12:39:46.071Z,sell,5.665e-05,195.0,0.01104675
BCD/BTC,1573130929702,2019-11-07T12:48:49.702Z,buy,5.665e-05,2.0,0.0001133
BCD/BTC,1573130930362,2019-11-07T12:48:50.362Z,buy,5.673e-05,7.0,0.00039711
BCD/BTC,1573130930362,2019-11-07T12:48:50.362Z,buy,5.674e-05,8.0,0.00045392
BCD/BTC,1573130930445,2019-11-07T12:48:50.445Z,buy,5.674e-05,168.0,0.00953232
BCD/BTC,1573131048855,2019-11-07T12:50:48.855Z,buy,5.679e-05,229.0,0.01300491
BCD/BTC,1573131095116,2019-11-07T12:51:35.116Z,sell,5.665e-05,9.0,0.00050985
BCD/BTC,1573131095407,2019-11-07T12:51:35.407Z,sell,5.665e-05,6.0,0.0003399
BCD/BTC,1573131304980,2019-11-07T12:55:04.980Z,buy,5.677e-05,30.0,0.0017031
BCD/BTC,1573131304980,2019-11-07T12:55:04.980Z,buy,5.677e-05,30.0,0.0017031
BCD/BTC,1573131993169,2019-11-07T13:06:33.169Z,buy,5.676e-05,573.0,0.03252348
BCD/BTC,1573132000475,2019-11-07T13:06:40.475Z,buy,5.676e-05,35.0,0.0019866
BCD/BTC,1573132000504,2019-11-07T13:06:40.504Z,sell,5.676e-05,91.0,0.00516516
BCD/BTC,1573132000772,2019-11-07T13:06:40.772Z,sell,5.676e-05,91.0,0.00516516
BCD/BTC,1573132000786,2019-11-07T13:06:40.786Z,sell,5.676e-05,97.0,0.0055057199999999
BCD/BTC,1573132000887,2019-11-07T13:06:40.887Z,sell,5.676e-05,30.0,0.0017028
BCD/BTC,1573132000934,2019-11-07T13:06:40.934Z,sell,5.676e-05,774.0,0.04393224
BCD/BTC,1573132001021,2019-11-07T13:06:41.021Z,sell,5.676e-05,327.0,0.01856052
BCD/BTC,1573132001241,2019-11-07T13:06:41.241Z,sell,5.676e-05,90.0,0.0051084
BCD/BTC,1573132001247,2019-11-07T13:06:41.247Z,sell,5.676e-05,30.0,0.0017028
BCD/BTC,1573132001513,2019-11-07T13:06:41.513Z,sell,5.676e-05,9.0,0.00051084
BCD/BTC,1573132001529,2019-11-07T13:06:41.529Z,sell,5.676e-05,35.0,0.0019866
BCD/BTC,1573132016497,2019-11-07T13:06:56.497Z,sell,5.643e-05,230.0,0.0129789
BCD/BTC,1573132016497,2019-11-07T13:06:56.497Z,sell,5.641e-05,80.0,0.0045128
BCD/BTC,1573132042773,2019-11-07T13:07:22.773Z,sell,5.648e-05,9.0,0.00050832
BCD/BTC,1573132131375,2019-11-07T13:08:51.375Z,sell,5.649e-05,344.0,0.01943256
BCD/BTC,1573132131375,2019-11-07T13:08:51.375Z,sell,5.648e-05,93.0,0.00525264
BCD/BTC,1573132186732,2019-11-07T13:09:46.732Z,sell,5.647e-05,95.0,0.00536465
BCD/BTC,1573132421288,2019-11-07T13:13:41.288Z,buy,5.673e-05,135.0,0.00765855
BCD/BTC,1573132421288,2019-11-07T13:13:41.288Z,buy,5.674e-05,113.0,0.00641162
BCD/BTC,1573132421372,2019-11-07T13:13:41.372Z,buy,5.673e-05,90.0,0.0051057
BCD/BTC,1573132421372,2019-11-07T13:13:41.372Z,buy,5.674e-05,236.0,0.01339064
BCD/BTC,1573132439650,2019-11-07T13:13:59.650Z,sell,5.647e-05,149.0,0.00841403
BCD/BTC,1573132439650,2019-11-07T13:13:59.650Z,sell,5.642e-05,236.0,0.01331512
BCD/BTC,1573132440091,2019-11-07T13:14:00.091Z,sell,5.647e-05,120.0,0.0067764
BCD/BTC,1573132440091,2019-11-07T13:14:00.091Z,sell,5.642e-05,20.0,0.0011283999999999
BCD/BTC,1573132440091,2019-11-07T13:14:00.091Z,sell,5.64e-05,176.0,0.0099264
BCD/BTC,1573132440091,2019-11-07T13:14:00.091Z,sell,5.638e-05,3.0,0.00016914
BCD/BTC,1573132440091,2019-11-07T13:14:00.091Z,sell,5.637e-05,229.0,0.01290873
BCD/BTC,1573132454345,2019-11-07T13:14:14.345Z,sell,5.638e-05,80.0,0.0045103999999999
BCD/BTC,1573132454345,2019-11-07T13:14:14.345Z,sell,5.637e-05,112.0,0.00631344
BCD/BTC,1573132454345,2019-11-07T13:14:14.345Z,sell,5.633e-05,13.0,0.00073229
BCD/BTC,1573132454345,2019-11-07T13:14:14.345Z,sell,5.631e-05,5.0,0.00028155
BCD/BTC,1573132454345,2019-11-07T13:14:14.345Z,sell,5.617e-05,192.0,0.01078464
BCD/BTC,1573132490713,2019-11-07T13:14:50.713Z,sell,5.632e-05,21.0,0.00118272
BCD/BTC,1573132491107,2019-11-07T13:14:51.107Z,sell,5.632e-05,10.0,0.0005632
BCD/BTC,1573132491143,2019-11-07T13:14:51.143Z,sell,5.631e-05,68.0,0.00382908
BCD/BTC,1573132491143,2019-11-07T13:14:51.143Z,sell,5.624e-05,53.0,0.0029807199999999
BCD/BTC,1573132491143,2019-11-07T13:14:51.143Z,sell,5.623e-05,52.0,0.00292396
BCD/BTC,1573132491177,2019-11-07T13:14:51.177Z,buy,5.617e-05,26.0,0.00146042
BCD/BTC,1573132491213,2019-11-07T13:14:51.213Z,sell,5.612e-05,17.0,0.00095404
BCD/BTC,1573132491213,2019-11-07T13:14:51.213Z,sell,5.611e-05,36.0,0.00201996
BCD/BTC,1573132491214,2019-11-07T13:14:51.214Z,buy,5.611e-05,4.0,0.00022444
BCD/BTC,1573132491230,2019-11-07T13:14:51.230Z,buy,5.611e-05,26.0,0.00145886
BCD/BTC,1573132491236,2019-11-07T13:14:51.236Z,buy,5.611e-05,194.0,0.01088534
BCD/BTC,1573132491237,2019-11-07T13:14:51.237Z,buy,5.611e-05,11.0,0.00061721
BCD/BTC,1573132491259,2019-11-07T13:14:51.259Z,buy,5.617e-05,364.0,0.02044588
BCD/BTC,1573132491259,2019-11-07T13:14:51.259Z,buy,5.62e-05,30.0,0.001686
BCD/BTC,1573132491326,2019-11-07T13:14:51.326Z,buy,5.657e-05,207.0,0.01170999
BCD/BTC,1573132491326,2019-11-07T13:14:51.326Z,buy,5.658e-05,353.0,0.01997274
BCD/BTC,1573132491326,2019-11-07T13:14:51.326Z,buy,5.659e-05,172.0,0.00973348
BCD/BTC,1573132495622,2019-11-07T13:14:55.622Z,sell,5.635e-05,24.0,0.0013524
BCD/BTC,1573132513906,2019-11-07T13:15:13.906Z,buy,5.651e-05,17.0,0.00096067
BCD/BTC,1573132513906,2019-11-07T13:15:13.906Z,buy,5.664e-05,90.0,0.0050976
BCD/BTC,1573132513906,2019-11-07T13:15:13.906Z,buy,5.665e-05,5.0,0.00028325
BCD/BTC,1573132513906,2019-11-07T13:15:13.906Z,buy,5.67e-05,192.0,0.0108864
BCD/BTC,1573132513906,2019-11-07T13:15:13.906Z,buy,5.672e-05,176.0,0.00998272
BCD/BTC,1573132513906,2019-11-07T13:15:13.906Z,buy,5.673e-05,3.0,0.00017019
BCD/BTC,1573132513906,2019-11-07T13:15:13.906Z,buy,5.678e-05,10.0,0.0005678
BCD/BTC,1573132522445,2019-11-07T13:15:22.445Z,buy,5.677e-05,56.0,0.00317912
BCD/BTC,1573132522445,2019-11-07T13:15:22.445Z,buy,5.678e-05,105.0,0.0059619
BCD/BTC,1573132554267,2019-11-07T13:15:54.267Z,sell,5.647e-05,193.0,0.01089871
BCD/BTC,1573132554267,2019-11-07T13:15:54.267Z,sell,5.646e-05,55.0,0.0031053
BCD/BTC,1573132827261,2019-11-07T13:20:27.261Z,sell,5.649e-05,30.0,0.0016947
BCD/BTC,1573132827467,2019-11-07T13:20:27.467Z,sell,5.649e-05,18.0,0.00101682
BCD/BTC,1573132827581,2019-11-07T13:20:27.581Z,sell,5.649e-05,45.0,0.00254205
BCD/BTC,1573132827863,2019-11-07T13:20:27.863Z,sell,5.649e-05,21.0,0.00118629
BCD/BTC,1573132828308,2019-11-07T13:20:28.308Z,sell,5.649e-05,10.0,0.0005649
BCD/BTC,1573132828478,2019-11-07T13:20:28.478Z,sell,5.649e-05,20.0,0.0011298
BCD/BTC,1573132828478,2019-11-07T13:20:28.478Z,sell,5.648e-05,10.0,0.0005648
BCD/BTC,1573132828551,2019-11-07T13:20:28.551Z,sell,5.65e-05,9.0,0.0005085
BCD/BTC,1573132828693,2019-11-07T13:20:28.693Z,sell,5.65e-05,10.0,0.000565
BCD/BTC,1573132828789,2019-11-07T13:20:28.789Z,sell,5.65e-05,44.0,0.002486
BCD/BTC,1573132829159,2019-11-07T13:20:29.159Z,sell,5.65e-05,17.0,0.0009605
BCD/BTC,1573132829159,2019-11-07T13:20:29.159Z,sell,5.648e-05,34.0,0.00192032
BCD/BTC,1573132829286,2019-11-07T13:20:29.286Z,sell,5.651e-05,40.0,0.0022604
BCD/BTC,1573132829732,2019-11-07T13:20:29.732Z,sell,5.651e-05,10.0,0.0005651
BCD/BTC,1573132829835,2019-11-07T13:20:29.835Z,sell,5.651e-05,3.0,0.0001695299999999
BCD/BTC,1573132829835,2019-11-07T13:20:29.835Z,sell,5.648e-05,7.0,0.00039536
BCD/BTC,1573132830120,2019-11-07T13:20:30.120Z,sell,5.651e-05,38.0,0.00214738
BCD/BTC,1573132830673,2019-11-07T13:20:30.673Z,sell,5.651e-05,65.0,0.00367315
BCD/BTC,1573132830706,2019-11-07T13:20:30.706Z,sell,5.651e-05,5.0,0.00028255
BCD/BTC,1573132830706,2019-11-07T13:20:30.706Z,sell,5.648e-05,53.0,0.00299344
BCD/BTC,1573132830848,2019-11-07T13:20:30.848Z,sell,5.649e-05,58.0,0.00327642
BCD/BTC,1573132830996,2019-11-07T13:20:30.996Z,sell,5.649e-05,26.0,0.00146874
BCD/BTC,1573132831172,2019-11-07T13:20:31.172Z,sell,5.649e-05,58.0,0.00327642
BCD/BTC,1573132831178,2019-11-07T13:20:31.178Z,sell,5.649e-05,112.0,0.00632688
BCD/BTC,1573132831178,2019-11-07T13:20:31.178Z,sell,5.648e-05,18.0,0.00101664
BCD/BTC,1573133352272,2019-11-07T13:29:12.272Z,sell,5.638e-05,3.0,0.00016914
BCD/BTC,1573133397059,2019-11-07T13:29:57.059Z,sell,5.631e-05,5.0,0.00028155
BCD/BTC,1573133397059,2019-11-07T13:29:57.059Z,sell,5.611e-05,176.0,0.00987536
BCD/BTC,1573133397059,2019-11-07T13:29:57.059Z,sell,5.61e-05,36.0,0.0020196
BCD/BTC,1573133397059,2019-11-07T13:29:57.059Z,sell,5.609e-05,36.0,0.00201924
BCD/BTC,1573133397059,2019-11-07T13:29:57.059Z,sell,5.608e-05,213.0,0.01194504
BCD/BTC,1573133397059,2019-11-07T13:29:57.059Z,sell,5.607e-05,1022.0,0.05730354
BCD/BTC,1573133397059,2019-11-07T13:29:57.059Z,sell,5.604e-05,212.0,0.01188048
BCD/BTC,1573134099892,2019-11-07T13:41:39.892Z,sell,5.616e-05,150.0,0.008424
BCD/BTC,1573134099892,2019-11-07T13:41:39.892Z,sell,5.615e-05,1284.0,0.0720966
BCD/BTC,1573134099894,2019-11-07T13:41:39.894Z,sell,5.615e-05,149.0,0.00836635
BCD/BTC,1573134099901,2019-11-07T13:41:39.901Z,sell,5.615e-05,149.0,0.00836635
BCD/BTC,1573134099901,2019-11-07T13:41:39.901Z,sell,5.615e-05,149.0,0.00836635
BCD/BTC,1573134099908,2019-11-07T13:41:39.908Z,sell,5.615e-05,150.0,0.0084225
BCD/BTC,1573134165500,2019-11-07T13:42:45.500Z,buy,5.644e-05,4.0,0.00022576
BCD/BTC,1573134260301,2019-11-07T13:44:20.301Z,buy,5.643e-05,26.0,0.00146718
BCD/BTC,1573134260355,2019-11-07T13:44:20.355Z,buy,5.643e-05,26.0,0.00146718
BCD/BTC,1573134416860,2019-11-07T13:46:56.860Z,buy,5.644e-05,2.0,0.00011288
BCD/BTC,1573134416860,2019-11-07T13:46:56.860Z,buy,5.649e-05,58.0,0.00327642
BCD/BTC,1573134676876,2019-11-07T13:51:16.876Z,buy,5.645e-05,20.0,0.001129
BCD/BTC,1573134676876,2019-11-07T13:51:16.876Z,buy,5.645e-05,20.0,0.001129
BCD/BTC,1573135240539,2019-11-07T14:00:40.539Z,buy,5.644e-05,152.0,0.00857888
BCD/BTC,1573135240539,2019-11-07T14:00:40.539Z,buy,5.65e-05,212.0,0.0119779999999999
BCD/BTC,1573135240539,2019-11-07T14:00:40.539Z,buy,5.651e-05,355.0,0.02006105
BCD/BTC,1573135240539,2019-11-07T14:00:40.539Z,buy,5.652e-05,213.0,0.01203876
BCD/BTC,1573135240539,2019-11-07T14:00:40.539Z,buy,5.665e-05,5.0,0.00028325
BCD/BTC,1573135240539,2019-11-07T14:00:40.539Z,buy,5.673e-05,3.0,0.00017019
BCD/BTC,1573135240539,2019-11-07T14:00:40.539Z,buy,5.674e-05,52.0,0.00295048
BCD/BTC,1573135240539,2019-11-07T14:00:40.539Z,buy,5.679e-05,8.0,0.00045432
BCD/BTC,1573135318047,2019-11-07T14:01:58.047Z,buy,5.672e-05,71.0,0.00402712
BCD/BTC,1573135318047,2019-11-07T14:01:58.047Z,buy,5.673e-05,18.0,0.00102114
BCD/BTC,1573135318047,2019-11-07T14:01:58.047Z,buy,5.679e-05,22.0,0.00124938
BCD/BTC,1573135979856,2019-11-07T14:12:59.856Z,buy,5.669e-05,142.0,0.00804998
BCD/BTC,1573136839490,2019-11-07T14:27:19.490Z,sell,5.654e-05,353.0,0.01995862
BCD/BTC,1573136839490,2019-11-07T14:27:19.490Z,sell,5.653e-05,626.0,0.03538778
BCD/BTC,1573136840004,2019-11-07T14:27:20.004Z,buy,5.653e-05,93.0,0.00525729
BCD/BTC,1573137132698,2019-11-07T14:32:12.698Z,buy,5.667e-05,51.0,0.00289017
BCD/BTC,1573137132698,2019-11-07T14:32:12.698Z,buy,5.669e-05,108.0,0.00612252
BCD/BTC,1573137132698,2019-11-07T14:32:12.698Z,buy,5.67e-05,36.0,0.0020412
BCD/BTC,1573137132698,2019-11-07T14:32:12.698Z,buy,5.673e-05,353.0,0.02002569
BCD/BTC,1573137132698,2019-11-07T14:32:12.698Z,buy,5.674e-05,176.0,0.00998624
BCD/BTC,1573137132698,2019-11-07T14:32:12.698Z,buy,5.679e-05,26.0,0.00147654
BCD/BTC,1573137245934,2019-11-07T14:34:05.934Z,buy,5.679e-05,800.0,0.045432
BCD/BTC,1573137294078,2019-11-07T14:34:54.078Z,buy,5.68e-05,18.0,0.0010224
BCD/BTC,1573137294078,2019-11-07T14:34:54.078Z,buy,5.68e-05,18.0,0.0010224
BCD/BTC,1573138799397,2019-11-07T14:59:59.397Z,sell,5.678e-05,171.0,0.00970938
BCD/BTC,1573138799444,2019-11-07T14:59:59.444Z,sell,5.678e-05,432.0,0.02452896
BCD/BTC,1573138835189,2019-11-07T15:00:35.189Z,sell,5.666e-05,396.0,0.02243736
BCD/BTC,1573138835189,2019-11-07T15:00:35.189Z,sell,5.641e-05,230.0,0.0129743
BCD/BTC,1573138835189,2019-11-07T15:00:35.189Z,sell,5.64e-05,352.0,0.0198528
BCD/BTC,1573138835189,2019-11-07T15:00:35.189Z,sell,5.639e-05,21.0,0.00118419
BCD/BTC,1573139329179,2019-11-07T15:08:49.179Z,buy,5.671e-05,84.0,0.0047636399999999
BCD/BTC,1573139329179,2019-11-07T15:08:49.179Z,buy,5.673e-05,83.0,0.00470859
BCD/BTC,1573139329179,2019-11-07T15:08:49.179Z,buy,5.679e-05,187.0,0.0106197299999999
BCD/BTC,1573139329179,2019-11-07T15:08:49.179Z,buy,5.68e-05,122.0,0.0069296
BCD/BTC,1573139330237,2019-11-07T15:08:50.237Z,buy,5.67e-05,22.0,0.0012474
BCD/BTC,1573139353716,2019-11-07T15:09:13.716Z,buy,5.674e-05,9.0,0.00051066
BCD/BTC,1573139595451,2019-11-07T15:13:15.451Z,sell,5.646e-05,4.0,0.00022584
BCD/BTC,1573139694334,2019-11-07T15:14:54.334Z,buy,5.665e-05,60.0,0.003399
BCD/BTC,1573140034477,2019-11-07T15:20:34.477Z,sell,5.646e-05,173.0,0.00976758
BCD/BTC,1573140772479,2019-11-07T15:32:52.479Z,buy,5.669e-05,397.0,0.02250593
BCD/BTC,1573140772479,2019-11-07T15:32:52.479Z,buy,5.68e-05,456.0,0.0259007999999999
BCD/BTC,1573140772479,2019-11-07T15:32:52.479Z,buy,5.669e-05,397.0,0.02250593
BCD/BTC,1573140772479,2019-11-07T15:32:52.479Z,buy,5.68e-05,456.0,0.0259007999999999
BCD/BTC,1573141325958,2019-11-07T15:42:05.958Z,buy,5.677e-05,125.0,0.00709625
BCD/BTC,1573141325958,2019-11-07T15:42:05.958Z,buy,5.678e-05,227.0,0.01288906
BCD/BTC,1573141423365,2019-11-07T15:43:43.365Z,buy,5.678e-05,11.0,0.00062458
BCD/BTC,1573141565708,2019-11-07T15:46:05.708Z,buy,5.678e-05,38.0,0.00215764
BCD/BTC,1573142082173,2019-11-07T15:54:42.173Z,sell,5.668e-05,2.0,0.00011336
BCD/BTC,1573142442545,2019-11-07T16:00:42.545Z,sell,5.652e-05,15.0,0.0008478
BCD/BTC,1573142513863,2019-11-07T16:01:53.863Z,buy,5.677e-05,2.0,0.00011354
BCD/BTC,1573142747189,2019-11-07T16:05:47.189Z,sell,5.649e-05,340.0,0.0192066
BCD/BTC,1573142747189,2019-11-07T16:05:47.189Z,sell,5.648e-05,118.0,0.00666464
BCD/BTC,1573142799678,2019-11-07T16:06:39.678Z,buy,5.668e-05,4.0,0.00022672
BCD/BTC,1573143367375,2019-11-07T16:16:07.375Z,buy,5.666e-05,26.0,0.00147316
BCD/BTC,1573143978713,2019-11-07T16:26:18.713Z,buy,5.654e-05,63.0,0.00356202
BCD/BTC,1573144013079,2019-11-07T16:26:53.079Z,sell,5.657e-05,10.0,0.0005657
BCD/BTC,1573144042179,2019-11-07T16:27:22.179Z,buy,5.654e-05,35.0,0.0019789
BCD/BTC,1573144088256,2019-11-07T16:28:08.256Z,sell,5.648e-05,27.0,0.00152496
BCD/BTC,1573144088579,2019-11-07T16:28:08.579Z,buy,5.654e-05,107.0,0.0060497799999999
BCD/BTC,1573144320581,2019-11-07T16:32:00.581Z,sell,5.654e-05,4.0,0.00022616
BCD/BTC,1573144320581,2019-11-07T16:32:00.581Z,sell,5.654e-05,4.0,0.00022616
BCD/BTC,1573144608256,2019-11-07T16:36:48.256Z,sell,5.65e-05,53.0,0.0029944999999999
BCD/BTC,1573145242543,2019-11-07T16:47:22.543Z,buy,5.667e-05,205.0,0.01161735
BCD/BTC,1573146370028,2019-11-07T17:06:10.028Z,sell,5.652e-05,11.0,0.00062172
BCD/BTC,1573147114275,2019-11-07T17:18:34.275Z,buy,5.677e-05,353.0,0.02003981
BCD/BTC,1573147176139,2019-11-07T17:19:36.139Z,buy,5.678e-05,188.0,0.01067464
BCD/BTC,1573147176405,2019-11-07T17:19:36.405Z,buy,5.678e-05,388.0,0.02203064
BCD/BTC,1573147184044,2019-11-07T17:19:44.044Z,buy,5.68e-05,1644.0,0.0933792
BCD/BTC,1573147236238,2019-11-07T17:20:36.238Z,sell,5.681e-05,104.0,0.00590824
BCD/BTC,1573147239729,2019-11-07T17:20:39.729Z,buy,5.687e-05,10.0,0.0005687
BCD/BTC,1573147239729,2019-11-07T17:20:39.729Z,buy,5.698e-05,3.0,0.00017094
BCD/BTC,1573147239729,2019-11-07T17:20:39.729Z,buy,5.7e-05,5.0,0.000285
BCD/BTC,1573147239729,2019-11-07T17:20:39.729Z,buy,5.701e-05,104.0,0.00592904
BCD/BTC,1573147239729,2019-11-07T17:20:39.729Z,buy,5.702e-05,68.0,0.00387736
BCD/BTC,1573147239729,2019-11-07T17:20:39.729Z,buy,5.706e-05,50.0,0.002853
BCD/BTC,1573147239729,2019-11-07T17:20:39.729Z,buy,5.707e-05,100.0,0.005707
BCD/BTC,1573147239729,2019-11-07T17:20:39.729Z,buy,5.708e-05,103.0,0.00587924
BCD/BTC,1573147239729,2019-11-07T17:20:39.729Z,buy,5.709e-05,915.0,0.0522373499999999
BCD/BTC,1573147239729,2019-11-07T17:20:39.729Z,buy,5.71e-05,416.0,0.0237536
BCD/BTC,1573147259892,2019-11-07T17:20:59.892Z,sell,5.684e-05,192.0,0.01091328
BCD/BTC,1573147260160,2019-11-07T17:21:00.160Z,buy,5.683e-05,96.0,0.00545568
BCD/BTC,1573147260160,2019-11-07T17:21:00.160Z,buy,5.684e-05,5.0,0.0002841999999999
BCD/BTC,1573147285446,2019-11-07T17:21:25.446Z,sell,5.689e-05,10.0,0.0005689
BCD/BTC,1573147287081,2019-11-07T17:21:27.081Z,sell,5.689e-05,48.0,0.00273072
BCD/BTC,1573147502441,2019-11-07T17:25:02.441Z,sell,5.7e-05,48.0,0.002736
BCD/BTC,1573147502718,2019-11-07T17:25:02.718Z,sell,5.7e-05,9.0,0.000513
BCD/BTC,1573147504227,2019-11-07T17:25:04.227Z,sell,5.7e-05,12.0,0.000684
BCD/BTC,1573147513687,2019-11-07T17:25:13.687Z,sell,5.7e-05,11.0,0.000627
BCD/BTC,1573147514816,2019-11-07T17:25:14.816Z,sell,5.7e-05,9.0,0.000513
BCD/BTC,1573147515286,2019-11-07T17:25:15.286Z,sell,5.7e-05,2.0,0.000114
BCD/BTC,1573147518402,2019-11-07T17:25:18.402Z,buy,5.697e-05,13.0,0.0007406099999999
BCD/BTC,1573147518402,2019-11-07T17:25:18.402Z,buy,5.707e-05,99.0,0.00564993
BCD/BTC,1573147518429,2019-11-07T17:25:18.429Z,sell,5.707e-05,119.0,0.00679133
BCD/BTC,1573147518432,2019-11-07T17:25:18.432Z,sell,5.707e-05,8.0,0.00045656
BCD/BTC,1573147535387,2019-11-07T17:25:35.387Z,sell,5.686e-05,79.0,0.00449194
BCD/BTC,1573147535763,2019-11-07T17:25:35.763Z,buy,5.701e-05,10.0,0.0005701
BCD/BTC,1573147549498,2019-11-07T17:25:49.498Z,sell,5.688e-05,46.0,0.00261648
BCD/BTC,1573147551738,2019-11-07T17:25:51.738Z,sell,5.689e-05,127.0,0.0072250299999999
BCD/BTC,1573147557712,2019-11-07T17:25:57.712Z,buy,5.707e-05,252.0,0.01438164
BCD/BTC,1573147557746,2019-11-07T17:25:57.746Z,sell,5.707e-05,335.0,0.01911845
BCD/BTC,1573147557752,2019-11-07T17:25:57.752Z,sell,5.707e-05,352.0,0.02008864
BCD/BTC,1573147574597,2019-11-07T17:26:14.597Z,sell,5.689e-05,99.0,0.00563211
BCD/BTC,1573147574597,2019-11-07T17:26:14.597Z,sell,5.688e-05,226.0,0.0128548799999999
BCD/BTC,1573147574597,2019-11-07T17:26:14.597Z,sell,5.686e-05,24.0,0.00136464
BCD/BTC,1573147586676,2019-11-07T17:26:26.676Z,sell,5.689e-05,331.0,0.01883059
BCD/BTC,1573147590513,2019-11-07T17:26:30.513Z,sell,5.687e-05,224.0,0.01273888
BCD/BTC,1573147590513,2019-11-07T17:26:30.513Z,sell,5.686e-05,118.0,0.00670948
BCD/BTC,1573147639433,2019-11-07T17:27:19.433Z,buy,5.693e-05,116.0,0.0066038799999999
BCD/BTC,1573147639804,2019-11-07T17:27:19.804Z,sell,5.696e-05,280.0,0.0159488
BCD/BTC,1573147641996,2019-11-07T17:27:21.996Z,buy,5.701e-05,20.0,0.0011402
BCD/BTC,1573147641996,2019-11-07T17:27:21.996Z,buy,5.701e-05,20.0,0.0011402
BCD/BTC,1573147922245,2019-11-07T17:32:02.245Z,buy,5.706e-05,178.0,0.01015668
BCD/BTC,1573149114313,2019-11-07T17:51:54.313Z,sell,5.696e-05,4.0,0.00022784
BCD/BTC,1573149832767,2019-11-07T18:03:52.767Z,buy,5.705e-05,55.0,0.00313775
BCD/BTC,1573150186398,2019-11-07T18:09:46.398Z,sell,5.696e-05,46.0,0.00262016
BCD/BTC,1573150206750,2019-11-07T18:10:06.750Z,sell,5.696e-05,27.0,0.00153792
BCD/BTC,1573150209159,2019-11-07T18:10:09.159Z,sell,5.696e-05,30.0,0.0017088
BCD/BTC,1573150758138,2019-11-07T18:19:18.138Z,sell,5.696e-05,8.0,0.00045568
BCD/BTC,1573150761133,2019-11-07T18:19:21.133Z,sell,5.696e-05,8.0,0.00045568
BCD/BTC,1573150764162,2019-11-07T18:19:24.162Z,sell,5.696e-05,8.0,0.00045568
BCD/BTC,1573150767157,2019-11-07T18:19:27.157Z,sell,5.696e-05,8.0,0.00045568
BCD/BTC,1573151017663,2019-11-07T18:23:37.663Z,buy,5.705e-05,563.0,0.03211915
BCD/BTC,1573151017663,2019-11-07T18:23:37.663Z,buy,5.706e-05,70.0,0.0039942
BCD/BTC,1573151017663,2019-11-07T18:23:37.663Z,buy,5.707e-05,2832.0,0.16162224
BCD/BTC,1573151017667,2019-11-07T18:23:37.667Z,buy,5.707e-05,1817.0,0.10369619
BCD/BTC,1573151021470,2019-11-07T18:23:41.470Z,buy,5.71e-05,1025.0,0.0585274999999999
BCD/BTC,1573151026122,2019-11-07T18:23:46.122Z,buy,5.724e-05,100.0,0.005724
BCD/BTC,1573151028032,2019-11-07T18:23:48.032Z,buy,5.726e-05,18.0,0.00103068
BCD/BTC,1573151105896,2019-11-07T18:25:05.896Z,buy,5.718e-05,3103.0,0.17742954
BCD/BTC,1573151105896,2019-11-07T18:25:05.896Z,buy,5.718e-05,3103.0,0.17742954
BCD/BTC,1573152056654,2019-11-07T18:40:56.654Z,sell,5.697e-05,230.0,0.0131031
BCD/BTC,1573152063279,2019-11-07T18:41:03.279Z,sell,5.696e-05,367.0,0.0209043199999999
BCD/BTC,1573152601059,2019-11-07T18:50:01.059Z,sell,5.697e-05,76.0,0.00432972
BCD/BTC,1573153440649,2019-11-07T19:04:00.649Z,sell,5.697e-05,27.0,0.00153819
BCD/BTC,1573153570087,2019-11-07T19:06:10.087Z,buy,5.705e-05,21.0,0.00119805
BCD/BTC,1573153601212,2019-11-07T19:06:41.212Z,sell,5.697e-05,137.0,0.00780489
BCD/BTC,1573153674625,2019-11-07T19:07:54.625Z,sell,5.697e-05,132.0,0.0075200399999999
BCD/BTC,1573153719918,2019-11-07T19:08:39.918Z,buy,5.704e-05,14.0,0.00079856
BCD/BTC,1573153764809,2019-11-07T19:09:24.809Z,buy,5.704e-05,30.0,0.0017112
BCD/BTC,1573154127187,2019-11-07T19:15:27.187Z,sell,5.697e-05,98.0,0.00558306
BCD/BTC,1573154282519,2019-11-07T19:18:02.519Z,sell,5.697e-05,98.0,0.00558306
BCD/BTC,1573154283081,2019-11-07T19:18:03.081Z,sell,5.697e-05,84.0,0.00478548
BCD/BTC,1573154283081,2019-11-07T19:18:03.081Z,sell,5.697e-05,84.0,0.00478548
BCD/BTC,1573154993972,2019-11-07T19:29:53.972Z,sell,5.697e-05,319.0,0.01817343
BCD/BTC,1573155497298,2019-11-07T19:38:17.298Z,sell,5.696e-05,660.0,0.0375936
BCD/BTC,1573156709825,2019-11-07T19:58:29.825Z,sell,5.697e-05,32.0,0.00182304
BCD/BTC,1573156748134,2019-11-07T19:59:08.134Z,sell,5.697e-05,2.0,0.00011394
BCD/BTC,1573156808217,2019-11-07T20:00:08.217Z,sell,5.697e-05,2.0,0.00011394
BCD/BTC,1573157096442,2019-11-07T20:04:56.442Z,sell,5.696e-05,100.0,0.005696
BCD/BTC,1573157096442,2019-11-07T20:04:56.442Z,sell,5.696e-05,100.0,0.005696
BCD/BTC,1573157988816,2019-11-07T20:19:48.816Z,sell,5.696e-05,68.0,0.0038732799999999
BCD/BTC,1573157988826,2019-11-07T20:19:48.826Z,sell,5.696e-05,69.0,0.00393024
BCD/BTC,1573158195314,2019-11-07T20:23:15.314Z,sell,5.696e-05,2.0,0.00011392
BCD/BTC,1573159313645,2019-11-07T20:41:53.645Z,sell,5.696e-05,4380.0,0.2494847999999999
BCD/BTC,1573159352679,2019-11-07T20:42:32.679Z,sell,5.696e-05,76.0,0.00432896
BCD/BTC,1573159551181,2019-11-07T20:45:51.181Z,sell,5.696e-05,2462.0,0.14023552
BCD/BTC,1573160263722,2019-11-07T20:57:43.722Z,buy,5.721e-05,1.0,5.721e-05
BCD/BTC,1573160287457,2019-11-07T20:58:07.457Z,sell,5.696e-05,5.0,0.0002848
BCD/BTC,1573160288009,2019-11-07T20:58:08.009Z,sell,5.696e-05,5.0,0.0002848
BCD/BTC,1573160288009,2019-11-07T20:58:08.009Z,sell,5.696e-05,5.0,0.0002848
BCD/BTC,1573161910043,2019-11-07T21:25:10.043Z,sell,5.696e-05,2790.0,0.1589184
BCD/BTC,1573161914249,2019-11-07T21:25:14.249Z,sell,5.696e-05,278.0,0.01583488
BCD/BTC,1573162145790,2019-11-07T21:29:05.790Z,buy,5.699e-05,9.0,0.00051291
BCD/BTC,1573162145790,2019-11-07T21:29:05.790Z,buy,5.702e-05,21.0,0.00119742
BCD/BTC,1573162147077,2019-11-07T21:29:07.077Z,buy,5.702e-05,9.0,0.00051318
BCD/BTC,1573162150104,2019-11-07T21:29:10.104Z,buy,5.702e-05,9.0,0.00051318
BCD/BTC,1573162150178,2019-11-07T21:29:10.178Z,buy,5.702e-05,6.0,0.00034212
BCD/BTC,1573162157595,2019-11-07T21:29:17.595Z,buy,5.721e-05,350.0,0.0200235
BCD/BTC,1573162157595,2019-11-07T21:29:17.595Z,buy,5.722e-05,230.0,0.0131606
BCD/BTC,1573162157595,2019-11-07T21:29:17.595Z,buy,5.727e-05,73.0,0.00418071
BCD/BTC,1573162157595,2019-11-07T21:29:17.595Z,buy,5.732e-05,48.0,0.00275136
BCD/BTC,1573162279392,2019-11-07T21:31:19.392Z,buy,5.723e-05,9.0,0.00051507
BCD/BTC,1573162745917,2019-11-07T21:39:05.917Z,sell,5.705e-05,54.0,0.0030807
BCD/BTC,1573162867928,2019-11-07T21:41:07.928Z,sell,5.71e-05,46.0,0.0026265999999999
BCD/BTC,1573162884287,2019-11-07T21:41:24.287Z,sell,5.711e-05,3.0,0.00017133
BCD/BTC,1573163032370,2019-11-07T21:43:52.370Z,sell,5.704e-05,54.0,0.00308016
BCD/BTC,1573163033222,2019-11-07T21:43:53.222Z,sell,5.705e-05,58.0,0.0033089
BCD/BTC,1573163033404,2019-11-07T21:43:53.404Z,sell,5.705e-05,17.0,0.00096985
BCD/BTC,1573163033404,2019-11-07T21:43:53.404Z,sell,5.704e-05,21.0,0.00119784
BCD/BTC,1573163033527,2019-11-07T21:43:53.527Z,sell,5.704e-05,54.0,0.00308016
BCD/BTC,1573163034434,2019-11-07T21:43:54.434Z,sell,5.705e-05,28.0,0.0015974
BCD/BTC,1573163035570,2019-11-07T21:43:55.570Z,sell,5.706e-05,76.0,0.00433656
BCD/BTC,1573163035783,2019-11-07T21:43:55.783Z,sell,5.706e-05,50.0,0.002853
BCD/BTC,1573163036340,2019-11-07T21:43:56.340Z,sell,5.706e-05,26.0,0.00148356
BCD/BTC,1573163036340,2019-11-07T21:43:56.340Z,sell,5.705e-05,17.0,0.00096985
BCD/BTC,1573163039204,2019-11-07T21:43:59.204Z,sell,5.705e-05,144.0,0.0082151999999999
BCD/BTC,1573163039204,2019-11-07T21:43:59.204Z,sell,5.704e-05,114.0,0.00650256
BCD/BTC,1573163128133,2019-11-07T21:45:28.133Z,sell,5.696e-05,36.0,0.00205056
BCD/BTC,1573163131103,2019-11-07T21:45:31.103Z,sell,5.696e-05,36.0,0.00205056
BCD/BTC,1573163134170,2019-11-07T21:45:34.170Z,sell,5.696e-05,4.0,0.00022784
BCD/BTC,1573163374395,2019-11-07T21:49:34.395Z,sell,5.696e-05,50.0,0.002848
BCD/BTC,1573163374395,2019-11-07T21:49:34.395Z,sell,5.696e-05,50.0,0.002848
BCD/BTC,1573164014928,2019-11-07T22:00:14.928Z,sell,5.696e-05,61.0,0.00347456
BCD/BTC,1573164017755,2019-11-07T22:00:17.755Z,sell,5.696e-05,733.0,0.04175168
BCD/BTC,1573164021336,2019-11-07T22:00:21.336Z,sell,5.696e-05,574.0,0.0326950399999999
BCD/BTC,1573164125369,2019-11-07T22:02:05.369Z,sell,5.696e-05,9.0,0.00051264
BCD/BTC,1573164887722,2019-11-07T22:14:47.722Z,buy,5.697e-05,175.0,0.00996975
BCD/BTC,1573164986123,2019-11-07T22:16:26.123Z,sell,5.696e-05,5.0,0.0002848
BCD/BTC,1573165104553,2019-11-07T22:18:24.553Z,sell,5.68e-05,2.0,0.0001136
BCD/BTC,1573165104553,2019-11-07T22:18:24.553Z,sell,5.679e-05,13.0,0.00073827
BCD/BTC,1573165104553,2019-11-07T22:18:24.553Z,sell,5.674e-05,127.0,0.00720598
BCD/BTC,1573165104553,2019-11-07T22:18:24.553Z,sell,5.673e-05,3.0,0.00017019
BCD/BTC,1573165104553,2019-11-07T22:18:24.553Z,sell,5.666e-05,57.0,0.00322962
BCD/BTC,1573165104553,2019-11-07T22:18:24.553Z,sell,5.665e-05,5.0,0.00028325
BCD/BTC,1573165104553,2019-11-07T22:18:24.553Z,sell,5.664e-05,175.0,0.009912
BCD/BTC,1573165104553,2019-11-07T22:18:24.553Z,sell,5.659e-05,17.0,0.00096203
BCD/BTC,1573165104553,2019-11-07T22:18:24.553Z,sell,5.652e-05,84.0,0.00474768
BCD/BTC,1573165104553,2019-11-07T22:18:24.553Z,sell,5.649e-05,11.0,0.00062139
BCD/BTC,1573165104553,2019-11-07T22:18:24.553Z,sell,5.644e-05,310.0,0.0174964
BCD/BTC,1573165106541,2019-11-07T22:18:26.541Z,buy,5.68e-05,200.0,0.01136
BCD/BTC,1573165106541,2019-11-07T22:18:26.541Z,buy,5.681e-05,365.0,0.02073565
BCD/BTC,1573165109042,2019-11-07T22:18:29.042Z,buy,5.679e-05,130.0,0.0073827
BCD/BTC,1573165144515,2019-11-07T22:19:04.515Z,sell,5.658e-05,175.0,0.0099014999999999
BCD/BTC,1573165145885,2019-11-07T22:19:05.885Z,sell,5.656e-05,526.0,0.02975056
BCD/BTC,1573165328353,2019-11-07T22:22:08.353Z,buy,5.68e-05,54.0,0.0030672
BCD/BTC,1573165926716,2019-11-07T22:32:06.716Z,sell,5.664e-05,804.0,0.04553856
BCD/BTC,1573166016103,2019-11-07T22:33:36.103Z,buy,5.679e-05,14.0,0.00079506
BCD/BTC,1573166017288,2019-11-07T22:33:37.288Z,buy,5.679e-05,14.0,0.00079506
BCD/BTC,1573166063272,2019-11-07T22:34:23.272Z,buy,5.679e-05,30.0,0.0017036999999999
BCD/BTC,1573166068226,2019-11-07T22:34:28.226Z,buy,5.679e-05,30.0,0.0017036999999999
BCD/BTC,1573166104141,2019-11-07T22:35:04.141Z,buy,5.679e-05,17.0,0.00096543
BCD/BTC,1573166104141,2019-11-07T22:35:04.141Z,buy,5.679e-05,17.0,0.00096543
BCD/BTC,1573167005724,2019-11-07T22:50:05.724Z,sell,5.674e-05,74.0,0.00419876
BCD/BTC,1573167107550,2019-11-07T22:51:47.550Z,sell,5.674e-05,69.0,0.00391506
BCD/BTC,1573167754560,2019-11-07T23:02:34.560Z,buy,5.675e-05,48.0,0.002724
BCD/BTC,1573167802953,2019-11-07T23:03:22.953Z,buy,5.675e-05,36.0,0.0020429999999999
BCD/BTC,1573167822642,2019-11-07T23:03:42.642Z,buy,5.675e-05,50.0,0.0028374999999999
BCD/BTC,1573167916464,2019-11-07T23:05:16.464Z,buy,5.68e-05,440.0,0.024992
BCD/BTC,1573167916464,2019-11-07T23:05:16.464Z,buy,5.681e-05,5720.0,0.3249532
BCD/BTC,1573167916489,2019-11-07T23:05:16.489Z,buy,5.681e-05,169.0,0.00960089
BCD/BTC,1573167916489,2019-11-07T23:05:16.489Z,buy,5.696e-05,29.0,0.00165184
BCD/BTC,1573168106877,2019-11-07T23:08:26.877Z,sell,5.681e-05,437.0,0.02482597
BCD/BTC,1573168106877,2019-11-07T23:08:26.877Z,sell,5.68e-05,232.0,0.0131776
BCD/BTC,1573168106877,2019-11-07T23:08:26.877Z,sell,5.679e-05,437.0,0.02481723
BCD/BTC,1573168109810,2019-11-07T23:08:29.810Z,sell,5.68e-05,93.0,0.0052824
BCD/BTC,1573168109810,2019-11-07T23:08:29.810Z,sell,5.679e-05,135.0,0.00766665
BCD/BTC,1573168862386,2019-11-07T23:21:02.386Z,buy,5.699e-05,17.0,0.00096883
BCD/BTC,1573168862386,2019-11-07T23:21:02.386Z,buy,5.7e-05,5.0,0.000285
BCD/BTC,1573168862386,2019-11-07T23:21:02.386Z,buy,5.704e-05,153.0,0.00872712
BCD/BTC,1573169193848,2019-11-07T23:26:33.848Z,sell,5.685e-05,59.0,0.00335415
BCD/BTC,1573169193848,2019-11-07T23:26:33.848Z,sell,5.68e-05,102.0,0.0057935999999999
BCD/BTC,1573169193848,2019-11-07T23:26:33.848Z,sell,5.679e-05,70.0,0.0039753
BCD/BTC,1573169215998,2019-11-07T23:26:55.998Z,sell,5.679e-05,17.0,0.00096543
BCD/BTC,1573169352511,2019-11-07T23:29:12.511Z,sell,5.679e-05,269.0,0.0152765099999999
BCD/BTC,1573169518887,2019-11-07T23:31:58.887Z,buy,5.693e-05,1.0,5.693e-05
BCD/BTC,1573169518887,2019-11-07T23:31:58.887Z,buy,5.693e-05,1.0,5.693e-05
BCD/BTC,1573170410170,2019-11-07T23:46:50.170Z,buy,5.697e-05,1.0,5.697e-05
BCD/BTC,1573171264936,2019-11-08T00:01:04.936Z,buy,5.695e-05,56.0,0.0031892
BCD/BTC,1573171279618,2019-11-08T00:01:19.618Z,sell,5.676e-05,309.0,0.01753884
BCD/BTC,1573171757278,2019-11-08T00:09:17.278Z,buy,5.708e-05,3.0,0.00017124
BCD/BTC,1573171757278,2019-11-08T00:09:17.278Z,buy,5.721e-05,85.0,0.00486285
BCD/BTC,1573171860033,2019-11-08T00:11:00.033Z,sell,5.695e-05,219.0,0.01247205
BCD/BTC,1573171860033,2019-11-08T00:11:00.033Z,sell,5.688e-05,85.0,0.0048348
BCD/BTC,1573171860033,2019-11-08T00:11:00.033Z,sell,5.687e-05,88.0,0.00500456
BCD/BTC,1573171870200,2019-11-08T00:11:10.200Z,sell,5.684e-05,128.0,0.00727552
BCD/BTC,1573171891964,2019-11-08T00:11:31.964Z,sell,5.684e-05,35.0,0.0019894
BCD/BTC,1573171892361,2019-11-08T00:11:32.361Z,sell,5.684e-05,71.0,0.00403564
BCD/BTC,1573172107218,2019-11-08T00:15:07.218Z,buy,5.712e-05,350.0,0.019992
BCD/BTC,1573172107218,2019-11-08T00:15:07.218Z,buy,5.713e-05,198.0,0.0113117399999999
BCD/BTC,1573172514927,2019-11-08T00:21:54.927Z,buy,5.721e-05,457.0,0.02614497
BCD/BTC,1573172514927,2019-11-08T00:21:54.927Z,buy,5.724e-05,173.0,0.00990252
BCD/BTC,1573172519353,2019-11-08T00:21:59.353Z,sell,5.691e-05,54.0,0.00307314
BCD/BTC,1573172718567,2019-11-08T00:25:18.567Z,buy,5.721e-05,88.0,0.00503448
BCD/BTC,1573172718567,2019-11-08T00:25:18.567Z,buy,5.724e-05,71.0,0.00406404
BCD/BTC,1573172718567,2019-11-08T00:25:18.567Z,buy,5.725e-05,15.0,0.00085875
BCD/BTC,1573172942952,2019-11-08T00:29:02.952Z,buy,5.724e-05,5.0,0.0002862
BCD/BTC,1573173086394,2019-11-08T00:31:26.394Z,sell,5.687e-05,351.0,0.01996137
BCD/BTC,1573173086394,2019-11-08T00:31:26.394Z,sell,5.686e-05,416.0,0.02365376
BCD/BTC,1573173086663,2019-11-08T00:31:26.663Z,buy,5.686e-05,10.0,0.0005686
BCD/BTC,1573173102103,2019-11-08T00:31:42.103Z,buy,5.686e-05,157.0,0.00892702
BCD/BTC,1573173103560,2019-11-08T00:31:43.560Z,buy,5.686e-05,310.0,0.0176266
BCD/BTC,1573173103560,2019-11-08T00:31:43.560Z,buy,5.686e-05,310.0,0.0176266
BCD/BTC,1573173187311,2019-11-08T00:33:07.311Z,buy,5.719e-05,415.0,0.02373385
BCD/BTC,1573173187311,2019-11-08T00:33:07.311Z,buy,5.72e-05,408.0,0.0233376
BCD/BTC,1573173536905,2019-11-08T00:38:56.905Z,sell,5.689e-05,195.0,0.01109355
BCD/BTC,1573173536905,2019-11-08T00:38:56.905Z,sell,5.688e-05,343.0,0.01950984
BCD/BTC,1573173891394,2019-11-08T00:44:51.394Z,buy,5.716e-05,103.0,0.00588748
BCD/BTC,1573173980920,2019-11-08T00:46:20.920Z,sell,5.69e-05,8.0,0.0004552
BCD/BTC,1573173980920,2019-11-08T00:46:20.920Z,sell,5.689e-05,115.0,0.00654235
BCD/BTC,1573173980920,2019-11-08T00:46:20.920Z,sell,5.688e-05,8.0,0.00045504
BCD/BTC,1573173980920,2019-11-08T00:46:20.920Z,sell,5.686e-05,192.0,0.01091712
BCD/BTC,1573174209390,2019-11-08T00:50:09.390Z,buy,5.71e-05,106.0,0.0060526
BCD/BTC,1573174209390,2019-11-08T00:50:09.390Z,buy,5.711e-05,351.0,0.02004561
BCD/BTC,1573174297606,2019-11-08T00:51:37.606Z,buy,5.712e-05,18.0,0.00102816
BCD/BTC,1573174431150,2019-11-08T00:53:51.150Z,sell,5.693e-05,10.0,0.0005693
BCD/BTC,1573174431158,2019-11-08T00:53:51.158Z,sell,5.693e-05,10.0,0.0005693
BCD/BTC,1573174431997,2019-11-08T00:53:51.997Z,sell,5.693e-05,10.0,0.0005693
BCD/BTC,1573174469160,2019-11-08T00:54:29.160Z,buy,5.716e-05,103.0,0.00588748
BCD/BTC,1573174469160,2019-11-08T00:54:29.160Z,buy,5.717e-05,175.0,0.01000475
BCD/BTC,1573174469200,2019-11-08T00:54:29.200Z,sell,5.717e-05,46.0,0.00262982
BCD/BTC,1573174469204,2019-11-08T00:54:29.204Z,sell,5.717e-05,3.0,0.00017151
BCD/BTC,1573174485670,2019-11-08T00:54:45.670Z,sell,5.696e-05,34.0,0.0019366399999999
BCD/BTC,1573174576111,2019-11-08T00:56:16.111Z,sell,5.708e-05,9.0,0.00051372
BCD/BTC,1573174578572,2019-11-08T00:56:18.572Z,sell,5.708e-05,9.0,0.00051372
BCD/BTC,1573174644427,2019-11-08T00:57:24.427Z,buy,5.726e-05,13.0,0.00074438
BCD/BTC,1573174646295,2019-11-08T00:57:26.295Z,sell,5.708e-05,316.0,0.01803728
BCD/BTC,1573174646295,2019-11-08T00:57:26.295Z,sell,5.707e-05,2.0,0.00011414
BCD/BTC,1573174646365,2019-11-08T00:57:26.365Z,sell,5.707e-05,65.0,0.00370955
BCD/BTC,1573174646627,2019-11-08T00:57:26.627Z,sell,5.707e-05,88.0,0.00502216
BCD/BTC,1573174646627,2019-11-08T00:57:26.627Z,sell,5.705e-05,121.0,0.00690305
BCD/BTC,1573174646827,2019-11-08T00:57:26.827Z,sell,5.705e-05,145.0,0.00827225
BCD/BTC,1573174857444,2019-11-08T01:00:57.444Z,sell,5.707e-05,418.0,0.02385526
BCD/BTC,1573174857446,2019-11-08T01:00:57.446Z,sell,5.707e-05,26.0,0.00148382
BCD/BTC,1573174864053,2019-11-08T01:01:04.053Z,buy,5.7e-05,129.0,0.007353
BCD/BTC,1573174864053,2019-11-08T01:01:04.053Z,buy,5.701e-05,389.0,0.0221768899999999
BCD/BTC,1573175328801,2019-11-08T01:08:48.801Z,sell,5.687e-05,9.0,0.00051183
BCD/BTC,1573175609650,2019-11-08T01:13:29.650Z,buy,5.714e-05,14.0,0.00079996
BCD/BTC,1573176350582,2019-11-08T01:25:50.582Z,buy,5.71e-05,2.0,0.0001142
BCD/BTC,1573176350618,2019-11-08T01:25:50.618Z,sell,5.71e-05,80.0,0.004568
BCD/BTC,1573176424380,2019-11-08T01:27:04.380Z,sell,5.687e-05,149.0,0.00847363
BCD/BTC,1573176424380,2019-11-08T01:27:04.380Z,sell,5.686e-05,178.0,0.01012108
BCD/BTC,1573176424380,2019-11-08T01:27:04.380Z,sell,5.679e-05,13.0,0.00073827
BCD/BTC,1573176424380,2019-11-08T01:27:04.380Z,sell,5.687e-05,149.0,0.00847363
BCD/BTC,1573176424380,2019-11-08T01:27:04.380Z,sell,5.686e-05,178.0,0.01012108
BCD/BTC,1573176424380,2019-11-08T01:27:04.380Z,sell,5.679e-05,13.0,0.00073827
BCD/BTC,1573177156850,2019-11-08T01:39:16.850Z,sell,5.676e-05,18.0,0.00102168
BCD/BTC,1573178066798,2019-11-08T01:54:26.798Z,sell,5.685e-05,49.0,0.0027856499999999
BCD/BTC,1573179457750,2019-11-08T02:17:37.750Z,buy,5.684e-05,11.0,0.00062524
BCD/BTC,1573179464081,2019-11-08T02:17:44.081Z,sell,5.673e-05,3.0,0.00017019
BCD/BTC,1573179464081,2019-11-08T02:17:44.081Z,sell,5.665e-05,5.0,0.00028325
BCD/BTC,1573179464081,2019-11-08T02:17:44.081Z,sell,5.664e-05,13.0,0.0007363199999999
BCD/BTC,1573179464081,2019-11-08T02:17:44.081Z,sell,5.663e-05,34.0,0.00192542
BCD/BTC,1573179464606,2019-11-08T02:17:44.606Z,sell,5.66e-05,35.0,0.001981
BCD/BTC,1573179659783,2019-11-08T02:20:59.783Z,sell,5.668e-05,2.0,0.00011336
BCD/BTC,1573179660198,2019-11-08T02:21:00.198Z,buy,5.66e-05,197.0,0.0111502
BCD/BTC,1573179943787,2019-11-08T02:25:43.787Z,sell,5.678e-05,31.0,0.00176018
BCD/BTC,1573179944747,2019-11-08T02:25:44.747Z,sell,5.678e-05,25.0,0.0014195
BCD/BTC,1573179945693,2019-11-08T02:25:45.693Z,sell,5.678e-05,25.0,0.0014195
BCD/BTC,1573179945998,2019-11-08T02:25:45.998Z,sell,5.678e-05,16.0,0.00090848
BCD/BTC,1573179945998,2019-11-08T02:25:45.998Z,sell,5.661e-05,49.0,0.00277389
BCD/BTC,1573179962107,2019-11-08T02:26:02.107Z,sell,5.661e-05,192.0,0.01086912
BCD/BTC,1573179964960,2019-11-08T02:26:04.960Z,sell,5.662e-05,131.0,0.0074172199999999
BCD/BTC,1573179964960,2019-11-08T02:26:04.960Z,sell,5.662e-05,131.0,0.0074172199999999
BCD/BTC,1573180597863,2019-11-08T02:36:37.863Z,buy,5.684e-05,172.0,0.0097764799999999
BCD/BTC,1573180686514,2019-11-08T02:38:06.514Z,buy,5.684e-05,180.0,0.0102312
BCD/BTC,1573180718332,2019-11-08T02:38:38.332Z,buy,5.685e-05,53.0,0.0030130499999999
BCD/BTC,1573180744619,2019-11-08T02:39:04.619Z,buy,5.699e-05,125.0,0.00712375
BCD/BTC,1573180860536,2019-11-08T02:41:00.536Z,buy,5.699e-05,188.0,0.01071412
BCD/BTC,1573180860570,2019-11-08T02:41:00.570Z,sell,5.699e-05,74.0,0.00421726
BCD/BTC,1573180860579,2019-11-08T02:41:00.579Z,sell,5.699e-05,5.0,0.00028495
BCD/BTC,1573180872274,2019-11-08T02:41:12.274Z,sell,5.666e-05,30.0,0.0016998
BCD/BTC,1573180876757,2019-11-08T02:41:16.757Z,buy,5.693e-05,89.0,0.00506677
BCD/BTC,1573180877543,2019-11-08T02:41:17.543Z,sell,5.666e-05,77.0,0.00436282
BCD/BTC,1573180891510,2019-11-08T02:41:31.510Z,sell,5.668e-05,64.0,0.00362752
BCD/BTC,1573180903055,2019-11-08T02:41:43.055Z,buy,5.699e-05,183.0,0.01042917
BCD/BTC,1573180903081,2019-11-08T02:41:43.081Z,sell,5.699e-05,173.0,0.00985927
BCD/BTC,1573180919948,2019-11-08T02:41:59.948Z,sell,5.665e-05,129.0,0.00730785
BCD/BTC,1573180920995,2019-11-08T02:42:00.995Z,sell,5.693e-05,178.0,0.01013354
BCD/BTC,1573180932241,2019-11-08T02:42:12.241Z,buy,5.687e-05,38.0,0.00216106
BCD/BTC,1573180935637,2019-11-08T02:42:15.637Z,sell,5.687e-05,50.0,0.0028435
BCD/BTC,1573180952279,2019-11-08T02:42:32.279Z,sell,5.687e-05,91.0,0.00517517
BCD/BTC,1573181306135,2019-11-08T02:48:26.135Z,sell,5.677e-05,106.0,0.00601762
BCD/BTC,1573181985879,2019-11-08T02:59:45.879Z,sell,5.68e-05,72.0,0.0040896
BCD/BTC,1573182442419,2019-11-08T03:07:22.419Z,sell,5.675e-05,33.0,0.0018727499999999
BCD/BTC,1573182442819,2019-11-08T03:07:22.819Z,sell,5.676e-05,40.0,0.0022704
BCD/BTC,1573182443040,2019-11-08T03:07:23.040Z,sell,5.677e-05,9.0,0.00051093
BCD/BTC,1573182443068,2019-11-08T03:07:23.068Z,sell,5.677e-05,55.0,0.00312235
BCD/BTC,1573182444661,2019-11-08T03:07:24.661Z,sell,5.678e-05,9.0,0.00051102
BCD/BTC,1573183259062,2019-11-08T03:20:59.062Z,sell,5.673e-05,96.0,0.00544608
BCD/BTC,1573183259165,2019-11-08T03:20:59.165Z,buy,5.672e-05,117.0,0.00663624
BCD/BTC,1573183388961,2019-11-08T03:23:08.961Z,sell,5.672e-05,2.0,0.00011344
BCD/BTC,1573183388961,2019-11-08T03:23:08.961Z,sell,5.669e-05,126.0,0.00714294
BCD/BTC,1573183388961,2019-11-08T03:23:08.961Z,sell,5.668e-05,173.0,0.00980564
BCD/BTC,1573183388961,2019-11-08T03:23:08.961Z,sell,5.672e-05,2.0,0.00011344
BCD/BTC,1573183388961,2019-11-08T03:23:08.961Z,sell,5.669e-05,126.0,0.00714294
BCD/BTC,1573183388961,2019-11-08T03:23:08.961Z,sell,5.668e-05,173.0,0.00980564
BCD/BTC,1573183670261,2019-11-08T03:27:50.261Z,sell,5.666e-05,10.0,0.0005666
BCD/BTC,1573185354017,2019-11-08T03:55:54.017Z,buy,5.696e-05,2.0,0.00011392
BCD/BTC,1573185993800,2019-11-08T04:06:33.800Z,sell,5.666e-05,25.0,0.0014165
BCD/BTC,1573185993800,2019-11-08T04:06:33.800Z,sell,5.665e-05,466.0,0.0263989
BCD/BTC,1573186720711,2019-11-08T04:18:40.711Z,sell,5.692e-05,207.0,0.01178244
BCD/BTC,1573186721042,2019-11-08T04:18:41.042Z,sell,5.692e-05,126.0,0.00717192
BCD/BTC,1573186721675,2019-11-08T04:18:41.675Z,sell,5.692e-05,25.0,0.001423
BCD/BTC,1573186722450,2019-11-08T04:18:42.450Z,sell,5.692e-05,216.0,0.0122947199999999
BCD/BTC,1573186722472,2019-11-08T04:18:42.472Z,sell,5.692e-05,1.0,5.692e-05
BCD/BTC,1573186722838,2019-11-08T04:18:42.838Z,sell,5.666e-05,25.0,0.0014165
BCD/BTC,1573186724096,2019-11-08T04:18:44.096Z,sell,5.666e-05,147.0,0.00832902
BCD/BTC,1573186724096,2019-11-08T04:18:44.096Z,sell,5.665e-05,68.0,0.0038522
BCD/BTC,1573186811429,2019-11-08T04:20:11.429Z,sell,5.665e-05,64.0,0.0036256
BCD/BTC,1573186811429,2019-11-08T04:20:11.429Z,sell,5.665e-05,64.0,0.0036256
BCD/BTC,1573187184049,2019-11-08T04:26:24.049Z,sell,5.669e-05,519.0,0.02942211
BCD/BTC,1573187207466,2019-11-08T04:26:47.466Z,sell,5.665e-05,10.0,0.0005665
BCD/BTC,1573187207466,2019-11-08T04:26:47.466Z,sell,5.661e-05,325.0,0.01839825
BCD/BTC,1573187208472,2019-11-08T04:26:48.472Z,buy,5.661e-05,480.0,0.0271728
BCD/BTC,1573187225188,2019-11-08T04:27:05.188Z,sell,5.66e-05,3.0,0.0001698
BCD/BTC,1573187225188,2019-11-08T04:27:05.188Z,sell,5.659e-05,342.0,0.01935378
BCD/BTC,1573187240081,2019-11-08T04:27:20.081Z,sell,5.645e-05,141.0,0.00795945
BCD/BTC,1573187510369,2019-11-08T04:31:50.369Z,buy,5.661e-05,3.0,0.00016983
BCD/BTC,1573187530737,2019-11-08T04:32:10.737Z,buy,5.661e-05,529.0,0.02994669
BCD/BTC,1573187546162,2019-11-08T04:32:26.162Z,buy,5.661e-05,5.0,0.00028305
BCD/BTC,1573187704070,2019-11-08T04:35:04.070Z,buy,5.661e-05,8.0,0.00045288
BCD/BTC,1573187721666,2019-11-08T04:35:21.666Z,sell,5.66e-05,63.0,0.0035658
BCD/BTC,1573188003261,2019-11-08T04:40:03.261Z,buy,5.661e-05,10.0,0.0005661
BCD/BTC,1573189241027,2019-11-08T05:00:41.027Z,buy,5.66e-05,9.0,0.0005094
BCD/BTC,1573189241027,2019-11-08T05:00:41.027Z,buy,5.661e-05,3.0,0.00016983
BCD/BTC,1573189241027,2019-11-08T05:00:41.027Z,buy,5.662e-05,353.0,0.01998686
BCD/BTC,1573189241027,2019-11-08T05:00:41.027Z,buy,5.663e-05,53.0,0.00300139
BCD/BTC,1573189241027,2019-11-08T05:00:41.027Z,buy,5.669e-05,32.0,0.00181408
BCD/BTC,1573189241027,2019-11-08T05:00:41.027Z,buy,5.684e-05,62.0,0.0035240799999999
BCD/BTC,1573189241027,2019-11-08T05:00:41.027Z,buy,5.685e-05,488.0,0.0277427999999999
BCD/BTC,1573189246781,2019-11-08T05:00:46.781Z,buy,5.684e-05,242.0,0.01375528
BCD/BTC,1573189246781,2019-11-08T05:00:46.781Z,buy,5.685e-05,119.0,0.00676515
BCD/BTC,1573189246781,2019-11-08T05:00:46.781Z,buy,5.688e-05,5.0,0.0002844
BCD/BTC,1573189246781,2019-11-08T05:00:46.781Z,buy,5.7e-05,5.0,0.000285
BCD/BTC,1573189246781,2019-11-08T05:00:46.781Z,buy,5.708e-05,3.0,0.00017124
BCD/BTC,1573189246781,2019-11-08T05:00:46.781Z,buy,5.709e-05,62.0,0.0035395799999999
BCD/BTC,1573189246781,2019-11-08T05:00:46.781Z,buy,5.71e-05,234.0,0.0133613999999999
BCD/BTC,1573189246799,2019-11-08T05:00:46.799Z,sell,5.71e-05,17.0,0.0009707
BCD/BTC,1573189246805,2019-11-08T05:00:46.805Z,sell,5.71e-05,8.0,0.0004568
BCD/BTC,1573189246898,2019-11-08T05:00:46.898Z,sell,5.71e-05,304.0,0.0173584
BCD/BTC,1573189247461,2019-11-08T05:00:47.461Z,sell,5.71e-05,752.0,0.0429392
BCD/BTC,1573189263401,2019-11-08T05:01:03.401Z,sell,5.673e-05,3.0,0.00017019
BCD/BTC,1573189263401,2019-11-08T05:01:03.401Z,sell,5.666e-05,27.0,0.00152982
BCD/BTC,1573189278807,2019-11-08T05:01:18.807Z,sell,5.666e-05,10.0,0.0005666
BCD/BTC,1573189278807,2019-11-08T05:01:18.807Z,sell,5.666e-05,10.0,0.0005666
BCD/BTC,1573191132416,2019-11-08T05:32:12.416Z,sell,5.672e-05,132.0,0.0074870399999999
BCD/BTC,1573191794258,2019-11-08T05:43:14.258Z,sell,5.666e-05,220.0,0.0124652
BCD/BTC,1573191794258,2019-11-08T05:43:14.258Z,sell,5.665e-05,102.0,0.0057783
BCD/BTC,1573191857243,2019-11-08T05:44:17.243Z,buy,5.664e-05,4.0,0.00022656
BCD/BTC,1573191886939,2019-11-08T05:44:46.939Z,sell,5.648e-05,82.0,0.00463136
BCD/BTC,1573191886939,2019-11-08T05:44:46.939Z,sell,5.64e-05,44.0,0.0024816
BCD/BTC,1573191886939,2019-11-08T05:44:46.939Z,sell,5.639e-05,129.0,0.00727431
BCD/BTC,1573191886939,2019-11-08T05:44:46.939Z,sell,5.638e-05,3.0,0.00016914
BCD/BTC,1573191886939,2019-11-08T05:44:46.939Z,sell,5.633e-05,13.0,0.00073229
BCD/BTC,1573191886939,2019-11-08T05:44:46.939Z,sell,5.631e-05,626.0,0.03525006
BCD/BTC,1573191886939,2019-11-08T05:44:46.939Z,sell,5.63e-05,900.0,0.05067
BCD/BTC,1573191886939,2019-11-08T05:44:46.939Z,sell,5.628e-05,298.0,0.01677144
BCD/BTC,1573191886939,2019-11-08T05:44:46.939Z,sell,5.627e-05,211.0,0.01187297
BCD/BTC,1573191886939,2019-11-08T05:44:46.939Z,sell,5.626e-05,94.0,0.00528844
BCD/BTC,1573191887025,2019-11-08T05:44:47.025Z,buy,5.63e-05,26.0,0.0014638
BCD/BTC,1573191887075,2019-11-08T05:44:47.075Z,buy,5.63e-05,161.0,0.0090642999999999
BCD/BTC,1573191887077,2019-11-08T05:44:47.077Z,buy,5.63e-05,942.0,0.0530346
BCD/BTC,1573191890684,2019-11-08T05:44:50.684Z,sell,5.64e-05,18.0,0.0010152
BCD/BTC,1573191901728,2019-11-08T05:45:01.728Z,buy,5.665e-05,5.0,0.00028325
BCD/BTC,1573191901728,2019-11-08T05:45:01.728Z,buy,5.67e-05,242.0,0.0137214
BCD/BTC,1573191901728,2019-11-08T05:45:01.728Z,buy,5.673e-05,3.0,0.00017019
BCD/BTC,1573191901728,2019-11-08T05:45:01.728Z,buy,5.676e-05,352.0,0.01997952
BCD/BTC,1573191901728,2019-11-08T05:45:01.728Z,buy,5.677e-05,80.0,0.0045416
BCD/BTC,1573191903883,2019-11-08T05:45:03.883Z,buy,5.672e-05,152.0,0.00862144
BCD/BTC,1573191903883,2019-11-08T05:45:03.883Z,buy,5.677e-05,131.0,0.00743687
BCD/BTC,1573191903883,2019-11-08T05:45:03.883Z,buy,5.678e-05,165.0,0.0093687
BCD/BTC,1573191918411,2019-11-08T05:45:18.411Z,buy,5.677e-05,9.0,0.00051093
BCD/BTC,1573191959601,2019-11-08T05:45:59.601Z,buy,5.648e-05,94.0,0.00530912
BCD/BTC,1573191962457,2019-11-08T05:46:02.457Z,buy,5.648e-05,9.0,0.00050832
BCD/BTC,1573191962712,2019-11-08T05:46:02.712Z,sell,5.647e-05,176.0,0.00993872
BCD/BTC,1573191962712,2019-11-08T05:46:02.712Z,sell,5.643e-05,2.0,0.00011286
BCD/BTC,1573191963563,2019-11-08T05:46:03.563Z,buy,5.642e-05,111.0,0.00626262
BCD/BTC,1573192033461,2019-11-08T05:47:13.461Z,buy,5.677e-05,5.0,0.00028385
BCD/BTC,1573192078013,2019-11-08T05:47:58.013Z,buy,5.677e-05,7.0,0.00039739
BCD/BTC,1573192254097,2019-11-08T05:50:54.097Z,sell,5.646e-05,353.0,0.01993038
BCD/BTC,1573192254097,2019-11-08T05:50:54.097Z,sell,5.645e-05,138.0,0.0077901
BCD/BTC,1573192254097,2019-11-08T05:50:54.097Z,sell,5.641e-05,70.0,0.0039486999999999
BCD/BTC,1573192255529,2019-11-08T05:50:55.529Z,buy,5.64e-05,10.0,0.000564
BCD/BTC,1573192368993,2019-11-08T05:52:48.993Z,buy,5.64e-05,993.0,0.0560052
BCD/BTC,1573192636057,2019-11-08T05:57:16.057Z,buy,5.64e-05,5.0,0.000282
BCD/BTC,1573192683169,2019-11-08T05:58:03.169Z,buy,5.64e-05,8.0,0.0004512
BCD/BTC,1573192835621,2019-11-08T06:00:35.621Z,sell,5.638e-05,3.0,0.00016914
BCD/BTC,1573192835621,2019-11-08T06:00:35.621Z,sell,5.631e-05,97.0,0.00546207
BCD/BTC,1573192835621,2019-11-08T06:00:35.621Z,sell,5.62e-05,82.0,0.0046083999999999
BCD/BTC,1573192835621,2019-11-08T06:00:35.621Z,sell,5.619e-05,71.0,0.00398949
BCD/BTC,1573192835621,2019-11-08T06:00:35.621Z,sell,5.618e-05,746.0,0.04191028
BCD/BTC,1573192835621,2019-11-08T06:00:35.621Z,sell,5.638e-05,3.0,0.00016914
BCD/BTC,1573192835621,2019-11-08T06:00:35.621Z,sell,5.631e-05,97.0,0.00546207
BCD/BTC,1573192835621,2019-11-08T06:00:35.621Z,sell,5.62e-05,82.0,0.0046083999999999
BCD/BTC,1573192835621,2019-11-08T06:00:35.621Z,sell,5.619e-05,71.0,0.00398949
BCD/BTC,1573192835621,2019-11-08T06:00:35.621Z,sell,5.618e-05,746.0,0.04191028
BCD/BTC,1573193043523,2019-11-08T06:04:03.523Z,buy,5.64e-05,1.0,5.64e-05
BCD/BTC,1573193092806,2019-11-08T06:04:52.806Z,buy,5.64e-05,10.0,0.000564
BCD/BTC,1573193682615,2019-11-08T06:14:42.615Z,sell,5.64e-05,2.0,0.0001128
BCD/BTC,1573193707856,2019-11-08T06:15:07.856Z,buy,5.63e-05,99.0,0.0055737
BCD/BTC,1573193794450,2019-11-08T06:16:34.450Z,sell,5.63e-05,19.0,0.0010697
BCD/BTC,1573193953255,2019-11-08T06:19:13.255Z,buy,5.631e-05,9.0,0.00050679
BCD/BTC,1573194000369,2019-11-08T06:20:00.369Z,buy,5.625e-05,70.0,0.0039375
BCD/BTC,1573194001402,2019-11-08T06:20:01.402Z,buy,5.625e-05,483.0,0.02716875
BCD/BTC,1573194001402,2019-11-08T06:20:01.402Z,buy,5.643e-05,353.0,0.01991979
BCD/BTC,1573194001402,2019-11-08T06:20:01.402Z,buy,5.664e-05,42.0,0.00237888
BCD/BTC,1573194436542,2019-11-08T06:27:16.542Z,sell,5.645e-05,354.0,0.0199833
BCD/BTC,1573194436542,2019-11-08T06:27:16.542Z,sell,5.644e-05,277.0,0.01563388
BCD/BTC,1573194441773,2019-11-08T06:27:21.773Z,sell,5.63e-05,4.0,0.0002252
BCD/BTC,1573194583231,2019-11-08T06:29:43.231Z,buy,5.644e-05,932.0,0.05260208
BCD/BTC,1573194789905,2019-11-08T06:33:09.905Z,sell,5.631e-05,26.0,0.00146406
BCD/BTC,1573195739632,2019-11-08T06:48:59.632Z,sell,5.631e-05,18.0,0.00101358
BCD/BTC,1573195739632,2019-11-08T06:48:59.632Z,sell,5.631e-05,18.0,0.00101358
BCD/BTC,1573197609287,2019-11-08T07:20:09.287Z,sell,5.632e-05,61.0,0.00343552
BCD/BTC,1573197609287,2019-11-08T07:20:09.287Z,sell,5.631e-05,68.0,0.00382908
BCD/BTC,1573197620684,2019-11-08T07:20:20.684Z,buy,5.631e-05,156.0,0.00878436
BCD/BTC,1573198282215,2019-11-08T07:31:22.215Z,buy,5.655e-05,94.0,0.0053157
BCD/BTC,1573198282621,2019-11-08T07:31:22.621Z,buy,5.655e-05,170.0,0.0096135
BCD/BTC,1573198283392,2019-11-08T07:31:23.392Z,buy,5.654e-05,80.0,0.0045232
BCD/BTC,1573198283392,2019-11-08T07:31:23.392Z,buy,5.655e-05,11.0,0.00062205
BCD/BTC,1573198646926,2019-11-08T07:37:26.926Z,sell,5.64e-05,20.0,0.001128
BCD/BTC,1573198873579,2019-11-08T07:41:13.579Z,sell,5.652e-05,97.0,0.00548244
BCD/BTC,1573199321591,2019-11-08T07:48:41.591Z,buy,5.659e-05,196.0,0.01109164
BCD/BTC,1573199321591,2019-11-08T07:48:41.591Z,buy,5.66e-05,117.0,0.0066222
BCD/BTC,1573199325891,2019-11-08T07:48:45.891Z,buy,5.658e-05,117.0,0.00661986
BCD/BTC,1573199325891,2019-11-08T07:48:45.891Z,buy,5.658e-05,117.0,0.00661986
BCD/BTC,1573199546023,2019-11-08T07:52:26.023Z,buy,5.665e-05,5.0,0.00028325
BCD/BTC,1573199546023,2019-11-08T07:52:26.023Z,buy,5.672e-05,35.0,0.0019852
BCD/BTC,1573200159981,2019-11-08T08:02:39.981Z,buy,5.67e-05,2.0,0.0001134
BCD/BTC,1573200159981,2019-11-08T08:02:39.981Z,buy,5.672e-05,139.0,0.00788408
BCD/BTC,1573200898857,2019-11-08T08:14:58.857Z,buy,5.673e-05,25.0,0.00141825
BCD/BTC,1573200901903,2019-11-08T08:15:01.903Z,buy,5.673e-05,31.0,0.00175863
BCD/BTC,1573200903134,2019-11-08T08:15:03.134Z,buy,5.673e-05,25.0,0.00141825
BCD/BTC,1573200904360,2019-11-08T08:15:04.360Z,buy,5.673e-05,25.0,0.00141825
BCD/BTC,1573200905862,2019-11-08T08:15:05.862Z,buy,5.673e-05,25.0,0.00141825
BCD/BTC,1573200906046,2019-11-08T08:15:06.046Z,buy,5.673e-05,41.0,0.00232593
BCD/BTC,1573200907286,2019-11-08T08:15:07.286Z,buy,5.673e-05,7.0,0.00039711
BCD/BTC,1573200907286,2019-11-08T08:15:07.286Z,buy,5.679e-05,13.0,0.00073827
BCD/BTC,1573200907286,2019-11-08T08:15:07.286Z,buy,5.685e-05,5.0,0.00028425
BCD/BTC,1573200924785,2019-11-08T08:15:24.785Z,buy,5.685e-05,5.0,0.00028425
BCD/BTC,1573200924785,2019-11-08T08:15:24.785Z,buy,5.687e-05,20.0,0.0011374
BCD/BTC,1573200928052,2019-11-08T08:15:28.052Z,buy,5.686e-05,2.0,0.00011372
BCD/BTC,1573200928052,2019-11-08T08:15:28.052Z,buy,5.687e-05,23.0,0.00130801
BCD/BTC,1573200942433,2019-11-08T08:15:42.433Z,buy,5.687e-05,243.0,0.01381941
BCD/BTC,1573200942433,2019-11-08T08:15:42.433Z,buy,5.69e-05,304.0,0.0172976
BCD/BTC,1573200942433,2019-11-08T08:15:42.433Z,buy,5.693e-05,524.0,0.0298313199999999
BCD/BTC,1573200957246,2019-11-08T08:15:57.246Z,buy,5.693e-05,25.0,0.00142325
BCD/BTC,1573200958329,2019-11-08T08:15:58.329Z,buy,5.693e-05,25.0,0.00142325
BCD/BTC,1573200959464,2019-11-08T08:15:59.464Z,buy,5.693e-05,25.0,0.00142325
BCD/BTC,1573200972191,2019-11-08T08:16:12.191Z,buy,5.693e-05,25.0,0.00142325
BCD/BTC,1573200973599,2019-11-08T08:16:13.599Z,buy,5.693e-05,25.0,0.00142325
BCD/BTC,1573200979575,2019-11-08T08:16:19.575Z,buy,5.693e-05,25.0,0.00142325
BCD/BTC,1573200980558,2019-11-08T08:16:20.558Z,buy,5.693e-05,25.0,0.00142325
BCD/BTC,1573200981789,2019-11-08T08:16:21.789Z,buy,5.693e-05,25.0,0.00142325
BCD/BTC,1573200982944,2019-11-08T08:16:22.944Z,buy,5.693e-05,25.0,0.00142325
BCD/BTC,1573200984082,2019-11-08T08:16:24.082Z,buy,5.693e-05,25.0,0.00142325
BCD/BTC,1573200985270,2019-11-08T08:16:25.270Z,buy,5.693e-05,25.0,0.00142325
BCD/BTC,1573200998930,2019-11-08T08:16:38.930Z,buy,5.693e-05,25.0,0.00142325
BCD/BTC,1573200999330,2019-11-08T08:16:39.330Z,sell,5.649e-05,353.0,0.01994097
BCD/BTC,1573200999330,2019-11-08T08:16:39.330Z,sell,5.648e-05,118.0,0.00666464
BCD/BTC,1573200999330,2019-11-08T08:16:39.330Z,sell,5.642e-05,95.0,0.0053599
BCD/BTC,1573200999330,2019-11-08T08:16:39.330Z,sell,5.641e-05,661.0,0.0372870099999999
BCD/BTC,1573200999330,2019-11-08T08:16:39.330Z,sell,5.638e-05,3.0,0.00016914
BCD/BTC,1573200999330,2019-11-08T08:16:39.330Z,sell,5.633e-05,13.0,0.00073229
BCD/BTC,1573200999330,2019-11-08T08:16:39.330Z,sell,5.631e-05,5.0,0.00028155
BCD/BTC,1573200999330,2019-11-08T08:16:39.330Z,sell,5.63e-05,393.0,0.0221259
BCD/BTC,1573200999330,2019-11-08T08:16:39.330Z,sell,5.619e-05,882.0,0.04955958
BCD/BTC,1573200999330,2019-11-08T08:16:39.330Z,sell,5.618e-05,3848.0,0.21618064
BCD/BTC,1573201003018,2019-11-08T08:16:43.018Z,buy,5.664e-05,119.0,0.00674016
BCD/BTC,1573201003031,2019-11-08T08:16:43.031Z,buy,5.664e-05,25.0,0.001416
BCD/BTC,1573201003031,2019-11-08T08:16:43.031Z,buy,5.665e-05,5.0,0.00028325
BCD/BTC,1573201003110,2019-11-08T08:16:43.110Z,sell,5.666e-05,49.0,0.00277634
BCD/BTC,1573201003216,2019-11-08T08:16:43.216Z,sell,5.671e-05,74.0,0.0041965399999999
BCD/BTC,1573201003216,2019-11-08T08:16:43.216Z,sell,5.666e-05,88.0,0.00498608
BCD/BTC,1573201004985,2019-11-08T08:16:44.985Z,buy,5.673e-05,3.0,0.00017019
BCD/BTC,1573201004985,2019-11-08T08:16:44.985Z,buy,5.679e-05,13.0,0.00073827
BCD/BTC,1573201004985,2019-11-08T08:16:44.985Z,buy,5.686e-05,9.0,0.00051174
BCD/BTC,1573201008501,2019-11-08T08:16:48.501Z,buy,5.686e-05,25.0,0.0014215
BCD/BTC,1573201022684,2019-11-08T08:17:02.684Z,buy,5.687e-05,56.0,0.00318472
BCD/BTC,1573201037619,2019-11-08T08:17:17.619Z,buy,5.687e-05,28.0,0.00159236
BCD/BTC,1573201081325,2019-11-08T08:18:01.325Z,buy,5.682e-05,25.0,0.0014205
BCD/BTC,1573201132130,2019-11-08T08:18:52.130Z,buy,5.686e-05,25.0,0.0014215
BCD/BTC,1573201133060,2019-11-08T08:18:53.060Z,buy,5.686e-05,25.0,0.0014215
BCD/BTC,1573201134463,2019-11-08T08:18:54.463Z,buy,5.686e-05,25.0,0.0014215
BCD/BTC,1573201147197,2019-11-08T08:19:07.197Z,buy,5.686e-05,5.0,0.0002843
BCD/BTC,1573201147197,2019-11-08T08:19:07.197Z,buy,5.69e-05,20.0,0.001138
BCD/BTC,1573201231270,2019-11-08T08:20:31.270Z,buy,5.687e-05,25.0,0.00142175
BCD/BTC,1573201232259,2019-11-08T08:20:32.259Z,buy,5.689e-05,25.0,0.00142225
BCD/BTC,1573201314564,2019-11-08T08:21:54.564Z,buy,5.677e-05,25.0,0.00141925
BCD/BTC,1573201315749,2019-11-08T08:21:55.749Z,buy,5.677e-05,25.0,0.00141925
BCD/BTC,1573201316935,2019-11-08T08:21:56.935Z,buy,5.677e-05,25.0,0.00141925
BCD/BTC,1573201318579,2019-11-08T08:21:58.579Z,buy,5.677e-05,25.0,0.00141925
BCD/BTC,1573201319563,2019-11-08T08:21:59.563Z,buy,5.677e-05,25.0,0.00141925
BCD/BTC,1573201320519,2019-11-08T08:22:00.519Z,buy,5.677e-05,25.0,0.00141925
BCD/BTC,1573201321542,2019-11-08T08:22:01.542Z,buy,5.677e-05,25.0,0.00141925
BCD/BTC,1573201322206,2019-11-08T08:22:02.206Z,buy,5.677e-05,23.0,0.00130571
BCD/BTC,1573201322944,2019-11-08T08:22:02.944Z,buy,5.679e-05,25.0,0.00141975
BCD/BTC,1573201333997,2019-11-08T08:22:13.997Z,buy,5.679e-05,260.0,0.0147654
BCD/BTC,1573201380758,2019-11-08T08:23:00.758Z,buy,5.685e-05,299.0,0.01699815
BCD/BTC,1573201385984,2019-11-08T08:23:05.984Z,buy,5.684e-05,30.0,0.0017052
BCD/BTC,1573201392614,2019-11-08T08:23:12.614Z,buy,5.684e-05,42.0,0.00238728
BCD/BTC,1573201427683,2019-11-08T08:23:47.683Z,buy,5.685e-05,118.0,0.0067083
BCD/BTC,1573201863637,2019-11-08T08:31:03.637Z,buy,5.684e-05,1.0,5.684e-05
BCD/BTC,1573201963057,2019-11-08T08:32:43.057Z,buy,5.678e-05,1.0,5.678e-05
BCD/BTC,1573202121144,2019-11-08T08:35:21.144Z,sell,5.655e-05,7.0,0.00039585
BCD/BTC,1573202121144,2019-11-08T08:35:21.144Z,sell,5.654e-05,190.0,0.0107426
BCD/BTC,1573202132241,2019-11-08T08:35:32.241Z,sell,5.653e-05,3.0,0.00016959
BCD/BTC,1573202133704,2019-11-08T08:35:33.704Z,sell,5.653e-05,126.0,0.00712278
BCD/BTC,1573202143573,2019-11-08T08:35:43.573Z,sell,5.653e-05,128.0,0.00723584
BCD/BTC,1573202447910,2019-11-08T08:40:47.910Z,sell,5.658e-05,674.0,0.0381349199999999
BCD/BTC,1573202448328,2019-11-08T08:40:48.328Z,buy,5.657e-05,106.0,0.00599642
BCD/BTC,1573202448328,2019-11-08T08:40:48.328Z,buy,5.658e-05,119.0,0.0067330199999999
BCD/BTC,1573202452398,2019-11-08T08:40:52.398Z,buy,5.657e-05,70.0,0.0039599
BCD/BTC,1573202452398,2019-11-08T08:40:52.398Z,buy,5.658e-05,107.0,0.00605406
BCD/BTC,1573202452398,2019-11-08T08:40:52.398Z,buy,5.661e-05,510.0,0.0288711
BCD/BTC,1573202455451,2019-11-08T08:40:55.451Z,buy,5.657e-05,51.0,0.00288507
BCD/BTC,1573202582241,2019-11-08T08:43:02.241Z,buy,5.652e-05,91.0,0.00514332
BCD/BTC,1573202746383,2019-11-08T08:45:46.383Z,sell,5.652e-05,2.0,0.00011304
BCD/BTC,1573202798544,2019-11-08T08:46:38.544Z,sell,5.638e-05,3.0,0.00016914
BCD/BTC,1573202800778,2019-11-08T08:46:40.778Z,buy,5.638e-05,9.0,0.00050742
BCD/BTC,1573202802596,2019-11-08T08:46:42.596Z,buy,5.638e-05,18.0,0.00101484
BCD/BTC,1573202802596,2019-11-08T08:46:42.596Z,buy,5.639e-05,747.0,0.04212333
BCD/BTC,1573202821634,2019-11-08T08:47:01.634Z,buy,5.659e-05,353.0,0.01997627
BCD/BTC,1573202880508,2019-11-08T08:48:00.508Z,buy,5.661e-05,70.0,0.0039627
BCD/BTC,1573202880508,2019-11-08T08:48:00.508Z,buy,5.661e-05,70.0,0.0039627
BCD/BTC,1573203190368,2019-11-08T08:53:10.368Z,buy,5.671e-05,3.0,0.00017013
BCD/BTC,1573203190368,2019-11-08T08:53:10.368Z,buy,5.672e-05,67.0,0.00380024
BCD/BTC,1573203203683,2019-11-08T08:53:23.683Z,sell,5.662e-05,6.0,0.0003397199999999
BCD/BTC,1573203204013,2019-11-08T08:53:24.013Z,sell,5.662e-05,64.0,0.00362368
BCD/BTC,1573203204529,2019-11-08T08:53:24.529Z,buy,5.662e-05,232.0,0.01313584
BCD/BTC,1573203213672,2019-11-08T08:53:33.672Z,buy,5.662e-05,436.0,0.0246863199999999
BCD/BTC,1573203674233,2019-11-08T09:01:14.233Z,buy,5.671e-05,70.0,0.0039697
BCD/BTC,1573203799549,2019-11-08T09:03:19.549Z,sell,5.662e-05,177.0,0.01002174
BCD/BTC,1573203799549,2019-11-08T09:03:19.549Z,sell,5.661e-05,233.0,0.01319013
BCD/BTC,1573203802324,2019-11-08T09:03:22.324Z,sell,5.655e-05,134.0,0.0075777
BCD/BTC,1573203802635,2019-11-08T09:03:22.635Z,buy,5.655e-05,43.0,0.00243165
BCD/BTC,1573203803778,2019-11-08T09:03:23.778Z,buy,5.66e-05,210.0,0.011886
BCD/BTC,1573203803778,2019-11-08T09:03:23.778Z,buy,5.67e-05,38.0,0.0021546
BCD/BTC,1573203826005,2019-11-08T09:03:46.005Z,buy,5.67e-05,59.0,0.0033453
BCD/BTC,1573203856454,2019-11-08T09:04:16.454Z,sell,5.652e-05,3.0,0.00016956
BCD/BTC,1573203900593,2019-11-08T09:05:00.593Z,buy,5.671e-05,2.0,0.00011342
BCD/BTC,1573203900593,2019-11-08T09:05:00.593Z,buy,5.673e-05,3.0,0.00017019
BCD/BTC,1573203900593,2019-11-08T09:05:00.593Z,buy,5.697e-05,139.0,0.00791883
BCD/BTC,1573203933676,2019-11-08T09:05:33.676Z,buy,5.7e-05,5.0,0.000285
BCD/BTC,1573203933676,2019-11-08T09:05:33.676Z,buy,5.703e-05,100.0,0.005703
BCD/BTC,1573203965043,2019-11-08T09:06:05.043Z,buy,5.704e-05,39.0,0.00222456
BCD/BTC,1573203970781,2019-11-08T09:06:10.781Z,buy,5.702e-05,91.0,0.00518882
BCD/BTC,1573203970781,2019-11-08T09:06:10.781Z,buy,5.703e-05,569.0,0.03245007
BCD/BTC,1573203977948,2019-11-08T09:06:17.948Z,buy,5.702e-05,456.0,0.02600112
BCD/BTC,1573204095744,2019-11-08T09:08:15.744Z,sell,5.669e-05,233.0,0.01320877
BCD/BTC,1573204095744,2019-11-08T09:08:15.744Z,sell,5.667e-05,233.0,0.01320411
BCD/BTC,1573204095744,2019-11-08T09:08:15.744Z,sell,5.666e-05,352.0,0.01994432
BCD/BTC,1573204095744,2019-11-08T09:08:15.744Z,sell,5.665e-05,5.0,0.00028325
BCD/BTC,1573204095744,2019-11-08T09:08:15.744Z,sell,5.638e-05,3.0,0.00016914
BCD/BTC,1573204095744,2019-11-08T09:08:15.744Z,sell,5.633e-05,13.0,0.00073229
BCD/BTC,1573204095744,2019-11-08T09:08:15.744Z,sell,5.631e-05,5.0,0.00028155
BCD/BTC,1573204095744,2019-11-08T09:08:15.744Z,sell,5.623e-05,24.0,0.00134952
BCD/BTC,1573204095744,2019-11-08T09:08:15.744Z,sell,5.618e-05,100.0,0.005618
BCD/BTC,1573204095744,2019-11-08T09:08:15.744Z,sell,5.617e-05,1226.0,0.06886442
BCD/BTC,1573204095744,2019-11-08T09:08:15.744Z,sell,5.616e-05,1211.0,0.06800976
BCD/BTC,1573204095744,2019-11-08T09:08:15.744Z,sell,5.616e-05,277.0,0.0155563199999999
BCD/BTC,1573204097186,2019-11-08T09:08:17.186Z,buy,5.657e-05,24.0,0.00135768
BCD/BTC,1573204097991,2019-11-08T09:08:17.991Z,buy,5.665e-05,5.0,0.00028325
BCD/BTC,1573204098015,2019-11-08T09:08:18.015Z,sell,5.69e-05,3.0,0.0001707
BCD/BTC,1573204098389,2019-11-08T09:08:18.389Z,sell,5.69e-05,13.0,0.0007397
BCD/BTC,1573204153789,2019-11-08T09:09:13.789Z,buy,5.691e-05,1.0,5.691e-05
BCD/BTC,1573204175497,2019-11-08T09:09:35.497Z,sell,5.675e-05,18.0,0.0010214999999999
BCD/BTC,1573204208942,2019-11-08T09:10:08.942Z,buy,5.688e-05,1.0,5.688e-05
BCD/BTC,1573204211805,2019-11-08T09:10:11.805Z,sell,5.677e-05,193.0,0.01095661
BCD/BTC,1573204231910,2019-11-08T09:10:31.910Z,sell,5.675e-05,550.0,0.0312124999999999
BCD/BTC,1573204235195,2019-11-08T09:10:35.195Z,buy,5.684e-05,20.0,0.0011367999999999
BCD/BTC,1573204246607,2019-11-08T09:10:46.607Z,buy,5.682e-05,135.0,0.0076707
BCD/BTC,1573204246614,2019-11-08T09:10:46.614Z,buy,5.682e-05,20.0,0.0011364
BCD/BTC,1573204246614,2019-11-08T09:10:46.614Z,buy,5.683e-05,64.0,0.00363712
BCD/BTC,1573204248119,2019-11-08T09:10:48.119Z,buy,5.68e-05,30.0,0.001704
BCD/BTC,1573204248204,2019-11-08T09:10:48.204Z,buy,5.68e-05,51.0,0.0028967999999999
BCD/BTC,1573204248221,2019-11-08T09:10:48.221Z,buy,5.68e-05,16.0,0.0009088
BCD/BTC,1573204250257,2019-11-08T09:10:50.257Z,buy,5.68e-05,30.0,0.001704
BCD/BTC,1573204250334,2019-11-08T09:10:50.334Z,buy,5.68e-05,18.0,0.0010224
BCD/BTC,1573204250334,2019-11-08T09:10:50.334Z,buy,5.681e-05,22.0,0.00124982
BCD/BTC,1573204251755,2019-11-08T09:10:51.755Z,buy,5.68e-05,30.0,0.001704
BCD/BTC,1573204251965,2019-11-08T09:10:51.965Z,buy,5.68e-05,18.0,0.0010224
BCD/BTC,1573204251965,2019-11-08T09:10:51.965Z,buy,5.683e-05,211.0,0.01199113
BCD/BTC,1573204252215,2019-11-08T09:10:52.215Z,buy,5.682e-05,97.0,0.00551154
BCD/BTC,1573204252299,2019-11-08T09:10:52.299Z,buy,5.682e-05,1.0,5.682e-05
BCD/BTC,1573204252299,2019-11-08T09:10:52.299Z,buy,5.683e-05,8.0,0.00045464
BCD/BTC,1573204259246,2019-11-08T09:10:59.246Z,buy,5.684e-05,50.0,0.002842
BCD/BTC,1573204259565,2019-11-08T09:10:59.565Z,buy,5.683e-05,65.0,0.00369395
BCD/BTC,1573204259837,2019-11-08T09:10:59.837Z,buy,5.683e-05,58.0,0.00329614
BCD/BTC,1573204260131,2019-11-08T09:11:00.131Z,buy,5.683e-05,9.0,0.00051147
BCD/BTC,1573204260131,2019-11-08T09:11:00.131Z,buy,5.684e-05,831.0,0.04723404
BCD/BTC,1573204260131,2019-11-08T09:11:00.131Z,buy,5.685e-05,491.0,0.02791335
BCD/BTC,1573204260304,2019-11-08T09:11:00.304Z,buy,5.685e-05,110.0,0.0062535
BCD/BTC,1573204260431,2019-11-08T09:11:00.431Z,buy,5.685e-05,507.0,0.02882295
BCD/BTC,1573204260497,2019-11-08T09:11:00.497Z,buy,5.685e-05,99.0,0.00562815
BCD/BTC,1573204260695,2019-11-08T09:11:00.695Z,buy,5.685e-05,19.0,0.00108015
BCD/BTC,1573204260695,2019-11-08T09:11:00.695Z,buy,5.689e-05,69.0,0.00392541
BCD/BTC,1573204260695,2019-11-08T09:11:00.695Z,buy,5.69e-05,57.0,0.0032433
BCD/BTC,1573204274494,2019-11-08T09:11:14.494Z,buy,5.69e-05,12.0,0.0006828
BCD/BTC,1573204274494,2019-11-08T09:11:14.494Z,buy,5.691e-05,64.0,0.00364224
BCD/BTC,1573204274591,2019-11-08T09:11:14.591Z,buy,5.691e-05,5.0,0.00028455
BCD/BTC,1573204274591,2019-11-08T09:11:14.591Z,buy,5.696e-05,74.0,0.00421504
BCD/BTC,1573204274732,2019-11-08T09:11:14.732Z,buy,5.696e-05,16.0,0.00091136
BCD/BTC,1573204275691,2019-11-08T09:11:15.691Z,sell,5.697e-05,9.0,0.00051273
BCD/BTC,1573204277946,2019-11-08T09:11:17.946Z,buy,5.698e-05,364.0,0.02074072
BCD/BTC,1573204277946,2019-11-08T09:11:17.946Z,buy,5.699e-05,51.0,0.00290649
BCD/BTC,1573204278520,2019-11-08T09:11:18.520Z,buy,5.699e-05,252.0,0.01436148
BCD/BTC,1573204279249,2019-11-08T09:11:19.249Z,buy,5.699e-05,9.0,0.00051291
BCD/BTC,1573204281841,2019-11-08T09:11:21.841Z,buy,5.699e-05,48.0,0.00273552
BCD/BTC,1573204312503,2019-11-08T09:11:52.503Z,buy,5.699e-05,9.0,0.00051291
BCD/BTC,1573204569173,2019-11-08T09:16:09.173Z,sell,5.644e-05,88.0,0.00496672
BCD/BTC,1573204850373,2019-11-08T09:20:50.373Z,sell,5.658e-05,6.0,0.0003394799999999
BCD/BTC,1573205181968,2019-11-08T09:26:21.968Z,sell,5.666e-05,102.0,0.00577932
BCD/BTC,1573205610338,2019-11-08T09:33:30.338Z,buy,5.691e-05,63.0,0.00358533
BCD/BTC,1573206203509,2019-11-08T09:43:23.509Z,sell,5.648e-05,21.0,0.00118608
BCD/BTC,1573206420856,2019-11-08T09:47:00.856Z,sell,5.662e-05,326.0,0.0184581199999999
BCD/BTC,1573206420856,2019-11-08T09:47:00.856Z,sell,5.661e-05,190.0,0.0107559
BCD/BTC,1573206420856,2019-11-08T09:47:00.856Z,sell,5.648e-05,4.0,0.00022592
BCD/BTC,1573206422889,2019-11-08T09:47:02.889Z,sell,5.648e-05,80.0,0.0045184
BCD/BTC,1573206424015,2019-11-08T09:47:04.015Z,sell,5.648e-05,242.0,0.01366816
BCD/BTC,1573206424015,2019-11-08T09:47:04.015Z,sell,5.638e-05,3.0,0.00016914
BCD/BTC,1573206424015,2019-11-08T09:47:04.015Z,sell,5.633e-05,95.0,0.0053513499999999
BCD/BTC,1573206424015,2019-11-08T09:47:04.015Z,sell,5.648e-05,242.0,0.01366816
BCD/BTC,1573206424015,2019-11-08T09:47:04.015Z,sell,5.638e-05,3.0,0.00016914
BCD/BTC,1573206424015,2019-11-08T09:47:04.015Z,sell,5.633e-05,95.0,0.0053513499999999
BCD/BTC,1573206508652,2019-11-08T09:48:28.652Z,buy,5.672e-05,57.0,0.00323304
BCD/BTC,1573206509257,2019-11-08T09:48:29.257Z,buy,5.672e-05,67.0,0.00380024
BCD/BTC,1573206509689,2019-11-08T09:48:29.689Z,buy,5.672e-05,72.0,0.00408384
BCD/BTC,1573206510244,2019-11-08T09:48:30.244Z,buy,5.671e-05,74.0,0.0041965399999999
BCD/BTC,1573206510840,2019-11-08T09:48:30.840Z,buy,5.673e-05,3.0,0.00017019
BCD/BTC,1573206510840,2019-11-08T09:48:30.840Z,buy,5.679e-05,13.0,0.00073827
BCD/BTC,1573206544301,2019-11-08T09:49:04.301Z,sell,5.679e-05,68.0,0.00386172
BCD/BTC,1573206981404,2019-11-08T09:56:21.404Z,buy,5.672e-05,31.0,0.00175832
BCD/BTC,1573206982431,2019-11-08T09:56:22.431Z,buy,5.672e-05,9.0,0.00051048
BCD/BTC,1573207004464,2019-11-08T09:56:44.464Z,buy,5.672e-05,9.0,0.00051048
BCD/BTC,1573207015237,2019-11-08T09:56:55.237Z,buy,5.681e-05,9.0,0.00051129
BCD/BTC,1573207039473,2019-11-08T09:57:19.473Z,buy,5.691e-05,9.0,0.00051219
BCD/BTC,1573207257821,2019-11-08T10:00:57.821Z,sell,5.647e-05,200.0,0.011294
BCD/BTC,1573207257821,2019-11-08T10:00:57.821Z,sell,5.646e-05,62.0,0.00350052
BCD/BTC,1573207289418,2019-11-08T10:01:29.418Z,buy,5.679e-05,25.0,0.00141975
BCD/BTC,1573207291064,2019-11-08T10:01:31.064Z,sell,5.647e-05,133.0,0.00751051
BCD/BTC,1573207301161,2019-11-08T10:01:41.161Z,buy,5.675e-05,52.0,0.0029509999999999
BCD/BTC,1573207304024,2019-11-08T10:01:44.024Z,sell,5.646e-05,14.0,0.00079044
BCD/BTC,1573207304024,2019-11-08T10:01:44.024Z,sell,5.639e-05,75.0,0.00422925
BCD/BTC,1573207319320,2019-11-08T10:01:59.320Z,buy,5.67e-05,50.0,0.002835
BCD/BTC,1573207322176,2019-11-08T10:02:02.176Z,buy,5.67e-05,50.0,0.002835
BCD/BTC,1573207322683,2019-11-08T10:02:02.683Z,buy,5.67e-05,44.0,0.0024948
BCD/BTC,1573207323821,2019-11-08T10:02:03.821Z,buy,5.67e-05,16.0,0.0009072
BCD/BTC,1573207326178,2019-11-08T10:02:06.178Z,buy,5.67e-05,9.0,0.0005103
BCD/BTC,1573207331527,2019-11-08T10:02:11.527Z,buy,5.67e-05,50.0,0.002835
BCD/BTC,1573207334235,2019-11-08T10:02:14.235Z,sell,5.639e-05,14.0,0.00078946
BCD/BTC,1573207334235,2019-11-08T10:02:14.235Z,sell,5.638e-05,3.0,0.00016914
BCD/BTC,1573207334235,2019-11-08T10:02:14.235Z,sell,5.633e-05,8.0,0.00045064
BCD/BTC,1573207334661,2019-11-08T10:02:14.661Z,buy,5.67e-05,50.0,0.002835
BCD/BTC,1573207335399,2019-11-08T10:02:15.399Z,buy,5.669e-05,76.0,0.00430844
BCD/BTC,1573207335500,2019-11-08T10:02:15.500Z,sell,5.633e-05,5.0,0.00028165
BCD/BTC,1573207335500,2019-11-08T10:02:15.500Z,sell,5.632e-05,18.0,0.00101376
BCD/BTC,1573207335500,2019-11-08T10:02:15.500Z,sell,5.631e-05,2.0,0.00011262
BCD/BTC,1573207336395,2019-11-08T10:02:16.395Z,buy,5.671e-05,50.0,0.0028355
BCD/BTC,1573207336814,2019-11-08T10:02:16.814Z,sell,5.632e-05,25.0,0.001408
BCD/BTC,1573207336836,2019-11-08T10:02:16.836Z,sell,5.632e-05,31.0,0.00174592
BCD/BTC,1573207336951,2019-11-08T10:02:16.951Z,sell,5.632e-05,33.0,0.00185856
BCD/BTC,1573207336951,2019-11-08T10:02:16.951Z,sell,5.631e-05,3.0,0.00016893
BCD/BTC,1573207336951,2019-11-08T10:02:16.951Z,sell,5.63e-05,24.0,0.0013511999999999
BCD/BTC,1573207337246,2019-11-08T10:02:17.246Z,buy,5.67e-05,16.0,0.0009072
BCD/BTC,1573207338187,2019-11-08T10:02:18.187Z,buy,5.665e-05,5.0,0.00028325
BCD/BTC,1573207338187,2019-11-08T10:02:18.187Z,buy,5.67e-05,10.0,0.000567
BCD/BTC,1573207338393,2019-11-08T10:02:18.393Z,sell,5.631e-05,25.0,0.00140775
BCD/BTC,1573207338756,2019-11-08T10:02:18.756Z,buy,5.669e-05,9.0,0.00051021
BCD/BTC,1573207339477,2019-11-08T10:02:19.477Z,sell,5.631e-05,25.0,0.00140775
BCD/BTC,1573207340723,2019-11-08T10:02:20.723Z,sell,5.632e-05,25.0,0.001408
BCD/BTC,1573207341675,2019-11-08T10:02:21.675Z,sell,5.631e-05,25.0,0.00140775
BCD/BTC,1573207342780,2019-11-08T10:02:22.780Z,sell,5.631e-05,25.0,0.00140775
BCD/BTC,1573207343786,2019-11-08T10:02:23.786Z,sell,5.631e-05,25.0,0.00140775
BCD/BTC,1573207345043,2019-11-08T10:02:25.043Z,sell,5.631e-05,1.0,5.631e-05
BCD/BTC,1573207345043,2019-11-08T10:02:25.043Z,sell,5.63e-05,24.0,0.0013511999999999
BCD/BTC,1573207346107,2019-11-08T10:02:26.107Z,sell,5.63e-05,25.0,0.0014075
BCD/BTC,1573207347026,2019-11-08T10:02:27.026Z,sell,5.63e-05,25.0,0.0014075
BCD/BTC,1573207348107,2019-11-08T10:02:28.107Z,sell,5.63e-05,25.0,0.0014075
BCD/BTC,1573207349100,2019-11-08T10:02:29.100Z,sell,5.63e-05,25.0,0.0014075
BCD/BTC,1573207350254,2019-11-08T10:02:30.254Z,sell,5.63e-05,25.0,0.0014075
BCD/BTC,1573207351204,2019-11-08T10:02:31.204Z,sell,5.63e-05,25.0,0.0014075
BCD/BTC,1573207352281,2019-11-08T10:02:32.281Z,sell,5.63e-05,25.0,0.0014075
BCD/BTC,1573207353209,2019-11-08T10:02:33.209Z,sell,5.63e-05,25.0,0.0014075
BCD/BTC,1573207354276,2019-11-08T10:02:34.276Z,sell,5.63e-05,25.0,0.0014075
BCD/BTC,1573207355257,2019-11-08T10:02:35.257Z,sell,5.63e-05,25.0,0.0014075
BCD/BTC,1573207356222,2019-11-08T10:02:36.222Z,sell,5.63e-05,25.0,0.0014075
BCD/BTC,1573207357128,2019-11-08T10:02:37.128Z,sell,5.63e-05,25.0,0.0014075
BCD/BTC,1573207358135,2019-11-08T10:02:38.135Z,sell,5.631e-05,25.0,0.00140775
BCD/BTC,1573207358324,2019-11-08T10:02:38.324Z,buy,5.664e-05,106.0,0.00600384
BCD/BTC,1573207358343,2019-11-08T10:02:38.343Z,buy,5.664e-05,22.0,0.00124608
BCD/BTC,1573207359148,2019-11-08T10:02:39.148Z,sell,5.632e-05,25.0,0.001408
BCD/BTC,1573207362204,2019-11-08T10:02:42.204Z,buy,5.663e-05,22.0,0.00124586
BCD/BTC,1573207362204,2019-11-08T10:02:42.204Z,buy,5.664e-05,5.0,0.0002832
BCD/BTC,1573207362204,2019-11-08T10:02:42.204Z,buy,5.665e-05,5.0,0.00028325
BCD/BTC,1573207362204,2019-11-08T10:02:42.204Z,buy,5.668e-05,25.0,0.001417
BCD/BTC,1573207362204,2019-11-08T10:02:42.204Z,buy,5.669e-05,16.0,0.00090704
BCD/BTC,1573207362204,2019-11-08T10:02:42.204Z,buy,5.67e-05,88.0,0.0049896
BCD/BTC,1573207362204,2019-11-08T10:02:42.204Z,buy,5.673e-05,3.0,0.00017019
BCD/BTC,1573207362204,2019-11-08T10:02:42.204Z,buy,5.676e-05,3.0,0.00017028
BCD/BTC,1573207362204,2019-11-08T10:02:42.204Z,buy,5.678e-05,293.0,0.01663654
BCD/BTC,1573207366417,2019-11-08T10:02:46.417Z,buy,5.679e-05,13.0,0.00073827
BCD/BTC,1573207366417,2019-11-08T10:02:46.417Z,buy,5.691e-05,3.0,0.00017073
BCD/BTC,1573207366417,2019-11-08T10:02:46.417Z,buy,5.696e-05,53.0,0.00301888
BCD/BTC,1573207470256,2019-11-08T10:04:30.256Z,buy,5.685e-05,4.0,0.0002274
BCD/BTC,1573207477398,2019-11-08T10:04:37.398Z,buy,5.684e-05,1.0,5.684e-05
BCD/BTC,1573207547946,2019-11-08T10:05:47.946Z,buy,5.689e-05,1.0,5.689e-05
BCD/BTC,1573207613284,2019-11-08T10:06:53.284Z,buy,5.681e-05,1.0,5.681e-05
BCD/BTC,1573207681397,2019-11-08T10:08:01.397Z,buy,5.679e-05,1.0,5.679e-05
BCD/BTC,1573207705593,2019-11-08T10:08:25.593Z,buy,5.664e-05,25.0,0.001416
BCD/BTC,1573207781078,2019-11-08T10:09:41.078Z,buy,5.69e-05,1.0,5.69e-05
BCD/BTC,1573207785560,2019-11-08T10:09:45.560Z,buy,5.689e-05,3.0,0.00017067
BCD/BTC,1573207785560,2019-11-08T10:09:45.560Z,buy,5.69e-05,60.0,0.003414
BCD/BTC,1573207785671,2019-11-08T10:09:45.671Z,buy,5.69e-05,2.0,0.0001138
BCD/BTC,1573207785671,2019-11-08T10:09:45.671Z,buy,5.693e-05,28.0,0.00159404
BCD/BTC,1573207785718,2019-11-08T10:09:45.718Z,buy,5.693e-05,43.0,0.00244799
BCD/BTC,1573207785718,2019-11-08T10:09:45.718Z,buy,5.695e-05,128.0,0.0072896
BCD/BTC,1573207785723,2019-11-08T10:09:45.723Z,buy,5.695e-05,443.0,0.02522885
BCD/BTC,1573207785790,2019-11-08T10:09:45.790Z,buy,5.695e-05,30.0,0.0017085
BCD/BTC,1573207805091,2019-11-08T10:10:05.091Z,sell,5.666e-05,284.0,0.01609144
BCD/BTC,1573208682195,2019-11-08T10:24:42.195Z,buy,5.66e-05,561.0,0.0317526
BCD/BTC,1573208682304,2019-11-08T10:24:42.304Z,buy,5.66e-05,35.0,0.001981
BCD/BTC,1573208763925,2019-11-08T10:26:03.925Z,sell,5.656e-05,25.0,0.001414
BCD/BTC,1573208764868,2019-11-08T10:26:04.868Z,sell,5.656e-05,25.0,0.001414
BCD/BTC,1573208765833,2019-11-08T10:26:05.833Z,sell,5.658e-05,25.0,0.0014145
BCD/BTC,1573208766745,2019-11-08T10:26:06.745Z,sell,5.658e-05,25.0,0.0014145
BCD/BTC,1573208767040,2019-11-08T10:26:07.040Z,sell,5.658e-05,140.0,0.0079212
BCD/BTC,1573208768385,2019-11-08T10:26:08.385Z,sell,5.659e-05,25.0,0.00141475
BCD/BTC,1573208769485,2019-11-08T10:26:09.485Z,sell,5.659e-05,25.0,0.00141475
BCD/BTC,1573208770713,2019-11-08T10:26:10.713Z,sell,5.653e-05,111.0,0.00627483
BCD/BTC,1573208770713,2019-11-08T10:26:10.713Z,sell,5.652e-05,19.0,0.00107388
BCD/BTC,1573208770713,2019-11-08T10:26:10.713Z,sell,5.652e-05,3.0,0.00016956
BCD/BTC,1573208770713,2019-11-08T10:26:10.713Z,sell,5.651e-05,22.0,0.00124322
BCD/BTC,1573208770746,2019-11-08T10:26:10.746Z,sell,5.651e-05,48.0,0.0027124799999999
BCD/BTC,1573208771801,2019-11-08T10:26:11.801Z,sell,5.653e-05,25.0,0.00141325
BCD/BTC,1573208772750,2019-11-08T10:26:12.750Z,sell,5.653e-05,25.0,0.00141325
BCD/BTC,1573208779916,2019-11-08T10:26:19.916Z,sell,5.645e-05,64.0,0.0036128
BCD/BTC,1573208779916,2019-11-08T10:26:19.916Z,sell,5.644e-05,755.0,0.0426122
BCD/BTC,1573208779916,2019-11-08T10:26:19.916Z,sell,5.643e-05,57.0,0.00321651
BCD/BTC,1573208783992,2019-11-08T10:26:23.992Z,sell,5.643e-05,861.0,0.04858623
BCD/BTC,1573208809561,2019-11-08T10:26:49.561Z,sell,5.638e-05,94.0,0.00529972
BCD/BTC,1573208809561,2019-11-08T10:26:49.561Z,sell,5.637e-05,176.0,0.00992112
BCD/BTC,1573208868015,2019-11-08T10:27:48.015Z,sell,5.634e-05,192.0,0.01081728
BCD/BTC,1573208868015,2019-11-08T10:27:48.015Z,sell,5.633e-05,8.0,0.00045064
BCD/BTC,1573208902260,2019-11-08T10:28:22.260Z,buy,5.662e-05,64.0,0.00362368
BCD/BTC,1573208902475,2019-11-08T10:28:22.475Z,buy,5.661e-05,52.0,0.00294372
BCD/BTC,1573208903489,2019-11-08T10:28:23.489Z,buy,5.661e-05,99.0,0.00560439
BCD/BTC,1573208903525,2019-11-08T10:28:23.525Z,buy,5.661e-05,18.0,0.00101898
BCD/BTC,1573208903901,2019-11-08T10:28:23.901Z,buy,5.661e-05,37.0,0.00209457
BCD/BTC,1573208905072,2019-11-08T10:28:25.072Z,buy,5.661e-05,9.0,0.00050949
BCD/BTC,1573208905187,2019-11-08T10:28:25.187Z,buy,5.661e-05,13.0,0.00073593
BCD/BTC,1573208905447,2019-11-08T10:28:25.447Z,buy,5.661e-05,5.0,0.00028305
BCD/BTC,1573208906104,2019-11-08T10:28:26.104Z,sell,5.667e-05,3.0,0.00017001
BCD/BTC,1573208907525,2019-11-08T10:28:27.525Z,sell,5.667e-05,9.0,0.00051003
BCD/BTC,1573208907525,2019-11-08T10:28:27.525Z,sell,5.64e-05,52.0,0.0029328
BCD/BTC,1573208907525,2019-11-08T10:28:27.525Z,sell,5.639e-05,65.0,0.00366535
BCD/BTC,1573208907525,2019-11-08T10:28:27.525Z,sell,5.638e-05,93.0,0.00524334
BCD/BTC,1573208907525,2019-11-08T10:28:27.525Z,sell,5.636e-05,27.0,0.00152172
BCD/BTC,1573208910653,2019-11-08T10:28:30.653Z,sell,5.639e-05,74.0,0.00417286
BCD/BTC,1573208910653,2019-11-08T10:28:30.653Z,sell,5.638e-05,61.0,0.00343918
BCD/BTC,1573208932194,2019-11-08T10:28:52.194Z,buy,5.659e-05,163.0,0.00922417
BCD/BTC,1573208932499,2019-11-08T10:28:52.499Z,buy,5.659e-05,58.0,0.0032822199999999
BCD/BTC,1573208932499,2019-11-08T10:28:52.499Z,buy,5.66e-05,5.0,0.000283
BCD/BTC,1573208933263,2019-11-08T10:28:53.263Z,buy,5.659e-05,36.0,0.00203724
BCD/BTC,1573208933575,2019-11-08T10:28:53.575Z,buy,5.659e-05,123.0,0.00696057
BCD/BTC,1573208933575,2019-11-08T10:28:53.575Z,buy,5.66e-05,32.0,0.0018112
BCD/BTC,1573208933576,2019-11-08T10:28:53.576Z,buy,5.668e-05,131.0,0.00742508
BCD/BTC,1573208933947,2019-11-08T10:28:53.947Z,buy,5.659e-05,81.0,0.00458379
BCD/BTC,1573208934233,2019-11-08T10:28:54.233Z,buy,5.659e-05,9.0,0.00050931
BCD/BTC,1573208934939,2019-11-08T10:28:54.939Z,sell,5.634e-05,54.0,0.00304236
BCD/BTC,1573208936232,2019-11-08T10:28:56.232Z,buy,5.659e-05,16.0,0.00090544
BCD/BTC,1573208939146,2019-11-08T10:28:59.146Z,sell,5.665e-05,9.0,0.00050985
BCD/BTC,1573208939146,2019-11-08T10:28:59.146Z,sell,5.639e-05,131.0,0.00738709
BCD/BTC,1573208939146,2019-11-08T10:28:59.146Z,sell,5.638e-05,147.0,0.00828786
BCD/BTC,1573208939146,2019-11-08T10:28:59.146Z,sell,5.636e-05,97.0,0.00546692
BCD/BTC,1573208943013,2019-11-08T10:29:03.013Z,sell,5.634e-05,63.0,0.0035494199999999
BCD/BTC,1573208947072,2019-11-08T10:29:07.072Z,sell,5.634e-05,125.0,0.0070425
BCD/BTC,1573209061661,2019-11-08T10:31:01.661Z,buy,5.668e-05,89.0,0.00504452
BCD/BTC,1573209061661,2019-11-08T10:31:01.661Z,buy,5.669e-05,37.0,0.00209753
BCD/BTC,1573209061661,2019-11-08T10:31:01.661Z,buy,5.673e-05,10.0,0.0005673
BCD/BTC,1573209061695,2019-11-08T10:31:01.695Z,buy,5.672e-05,48.0,0.0027225599999999
BCD/BTC,1573209062223,2019-11-08T10:31:02.223Z,buy,5.672e-05,40.0,0.0022688
BCD/BTC,1573209062492,2019-11-08T10:31:02.492Z,buy,5.672e-05,9.0,0.00051048
BCD/BTC,1573209062621,2019-11-08T10:31:02.621Z,buy,5.672e-05,30.0,0.0017016
BCD/BTC,1573209063230,2019-11-08T10:31:03.230Z,buy,5.672e-05,35.0,0.0019852
BCD/BTC,1573209064108,2019-11-08T10:31:04.108Z,buy,5.672e-05,21.0,0.00119112
BCD/BTC,1573209064673,2019-11-08T10:31:04.673Z,buy,5.672e-05,48.0,0.0027225599999999
BCD/BTC,1573209065930,2019-11-08T10:31:05.930Z,buy,5.672e-05,53.0,0.00300616
BCD/BTC,1573209066347,2019-11-08T10:31:06.347Z,sell,5.639e-05,90.0,0.0050751
BCD/BTC,1573209067571,2019-11-08T10:31:07.571Z,buy,5.673e-05,9.0,0.00051057
BCD/BTC,1573209080823,2019-11-08T10:31:20.823Z,sell,5.679e-05,10.0,0.0005679
BCD/BTC,1573209108528,2019-11-08T10:31:48.528Z,buy,5.677e-05,18.0,0.00102186
BCD/BTC,1573209924799,2019-11-08T10:45:24.799Z,buy,5.673e-05,30.0,0.0017019
BCD/BTC,1573209925241,2019-11-08T10:45:25.241Z,buy,5.673e-05,65.0,0.00368745
BCD/BTC,1573209925536,2019-11-08T10:45:25.536Z,buy,5.673e-05,30.0,0.0017019
BCD/BTC,1573209925536,2019-11-08T10:45:25.536Z,buy,5.673e-05,30.0,0.0017019
BCD/BTC,1573210250719,2019-11-08T10:50:50.719Z,sell,5.649e-05,9.0,0.00050841
BCD/BTC,1573210506060,2019-11-08T10:55:06.060Z,buy,5.678e-05,2.0,0.00011356
BCD/BTC,1573210827257,2019-11-08T11:00:27.257Z,buy,5.673e-05,84.0,0.00476532
BCD/BTC,1573210827827,2019-11-08T11:00:27.827Z,buy,5.672e-05,31.0,0.00175832
BCD/BTC,1573210828457,2019-11-08T11:00:28.457Z,buy,5.672e-05,27.0,0.00153144
BCD/BTC,1573210828739,2019-11-08T11:00:28.739Z,buy,5.672e-05,30.0,0.0017016
BCD/BTC,1573210834555,2019-11-08T11:00:34.555Z,buy,5.673e-05,49.0,0.00277977
BCD/BTC,1573210834555,2019-11-08T11:00:34.555Z,buy,5.674e-05,6.0,0.00034044
BCD/BTC,1573210841169,2019-11-08T11:00:41.169Z,buy,5.673e-05,50.0,0.0028365
BCD/BTC,1573210841169,2019-11-08T11:00:41.169Z,buy,5.674e-05,34.0,0.00192916
BCD/BTC,1573210843020,2019-11-08T11:00:43.020Z,buy,5.673e-05,90.0,0.0051057
BCD/BTC,1573210844144,2019-11-08T11:00:44.144Z,buy,5.673e-05,3.0,0.00017019
BCD/BTC,1573210844144,2019-11-08T11:00:44.144Z,buy,5.674e-05,34.0,0.00192916
BCD/BTC,1573212077325,2019-11-08T11:21:17.325Z,buy,5.673e-05,30.0,0.0017019
BCD/BTC,1573212085593,2019-11-08T11:21:25.593Z,sell,5.679e-05,60.0,0.0034073999999999
BCD/BTC,1573212093572,2019-11-08T11:21:33.572Z,buy,5.688e-05,8.0,0.00045504
BCD/BTC,1573212144126,2019-11-08T11:22:24.126Z,buy,5.675e-05,31.0,0.00175925
BCD/BTC,1573212145160,2019-11-08T11:22:25.160Z,buy,5.675e-05,55.0,0.00312125
BCD/BTC,1573212146163,2019-11-08T11:22:26.163Z,buy,5.675e-05,52.0,0.0029509999999999
BCD/BTC,1573212147281,2019-11-08T11:22:27.281Z,buy,5.675e-05,30.0,0.0017025
BCD/BTC,1573212150263,2019-11-08T11:22:30.263Z,buy,5.674e-05,141.0,0.00800034
BCD/BTC,1573212150547,2019-11-08T11:22:30.547Z,buy,5.674e-05,12.0,0.00068088
BCD/BTC,1573212150785,2019-11-08T11:22:30.785Z,buy,5.674e-05,55.0,0.0031207
BCD/BTC,1573212151472,2019-11-08T11:22:31.472Z,buy,5.673e-05,9.0,0.00051057
BCD/BTC,1573212152014,2019-11-08T11:22:32.014Z,buy,5.673e-05,35.0,0.00198555
BCD/BTC,1573212264275,2019-11-08T11:24:24.275Z,buy,5.678e-05,23.0,0.00130594
BCD/BTC,1573212264275,2019-11-08T11:24:24.275Z,buy,5.679e-05,8.0,0.00045432
BCD/BTC,1573212636735,2019-11-08T11:30:36.735Z,buy,5.682e-05,61.0,0.00346602
BCD/BTC,1573212636750,2019-11-08T11:30:36.750Z,buy,5.682e-05,55.0,0.0031251
BCD/BTC,1573212637476,2019-11-08T11:30:37.476Z,buy,5.682e-05,49.0,0.00278418
BCD/BTC,1573212651846,2019-11-08T11:30:51.846Z,buy,5.682e-05,133.0,0.00755706
BCD/BTC,1573212851752,2019-11-08T11:34:11.752Z,buy,5.683e-05,2.0,0.00011366
BCD/BTC,1573212851752,2019-11-08T11:34:11.752Z,buy,5.7e-05,8.0,0.000456
BCD/BTC,1573212871161,2019-11-08T11:34:31.161Z,buy,5.7e-05,429.0,0.024453
BCD/BTC,1573212871220,2019-11-08T11:34:31.220Z,sell,5.7e-05,22.0,0.001254
BCD/BTC,1573213176765,2019-11-08T11:39:36.765Z,sell,5.67e-05,9.0,0.0005103
BCD/BTC,1573213410747,2019-11-08T11:43:30.747Z,buy,5.694e-05,47.0,0.00267618
BCD/BTC,1573213410747,2019-11-08T11:43:30.747Z,buy,5.694e-05,47.0,0.00267618
BCD/BTC,1573213908792,2019-11-08T11:51:48.792Z,buy,5.694e-05,16.0,0.00091104
BCD/BTC,1573213995642,2019-11-08T11:53:15.642Z,sell,5.7e-05,8.0,0.000456
BCD/BTC,1573214000101,2019-11-08T11:53:20.101Z,sell,5.7e-05,8.0,0.000456
BCD/BTC,1573214408602,2019-11-08T12:00:08.602Z,sell,5.701e-05,351.0,0.02001051
BCD/BTC,1573214408602,2019-11-08T12:00:08.602Z,sell,5.7e-05,506.0,0.028842
BCD/BTC,1573214408602,2019-11-08T12:00:08.602Z,sell,5.695e-05,77.0,0.00438515
BCD/BTC,1573214408602,2019-11-08T12:00:08.602Z,sell,5.694e-05,77.0,0.00438438
BCD/BTC,1573214408602,2019-11-08T12:00:08.602Z,sell,5.686e-05,139.0,0.00790354
BCD/BTC,1573214867829,2019-11-08T12:07:47.829Z,buy,5.704e-05,102.0,0.00581808
BCD/BTC,1573214867829,2019-11-08T12:07:47.829Z,buy,5.705e-05,72.0,0.0041075999999999
BCD/BTC,1573214868046,2019-11-08T12:07:48.046Z,buy,5.705e-05,9.0,0.0005134499999999
BCD/BTC,1573214868127,2019-11-08T12:07:48.127Z,buy,5.705e-05,65.0,0.0037082499999999
BCD/BTC,1573214916441,2019-11-08T12:08:36.441Z,buy,5.705e-05,81.0,0.00462105
BCD/BTC,1573215426853,2019-11-08T12:17:06.853Z,buy,5.703e-05,57.0,0.00325071
BCD/BTC,1573215497162,2019-11-08T12:18:17.162Z,buy,5.705e-05,63.0,0.00359415
BCD/BTC,1573215497608,2019-11-08T12:18:17.608Z,buy,5.705e-05,4.0,0.0002282
BCD/BTC,1573215497608,2019-11-08T12:18:17.608Z,buy,5.706e-05,26.0,0.00148356
BCD/BTC,1573215498740,2019-11-08T12:18:18.740Z,buy,5.706e-05,87.0,0.00496422
BCD/BTC,1573215498971,2019-11-08T12:18:18.971Z,buy,5.706e-05,29.0,0.00165474
BCD/BTC,1573215499383,2019-11-08T12:18:19.383Z,buy,5.706e-05,33.0,0.00188298
BCD/BTC,1573215499383,2019-11-08T12:18:19.383Z,buy,5.707e-05,2.0,0.00011414
BCD/BTC,1573215499383,2019-11-08T12:18:19.383Z,buy,5.708e-05,3.0,0.00017124
BCD/BTC,1573215499383,2019-11-08T12:18:19.383Z,buy,5.712e-05,8.0,0.00045696
BCD/BTC,1573215757421,2019-11-08T12:22:37.421Z,sell,5.698e-05,351.0,0.01999998
BCD/BTC,1573215961163,2019-11-08T12:26:01.163Z,buy,5.707e-05,100.0,0.005707
BCD/BTC,1573215962248,2019-11-08T12:26:02.248Z,buy,5.707e-05,126.0,0.00719082
BCD/BTC,1573216009289,2019-11-08T12:26:49.289Z,buy,5.712e-05,31.0,0.00177072
BCD/BTC,1573216009594,2019-11-08T12:26:49.594Z,buy,5.711e-05,61.0,0.00348371
BCD/BTC,1573216010339,2019-11-08T12:26:50.339Z,buy,5.711e-05,50.0,0.0028555
BCD/BTC,1573216010963,2019-11-08T12:26:50.963Z,buy,5.712e-05,50.0,0.002856
BCD/BTC,1573216011428,2019-11-08T12:26:51.428Z,buy,5.712e-05,73.0,0.00416976
BCD/BTC,1573216044517,2019-11-08T12:27:24.517Z,buy,5.712e-05,21.0,0.00119952
BCD/BTC,1573216260740,2019-11-08T12:31:00.740Z,sell,5.699e-05,6.0,0.00034194
BCD/BTC,1573216321560,2019-11-08T12:32:01.560Z,sell,5.699e-05,8.0,0.00045592
BCD/BTC,1573216598683,2019-11-08T12:36:38.683Z,sell,5.701e-05,63.0,0.0035916299999999
BCD/BTC,1573216643133,2019-11-08T12:37:23.133Z,sell,5.701e-05,4.0,0.00022804
BCD/BTC,1573216643133,2019-11-08T12:37:23.133Z,sell,5.701e-05,4.0,0.00022804
BCD/BTC,1573217375209,2019-11-08T12:49:35.209Z,sell,5.69e-05,3.0,0.0001707
BCD/BTC,1573217466146,2019-11-08T12:51:06.146Z,sell,5.7e-05,47.0,0.002679
BCD/BTC,1573217467815,2019-11-08T12:51:07.815Z,sell,5.701e-05,208.0,0.01185808
BCD/BTC,1573217467815,2019-11-08T12:51:07.815Z,sell,5.7e-05,279.0,0.015903
BCD/BTC,1573217467919,2019-11-08T12:51:07.919Z,buy,5.7e-05,81.0,0.004617
BCD/BTC,1573217469272,2019-11-08T12:51:09.272Z,buy,5.699e-05,30.0,0.0017097
BCD/BTC,1573217470213,2019-11-08T12:51:10.213Z,buy,5.699e-05,30.0,0.0017097
BCD/BTC,1573217523176,2019-11-08T12:52:03.176Z,buy,5.697e-05,37.0,0.00210789
BCD/BTC,1573217524299,2019-11-08T12:52:04.299Z,buy,5.697e-05,30.0,0.0017090999999999
BCD/BTC,1573217528859,2019-11-08T12:52:08.859Z,buy,5.696e-05,39.0,0.00222144
BCD/BTC,1573217550052,2019-11-08T12:52:30.052Z,buy,5.696e-05,158.0,0.00899968
BCD/BTC,1573217561557,2019-11-08T12:52:41.557Z,buy,5.699e-05,74.0,0.00421726
BCD/BTC,1573217561984,2019-11-08T12:52:41.984Z,buy,5.697e-05,30.0,0.0017090999999999
BCD/BTC,1573217562047,2019-11-08T12:52:42.047Z,buy,5.697e-05,11.0,0.00062667
BCD/BTC,1573217562047,2019-11-08T12:52:42.047Z,buy,5.698e-05,6.0,0.00034188
BCD/BTC,1573217562650,2019-11-08T12:52:42.650Z,buy,5.698e-05,62.0,0.00353276
BCD/BTC,1573217562697,2019-11-08T12:52:42.697Z,buy,5.698e-05,91.0,0.00518518
BCD/BTC,1573217563334,2019-11-08T12:52:43.334Z,buy,5.7e-05,12.0,0.000684
BCD/BTC,1573217564781,2019-11-08T12:52:44.781Z,buy,5.699e-05,30.0,0.0017097
BCD/BTC,1573217565092,2019-11-08T12:52:45.092Z,buy,5.699e-05,4.0,0.00022796
BCD/BTC,1573217565092,2019-11-08T12:52:45.092Z,buy,5.7e-05,26.0,0.001482
BCD/BTC,1573217667722,2019-11-08T12:54:27.722Z,buy,5.699e-05,46.0,0.00262154
BCD/BTC,1573217670323,2019-11-08T12:54:30.323Z,buy,5.699e-05,30.0,0.0017097
BCD/BTC,1573218264802,2019-11-08T13:04:24.802Z,buy,5.701e-05,2.0,0.00011402
BCD/BTC,1573218264802,2019-11-08T13:04:24.802Z,buy,5.712e-05,7.0,0.00039984
BCD/BTC,1573219276311,2019-11-08T13:21:16.311Z,buy,5.712e-05,30.0,0.0017136
BCD/BTC,1573219279298,2019-11-08T13:21:19.298Z,buy,5.712e-05,30.0,0.0017136
BCD/BTC,1573219281991,2019-11-08T13:21:21.991Z,buy,5.712e-05,103.0,0.00588336
BCD/BTC,1573219282326,2019-11-08T13:21:22.326Z,buy,5.712e-05,12.0,0.00068544
BCD/BTC,1573219282346,2019-11-08T13:21:22.346Z,sell,5.718e-05,2.0,0.00011436
BCD/BTC,1573219282355,2019-11-08T13:21:22.355Z,sell,5.718e-05,5.0,0.0002859
BCD/BTC,1573219285156,2019-11-08T13:21:25.156Z,sell,5.718e-05,2.0,0.00011436
BCD/BTC,1573219286844,2019-11-08T13:21:26.844Z,buy,5.719e-05,30.0,0.0017157
BCD/BTC,1573219301172,2019-11-08T13:21:41.172Z,buy,5.718e-05,86.0,0.00491748
BCD/BTC,1573219301365,2019-11-08T13:21:41.365Z,buy,5.718e-05,1.0,5.718e-05
BCD/BTC,1573219301365,2019-11-08T13:21:41.365Z,buy,5.719e-05,29.0,0.00165851
BCD/BTC,1573219301488,2019-11-08T13:21:41.488Z,buy,5.719e-05,19.0,0.00108661
BCD/BTC,1573219301883,2019-11-08T13:21:41.883Z,buy,5.719e-05,30.0,0.0017157
BCD/BTC,1573219303431,2019-11-08T13:21:43.431Z,buy,5.719e-05,22.0,0.00125818
BCD/BTC,1573219303545,2019-11-08T13:21:43.545Z,buy,5.719e-05,20.0,0.0011438
BCD/BTC,1573219303567,2019-11-08T13:21:43.567Z,sell,5.725e-05,2.0,0.0001145
BCD/BTC,1573219305696,2019-11-08T13:21:45.696Z,buy,5.726e-05,9.0,0.00051534
BCD/BTC,1573219306375,2019-11-08T13:21:46.375Z,buy,5.726e-05,4.0,0.00022904
BCD/BTC,1573219306375,2019-11-08T13:21:46.375Z,buy,5.728e-05,26.0,0.00148928
BCD/BTC,1573219307150,2019-11-08T13:21:47.150Z,sell,5.725e-05,2.0,0.0001145
BCD/BTC,1573219307592,2019-11-08T13:21:47.592Z,buy,5.728e-05,38.0,0.00217664
BCD/BTC,1573219310935,2019-11-08T13:21:50.935Z,sell,5.725e-05,2.0,0.0001145
BCD/BTC,1573219314120,2019-11-08T13:21:54.120Z,sell,5.725e-05,2.0,0.0001145
BCD/BTC,1573219318113,2019-11-08T13:21:58.113Z,sell,5.725e-05,2.0,0.0001145
BCD/BTC,1573219319798,2019-11-08T13:21:59.798Z,sell,5.725e-05,3.0,0.00017175
BCD/BTC,1573219406257,2019-11-08T13:23:26.257Z,buy,5.725e-05,30.0,0.0017175
BCD/BTC,1573219446872,2019-11-08T13:24:06.872Z,buy,5.727e-05,30.0,0.0017181
BCD/BTC,1573219448249,2019-11-08T13:24:08.249Z,buy,5.727e-05,31.0,0.00177537
BCD/BTC,1573219448359,2019-11-08T13:24:08.359Z,buy,5.727e-05,26.0,0.00148902
BCD/BTC,1573219635860,2019-11-08T13:27:15.860Z,buy,5.723e-05,297.0,0.0169973099999999
BCD/BTC,1573219636927,2019-11-08T13:27:16.927Z,buy,5.723e-05,30.0,0.0017169
BCD/BTC,1573219637210,2019-11-08T13:27:17.210Z,buy,5.723e-05,88.0,0.00503624
BCD/BTC,1573219637221,2019-11-08T13:27:17.221Z,buy,5.723e-05,310.0,0.0177412999999999
BCD/BTC,1573219637949,2019-11-08T13:27:17.949Z,buy,5.723e-05,15.0,0.00085845
BCD/BTC,1573219637949,2019-11-08T13:27:17.949Z,buy,5.724e-05,38.0,0.00217512
BCD/BTC,1573219638831,2019-11-08T13:27:18.831Z,buy,5.724e-05,36.0,0.00206064
BCD/BTC,1573219638831,2019-11-08T13:27:18.831Z,buy,5.725e-05,10.0,0.0005725
BCD/BTC,1573219638831,2019-11-08T13:27:18.831Z,buy,5.726e-05,2.0,0.00011452
BCD/BTC,1573219639312,2019-11-08T13:27:19.312Z,buy,5.726e-05,40.0,0.0022903999999999
BCD/BTC,1573219639312,2019-11-08T13:27:19.312Z,buy,5.727e-05,12.0,0.00068724
BCD/BTC,1573219652838,2019-11-08T13:27:32.838Z,buy,5.727e-05,416.0,0.02382432
BCD/BTC,1573219653749,2019-11-08T13:27:33.749Z,buy,5.727e-05,308.0,0.01763916
BCD/BTC,1573219654224,2019-11-08T13:27:34.224Z,buy,5.727e-05,140.0,0.0080178
BCD/BTC,1573219654224,2019-11-08T13:27:34.224Z,buy,5.728e-05,165.0,0.0094512
BCD/BTC,1573219655167,2019-11-08T13:27:35.167Z,buy,5.728e-05,87.0,0.00498336
BCD/BTC,1573219655246,2019-11-08T13:27:35.246Z,buy,5.728e-05,31.0,0.00177568
BCD/BTC,1573219655357,2019-11-08T13:27:35.357Z,buy,5.728e-05,1.0,5.728e-05
BCD/BTC,1573219655357,2019-11-08T13:27:35.357Z,buy,5.73e-05,87.0,0.0049851
BCD/BTC,1573219655358,2019-11-08T13:27:35.358Z,buy,5.73e-05,85.0,0.0048705
BCD/BTC,1573219655478,2019-11-08T13:27:35.478Z,buy,5.73e-05,23.0,0.0013178999999999
BCD/BTC,1573219655889,2019-11-08T13:27:35.889Z,buy,5.73e-05,59.0,0.0033807
BCD/BTC,1573219655889,2019-11-08T13:27:35.889Z,buy,5.734e-05,162.0,0.00928908
BCD/BTC,1573219656062,2019-11-08T13:27:36.062Z,buy,5.734e-05,19.0,0.00108946
BCD/BTC,1573219657803,2019-11-08T13:27:37.803Z,buy,5.734e-05,3.0,0.00017202
BCD/BTC,1573219657803,2019-11-08T13:27:37.803Z,buy,5.736e-05,386.0,0.02214096
BCD/BTC,1573219657879,2019-11-08T13:27:37.879Z,buy,5.736e-05,186.0,0.01066896
BCD/BTC,1573219658268,2019-11-08T13:27:38.268Z,buy,5.736e-05,158.0,0.00906288
BCD/BTC,1573219658550,2019-11-08T13:27:38.550Z,buy,5.736e-05,56.0,0.00321216
BCD/BTC,1573219659669,2019-11-08T13:27:39.669Z,buy,5.736e-05,42.0,0.00240912
BCD/BTC,1573219659713,2019-11-08T13:27:39.713Z,buy,5.736e-05,30.0,0.0017208
BCD/BTC,1573219660047,2019-11-08T13:27:40.047Z,buy,5.736e-05,30.0,0.0017208
BCD/BTC,1573219660856,2019-11-08T13:27:40.856Z,buy,5.736e-05,33.0,0.00189288
BCD/BTC,1573219662203,2019-11-08T13:27:42.203Z,buy,5.736e-05,30.0,0.0017208
BCD/BTC,1573219662332,2019-11-08T13:27:42.332Z,buy,5.736e-05,41.0,0.00235176
BCD/BTC,1573219663243,2019-11-08T13:27:43.243Z,buy,5.736e-05,30.0,0.0017208
BCD/BTC,1573219663527,2019-11-08T13:27:43.527Z,buy,5.736e-05,30.0,0.0017208
BCD/BTC,1573219663617,2019-11-08T13:27:43.617Z,buy,5.736e-05,216.0,0.01238976
BCD/BTC,1573219663617,2019-11-08T13:27:43.617Z,buy,5.742e-05,20.0,0.0011484
BCD/BTC,1573219663617,2019-11-08T13:27:43.617Z,buy,5.743e-05,3.0,0.00017229
BCD/BTC,1573219663617,2019-11-08T13:27:43.617Z,buy,5.745e-05,91.0,0.00522795
BCD/BTC,1573219664650,2019-11-08T13:27:44.650Z,buy,5.745e-05,239.0,0.01373055
BCD/BTC,1573219664791,2019-11-08T13:27:44.791Z,buy,5.745e-05,886.0,0.0509007
BCD/BTC,1573219666181,2019-11-08T13:27:46.181Z,buy,5.745e-05,781.0,0.04486845
BCD/BTC,1573219666512,2019-11-08T13:27:46.512Z,buy,5.745e-05,306.0,0.0175797
BCD/BTC,1573219666512,2019-11-08T13:27:46.512Z,buy,5.749e-05,87.0,0.00500163
BCD/BTC,1573219666512,2019-11-08T13:27:46.512Z,buy,5.751e-05,19.0,0.00109269
BCD/BTC,1573219667315,2019-11-08T13:27:47.315Z,buy,5.751e-05,31.0,0.00178281
BCD/BTC,1573219669670,2019-11-08T13:27:49.670Z,buy,5.759e-05,30.0,0.0017277
BCD/BTC,1573219670973,2019-11-08T13:27:50.973Z,buy,5.759e-05,2.0,0.00011518
BCD/BTC,1573219670973,2019-11-08T13:27:50.973Z,buy,5.76e-05,4.0,0.0002304
BCD/BTC,1573219670973,2019-11-08T13:27:50.973Z,buy,5.763e-05,2.0,0.00011526
BCD/BTC,1573219670973,2019-11-08T13:27:50.973Z,buy,5.764e-05,35.0,0.0020174
BCD/BTC,1573219670973,2019-11-08T13:27:50.973Z,buy,5.765e-05,123.0,0.0070909499999999
BCD/BTC,1573219671883,2019-11-08T13:27:51.883Z,sell,5.755e-05,35.0,0.00201425
BCD/BTC,1573219674998,2019-11-08T13:27:54.998Z,buy,5.765e-05,30.0,0.0017295
BCD/BTC,1573219676062,2019-11-08T13:27:56.062Z,buy,5.765e-05,523.0,0.03015095
BCD/BTC,1573219676540,2019-11-08T13:27:56.540Z,buy,5.765e-05,186.0,0.0107229
BCD/BTC,1573219677707,2019-11-08T13:27:57.707Z,buy,5.765e-05,473.0,0.02726845
BCD/BTC,1573219678316,2019-11-08T13:27:58.316Z,buy,5.765e-05,21.0,0.00121065
BCD/BTC,1573219678316,2019-11-08T13:27:58.316Z,buy,5.769e-05,180.0,0.0103842
BCD/BTC,1573219678446,2019-11-08T13:27:58.446Z,buy,5.769e-05,220.0,0.0126918
BCD/BTC,1573219681479,2019-11-08T13:28:01.479Z,buy,5.769e-05,713.0,0.04113297
BCD/BTC,1573219683192,2019-11-08T13:28:03.192Z,buy,5.769e-05,1794.0,0.10349586
BCD/BTC,1573219685275,2019-11-08T13:28:05.275Z,buy,5.754e-05,2.0,0.00011508
BCD/BTC,1573219685275,2019-11-08T13:28:05.275Z,buy,5.769e-05,178.0,0.01026882
BCD/BTC,1573219685438,2019-11-08T13:28:05.438Z,buy,5.769e-05,70.0,0.0040383
BCD/BTC,1573219685438,2019-11-08T13:28:05.438Z,buy,5.77e-05,193.0,0.0111361
BCD/BTC,1573219685438,2019-11-08T13:28:05.438Z,buy,5.773e-05,13.0,0.0007504899999999
BCD/BTC,1573219685438,2019-11-08T13:28:05.438Z,buy,5.776e-05,18.0,0.00103968
BCD/BTC,1573219685438,2019-11-08T13:28:05.438Z,buy,5.777e-05,206.0,0.0119006199999999
BCD/BTC,1573219686800,2019-11-08T13:28:06.800Z,buy,5.752e-05,14.0,0.00080528
BCD/BTC,1573219686800,2019-11-08T13:28:06.800Z,buy,5.777e-05,189.0,0.01091853
BCD/BTC,1573219688094,2019-11-08T13:28:08.094Z,buy,5.777e-05,19.0,0.00109763
BCD/BTC,1573219689707,2019-11-08T13:28:09.707Z,buy,5.776e-05,15.0,0.0008664
BCD/BTC,1573219689707,2019-11-08T13:28:09.707Z,buy,5.777e-05,387.0,0.02235699
BCD/BTC,1573219690814,2019-11-08T13:28:10.814Z,buy,5.777e-05,153.0,0.0088388099999999
BCD/BTC,1573219715352,2019-11-08T13:28:35.352Z,buy,5.777e-05,30.0,0.0017331
BCD/BTC,1573219720507,2019-11-08T13:28:40.507Z,buy,5.777e-05,237.0,0.0136914899999999
BCD/BTC,1573219721831,2019-11-08T13:28:41.831Z,buy,5.777e-05,66.0,0.0038128199999999
BCD/BTC,1573219721850,2019-11-08T13:28:41.850Z,buy,5.777e-05,34.0,0.00196418
BCD/BTC,1573219722353,2019-11-08T13:28:42.353Z,buy,5.777e-05,66.0,0.0038128199999999
BCD/BTC,1573219722493,2019-11-08T13:28:42.493Z,buy,5.777e-05,38.0,0.00219526
BCD/BTC,1573219723250,2019-11-08T13:28:43.250Z,buy,5.777e-05,1.0,5.777e-05
BCD/BTC,1573219723250,2019-11-08T13:28:43.250Z,buy,5.778e-05,3.0,0.00017334
BCD/BTC,1573219725513,2019-11-08T13:28:45.513Z,buy,5.789e-05,92.0,0.00532588
BCD/BTC,1573219727431,2019-11-08T13:28:47.431Z,buy,5.789e-05,3.0,0.00017367
BCD/BTC,1573219729532,2019-11-08T13:28:49.532Z,buy,5.789e-05,67.0,0.00387863
BCD/BTC,1573219738991,2019-11-08T13:28:58.991Z,sell,5.784e-05,15.0,0.0008676
BCD/BTC,1573219740273,2019-11-08T13:29:00.273Z,buy,5.778e-05,500.0,0.02889
BCD/BTC,1573219741653,2019-11-08T13:29:01.653Z,sell,5.744e-05,11.0,0.0006318399999999
BCD/BTC,1573219772179,2019-11-08T13:29:32.179Z,sell,5.743e-05,3.0,0.00017229
BCD/BTC,1573219784852,2019-11-08T13:29:44.852Z,sell,5.73e-05,75.0,0.0042975
BCD/BTC,1573219787242,2019-11-08T13:29:47.242Z,buy,5.743e-05,8.0,0.00045944
BCD/BTC,1573219787242,2019-11-08T13:29:47.242Z,buy,5.747e-05,8.0,0.00045976
BCD/BTC,1573219787385,2019-11-08T13:29:47.385Z,buy,5.747e-05,9.0,0.0005172299999999
BCD/BTC,1573219796128,2019-11-08T13:29:56.128Z,buy,5.747e-05,2.0,0.00011494
BCD/BTC,1573219796128,2019-11-08T13:29:56.128Z,buy,5.775e-05,2.0,0.0001155
BCD/BTC,1573219796128,2019-11-08T13:29:56.128Z,buy,5.778e-05,56.0,0.00323568
BCD/BTC,1573219801290,2019-11-08T13:30:01.290Z,sell,5.738e-05,383.0,0.02197654
BCD/BTC,1573219801290,2019-11-08T13:30:01.290Z,sell,5.737e-05,128.0,0.00734336
BCD/BTC,1573219801290,2019-11-08T13:30:01.290Z,sell,5.73e-05,157.0,0.0089961
BCD/BTC,1573219827737,2019-11-08T13:30:27.737Z,buy,5.775e-05,2.0,0.0001155
BCD/BTC,1573219827737,2019-11-08T13:30:27.737Z,buy,5.776e-05,26.0,0.00150176
BCD/BTC,1573219827737,2019-11-08T13:30:27.737Z,buy,5.778e-05,15.0,0.0008667
BCD/BTC,1573219831711,2019-11-08T13:30:31.711Z,buy,5.781e-05,13.0,0.0007515299999999
BCD/BTC,1573219831711,2019-11-08T13:30:31.711Z,buy,5.787e-05,102.0,0.00590274
BCD/BTC,1573219832296,2019-11-08T13:30:32.296Z,buy,5.788e-05,73.0,0.00422524
BCD/BTC,1573219834637,2019-11-08T13:30:34.637Z,buy,5.787e-05,188.0,0.01087956
BCD/BTC,1573219835136,2019-11-08T13:30:35.136Z,buy,5.787e-05,197.0,0.01140039
BCD/BTC,1573219835136,2019-11-08T13:30:35.136Z,buy,5.789e-05,132.0,0.00764148
BCD/BTC,1573219845556,2019-11-08T13:30:45.556Z,buy,5.789e-05,120.0,0.0069468
BCD/BTC,1573219845556,2019-11-08T13:30:45.556Z,buy,5.79e-05,240.0,0.0138959999999999
BCD/BTC,1573219849803,2019-11-08T13:30:49.803Z,buy,5.789e-05,157.0,0.00908873
BCD/BTC,1573219849803,2019-11-08T13:30:49.803Z,buy,5.79e-05,116.0,0.0067164
BCD/BTC,1573219860874,2019-11-08T13:31:00.874Z,sell,5.787e-05,137.0,0.00792819
BCD/BTC,1573219860874,2019-11-08T13:31:00.874Z,sell,5.778e-05,2.0,0.00011556
BCD/BTC,1573219860874,2019-11-08T13:31:00.874Z,sell,5.743e-05,3.0,0.00017229
BCD/BTC,1573219860874,2019-11-08T13:31:00.874Z,sell,5.741e-05,346.0,0.01986386
BCD/BTC,1573219860874,2019-11-08T13:31:00.874Z,sell,5.74e-05,102.0,0.0058548
BCD/BTC,1573219860874,2019-11-08T13:31:00.874Z,sell,5.739e-05,228.0,0.01308492
BCD/BTC,1573219860874,2019-11-08T13:31:00.874Z,sell,5.734e-05,5.0,0.0002867
BCD/BTC,1573219860874,2019-11-08T13:31:00.874Z,sell,5.73e-05,436.0,0.0249828
BCD/BTC,1573219860874,2019-11-08T13:31:00.874Z,sell,5.729e-05,23.0,0.00131767
BCD/BTC,1573219860874,2019-11-08T13:31:00.874Z,sell,5.726e-05,13.0,0.00074438
BCD/BTC,1573219864888,2019-11-08T13:31:04.888Z,sell,5.712e-05,25.0,0.001428
BCD/BTC,1573219873921,2019-11-08T13:31:13.921Z,sell,5.719e-05,25.0,0.00142975
BCD/BTC,1573219876111,2019-11-08T13:31:16.111Z,sell,5.719e-05,25.0,0.00142975
BCD/BTC,1573219877979,2019-11-08T13:31:17.979Z,sell,5.72e-05,25.0,0.00143
BCD/BTC,1573219879255,2019-11-08T13:31:19.255Z,sell,5.72e-05,81.0,0.0046332
BCD/BTC,1573219880295,2019-11-08T13:31:20.295Z,sell,5.72e-05,25.0,0.00143
BCD/BTC,1573219882366,2019-11-08T13:31:22.366Z,sell,5.721e-05,25.0,0.00143025
BCD/BTC,1573219883653,2019-11-08T13:31:23.653Z,sell,5.718e-05,510.0,0.0291617999999999
BCD/BTC,1573219884121,2019-11-08T13:31:24.121Z,sell,5.718e-05,25.0,0.0014295
BCD/BTC,1573219886146,2019-11-08T13:31:26.146Z,sell,5.719e-05,25.0,0.00142975
BCD/BTC,1573219888020,2019-11-08T13:31:28.020Z,sell,5.719e-05,25.0,0.00142975
BCD/BTC,1573219889912,2019-11-08T13:31:29.912Z,sell,5.719e-05,25.0,0.00142975
BCD/BTC,1573219891585,2019-11-08T13:31:31.585Z,sell,5.719e-05,14.0,0.00080066
BCD/BTC,1573219891585,2019-11-08T13:31:31.585Z,sell,5.718e-05,11.0,0.00062898
BCD/BTC,1573219893330,2019-11-08T13:31:33.330Z,sell,5.719e-05,25.0,0.00142975
BCD/BTC,1573219894982,2019-11-08T13:31:34.982Z,sell,5.719e-05,25.0,0.00142975
BCD/BTC,1573219896613,2019-11-08T13:31:36.613Z,sell,5.719e-05,25.0,0.00142975
BCD/BTC,1573219898230,2019-11-08T13:31:38.230Z,sell,5.719e-05,15.0,0.00085785
BCD/BTC,1573219898230,2019-11-08T13:31:38.230Z,sell,5.718e-05,10.0,0.0005718
BCD/BTC,1573219900046,2019-11-08T13:31:40.046Z,sell,5.718e-05,25.0,0.0014295
BCD/BTC,1573219901731,2019-11-08T13:31:41.731Z,sell,5.718e-05,25.0,0.0014295
BCD/BTC,1573219903735,2019-11-08T13:31:43.735Z,sell,5.718e-05,25.0,0.0014295
BCD/BTC,1573219904746,2019-11-08T13:31:44.746Z,sell,5.718e-05,41.0,0.00234438
BCD/BTC,1573219905323,2019-11-08T13:31:45.323Z,sell,5.712e-05,25.0,0.001428
BCD/BTC,1573219906725,2019-11-08T13:31:46.725Z,sell,5.712e-05,25.0,0.001428
BCD/BTC,1573219908328,2019-11-08T13:31:48.328Z,sell,5.712e-05,25.0,0.001428
BCD/BTC,1573219909590,2019-11-08T13:31:49.590Z,sell,5.712e-05,25.0,0.001428
BCD/BTC,1573219910901,2019-11-08T13:31:50.901Z,sell,5.712e-05,25.0,0.001428
BCD/BTC,1573219911958,2019-11-08T13:31:51.958Z,buy,5.745e-05,7.0,0.00040215
BCD/BTC,1573219912098,2019-11-08T13:31:52.098Z,sell,5.712e-05,25.0,0.001428
BCD/BTC,1573219915581,2019-11-08T13:31:55.581Z,sell,5.712e-05,3.0,0.00017136
BCD/BTC,1573219915581,2019-11-08T13:31:55.581Z,sell,5.708e-05,22.0,0.00125576
BCD/BTC,1573219916770,2019-11-08T13:31:56.770Z,sell,5.708e-05,25.0,0.001427
BCD/BTC,1573219918467,2019-11-08T13:31:58.467Z,buy,5.743e-05,16.0,0.00091888
BCD/BTC,1573219918467,2019-11-08T13:31:58.467Z,buy,5.753e-05,25.0,0.00143825
BCD/BTC,1573219918467,2019-11-08T13:31:58.467Z,buy,5.754e-05,15.0,0.0008631
BCD/BTC,1573219918467,2019-11-08T13:31:58.467Z,buy,5.755e-05,50.0,0.0028775
BCD/BTC,1573219918467,2019-11-08T13:31:58.467Z,buy,5.756e-05,14.0,0.0008058399999999
BCD/BTC,1573219918467,2019-11-08T13:31:58.467Z,buy,5.758e-05,50.0,0.002879
BCD/BTC,1573219918467,2019-11-08T13:31:58.467Z,buy,5.759e-05,105.0,0.00604695
BCD/BTC,1573219918467,2019-11-08T13:31:58.467Z,buy,5.76e-05,25.0,0.0014399999999999
BCD/BTC,1573219918467,2019-11-08T13:31:58.467Z,buy,5.762e-05,132.0,0.00760584
BCD/BTC,1573219922950,2019-11-08T13:32:02.950Z,sell,5.721e-05,25.0,0.00143025
BCD/BTC,1573219928634,2019-11-08T13:32:08.634Z,sell,5.724e-05,3.0,0.00017172
BCD/BTC,1573219928634,2019-11-08T13:32:08.634Z,sell,5.722e-05,22.0,0.00125884
BCD/BTC,1573219931233,2019-11-08T13:32:11.233Z,sell,5.722e-05,129.0,0.00738138
BCD/BTC,1573219931458,2019-11-08T13:32:11.458Z,sell,5.721e-05,38.0,0.00217398
BCD/BTC,1573219931516,2019-11-08T13:32:11.516Z,sell,5.721e-05,30.0,0.0017163
BCD/BTC,1573219932049,2019-11-08T13:32:12.049Z,sell,5.722e-05,25.0,0.0014305
BCD/BTC,1573219933283,2019-11-08T13:32:13.283Z,sell,5.721e-05,25.0,0.00143025
BCD/BTC,1573219934315,2019-11-08T13:32:14.315Z,sell,5.721e-05,25.0,0.00143025
BCD/BTC,1573219935432,2019-11-08T13:32:15.432Z,sell,5.721e-05,25.0,0.00143025
BCD/BTC,1573219936790,2019-11-08T13:32:16.790Z,sell,5.721e-05,25.0,0.00143025
BCD/BTC,1573219937890,2019-11-08T13:32:17.890Z,sell,5.721e-05,25.0,0.00143025
BCD/BTC,1573219938973,2019-11-08T13:32:18.973Z,sell,5.721e-05,25.0,0.00143025
BCD/BTC,1573219940313,2019-11-08T13:32:20.313Z,sell,5.721e-05,38.0,0.00217398
BCD/BTC,1573219940316,2019-11-08T13:32:20.316Z,sell,5.721e-05,25.0,0.00143025
BCD/BTC,1573219941622,2019-11-08T13:32:21.622Z,sell,5.721e-05,25.0,0.00143025
BCD/BTC,1573219941941,2019-11-08T13:32:21.941Z,sell,5.721e-05,16.0,0.00091536
BCD/BTC,1573219941941,2019-11-08T13:32:21.941Z,sell,5.72e-05,35.0,0.002002
BCD/BTC,1573219942234,2019-11-08T13:32:22.234Z,sell,5.72e-05,10.0,0.000572
BCD/BTC,1573219942483,2019-11-08T13:32:22.483Z,sell,5.72e-05,30.0,0.001716
BCD/BTC,1573219942854,2019-11-08T13:32:22.854Z,sell,5.721e-05,25.0,0.00143025
BCD/BTC,1573219943332,2019-11-08T13:32:23.332Z,sell,5.721e-05,61.0,0.00348981
BCD/BTC,1573219943996,2019-11-08T13:32:23.996Z,sell,5.72e-05,25.0,0.00143
BCD/BTC,1573219944972,2019-11-08T13:32:24.972Z,sell,5.72e-05,25.0,0.00143
BCD/BTC,1573219946066,2019-11-08T13:32:26.066Z,sell,5.72e-05,25.0,0.00143
BCD/BTC,1573219947245,2019-11-08T13:32:27.245Z,sell,5.72e-05,25.0,0.00143
BCD/BTC,1573219948200,2019-11-08T13:32:28.200Z,sell,5.72e-05,25.0,0.00143
BCD/BTC,1573219949292,2019-11-08T13:32:29.292Z,sell,5.72e-05,25.0,0.00143
BCD/BTC,1573219950409,2019-11-08T13:32:30.409Z,sell,5.72e-05,25.0,0.00143
BCD/BTC,1573219951442,2019-11-08T13:32:31.442Z,sell,5.72e-05,25.0,0.00143
BCD/BTC,1573219952584,2019-11-08T13:32:32.584Z,sell,5.72e-05,25.0,0.00143
BCD/BTC,1573219953559,2019-11-08T13:32:33.559Z,sell,5.72e-05,25.0,0.00143
BCD/BTC,1573219954642,2019-11-08T13:32:34.642Z,sell,5.72e-05,25.0,0.00143
BCD/BTC,1573219955729,2019-11-08T13:32:35.729Z,sell,5.72e-05,25.0,0.00143
BCD/BTC,1573219955906,2019-11-08T13:32:35.906Z,sell,5.72e-05,62.0,0.0035464
BCD/BTC,1573219955906,2019-11-08T13:32:35.906Z,sell,5.708e-05,25.0,0.001427
BCD/BTC,1573219987024,2019-11-08T13:33:07.024Z,sell,5.7e-05,5.0,0.000285
BCD/BTC,1573219993897,2019-11-08T13:33:13.897Z,buy,5.699e-05,126.0,0.00718074
BCD/BTC,1573220004089,2019-11-08T13:33:24.089Z,buy,5.69e-05,690.0,0.039261
BCD/BTC,1573220004242,2019-11-08T13:33:24.242Z,buy,5.69e-05,214.0,0.0121766
BCD/BTC,1573220006214,2019-11-08T13:33:26.214Z,buy,5.69e-05,70.0,0.003983
BCD/BTC,1573220012846,2019-11-08T13:33:32.846Z,sell,5.687e-05,25.0,0.00142175
BCD/BTC,1573220013933,2019-11-08T13:33:33.933Z,sell,5.687e-05,25.0,0.00142175
BCD/BTC,1573220015192,2019-11-08T13:33:35.192Z,sell,5.687e-05,25.0,0.00142175
BCD/BTC,1573220016142,2019-11-08T13:33:36.142Z,sell,5.687e-05,15.0,0.00085305
BCD/BTC,1573220016142,2019-11-08T13:33:36.142Z,sell,5.686e-05,9.0,0.00051174
BCD/BTC,1573220016142,2019-11-08T13:33:36.142Z,sell,5.679e-05,1.0,5.679e-05
BCD/BTC,1573220053159,2019-11-08T13:34:13.159Z,buy,5.698e-05,67.0,0.00381766
BCD/BTC,1573220054483,2019-11-08T13:34:14.483Z,buy,5.698e-05,21.0,0.00119658
BCD/BTC,1573220056906,2019-11-08T13:34:16.906Z,sell,5.699e-05,25.0,0.00142475
BCD/BTC,1573220057867,2019-11-08T13:34:17.867Z,sell,5.699e-05,25.0,0.00142475
BCD/BTC,1573220058996,2019-11-08T13:34:18.996Z,sell,5.699e-05,25.0,0.00142475
BCD/BTC,1573220058996,2019-11-08T13:34:18.996Z,sell,5.699e-05,25.0,0.00142475
BCD/BTC,1573220842661,2019-11-08T13:47:22.661Z,sell,5.708e-05,256.0,0.01461248
BCD/BTC,1573220918260,2019-11-08T13:48:38.260Z,buy,5.708e-05,44.0,0.00251152
BCD/BTC,1573220959098,2019-11-08T13:49:19.098Z,buy,5.717e-05,215.0,0.01229155
BCD/BTC,1573220959562,2019-11-08T13:49:19.562Z,buy,5.717e-05,18.0,0.00102906
BCD/BTC,1573220959847,2019-11-08T13:49:19.847Z,buy,5.717e-05,73.0,0.00417341
BCD/BTC,1573220961010,2019-11-08T13:49:21.010Z,buy,5.722e-05,18.0,0.00102996
BCD/BTC,1573220961120,2019-11-08T13:49:21.120Z,buy,5.722e-05,31.0,0.00177382
BCD/BTC,1573220976316,2019-11-08T13:49:36.316Z,buy,5.715e-05,30.0,0.0017145
BCD/BTC,1573220977613,2019-11-08T13:49:37.613Z,buy,5.716e-05,55.0,0.0031438
BCD/BTC,1573221125646,2019-11-08T13:52:05.646Z,buy,5.716e-05,27.0,0.00154332
BCD/BTC,1573221163651,2019-11-08T13:52:43.651Z,buy,5.725e-05,13.0,0.00074425
BCD/BTC,1573221163651,2019-11-08T13:52:43.651Z,buy,5.726e-05,21.0,0.00120246
BCD/BTC,1573221520685,2019-11-08T13:58:40.685Z,sell,5.691e-05,9.0,0.00051219
BCD/BTC,1573221698374,2019-11-08T14:01:38.374Z,sell,5.7e-05,21.0,0.001197
BCD/BTC,1573221698487,2019-11-08T14:01:38.487Z,sell,5.694e-05,41.0,0.00233454
BCD/BTC,1573221700290,2019-11-08T14:01:40.290Z,sell,5.694e-05,73.0,0.00415662
BCD/BTC,1573221702076,2019-11-08T14:01:42.076Z,sell,5.694e-05,15.0,0.0008541
BCD/BTC,1573221732721,2019-11-08T14:02:12.721Z,sell,5.692e-05,25.0,0.001423
BCD/BTC,1573221740828,2019-11-08T14:02:20.828Z,sell,5.692e-05,25.0,0.001423
BCD/BTC,1573221741979,2019-11-08T14:02:21.979Z,sell,5.692e-05,25.0,0.001423
BCD/BTC,1573221764595,2019-11-08T14:02:44.595Z,sell,5.691e-05,2.0,0.00011382
BCD/BTC,1573221764595,2019-11-08T14:02:44.595Z,sell,5.688e-05,80.0,0.0045504
BCD/BTC,1573221764595,2019-11-08T14:02:44.595Z,sell,5.687e-05,53.0,0.00301411
BCD/BTC,1573221764595,2019-11-08T14:02:44.595Z,sell,5.682e-05,213.0,0.01210266
BCD/BTC,1573221764595,2019-11-08T14:02:44.595Z,sell,5.681e-05,858.0,0.04874298
BCD/BTC,1573221764595,2019-11-08T14:02:44.595Z,sell,5.68e-05,786.0,0.0446448
BCD/BTC,1573221764595,2019-11-08T14:02:44.595Z,sell,5.679e-05,12.0,0.0006814799999999
BCD/BTC,1573221764595,2019-11-08T14:02:44.595Z,sell,5.673e-05,3.0,0.00017019
BCD/BTC,1573221764595,2019-11-08T14:02:44.595Z,sell,5.67e-05,43.0,0.0024381
BCD/BTC,1573221764595,2019-11-08T14:02:44.595Z,sell,5.665e-05,5.0,0.00028325
BCD/BTC,1573221764595,2019-11-08T14:02:44.595Z,sell,5.651e-05,610.0,0.0344711
BCD/BTC,1573221764595,2019-11-08T14:02:44.595Z,sell,5.64e-05,26.0,0.0014664
BCD/BTC,1573221764595,2019-11-08T14:02:44.595Z,sell,5.638e-05,3.0,0.00016914
BCD/BTC,1573221764595,2019-11-08T14:02:44.595Z,sell,5.633e-05,5.0,0.00028165
BCD/BTC,1573221764595,2019-11-08T14:02:44.595Z,sell,5.631e-05,79.0,0.00444849
BCD/BTC,1573221764595,2019-11-08T14:02:44.595Z,sell,5.63e-05,48.0,0.0027023999999999
BCD/BTC,1573221764595,2019-11-08T14:02:44.595Z,sell,5.623e-05,24.0,0.00134952
BCD/BTC,1573221765539,2019-11-08T14:02:45.539Z,sell,5.688e-05,87.0,0.0049485599999999
BCD/BTC,1573221765776,2019-11-08T14:02:45.776Z,sell,5.625e-05,183.0,0.0102937499999999
BCD/BTC,1573221765776,2019-11-08T14:02:45.776Z,sell,5.624e-05,68.0,0.00382432
BCD/BTC,1573221765776,2019-11-08T14:02:45.776Z,sell,5.623e-05,440.0,0.0247412
BCD/BTC,1573221765776,2019-11-08T14:02:45.776Z,sell,5.62e-05,274.0,0.0153987999999999
BCD/BTC,1573221765776,2019-11-08T14:02:45.776Z,sell,5.615e-05,1210.0,0.0679415
BCD/BTC,1573221765776,2019-11-08T14:02:45.776Z,sell,5.613e-05,2.0,0.00011226
BCD/BTC,1573221765776,2019-11-08T14:02:45.776Z,sell,5.61e-05,23.0,0.0012903
BCD/BTC,1573221772152,2019-11-08T14:02:52.152Z,buy,5.658e-05,204.0,0.01154232
BCD/BTC,1573221779223,2019-11-08T14:02:59.223Z,buy,5.647e-05,30.0,0.0016941
BCD/BTC,1573221781274,2019-11-08T14:03:01.274Z,buy,5.647e-05,30.0,0.0016941
BCD/BTC,1573221787035,2019-11-08T14:03:07.035Z,buy,5.635e-05,20.0,0.001127
BCD/BTC,1573221800997,2019-11-08T14:03:20.997Z,buy,5.665e-05,5.0,0.00028325
BCD/BTC,1573221800997,2019-11-08T14:03:20.997Z,buy,5.673e-05,3.0,0.00017019
BCD/BTC,1573221801110,2019-11-08T14:03:21.110Z,sell,5.673e-05,54.0,0.00306342
BCD/BTC,1573221801119,2019-11-08T14:03:21.119Z,sell,5.673e-05,54.0,0.00306342
BCD/BTC,1573221801148,2019-11-08T14:03:21.148Z,sell,5.673e-05,333.0,0.01889109
BCD/BTC,1573221801308,2019-11-08T14:03:21.308Z,sell,5.673e-05,36.0,0.00204228
BCD/BTC,1573221803729,2019-11-08T14:03:23.729Z,sell,5.638e-05,25.0,0.0014095
BCD/BTC,1573221858715,2019-11-08T14:04:18.715Z,buy,5.664e-05,20.0,0.0011328
BCD/BTC,1573222298753,2019-11-08T14:11:38.753Z,sell,5.639e-05,67.0,0.00377813
BCD/BTC,1573222298754,2019-11-08T14:11:38.754Z,sell,5.639e-05,1.0,5.639e-05
BCD/BTC,1573222298754,2019-11-08T14:11:38.754Z,sell,5.638e-05,3.0,0.00016914
BCD/BTC,1573222298754,2019-11-08T14:11:38.754Z,sell,5.635e-05,8.0,0.0004508
BCD/BTC,1573222298760,2019-11-08T14:11:38.760Z,sell,5.631e-05,5.0,0.00028155
BCD/BTC,1573222298760,2019-11-08T14:11:38.760Z,sell,5.63e-05,82.0,0.0046166
BCD/BTC,1573222298763,2019-11-08T14:11:38.763Z,sell,5.63e-05,93.0,0.0052359
BCD/BTC,1573222298843,2019-11-08T14:11:38.843Z,buy,5.633e-05,67.0,0.00377411
BCD/BTC,1573222299905,2019-11-08T14:11:39.905Z,buy,5.635e-05,26.0,0.0014651
BCD/BTC,1573222328346,2019-11-08T14:12:08.346Z,buy,5.635e-05,2.0,0.0001127
BCD/BTC,1573222349005,2019-11-08T14:12:29.005Z,buy,5.635e-05,3.0,0.00016905
BCD/BTC,1573222349005,2019-11-08T14:12:29.005Z,buy,5.658e-05,1.0,5.658e-05
BCD/BTC,1573222349028,2019-11-08T14:12:29.028Z,buy,5.658e-05,26.0,0.0014710799999999
BCD/BTC,1573222367053,2019-11-08T14:12:47.053Z,buy,5.658e-05,155.0,0.0087698999999999
BCD/BTC,1573222367149,2019-11-08T14:12:47.149Z,buy,5.659e-05,53.0,0.00299927
BCD/BTC,1573222368119,2019-11-08T14:12:48.119Z,buy,5.658e-05,26.0,0.0014710799999999
BCD/BTC,1573222862076,2019-11-08T14:21:02.076Z,buy,5.66e-05,298.0,0.0168668
BCD/BTC,1573222862076,2019-11-08T14:21:02.076Z,buy,5.661e-05,118.0,0.00667998
BCD/BTC,1573222873250,2019-11-08T14:21:13.250Z,buy,5.662e-05,79.0,0.00447298
BCD/BTC,1573223375574,2019-11-08T14:29:35.574Z,buy,5.657e-05,53.0,0.00299821
BCD/BTC,1573223375574,2019-11-08T14:29:35.574Z,buy,5.658e-05,2209.0,0.12498522
BCD/BTC,1573223430661,2019-11-08T14:30:30.661Z,buy,5.657e-05,69.0,0.00390333
BCD/BTC,1573223499788,2019-11-08T14:31:39.788Z,buy,5.657e-05,31.0,0.00175367
BCD/BTC,1573223500268,2019-11-08T14:31:40.268Z,buy,5.657e-05,5.0,0.00028285
BCD/BTC,1573223500268,2019-11-08T14:31:40.268Z,buy,5.658e-05,20.0,0.0011316
BCD/BTC,1573223503919,2019-11-08T14:31:43.919Z,buy,5.658e-05,25.0,0.0014145
BCD/BTC,1573223505130,2019-11-08T14:31:45.130Z,buy,5.658e-05,25.0,0.0014145
BCD/BTC,1573223506201,2019-11-08T14:31:46.201Z,buy,5.658e-05,25.0,0.0014145
BCD/BTC,1573223507811,2019-11-08T14:31:47.811Z,buy,5.658e-05,25.0,0.0014145
BCD/BTC,1573223509814,2019-11-08T14:31:49.814Z,buy,5.658e-05,25.0,0.0014145
BCD/BTC,1573223510851,2019-11-08T14:31:50.851Z,buy,5.658e-05,25.0,0.0014145
BCD/BTC,1573223511959,2019-11-08T14:31:51.959Z,buy,5.658e-05,25.0,0.0014145
BCD/BTC,1573223512965,2019-11-08T14:31:52.965Z,buy,5.658e-05,25.0,0.0014145
BCD/BTC,1573223513973,2019-11-08T14:31:53.973Z,buy,5.658e-05,25.0,0.0014145
BCD/BTC,1573223514968,2019-11-08T14:31:54.968Z,buy,5.658e-05,25.0,0.0014145
BCD/BTC,1573223516077,2019-11-08T14:31:56.077Z,buy,5.658e-05,25.0,0.0014145
BCD/BTC,1573223517165,2019-11-08T14:31:57.165Z,buy,5.658e-05,25.0,0.0014145
BCD/BTC,1573223518160,2019-11-08T14:31:58.160Z,buy,5.658e-05,25.0,0.0014145
BCD/BTC,1573223519058,2019-11-08T14:31:59.058Z,buy,5.658e-05,25.0,0.0014145
BCD/BTC,1573223520070,2019-11-08T14:32:00.070Z,buy,5.658e-05,25.0,0.0014145
BCD/BTC,1573223521217,2019-11-08T14:32:01.217Z,buy,5.658e-05,25.0,0.0014145
BCD/BTC,1573223522396,2019-11-08T14:32:02.396Z,buy,5.658e-05,25.0,0.0014145
BCD/BTC,1573223523595,2019-11-08T14:32:03.595Z,buy,5.658e-05,25.0,0.0014145
BCD/BTC,1573223525083,2019-11-08T14:32:05.083Z,buy,5.658e-05,25.0,0.0014145
BCD/BTC,1573223526165,2019-11-08T14:32:06.165Z,buy,5.658e-05,25.0,0.0014145
BCD/BTC,1573223527422,2019-11-08T14:32:07.422Z,buy,5.658e-05,25.0,0.0014145
BCD/BTC,1573223528414,2019-11-08T14:32:08.414Z,buy,5.658e-05,25.0,0.0014145
BCD/BTC,1573223529355,2019-11-08T14:32:09.355Z,buy,5.658e-05,25.0,0.0014145
BCD/BTC,1573223530453,2019-11-08T14:32:10.453Z,buy,5.658e-05,25.0,0.0014145
BCD/BTC,1573223532297,2019-11-08T14:32:12.297Z,buy,5.658e-05,25.0,0.0014145
BCD/BTC,1573223533310,2019-11-08T14:32:13.310Z,buy,5.658e-05,25.0,0.0014145
BCD/BTC,1573223534329,2019-11-08T14:32:14.329Z,buy,5.658e-05,25.0,0.0014145
BCD/BTC,1573223536078,2019-11-08T14:32:16.078Z,buy,5.658e-05,25.0,0.0014145
BCD/BTC,1573223537040,2019-11-08T14:32:17.040Z,buy,5.658e-05,25.0,0.0014145
BCD/BTC,1573223651566,2019-11-08T14:34:11.566Z,sell,5.636e-05,233.0,0.01313188
BCD/BTC,1573223651566,2019-11-08T14:34:11.566Z,sell,5.636e-05,233.0,0.01313188
BCD/BTC,1573223669384,2019-11-08T14:34:29.384Z,sell,5.654e-05,155.0,0.0087637
BCD/BTC,1573223669384,2019-11-08T14:34:29.384Z,sell,5.653e-05,199.0,0.01124947
BCD/BTC,1573223680277,2019-11-08T14:34:40.277Z,buy,5.658e-05,10.0,0.0005658
BCD/BTC,1573223688922,2019-11-08T14:34:48.922Z,sell,5.654e-05,78.0,0.00441012
BCD/BTC,1573223701810,2019-11-08T14:35:01.810Z,sell,5.654e-05,77.0,0.00435358
BCD/BTC,1573223710352,2019-11-08T14:35:10.352Z,sell,5.654e-05,52.0,0.00294008
BCD/BTC,1573223719701,2019-11-08T14:35:19.701Z,sell,5.654e-05,104.0,0.00588016
BCD/BTC,1573223731691,2019-11-08T14:35:31.691Z,sell,5.653e-05,155.0,0.00876215
BCD/BTC,1573223734950,2019-11-08T14:35:34.950Z,buy,5.662e-05,25.0,0.0014154999999999
BCD/BTC,1573223735903,2019-11-08T14:35:35.903Z,buy,5.662e-05,25.0,0.0014154999999999
BCD/BTC,1573223737002,2019-11-08T14:35:37.002Z,buy,5.662e-05,25.0,0.0014154999999999
BCD/BTC,1573223737912,2019-11-08T14:35:37.912Z,buy,5.662e-05,25.0,0.0014154999999999
BCD/BTC,1573223738932,2019-11-08T14:35:38.932Z,buy,5.662e-05,25.0,0.0014154999999999
BCD/BTC,1573223739947,2019-11-08T14:35:39.947Z,buy,5.662e-05,25.0,0.0014154999999999
BCD/BTC,1573223741029,2019-11-08T14:35:41.029Z,buy,5.662e-05,25.0,0.0014154999999999
BCD/BTC,1573223741902,2019-11-08T14:35:41.902Z,buy,5.662e-05,25.0,0.0014154999999999
BCD/BTC,1573223742967,2019-11-08T14:35:42.967Z,buy,5.662e-05,25.0,0.0014154999999999
BCD/BTC,1573223749850,2019-11-08T14:35:49.850Z,buy,5.662e-05,25.0,0.0014154999999999
BCD/BTC,1573223750787,2019-11-08T14:35:50.787Z,buy,5.662e-05,25.0,0.0014154999999999
BCD/BTC,1573223751702,2019-11-08T14:35:51.702Z,buy,5.662e-05,25.0,0.0014154999999999
BCD/BTC,1573223753595,2019-11-08T14:35:53.595Z,buy,5.662e-05,25.0,0.0014154999999999
BCD/BTC,1573223754471,2019-11-08T14:35:54.471Z,buy,5.662e-05,19.0,0.00107578
BCD/BTC,1573223754471,2019-11-08T14:35:54.471Z,buy,5.663e-05,6.0,0.00033978
BCD/BTC,1573223755348,2019-11-08T14:35:55.348Z,buy,5.662e-05,25.0,0.0014154999999999
BCD/BTC,1573223756384,2019-11-08T14:35:56.384Z,buy,5.662e-05,25.0,0.0014154999999999
BCD/BTC,1573223757271,2019-11-08T14:35:57.271Z,buy,5.662e-05,25.0,0.0014154999999999
BCD/BTC,1573223758319,2019-11-08T14:35:58.319Z,buy,5.662e-05,25.0,0.0014154999999999
BCD/BTC,1573223759369,2019-11-08T14:35:59.369Z,buy,5.662e-05,18.0,0.0010191599999999
BCD/BTC,1573223759369,2019-11-08T14:35:59.369Z,buy,5.663e-05,7.0,0.00039641
BCD/BTC,1573223760307,2019-11-08T14:36:00.307Z,buy,5.662e-05,25.0,0.0014154999999999
BCD/BTC,1573223761211,2019-11-08T14:36:01.211Z,buy,5.662e-05,25.0,0.0014154999999999
BCD/BTC,1573223762715,2019-11-08T14:36:02.715Z,buy,5.662e-05,25.0,0.0014154999999999
BCD/BTC,1573223784200,2019-11-08T14:36:24.200Z,buy,5.662e-05,2.0,0.00011324
BCD/BTC,1573223854851,2019-11-08T14:37:34.851Z,sell,5.631e-05,181.0,0.01019211
BCD/BTC,1573223862590,2019-11-08T14:37:42.590Z,sell,5.631e-05,119.0,0.00670089
BCD/BTC,1573223871302,2019-11-08T14:37:51.302Z,sell,5.631e-05,79.0,0.00444849
BCD/BTC,1573223878906,2019-11-08T14:37:58.906Z,sell,5.631e-05,53.0,0.00298443
BCD/BTC,1573223882861,2019-11-08T14:38:02.861Z,sell,5.631e-05,107.0,0.00602517
BCD/BTC,1573223891970,2019-11-08T14:38:11.970Z,sell,5.63e-05,203.0,0.0114289
BCD/BTC,1573223904996,2019-11-08T14:38:24.996Z,sell,5.623e-05,43.0,0.00241789
BCD/BTC,1573223961464,2019-11-08T14:39:21.464Z,buy,5.661e-05,25.0,0.00141525
BCD/BTC,1573223962365,2019-11-08T14:39:22.365Z,buy,5.661e-05,25.0,0.00141525
BCD/BTC,1573223963391,2019-11-08T14:39:23.391Z,buy,5.662e-05,25.0,0.0014154999999999
BCD/BTC,1573223970036,2019-11-08T14:39:30.036Z,buy,5.662e-05,25.0,0.0014154999999999
BCD/BTC,1573223971585,2019-11-08T14:39:31.585Z,buy,5.662e-05,25.0,0.0014154999999999
BCD/BTC,1573223972516,2019-11-08T14:39:32.516Z,buy,5.662e-05,25.0,0.0014154999999999
BCD/BTC,1573223973554,2019-11-08T14:39:33.554Z,buy,5.662e-05,25.0,0.0014154999999999
BCD/BTC,1573223975143,2019-11-08T14:39:35.143Z,buy,5.662e-05,25.0,0.0014154999999999
BCD/BTC,1573223976103,2019-11-08T14:39:36.103Z,buy,5.662e-05,25.0,0.0014154999999999
BCD/BTC,1573223977172,2019-11-08T14:39:37.172Z,buy,5.662e-05,25.0,0.0014154999999999
BCD/BTC,1573223978670,2019-11-08T14:39:38.670Z,buy,5.662e-05,23.0,0.00130226
BCD/BTC,1573223978670,2019-11-08T14:39:38.670Z,buy,5.663e-05,2.0,0.00011326
BCD/BTC,1573223979702,2019-11-08T14:39:39.702Z,buy,5.662e-05,25.0,0.0014154999999999
BCD/BTC,1573223980617,2019-11-08T14:39:40.617Z,buy,5.662e-05,25.0,0.0014154999999999
BCD/BTC,1573223982204,2019-11-08T14:39:42.204Z,buy,5.662e-05,25.0,0.0014154999999999
BCD/BTC,1573223983158,2019-11-08T14:39:43.158Z,buy,5.662e-05,25.0,0.0014154999999999
BCD/BTC,1573223984042,2019-11-08T14:39:44.042Z,buy,5.662e-05,25.0,0.0014154999999999
BCD/BTC,1573223984984,2019-11-08T14:39:44.984Z,buy,5.662e-05,25.0,0.0014154999999999
BCD/BTC,1573223985878,2019-11-08T14:39:45.878Z,buy,5.661e-05,25.0,0.00141525
BCD/BTC,1573223987073,2019-11-08T14:39:47.073Z,buy,5.661e-05,25.0,0.00141525
BCD/BTC,1573223988344,2019-11-08T14:39:48.344Z,buy,5.661e-05,25.0,0.00141525
BCD/BTC,1573223989353,2019-11-08T14:39:49.353Z,buy,5.662e-05,25.0,0.0014154999999999
BCD/BTC,1573223990254,2019-11-08T14:39:50.254Z,buy,5.662e-05,25.0,0.0014154999999999
BCD/BTC,1573223991214,2019-11-08T14:39:51.214Z,buy,5.662e-05,25.0,0.0014154999999999
BCD/BTC,1573223995946,2019-11-08T14:39:55.946Z,buy,5.662e-05,25.0,0.0014154999999999
BCD/BTC,1573223996949,2019-11-08T14:39:56.949Z,buy,5.661e-05,25.0,0.00141525
BCD/BTC,1573223998587,2019-11-08T14:39:58.587Z,buy,5.661e-05,25.0,0.00141525
BCD/BTC,1573223999714,2019-11-08T14:39:59.714Z,buy,5.662e-05,25.0,0.0014154999999999
BCD/BTC,1573224000772,2019-11-08T14:40:00.772Z,buy,5.662e-05,25.0,0.0014154999999999
BCD/BTC,1573224001944,2019-11-08T14:40:01.944Z,buy,5.662e-05,15.0,0.0008493
BCD/BTC,1573224001944,2019-11-08T14:40:01.944Z,buy,5.663e-05,10.0,0.0005662999999999
BCD/BTC,1573224116552,2019-11-08T14:41:56.552Z,buy,5.663e-05,42.0,0.0023784599999999
BCD/BTC,1573224174825,2019-11-08T14:42:54.825Z,buy,5.627e-05,617.0,0.03471859
BCD/BTC,1573224174893,2019-11-08T14:42:54.893Z,sell,5.625e-05,142.0,0.0079875
BCD/BTC,1573224174893,2019-11-08T14:42:54.893Z,sell,5.623e-05,340.0,0.0191182
BCD/BTC,1573224175058,2019-11-08T14:42:55.058Z,buy,5.663e-05,2.0,0.00011326
BCD/BTC,1573224175058,2019-11-08T14:42:55.058Z,buy,5.665e-05,5.0,0.00028325
BCD/BTC,1573224175058,2019-11-08T14:42:55.058Z,buy,5.673e-05,3.0,0.00017019
BCD/BTC,1573224175058,2019-11-08T14:42:55.058Z,buy,5.679e-05,13.0,0.00073827
BCD/BTC,1573224175058,2019-11-08T14:42:55.058Z,buy,5.699e-05,2.0,0.00011398
BCD/BTC,1573224230229,2019-11-08T14:43:50.229Z,buy,5.651e-05,178.0,0.01005878
BCD/BTC,1573224408681,2019-11-08T14:46:48.681Z,buy,5.673e-05,25.0,0.00141825
BCD/BTC,1573224410198,2019-11-08T14:46:50.198Z,buy,5.673e-05,25.0,0.00141825
BCD/BTC,1573224411566,2019-11-08T14:46:51.566Z,buy,5.673e-05,6.0,0.00034038
BCD/BTC,1573224411566,2019-11-08T14:46:51.566Z,buy,5.675e-05,19.0,0.00107825
BCD/BTC,1573224412937,2019-11-08T14:46:52.937Z,buy,5.675e-05,25.0,0.0014187499999999
BCD/BTC,1573224573540,2019-11-08T14:49:33.540Z,sell,5.639e-05,45.0,0.00253755
BCD/BTC,1573224882735,2019-11-08T14:54:42.735Z,sell,5.642e-05,4.0,0.00022568
BCD/BTC,1573224882735,2019-11-08T14:54:42.735Z,sell,5.639e-05,22.0,0.00124058
BCD/BTC,1573225068045,2019-11-08T14:57:48.045Z,buy,5.649e-05,26.0,0.00146874
BCD/BTC,1573225068100,2019-11-08T14:57:48.100Z,buy,5.649e-05,26.0,0.00146874
BCD/BTC,1573225082671,2019-11-08T14:58:02.671Z,sell,5.638e-05,3.0,0.00016914
BCD/BTC,1573225154066,2019-11-08T14:59:14.066Z,sell,5.633e-05,13.0,0.00073229
BCD/BTC,1573225154066,2019-11-08T14:59:14.066Z,sell,5.631e-05,5.0,0.00028155
BCD/BTC,1573225154066,2019-11-08T14:59:14.066Z,sell,5.624e-05,173.0,0.00972952
BCD/BTC,1573225154066,2019-11-08T14:59:14.066Z,sell,5.623e-05,74.0,0.00416102
BCD/BTC,1573225154066,2019-11-08T14:59:14.066Z,sell,5.622e-05,154.0,0.00865788
BCD/BTC,1573225154252,2019-11-08T14:59:14.252Z,sell,5.622e-05,104.0,0.00584688
BCD/BTC,1573225414331,2019-11-08T15:03:34.331Z,sell,5.615e-05,2.0,0.0001123
BCD/BTC,1573225414331,2019-11-08T15:03:34.331Z,sell,5.611e-05,16.0,0.00089776
BCD/BTC,1573225999231,2019-11-08T15:13:19.231Z,buy,5.612e-05,30.0,0.0016836
BCD/BTC,1573225999292,2019-11-08T15:13:19.292Z,buy,5.612e-05,82.0,0.0046018399999999
BCD/BTC,1573226000997,2019-11-08T15:13:20.997Z,buy,5.612e-05,39.0,0.00218868
BCD/BTC,1573226001577,2019-11-08T15:13:21.577Z,buy,5.612e-05,391.0,0.0219429199999999
BCD/BTC,1573226012881,2019-11-08T15:13:32.881Z,buy,5.639e-05,41.0,0.00231199
BCD/BTC,1573226281374,2019-11-08T15:18:01.374Z,sell,5.613e-05,123.0,0.00690399
BCD/BTC,1573226281374,2019-11-08T15:18:01.374Z,sell,5.612e-05,66.0,0.00370392
BCD/BTC,1573226282152,2019-11-08T15:18:02.152Z,sell,5.612e-05,159.0,0.00892308
BCD/BTC,1573226282160,2019-11-08T15:18:02.160Z,sell,5.612e-05,24.0,0.00134688
BCD/BTC,1573226282160,2019-11-08T15:18:02.160Z,sell,5.611e-05,2.0,0.00011222
BCD/BTC,1573226282160,2019-11-08T15:18:02.160Z,sell,5.61e-05,65.0,0.0036465
BCD/BTC,1573226282210,2019-11-08T15:18:02.210Z,buy,5.61e-05,121.0,0.0067881
BCD/BTC,1573226282289,2019-11-08T15:18:02.289Z,sell,5.603e-05,3.0,0.00016809
BCD/BTC,1573226282289,2019-11-08T15:18:02.289Z,sell,5.6e-05,103.0,0.005768
BCD/BTC,1573226282487,2019-11-08T15:18:02.487Z,buy,5.605e-05,21.0,0.00117705
BCD/BTC,1573226312957,2019-11-08T15:18:32.957Z,sell,5.602e-05,9.0,0.00050418
BCD/BTC,1573226359942,2019-11-08T15:19:19.942Z,buy,5.636e-05,29.0,0.00163444
BCD/BTC,1573226359942,2019-11-08T15:19:19.942Z,buy,5.636e-05,29.0,0.00163444
BCD/BTC,1573227570940,2019-11-08T15:39:30.940Z,buy,5.637e-05,9.0,0.00050733
BCD/BTC,1573227570940,2019-11-08T15:39:30.940Z,buy,5.638e-05,3.0,0.00016914
BCD/BTC,1573227918917,2019-11-08T15:45:18.917Z,buy,5.655e-05,114.0,0.0064467
BCD/BTC,1573228120727,2019-11-08T15:48:40.727Z,sell,5.635e-05,30.0,0.0016905
BCD/BTC,1573228210237,2019-11-08T15:50:10.237Z,sell,5.634e-05,113.0,0.00636642
BCD/BTC,1573228301668,2019-11-08T15:51:41.668Z,buy,5.645e-05,25.0,0.00141125
BCD/BTC,1573228301838,2019-11-08T15:51:41.838Z,buy,5.645e-05,36.0,0.0020322
BCD/BTC,1573228302693,2019-11-08T15:51:42.693Z,buy,5.645e-05,25.0,0.00141125
BCD/BTC,1573228656981,2019-11-08T15:57:36.981Z,buy,5.638e-05,135.0,0.0076113
BCD/BTC,1573228658091,2019-11-08T15:57:38.091Z,buy,5.637e-05,25.0,0.00140925
BCD/BTC,1573228661496,2019-11-08T15:57:41.496Z,buy,5.641e-05,25.0,0.0014102499999999
BCD/BTC,1573228662617,2019-11-08T15:57:42.617Z,buy,5.641e-05,25.0,0.0014102499999999
BCD/BTC,1573228663609,2019-11-08T15:57:43.609Z,buy,5.641e-05,25.0,0.0014102499999999
BCD/BTC,1573228663800,2019-11-08T15:57:43.800Z,buy,5.641e-05,80.0,0.0045128
BCD/BTC,1573228663800,2019-11-08T15:57:43.800Z,buy,5.655e-05,2.0,0.0001131
BCD/BTC,1573228663800,2019-11-08T15:57:43.800Z,buy,5.664e-05,23.0,0.00130272
BCD/BTC,1573228909416,2019-11-08T16:01:49.416Z,buy,5.664e-05,2.0,0.00011328
BCD/BTC,1573228909416,2019-11-08T16:01:49.416Z,buy,5.665e-05,5.0,0.00028325
BCD/BTC,1573228909416,2019-11-08T16:01:49.416Z,buy,5.671e-05,97.0,0.00550087
BCD/BTC,1573228909981,2019-11-08T16:01:49.981Z,buy,5.673e-05,3.0,0.00017019
BCD/BTC,1573228909981,2019-11-08T16:01:49.981Z,buy,5.678e-05,32.0,0.00181696
BCD/BTC,1573228909999,2019-11-08T16:01:49.999Z,buy,5.678e-05,5.0,0.0002839
BCD/BTC,1573229184766,2019-11-08T16:06:24.766Z,sell,5.676e-05,200.0,0.011352
BCD/BTC,1573229193583,2019-11-08T16:06:33.583Z,buy,5.67e-05,21.0,0.0011907
BCD/BTC,1573229927352,2019-11-08T16:18:47.352Z,sell,5.651e-05,121.0,0.00683771
BCD/BTC,1573229927352,2019-11-08T16:18:47.352Z,sell,5.65e-05,254.0,0.014351
BCD/BTC,1573229927352,2019-11-08T16:18:47.352Z,sell,5.649e-05,176.0,0.00994224
BCD/BTC,1573229927352,2019-11-08T16:18:47.352Z,sell,5.64e-05,62.0,0.0034968
BCD/BTC,1573229927352,2019-11-08T16:18:47.352Z,sell,5.639e-05,58.0,0.00327062
BCD/BTC,1573229927352,2019-11-08T16:18:47.352Z,sell,5.651e-05,121.0,0.00683771
BCD/BTC,1573229927352,2019-11-08T16:18:47.352Z,sell,5.65e-05,254.0,0.014351
BCD/BTC,1573229927352,2019-11-08T16:18:47.352Z,sell,5.649e-05,176.0,0.00994224
BCD/BTC,1573229927352,2019-11-08T16:18:47.352Z,sell,5.64e-05,62.0,0.0034968
BCD/BTC,1573229927352,2019-11-08T16:18:47.352Z,sell,5.639e-05,58.0,0.00327062
BCD/BTC,1573230473107,2019-11-08T16:27:53.107Z,buy,5.667e-05,84.0,0.0047602799999999
BCD/BTC,1573230840930,2019-11-08T16:34:00.930Z,sell,5.667e-05,9.0,0.00051003
BCD/BTC,1573230841132,2019-11-08T16:34:01.132Z,sell,5.667e-05,9.0,0.00051003
BCD/BTC,1573231016097,2019-11-08T16:36:56.097Z,sell,5.648e-05,17.0,0.00096016
BCD/BTC,1573231043889,2019-11-08T16:37:23.889Z,sell,5.649e-05,56.0,0.00316344
BCD/BTC,1573231043889,2019-11-08T16:37:23.889Z,sell,5.648e-05,84.0,0.00474432
BCD/BTC,1573231043889,2019-11-08T16:37:23.889Z,sell,5.647e-05,56.0,0.00316232
BCD/BTC,1573231043889,2019-11-08T16:37:23.889Z,sell,5.643e-05,178.0,0.01004454
BCD/BTC,1573231043889,2019-11-08T16:37:23.889Z,sell,5.638e-05,3.0,0.00016914
BCD/BTC,1573231043889,2019-11-08T16:37:23.889Z,sell,5.636e-05,1387.0,0.07817132
BCD/BTC,1573231043889,2019-11-08T16:37:23.889Z,sell,5.631e-05,5.0,0.00028155
BCD/BTC,1573231043889,2019-11-08T16:37:23.889Z,sell,5.615e-05,17.0,0.00095455
BCD/BTC,1573231043889,2019-11-08T16:37:23.889Z,sell,5.608e-05,611.0,0.03426488
BCD/BTC,1573231043889,2019-11-08T16:37:23.889Z,sell,5.607e-05,724.0,0.04059468
BCD/BTC,1573231050734,2019-11-08T16:37:30.734Z,buy,5.651e-05,233.0,0.01316683
BCD/BTC,1573231065262,2019-11-08T16:37:45.262Z,sell,5.623e-05,145.0,0.00815335
BCD/BTC,1573231065262,2019-11-08T16:37:45.262Z,sell,5.622e-05,94.0,0.00528468
BCD/BTC,1573231065262,2019-11-08T16:37:45.262Z,sell,5.61e-05,515.0,0.0288915
BCD/BTC,1573231108317,2019-11-08T16:38:28.317Z,buy,5.647e-05,168.0,0.00948696
BCD/BTC,1573231111450,2019-11-08T16:38:31.450Z,buy,5.65e-05,59.0,0.0033334999999999
BCD/BTC,1573231164910,2019-11-08T16:39:24.910Z,buy,5.649e-05,335.0,0.01892415
BCD/BTC,1573231396931,2019-11-08T16:43:16.931Z,buy,5.654e-05,17.0,0.00096118
BCD/BTC,1573231396931,2019-11-08T16:43:16.931Z,buy,5.665e-05,5.0,0.00028325
BCD/BTC,1573231396931,2019-11-08T16:43:16.931Z,buy,5.667e-05,18.0,0.00102006
BCD/BTC,1573231396931,2019-11-08T16:43:16.931Z,buy,5.668e-05,92.0,0.00521456
BCD/BTC,1573231396931,2019-11-08T16:43:16.931Z,buy,5.67e-05,92.0,0.0052164
BCD/BTC,1573231396931,2019-11-08T16:43:16.931Z,buy,5.673e-05,3.0,0.00017019
BCD/BTC,1573231396931,2019-11-08T16:43:16.931Z,buy,5.679e-05,271.0,0.0153900899999999
BCD/BTC,1573231396931,2019-11-08T16:43:16.931Z,buy,5.687e-05,876.0,0.04981812
BCD/BTC,1573231396931,2019-11-08T16:43:16.931Z,buy,5.688e-05,1006.0,0.05722128
BCD/BTC,1573231558768,2019-11-08T16:45:58.768Z,buy,5.687e-05,36.0,0.00204732
BCD/BTC,1573231966915,2019-11-08T16:52:46.915Z,sell,5.686e-05,134.0,0.00761924
BCD/BTC,1573231972939,2019-11-08T16:52:52.939Z,buy,5.688e-05,277.0,0.01575576
BCD/BTC,1573232007079,2019-11-08T16:53:27.079Z,buy,5.689e-05,688.0,0.03914032
BCD/BTC,1573232733046,2019-11-08T17:05:33.046Z,sell,5.687e-05,213.0,0.01211331
BCD/BTC,1573232740760,2019-11-08T17:05:40.760Z,sell,5.688e-05,106.0,0.00602928
BCD/BTC,1573233109503,2019-11-08T17:11:49.503Z,buy,5.688e-05,6.0,0.00034128
BCD/BTC,1573233109503,2019-11-08T17:11:49.503Z,buy,5.688e-05,6.0,0.00034128
BCD/BTC,1573234229178,2019-11-08T17:30:29.178Z,buy,5.686e-05,90.0,0.0051174
BCD/BTC,1573234229178,2019-11-08T17:30:29.178Z,buy,5.687e-05,106.0,0.00602822
BCD/BTC,1573234229178,2019-11-08T17:30:29.178Z,buy,5.688e-05,170.0,0.0096696
BCD/BTC,1573234329781,2019-11-08T17:32:09.781Z,sell,5.686e-05,93.0,0.00528798
BCD/BTC,1573235926001,2019-11-08T17:58:46.001Z,sell,5.688e-05,73.0,0.00415224
BCD/BTC,1573236530398,2019-11-08T18:08:50.398Z,buy,5.696e-05,3.0,0.00017088
BCD/BTC,1573236671389,2019-11-08T18:11:11.389Z,sell,5.684e-05,270.0,0.0153467999999999
BCD/BTC,1573236671389,2019-11-08T18:11:11.389Z,sell,5.684e-05,270.0,0.0153467999999999
BCD/BTC,1573236922083,2019-11-08T18:15:22.083Z,sell,5.684e-05,9.0,0.00051156
BCD/BTC,1573237053731,2019-11-08T18:17:33.731Z,buy,5.684e-05,192.0,0.01091328
BCD/BTC,1573237057930,2019-11-08T18:17:37.930Z,buy,5.694e-05,12.0,0.00068328
BCD/BTC,1573237057930,2019-11-08T18:17:37.930Z,buy,5.696e-05,7.0,0.00039872
BCD/BTC,1573237057930,2019-11-08T18:17:37.930Z,buy,5.7e-05,5.0,0.000285
BCD/BTC,1573237062137,2019-11-08T18:17:42.137Z,buy,5.708e-05,3.0,0.00017124
BCD/BTC,1573237062207,2019-11-08T18:17:42.207Z,sell,5.712e-05,106.0,0.00605472
BCD/BTC,1573237062650,2019-11-08T18:17:42.650Z,sell,5.712e-05,30.0,0.0017136
BCD/BTC,1573237062660,2019-11-08T18:17:42.660Z,sell,5.712e-05,30.0,0.0017136
BCD/BTC,1573237075001,2019-11-08T18:17:55.001Z,buy,5.719e-05,18.0,0.00102942
BCD/BTC,1573237084709,2019-11-08T18:18:04.709Z,buy,5.719e-05,124.0,0.00709156
BCD/BTC,1573237084831,2019-11-08T18:18:04.831Z,sell,5.719e-05,16.0,0.00091504
BCD/BTC,1573237090558,2019-11-08T18:18:10.558Z,buy,5.713e-05,9.0,0.00051417
BCD/BTC,1573237098193,2019-11-08T18:18:18.193Z,sell,5.715e-05,47.0,0.00268605
BCD/BTC,1573237100133,2019-11-08T18:18:20.133Z,sell,5.715e-05,30.0,0.0017145
BCD/BTC,1573237232681,2019-11-08T18:20:32.681Z,sell,5.71e-05,25.0,0.0014275
BCD/BTC,1573237233566,2019-11-08T18:20:33.566Z,sell,5.71e-05,25.0,0.0014275
BCD/BTC,1573237237112,2019-11-08T18:20:37.112Z,sell,5.71e-05,25.0,0.0014275
BCD/BTC,1573237238097,2019-11-08T18:20:38.097Z,sell,5.71e-05,25.0,0.0014275
BCD/BTC,1573237239035,2019-11-08T18:20:39.035Z,sell,5.708e-05,25.0,0.001427
BCD/BTC,1573237239278,2019-11-08T18:20:39.278Z,sell,5.708e-05,135.0,0.0077058
BCD/BTC,1573238038805,2019-11-08T18:33:58.805Z,buy,5.701e-05,160.0,0.0091216
BCD/BTC,1573238344882,2019-11-08T18:39:04.882Z,buy,5.701e-05,100.0,0.0057009999999999
BCD/BTC,1573238462840,2019-11-08T18:41:02.840Z,sell,5.7e-05,9.0,0.000513
BCD/BTC,1573238464162,2019-11-08T18:41:04.162Z,sell,5.7e-05,9.0,0.000513
BCD/BTC,1573238575227,2019-11-08T18:42:55.227Z,sell,5.7e-05,4.0,0.000228
BCD/BTC,1573238575227,2019-11-08T18:42:55.227Z,sell,5.686e-05,5.0,0.0002843
BCD/BTC,1573238575445,2019-11-08T18:42:55.445Z,sell,5.686e-05,9.0,0.00051174
BCD/BTC,1573238614373,2019-11-08T18:43:34.373Z,sell,5.686e-05,2.0,0.00011372
BCD/BTC,1573238614373,2019-11-08T18:43:34.373Z,sell,5.686e-05,2.0,0.00011372
BCD/BTC,1573241233353,2019-11-08T19:27:13.353Z,buy,5.689e-05,18.0,0.00102402
BCD/BTC,1573241233353,2019-11-08T19:27:13.353Z,buy,5.705e-05,7.0,0.00039935
BCD/BTC,1573241237839,2019-11-08T19:27:17.839Z,buy,5.703e-05,121.0,0.00690063
BCD/BTC,1573241237839,2019-11-08T19:27:17.839Z,buy,5.705e-05,64.0,0.0036512
BCD/BTC,1573241237862,2019-11-08T19:27:17.862Z,sell,5.705e-05,4.0,0.0002282
BCD/BTC,1573241352714,2019-11-08T19:29:12.714Z,sell,5.705e-05,41.0,0.00233905
BCD/BTC,1573241353486,2019-11-08T19:29:13.486Z,sell,5.705e-05,30.0,0.0017115
BCD/BTC,1573241353929,2019-11-08T19:29:13.929Z,sell,5.705e-05,30.0,0.0017115
BCD/BTC,1573241362780,2019-11-08T19:29:22.780Z,sell,5.705e-05,9.0,0.0005134499999999
BCD/BTC,1573241364007,2019-11-08T19:29:24.007Z,sell,5.705e-05,9.0,0.0005134499999999
BCD/BTC,1573241425795,2019-11-08T19:30:25.795Z,buy,5.718e-05,3.0,0.00017154
BCD/BTC,1573241644119,2019-11-08T19:34:04.119Z,buy,5.716e-05,1.0,5.716e-05
BCD/BTC,1573241898435,2019-11-08T19:38:18.435Z,buy,5.705e-05,25.0,0.00142625
BCD/BTC,1573241899324,2019-11-08T19:38:19.324Z,buy,5.705e-05,25.0,0.00142625
BCD/BTC,1573242012500,2019-11-08T19:40:12.500Z,buy,5.712e-05,135.0,0.0077112
BCD/BTC,1573242013202,2019-11-08T19:40:13.202Z,buy,5.712e-05,25.0,0.001428
BCD/BTC,1573242066681,2019-11-08T19:41:06.681Z,buy,5.716e-05,48.0,0.00274368
BCD/BTC,1573242075228,2019-11-08T19:41:15.228Z,buy,5.717e-05,84.0,0.00480228
BCD/BTC,1573242075228,2019-11-08T19:41:15.228Z,buy,5.717e-05,84.0,0.00480228
BCD/BTC,1573242616595,2019-11-08T19:50:16.595Z,buy,5.701e-05,308.0,0.0175590799999999
BCD/BTC,1573242616950,2019-11-08T19:50:16.950Z,buy,5.701e-05,135.0,0.0076963499999999
BCD/BTC,1573242617102,2019-11-08T19:50:17.102Z,buy,5.701e-05,134.0,0.00763934
BCD/BTC,1573242618788,2019-11-08T19:50:18.788Z,buy,5.701e-05,25.0,0.0014252499999999
BCD/BTC,1573242618895,2019-11-08T19:50:18.895Z,buy,5.701e-05,84.0,0.00478884
BCD/BTC,1573242619094,2019-11-08T19:50:19.094Z,buy,5.701e-05,214.0,0.01220014
BCD/BTC,1573242619698,2019-11-08T19:50:19.698Z,buy,5.701e-05,25.0,0.0014252499999999
BCD/BTC,1573242620749,2019-11-08T19:50:20.749Z,buy,5.701e-05,25.0,0.0014252499999999
BCD/BTC,1573242621232,2019-11-08T19:50:21.232Z,buy,5.701e-05,137.0,0.00781037
BCD/BTC,1573242622123,2019-11-08T19:50:22.123Z,buy,5.701e-05,25.0,0.0014252499999999
BCD/BTC,1573242622194,2019-11-08T19:50:22.194Z,buy,5.701e-05,37.0,0.0021093699999999
BCD/BTC,1573242623182,2019-11-08T19:50:23.182Z,buy,5.701e-05,328.0,0.01869928
BCD/BTC,1573242623271,2019-11-08T19:50:23.271Z,buy,5.701e-05,68.0,0.00387668
BCD/BTC,1573242623274,2019-11-08T19:50:23.274Z,buy,5.701e-05,25.0,0.0014252499999999
BCD/BTC,1573242623303,2019-11-08T19:50:23.303Z,buy,5.701e-05,69.0,0.00393369
BCD/BTC,1573242623367,2019-11-08T19:50:23.367Z,buy,5.701e-05,21.0,0.00119721
BCD/BTC,1573242623449,2019-11-08T19:50:23.449Z,buy,5.701e-05,51.0,0.00290751
BCD/BTC,1573242623475,2019-11-08T19:50:23.475Z,buy,5.701e-05,135.0,0.0076963499999999
BCD/BTC,1573242623779,2019-11-08T19:50:23.779Z,buy,5.701e-05,9.0,0.00051309
BCD/BTC,1573242623800,2019-11-08T19:50:23.800Z,buy,5.701e-05,42.0,0.00239442
BCD/BTC,1573242624237,2019-11-08T19:50:24.237Z,buy,5.701e-05,25.0,0.0014252499999999
BCD/BTC,1573242625185,2019-11-08T19:50:25.185Z,buy,5.701e-05,187.0,0.01066087
BCD/BTC,1573242625188,2019-11-08T19:50:25.188Z,buy,5.718e-05,2.0,0.00011436
BCD/BTC,1573242625188,2019-11-08T19:50:25.188Z,buy,5.719e-05,23.0,0.00131537
BCD/BTC,1573242633211,2019-11-08T19:50:33.211Z,buy,5.718e-05,3.0,0.00017154
BCD/BTC,1573242633211,2019-11-08T19:50:33.211Z,buy,5.719e-05,48.0,0.00274512
BCD/BTC,1573242633211,2019-11-08T19:50:33.211Z,buy,5.72e-05,95.0,0.005434
BCD/BTC,1573242661509,2019-11-08T19:51:01.509Z,buy,5.72e-05,9.0,0.0005148
BCD/BTC,1573243039555,2019-11-08T19:57:19.555Z,buy,5.72e-05,36.0,0.0020592
BCD/BTC,1573243178172,2019-11-08T19:59:38.172Z,buy,5.72e-05,286.0,0.0163592
BCD/BTC,1573243215139,2019-11-08T20:00:15.139Z,buy,5.726e-05,13.0,0.00074438
BCD/BTC,1573243215139,2019-11-08T20:00:15.139Z,buy,5.734e-05,5.0,0.0002867
BCD/BTC,1573243215139,2019-11-08T20:00:15.139Z,buy,5.743e-05,3.0,0.00017229
BCD/BTC,1573243215174,2019-11-08T20:00:15.174Z,sell,5.743e-05,338.0,0.01941134
BCD/BTC,1573243215186,2019-11-08T20:00:15.186Z,sell,5.743e-05,54.0,0.00310122
BCD/BTC,1573243215191,2019-11-08T20:00:15.191Z,sell,5.743e-05,171.0,0.00982053
BCD/BTC,1573243215199,2019-11-08T20:00:15.199Z,sell,5.743e-05,111.0,0.0063747299999999
BCD/BTC,1573243215203,2019-11-08T20:00:15.203Z,sell,5.743e-05,116.0,0.0066618799999999
BCD/BTC,1573243215230,2019-11-08T20:00:15.230Z,sell,5.743e-05,104.0,0.00597272
BCD/BTC,1573243215259,2019-11-08T20:00:15.259Z,sell,5.743e-05,183.0,0.01050969
BCD/BTC,1573243215399,2019-11-08T20:00:15.399Z,sell,5.743e-05,88.0,0.0050538399999999
BCD/BTC,1573243216233,2019-11-08T20:00:16.233Z,sell,5.743e-05,99.0,0.00568557
BCD/BTC,1573243216520,2019-11-08T20:00:16.520Z,sell,5.743e-05,55.0,0.00315865
BCD/BTC,1573243262884,2019-11-08T20:01:02.884Z,sell,5.743e-05,27.0,0.00155061
BCD/BTC,1573243412046,2019-11-08T20:03:32.046Z,sell,5.743e-05,35.0,0.0020100499999999
BCD/BTC,1573243424149,2019-11-08T20:03:44.149Z,buy,5.747e-05,57.0,0.0032757899999999
BCD/BTC,1573243674906,2019-11-08T20:07:54.906Z,sell,5.743e-05,30.0,0.0017228999999999
BCD/BTC,1573243743959,2019-11-08T20:09:03.959Z,sell,5.743e-05,74.0,0.00424982
BCD/BTC,1573243997138,2019-11-08T20:13:17.138Z,buy,5.747e-05,9.0,0.0005172299999999
BCD/BTC,1573244161564,2019-11-08T20:16:01.564Z,sell,5.743e-05,2510.0,0.1441492999999999
BCD/BTC,1573244299472,2019-11-08T20:18:19.472Z,sell,5.743e-05,3.0,0.00017229
BCD/BTC,1573244442771,2019-11-08T20:20:42.771Z,sell,5.727e-05,25.0,0.0014317499999999
BCD/BTC,1573244443374,2019-11-08T20:20:43.374Z,sell,5.727e-05,135.0,0.00773145
BCD/BTC,1573244443794,2019-11-08T20:20:43.794Z,sell,5.727e-05,25.0,0.0014317499999999
BCD/BTC,1573244444769,2019-11-08T20:20:44.769Z,sell,5.727e-05,25.0,0.0014317499999999
BCD/BTC,1573244445655,2019-11-08T20:20:45.655Z,sell,5.727e-05,25.0,0.0014317499999999
BCD/BTC,1573244446631,2019-11-08T20:20:46.631Z,sell,5.727e-05,25.0,0.0014317499999999
BCD/BTC,1573244447575,2019-11-08T20:20:47.575Z,sell,5.727e-05,25.0,0.0014317499999999
BCD/BTC,1573244448548,2019-11-08T20:20:48.548Z,sell,5.727e-05,25.0,0.0014317499999999
BCD/BTC,1573244449878,2019-11-08T20:20:49.878Z,sell,5.727e-05,135.0,0.00773145
BCD/BTC,1573244449981,2019-11-08T20:20:49.981Z,sell,5.727e-05,25.0,0.0014317499999999
BCD/BTC,1573244450929,2019-11-08T20:20:50.929Z,sell,5.727e-05,25.0,0.0014317499999999
BCD/BTC,1573244452512,2019-11-08T20:20:52.512Z,sell,5.728e-05,25.0,0.001432
BCD/BTC,1573244464517,2019-11-08T20:21:04.517Z,sell,5.728e-05,22.0,0.00126016
BCD/BTC,1573244464517,2019-11-08T20:21:04.517Z,sell,5.728e-05,22.0,0.00126016
BCD/BTC,1573245823507,2019-11-08T20:43:43.507Z,buy,5.741e-05,76.0,0.00436316
BCD/BTC,1573245823507,2019-11-08T20:43:43.507Z,buy,5.746e-05,349.0,0.02005354
BCD/BTC,1573245823507,2019-11-08T20:43:43.507Z,buy,5.747e-05,263.0,0.0151146099999999
BCD/BTC,1573245823507,2019-11-08T20:43:43.507Z,buy,5.749e-05,71.0,0.00408179
BCD/BTC,1573245823507,2019-11-08T20:43:43.507Z,buy,5.75e-05,956.0,0.05497
BCD/BTC,1573245859313,2019-11-08T20:44:19.313Z,buy,5.749e-05,193.0,0.01109557
BCD/BTC,1573245859313,2019-11-08T20:44:19.313Z,buy,5.75e-05,2995.0,0.1722125
BCD/BTC,1573245859313,2019-11-08T20:44:19.313Z,buy,5.762e-05,84.0,0.00484008
BCD/BTC,1573245953337,2019-11-08T20:45:53.337Z,buy,5.762e-05,385.0,0.0221837
BCD/BTC,1573245953337,2019-11-08T20:45:53.337Z,buy,5.763e-05,838.0,0.04829394
BCD/BTC,1573245953337,2019-11-08T20:45:53.337Z,buy,5.764e-05,613.0,0.03533332
BCD/BTC,1573246093780,2019-11-08T20:48:13.780Z,buy,5.763e-05,70.0,0.0040341
BCD/BTC,1573246093780,2019-11-08T20:48:13.780Z,buy,5.764e-05,704.0,0.04057856
BCD/BTC,1573246127251,2019-11-08T20:48:47.251Z,buy,5.764e-05,580.0,0.0334312
BCD/BTC,1573246201912,2019-11-08T20:50:01.912Z,sell,5.737e-05,348.0,0.01996476
BCD/BTC,1573246201912,2019-11-08T20:50:01.912Z,sell,5.736e-05,233.0,0.0133648799999999
BCD/BTC,1573246201912,2019-11-08T20:50:01.912Z,sell,5.734e-05,69.0,0.00395646
BCD/BTC,1573246201912,2019-11-08T20:50:01.912Z,sell,5.728e-05,2.0,0.00011456
BCD/BTC,1573246201912,2019-11-08T20:50:01.912Z,sell,5.726e-05,87.0,0.00498162
BCD/BTC,1573246201912,2019-11-08T20:50:01.912Z,sell,5.708e-05,3.0,0.00017124
BCD/BTC,1573246201912,2019-11-08T20:50:01.912Z,sell,5.7e-05,5.0,0.000285
BCD/BTC,1573246201912,2019-11-08T20:50:01.912Z,sell,5.696e-05,502.0,0.02859392
BCD/BTC,1573246208194,2019-11-08T20:50:08.194Z,sell,5.701e-05,9.0,0.00051309
BCD/BTC,1573246925654,2019-11-08T21:02:05.654Z,buy,5.71e-05,132.0,0.0075372
BCD/BTC,1573247018373,2019-11-08T21:03:38.373Z,buy,5.707e-05,216.0,0.01232712
BCD/BTC,1573247018373,2019-11-08T21:03:38.373Z,buy,5.708e-05,516.0,0.02945328
BCD/BTC,1573247055487,2019-11-08T21:04:15.487Z,sell,5.72e-05,30.0,0.001716
BCD/BTC,1573247055574,2019-11-08T21:04:15.574Z,sell,5.72e-05,30.0,0.001716
BCD/BTC,1573247751761,2019-11-08T21:15:51.761Z,buy,5.734e-05,5.0,0.0002867
BCD/BTC,1573247783901,2019-11-08T21:16:23.901Z,buy,5.743e-05,3.0,0.00017229
BCD/BTC,1573247784031,2019-11-08T21:16:24.031Z,sell,5.743e-05,131.0,0.00752333
BCD/BTC,1573247784031,2019-11-08T21:16:24.031Z,sell,5.743e-05,131.0,0.00752333
BCD/BTC,1573248135324,2019-11-08T21:22:15.324Z,sell,5.744e-05,43.0,0.00246992
BCD/BTC,1573248216628,2019-11-08T21:23:36.628Z,sell,5.744e-05,37.0,0.00212528
BCD/BTC,1573248218163,2019-11-08T21:23:38.163Z,sell,5.744e-05,30.0,0.0017232
BCD/BTC,1573248229926,2019-11-08T21:23:49.926Z,sell,5.744e-05,40.0,0.0022976
BCD/BTC,1573248229926,2019-11-08T21:23:49.926Z,sell,5.743e-05,13.0,0.00074659
BCD/BTC,1573248230156,2019-11-08T21:23:50.156Z,sell,5.744e-05,47.0,0.00269968
BCD/BTC,1573248230408,2019-11-08T21:23:50.408Z,sell,5.744e-05,41.0,0.00235504
BCD/BTC,1573248230408,2019-11-08T21:23:50.408Z,sell,5.743e-05,53.0,0.0030437899999999
BCD/BTC,1573248230561,2019-11-08T21:23:50.561Z,sell,5.743e-05,30.0,0.0017228999999999
BCD/BTC,1573248230608,2019-11-08T21:23:50.608Z,sell,5.743e-05,48.0,0.00275664
BCD/BTC,1573248230665,2019-11-08T21:23:50.665Z,sell,5.743e-05,70.0,0.0040200999999999
BCD/BTC,1573248232099,2019-11-08T21:23:52.099Z,sell,5.744e-05,34.0,0.00195296
BCD/BTC,1573248232116,2019-11-08T21:23:52.116Z,sell,5.744e-05,25.0,0.001436
BCD/BTC,1573248232116,2019-11-08T21:23:52.116Z,sell,5.743e-05,5.0,0.00028715
BCD/BTC,1573248232469,2019-11-08T21:23:52.469Z,sell,5.743e-05,8.0,0.00045944
BCD/BTC,1573248250189,2019-11-08T21:24:10.189Z,sell,5.744e-05,13.0,0.00074672
BCD/BTC,1573248284028,2019-11-08T21:24:44.028Z,sell,5.744e-05,32.0,0.00183808
BCD/BTC,1573248284125,2019-11-08T21:24:44.125Z,sell,5.744e-05,30.0,0.0017232
BCD/BTC,1573248284335,2019-11-08T21:24:44.335Z,sell,5.744e-05,16.0,0.00091904
BCD/BTC,1573248312831,2019-11-08T21:25:12.831Z,sell,5.744e-05,27.0,0.00155088
BCD/BTC,1573248312831,2019-11-08T21:25:12.831Z,sell,5.743e-05,5.0,0.00028715
BCD/BTC,1573248312986,2019-11-08T21:25:12.986Z,sell,5.743e-05,10.0,0.0005743
BCD/BTC,1573248313321,2019-11-08T21:25:13.321Z,sell,5.743e-05,30.0,0.0017228999999999
BCD/BTC,1573248313333,2019-11-08T21:25:13.333Z,sell,5.743e-05,9.0,0.00051687
BCD/BTC,1573248548771,2019-11-08T21:29:08.771Z,sell,5.743e-05,2.0,0.00011486
BCD/BTC,1573248917769,2019-11-08T21:35:17.769Z,sell,5.743e-05,645.0,0.03704235
BCD/BTC,1573248932853,2019-11-08T21:35:32.853Z,sell,5.743e-05,645.0,0.03704235
BCD/BTC,1573248958035,2019-11-08T21:35:58.035Z,sell,5.743e-05,645.0,0.03704235
BCD/BTC,1573249033256,2019-11-08T21:37:13.256Z,sell,5.743e-05,9.0,0.00051687
BCD/BTC,1573249033541,2019-11-08T21:37:13.541Z,sell,5.743e-05,9.0,0.00051687
BCD/BTC,1573249064043,2019-11-08T21:37:44.043Z,sell,5.743e-05,554.0,0.03181622
BCD/BTC,1573249162245,2019-11-08T21:39:22.245Z,sell,5.744e-05,12.0,0.00068928
BCD/BTC,1573249163145,2019-11-08T21:39:23.145Z,sell,5.744e-05,9.0,0.00051696
BCD/BTC,1573249222684,2019-11-08T21:40:22.684Z,buy,5.763e-05,4.0,0.00023052
BCD/BTC,1573249429896,2019-11-08T21:43:49.896Z,sell,5.744e-05,331.0,0.01901264
BCD/BTC,1573249429896,2019-11-08T21:43:49.896Z,sell,5.743e-05,332.0,0.01906676
BCD/BTC,1573249429925,2019-11-08T21:43:49.925Z,sell,5.743e-05,170.0,0.0097631
BCD/BTC,1573249429936,2019-11-08T21:43:49.936Z,sell,5.743e-05,1566.0,0.08993538
BCD/BTC,1573249429973,2019-11-08T21:43:49.973Z,sell,5.743e-05,500.0,0.0287149999999999
BCD/BTC,1573249430091,2019-11-08T21:43:50.091Z,sell,5.743e-05,167.0,0.00959081
BCD/BTC,1573249462008,2019-11-08T21:44:22.008Z,buy,5.762e-05,233.0,0.01342546
BCD/BTC,1573249462008,2019-11-08T21:44:22.008Z,buy,5.763e-05,17.0,0.00097971
BCD/BTC,1573249462008,2019-11-08T21:44:22.008Z,buy,5.764e-05,320.0,0.0184447999999999
BCD/BTC,1573249581476,2019-11-08T21:46:21.476Z,buy,5.762e-05,3.0,0.00017286
BCD/BTC,1573249787216,2019-11-08T21:49:47.216Z,buy,5.762e-05,71.0,0.00409102
BCD/BTC,1573249787216,2019-11-08T21:49:47.216Z,buy,5.763e-05,102.0,0.00587826
BCD/BTC,1573249837499,2019-11-08T21:50:37.499Z,buy,5.762e-05,168.0,0.00968016
BCD/BTC,1573249837514,2019-11-08T21:50:37.514Z,buy,5.762e-05,48.0,0.00276576
BCD/BTC,1573249840648,2019-11-08T21:50:40.648Z,buy,5.763e-05,4.0,0.00023052
BCD/BTC,1573249840825,2019-11-08T21:50:40.825Z,buy,5.763e-05,4.0,0.00023052
BCD/BTC,1573249841035,2019-11-08T21:50:41.035Z,buy,5.763e-05,4.0,0.00023052
BCD/BTC,1573249841778,2019-11-08T21:50:41.778Z,buy,5.763e-05,87.0,0.00501381
BCD/BTC,1573249841783,2019-11-08T21:50:41.783Z,buy,5.763e-05,199.0,0.01146837
BCD/BTC,1573249841790,2019-11-08T21:50:41.790Z,buy,5.763e-05,154.0,0.00887502
BCD/BTC,1573249994999,2019-11-08T21:53:14.999Z,sell,5.747e-05,29.0,0.0016666299999999
BCD/BTC,1573250011998,2019-11-08T21:53:31.998Z,sell,5.747e-05,50.0,0.0028734999999999
BCD/BTC,1573250012132,2019-11-08T21:53:32.132Z,buy,5.747e-05,59.0,0.00339073
BCD/BTC,1573250019772,2019-11-08T21:53:39.772Z,buy,5.747e-05,63.0,0.00362061
BCD/BTC,1573250019772,2019-11-08T21:53:39.772Z,buy,5.763e-05,162.0,0.00933606
BCD/BTC,1573250019772,2019-11-08T21:53:39.772Z,buy,5.764e-05,2275.0,0.131131
BCD/BTC,1573250105352,2019-11-08T21:55:05.352Z,sell,5.747e-05,18.0,0.0010344599999999
BCD/BTC,1573250525852,2019-11-08T22:02:05.852Z,buy,5.762e-05,26.0,0.00149812
BCD/BTC,1573250892616,2019-11-08T22:08:12.616Z,buy,5.755e-05,99.0,0.00569745
BCD/BTC,1573250892616,2019-11-08T22:08:12.616Z,buy,5.755e-05,99.0,0.00569745
BCD/BTC,1573251540202,2019-11-08T22:19:00.202Z,buy,5.753e-05,61.0,0.00350933
BCD/BTC,1573251693684,2019-11-08T22:21:33.684Z,buy,5.753e-05,26.0,0.00149578
BCD/BTC,1573251693684,2019-11-08T22:21:33.684Z,buy,5.755e-05,15.0,0.00086325
BCD/BTC,1573251698603,2019-11-08T22:21:38.603Z,buy,5.754e-05,61.0,0.00350994
BCD/BTC,1573252454374,2019-11-08T22:34:14.374Z,sell,5.746e-05,1000.0,0.05746
BCD/BTC,1573252479394,2019-11-08T22:34:39.394Z,buy,5.755e-05,340.0,0.019567
BCD/BTC,1573252530665,2019-11-08T22:35:30.665Z,buy,5.755e-05,4.0,0.0002302
BCD/BTC,1573252764188,2019-11-08T22:39:24.188Z,buy,5.755e-05,1627.0,0.09363385
BCD/BTC,1573253514955,2019-11-08T22:51:54.955Z,buy,5.755e-05,71.0,0.00408605
BCD/BTC,1573254128824,2019-11-08T23:02:08.824Z,buy,5.754e-05,26.0,0.00149604
BCD/BTC,1573254159628,2019-11-08T23:02:39.628Z,buy,5.754e-05,188.0,0.01081752
BCD/BTC,1573254159628,2019-11-08T23:02:39.628Z,buy,5.755e-05,5.0,0.00028775
BCD/BTC,1573254162089,2019-11-08T23:02:42.089Z,buy,5.754e-05,124.0,0.00713496
BCD/BTC,1573254162089,2019-11-08T23:02:42.089Z,buy,5.755e-05,16.0,0.0009208
BCD/BTC,1573254199728,2019-11-08T23:03:19.728Z,buy,5.754e-05,83.0,0.00477582
BCD/BTC,1573254199728,2019-11-08T23:03:19.728Z,buy,5.755e-05,1030.0,0.0592765
BCD/BTC,1573254205731,2019-11-08T23:03:25.731Z,buy,5.754e-05,55.0,0.0031647
BCD/BTC,1573254205731,2019-11-08T23:03:25.731Z,buy,5.755e-05,165.0,0.00949575
BCD/BTC,1573254207412,2019-11-08T23:03:27.412Z,buy,5.755e-05,71.0,0.00408605
BCD/BTC,1573254236782,2019-11-08T23:03:56.782Z,buy,5.755e-05,359.0,0.02066045
BCD/BTC,1573254239750,2019-11-08T23:03:59.750Z,buy,5.755e-05,435.0,0.02503425
BCD/BTC,1573254251638,2019-11-08T23:04:11.638Z,sell,5.755e-05,535.0,0.03078925
BCD/BTC,1573254268888,2019-11-08T23:04:28.888Z,sell,5.755e-05,407.0,0.02342285
BCD/BTC,1573254300802,2019-11-08T23:05:00.802Z,buy,5.758e-05,19.0,0.00109402
BCD/BTC,1573254300802,2019-11-08T23:05:00.802Z,buy,5.758e-05,19.0,0.00109402
BCD/BTC,1573254514287,2019-11-08T23:08:34.287Z,sell,5.759e-05,11.0,0.00063349
BCD/BTC,1573254514288,2019-11-08T23:08:34.288Z,sell,5.759e-05,40.0,0.0023036
BCD/BTC,1573254514289,2019-11-08T23:08:34.289Z,sell,5.759e-05,11.0,0.00063349
BCD/BTC,1573254514289,2019-11-08T23:08:34.289Z,sell,5.759e-05,115.0,0.00662285
BCD/BTC,1573254514294,2019-11-08T23:08:34.294Z,sell,5.759e-05,35.0,0.00201565
BCD/BTC,1573254514306,2019-11-08T23:08:34.306Z,sell,5.759e-05,154.0,0.00886886
BCD/BTC,1573254514340,2019-11-08T23:08:34.340Z,sell,5.759e-05,68.0,0.00391612
BCD/BTC,1573254514428,2019-11-08T23:08:34.428Z,sell,5.759e-05,86.0,0.00495274
BCD/BTC,1573254514429,2019-11-08T23:08:34.429Z,sell,5.759e-05,7.0,0.00040313
BCD/BTC,1573254514438,2019-11-08T23:08:34.438Z,sell,5.759e-05,75.0,0.00431925
BCD/BTC,1573254514444,2019-11-08T23:08:34.444Z,sell,5.759e-05,25.0,0.00143975
BCD/BTC,1573254514538,2019-11-08T23:08:34.538Z,sell,5.759e-05,750.0,0.0431925
BCD/BTC,1573254514564,2019-11-08T23:08:34.564Z,sell,5.759e-05,246.0,0.01416714
BCD/BTC,1573254514564,2019-11-08T23:08:34.564Z,sell,5.758e-05,565.0,0.0325327
BCD/BTC,1573254515527,2019-11-08T23:08:35.527Z,sell,5.758e-05,1750.0,0.100765
BCD/BTC,1573254515705,2019-11-08T23:08:35.705Z,sell,5.758e-05,1583.0,0.09114914
BCD/BTC,1573254515705,2019-11-08T23:08:35.705Z,sell,5.756e-05,225.0,0.0129509999999999
BCD/BTC,1573254515874,2019-11-08T23:08:35.874Z,sell,5.756e-05,30.0,0.0017268
BCD/BTC,1573254517612,2019-11-08T23:08:37.612Z,sell,5.758e-05,68.0,0.00391544
BCD/BTC,1573254517633,2019-11-08T23:08:37.633Z,sell,5.758e-05,51.0,0.00293658
BCD/BTC,1573254519905,2019-11-08T23:08:39.905Z,sell,5.758e-05,31.0,0.00178498
BCD/BTC,1573254700450,2019-11-08T23:11:40.450Z,sell,5.758e-05,223.0,0.01284034
BCD/BTC,1573254700450,2019-11-08T23:11:40.450Z,sell,5.756e-05,184.0,0.01059104
BCD/BTC,1573254700450,2019-11-08T23:11:40.450Z,sell,5.755e-05,3893.0,0.22404215
BCD/BTC,1573255198941,2019-11-08T23:19:58.941Z,sell,5.755e-05,265.0,0.01525075
BCD/BTC,1573255235477,2019-11-08T23:20:35.477Z,sell,5.755e-05,38.0,0.0021869
BCD/BTC,1573255235477,2019-11-08T23:20:35.477Z,sell,5.744e-05,196.0,0.01125824
BCD/BTC,1573255235477,2019-11-08T23:20:35.477Z,sell,5.743e-05,196.0,0.0112562799999999
BCD/BTC,1573255263256,2019-11-08T23:21:03.256Z,sell,5.743e-05,346.0,0.0198707799999999
BCD/BTC,1573255265954,2019-11-08T23:21:05.954Z,sell,5.743e-05,173.0,0.0099353899999999
BCD/BTC,1573255294635,2019-11-08T23:21:34.635Z,sell,5.743e-05,193.0,0.01108399
BCD/BTC,1573255294635,2019-11-08T23:21:34.635Z,sell,5.726e-05,4.0,0.00022904
BCD/BTC,1573255294635,2019-11-08T23:21:34.635Z,sell,5.724e-05,242.0,0.01385208
BCD/BTC,1573255294635,2019-11-08T23:21:34.635Z,sell,5.721e-05,16.0,0.00091536
BCD/BTC,1573255294635,2019-11-08T23:21:34.635Z,sell,5.719e-05,470.0,0.0268793
BCD/BTC,1573255294635,2019-11-08T23:21:34.635Z,sell,5.712e-05,200.0,0.011424
BCD/BTC,1573255294635,2019-11-08T23:21:34.635Z,sell,5.711e-05,515.0,0.02941165
BCD/BTC,1573256861182,2019-11-08T23:47:41.182Z,buy,5.746e-05,74.0,0.00425204
BCD/BTC,1573257575409,2019-11-08T23:59:35.409Z,buy,5.744e-05,181.0,0.01039664
BCD/BTC,1573257591699,2019-11-08T23:59:51.699Z,buy,5.756e-05,78.0,0.00448968
BCD/BTC,1573257594661,2019-11-08T23:59:54.661Z,buy,5.754e-05,78.0,0.00448812
BCD/BTC,1573257594661,2019-11-08T23:59:54.661Z,buy,5.755e-05,348.0,0.0200274
BCD/BTC,1573257594661,2019-11-08T23:59:54.661Z,buy,5.756e-05,78.0,0.00448968
BCD/BTC,1573257677916,2019-11-09T00:01:17.916Z,buy,5.761e-05,16.0,0.00092176
BCD/BTC,1573257677916,2019-11-09T00:01:17.916Z,buy,5.762e-05,20.0,0.0011524
BCD/BTC,1573257888808,2019-11-09T00:04:48.808Z,buy,5.763e-05,939.0,0.05411457
BCD/BTC,1573257888808,2019-11-09T00:04:48.808Z,buy,5.764e-05,371.0,0.0213844399999999
BCD/BTC,1573257892590,2019-11-09T00:04:52.590Z,buy,5.764e-05,703.0,0.0405209199999999
BCD/BTC,1573257896964,2019-11-09T00:04:56.964Z,buy,5.764e-05,1044.0,0.06017616
BCD/BTC,1573257896964,2019-11-09T00:04:56.964Z,buy,5.764e-05,1044.0,0.06017616
BCD/BTC,1573259628388,2019-11-09T00:33:48.388Z,sell,5.739e-05,11.0,0.00063129
BCD/BTC,1573259632787,2019-11-09T00:33:52.787Z,sell,5.739e-05,11.0,0.00063129
BCD/BTC,1573259708729,2019-11-09T00:35:08.729Z,sell,5.739e-05,18.0,0.00103302
BCD/BTC,1573259742843,2019-11-09T00:35:42.843Z,sell,5.739e-05,9.0,0.00051651
BCD/BTC,1573259934491,2019-11-09T00:38:54.491Z,buy,5.74e-05,3.0,0.0001722
BCD/BTC,1573260141622,2019-11-09T00:42:21.622Z,sell,5.74e-05,183.0,0.0105042
BCD/BTC,1573260141648,2019-11-09T00:42:21.648Z,sell,5.741e-05,105.0,0.00602805
BCD/BTC,1573260141679,2019-11-09T00:42:21.679Z,sell,5.741e-05,23.0,0.00132043
BCD/BTC,1573260141800,2019-11-09T00:42:21.800Z,sell,5.741e-05,7.0,0.00040187
BCD/BTC,1573260149111,2019-11-09T00:42:29.111Z,sell,5.742e-05,164.0,0.00941688
BCD/BTC,1573260149111,2019-11-09T00:42:29.111Z,sell,5.741e-05,68.0,0.00390388
BCD/BTC,1573260497443,2019-11-09T00:48:17.443Z,buy,5.76e-05,25.0,0.0014399999999999
BCD/BTC,1573260498231,2019-11-09T00:48:18.231Z,buy,5.761e-05,87.0,0.0050120699999999
BCD/BTC,1573260498231,2019-11-09T00:48:18.231Z,buy,5.763e-05,48.0,0.00276624
BCD/BTC,1573260498416,2019-11-09T00:48:18.416Z,buy,5.763e-05,25.0,0.00144075
BCD/BTC,1573260499385,2019-11-09T00:48:19.385Z,buy,5.763e-05,25.0,0.00144075
BCD/BTC,1573260500300,2019-11-09T00:48:20.300Z,buy,5.763e-05,25.0,0.00144075
BCD/BTC,1573260501259,2019-11-09T00:48:21.259Z,buy,5.762e-05,25.0,0.0014405
BCD/BTC,1573260502427,2019-11-09T00:48:22.427Z,buy,5.763e-05,25.0,0.00144075
BCD/BTC,1573260503357,2019-11-09T00:48:23.357Z,buy,5.763e-05,25.0,0.00144075
BCD/BTC,1573260504471,2019-11-09T00:48:24.471Z,buy,5.762e-05,25.0,0.0014405
BCD/BTC,1573260504716,2019-11-09T00:48:24.716Z,buy,5.762e-05,135.0,0.0077787
BCD/BTC,1573260505383,2019-11-09T00:48:25.383Z,buy,5.763e-05,25.0,0.00144075
BCD/BTC,1573260506305,2019-11-09T00:48:26.305Z,buy,5.763e-05,25.0,0.00144075
BCD/BTC,1573260507273,2019-11-09T00:48:27.273Z,buy,5.762e-05,25.0,0.0014405
BCD/BTC,1573260508544,2019-11-09T00:48:28.544Z,buy,5.763e-05,25.0,0.00144075
BCD/BTC,1573260509662,2019-11-09T00:48:29.662Z,buy,5.762e-05,25.0,0.0014405
BCD/BTC,1573260510519,2019-11-09T00:48:30.519Z,buy,5.762e-05,19.0,0.00109478
BCD/BTC,1573260542261,2019-11-09T00:49:02.261Z,sell,5.739e-05,212.0,0.01216668
BCD/BTC,1573260545653,2019-11-09T00:49:05.653Z,sell,5.739e-05,1.0,5.739e-05
BCD/BTC,1573260545653,2019-11-09T00:49:05.653Z,sell,5.738e-05,145.0,0.0083201
BCD/BTC,1573260660328,2019-11-09T00:51:00.328Z,buy,5.762e-05,25.0,0.0014405
BCD/BTC,1573260661362,2019-11-09T00:51:01.362Z,buy,5.762e-05,25.0,0.0014405
BCD/BTC,1573260662499,2019-11-09T00:51:02.499Z,buy,5.762e-05,2.0,0.00011524
BCD/BTC,1573260662499,2019-11-09T00:51:02.499Z,buy,5.763e-05,23.0,0.00132549
BCD/BTC,1573260663391,2019-11-09T00:51:03.391Z,buy,5.763e-05,25.0,0.00144075
BCD/BTC,1573260664649,2019-11-09T00:51:04.649Z,buy,5.762e-05,25.0,0.0014405
BCD/BTC,1573260665075,2019-11-09T00:51:05.075Z,buy,5.762e-05,133.0,0.00766346
BCD/BTC,1573260665561,2019-11-09T00:51:05.561Z,buy,5.763e-05,25.0,0.00144075
BCD/BTC,1573260666741,2019-11-09T00:51:06.741Z,buy,5.763e-05,25.0,0.00144075
BCD/BTC,1573260744572,2019-11-09T00:52:24.572Z,sell,5.739e-05,4.0,0.00022956
BCD/BTC,1573260805396,2019-11-09T00:53:25.396Z,sell,5.74e-05,30.0,0.001722
BCD/BTC,1573261139054,2019-11-09T00:58:59.054Z,sell,5.74e-05,40.0,0.002296
BCD/BTC,1573261139054,2019-11-09T00:58:59.054Z,sell,5.74e-05,40.0,0.002296
BCD/BTC,1573261550831,2019-11-09T01:05:50.831Z,buy,5.762e-05,98.0,0.00564676
BCD/BTC,1573261551886,2019-11-09T01:05:51.886Z,buy,5.763e-05,5.0,0.00028815
BCD/BTC,1573263107391,2019-11-09T01:31:47.391Z,buy,5.763e-05,4.0,0.00023052
BCD/BTC,1573263305409,2019-11-09T01:35:05.409Z,sell,5.747e-05,22.0,0.0012643399999999
BCD/BTC,1573263785264,2019-11-09T01:43:05.264Z,sell,5.748e-05,69.0,0.00396612
BCD/BTC,1573263785264,2019-11-09T01:43:05.264Z,sell,5.748e-05,69.0,0.00396612
BCD/BTC,1573264782225,2019-11-09T01:59:42.225Z,sell,5.747e-05,9.0,0.0005172299999999
BCD/BTC,1573265054095,2019-11-09T02:04:14.095Z,buy,5.763e-05,145.0,0.00835635
BCD/BTC,1573265054095,2019-11-09T02:04:14.095Z,buy,5.764e-05,487.0,0.0280706799999999
BCD/BTC,1573265091006,2019-11-09T02:04:51.006Z,buy,5.769e-05,121.0,0.00698049
BCD/BTC,1573265091006,2019-11-09T02:04:51.006Z,buy,5.77e-05,139.0,0.0080203
BCD/BTC,1573265095457,2019-11-09T02:04:55.457Z,buy,5.773e-05,13.0,0.0007504899999999
BCD/BTC,1573265095457,2019-11-09T02:04:55.457Z,buy,5.776e-05,61.0,0.00352336
BCD/BTC,1573265106416,2019-11-09T02:05:06.416Z,buy,5.776e-05,326.0,0.01882976
BCD/BTC,1573265491049,2019-11-09T02:11:31.049Z,sell,5.756e-05,7.0,0.0004029199999999
BCD/BTC,1573265680880,2019-11-09T02:14:40.880Z,buy,5.774e-05,145.0,0.0083723
BCD/BTC,1573265680880,2019-11-09T02:14:40.880Z,buy,5.775e-05,7.0,0.00040425
BCD/BTC,1573265680880,2019-11-09T02:14:40.880Z,buy,5.776e-05,674.0,0.03893024
BCD/BTC,1573265680880,2019-11-09T02:14:40.880Z,buy,5.778e-05,384.0,0.02218752
BCD/BTC,1573265701005,2019-11-09T02:15:01.005Z,sell,5.76e-05,3.0,0.0001728
BCD/BTC,1573265933800,2019-11-09T02:18:53.800Z,sell,5.767e-05,30.0,0.0017301
BCD/BTC,1573265992788,2019-11-09T02:19:52.788Z,sell,5.769e-05,9.0,0.00051921
BCD/BTC,1573266022978,2019-11-09T02:20:22.978Z,sell,5.771e-05,9.0,0.00051939
BCD/BTC,1573266023965,2019-11-09T02:20:23.965Z,sell,5.772e-05,9.0,0.00051948
BCD/BTC,1573266032454,2019-11-09T02:20:32.454Z,buy,5.778e-05,3.0,0.00017334
BCD/BTC,1573266044175,2019-11-09T02:20:44.175Z,sell,5.775e-05,235.0,0.01357125
BCD/BTC,1573266044175,2019-11-09T02:20:44.175Z,sell,5.772e-05,7.0,0.00040404
BCD/BTC,1573266046240,2019-11-09T02:20:46.240Z,sell,5.773e-05,9.0,0.00051957
BCD/BTC,1573266729382,2019-11-09T02:32:09.382Z,sell,5.757e-05,153.0,0.00880821
BCD/BTC,1573266951427,2019-11-09T02:35:51.427Z,sell,5.759e-05,74.0,0.00426166
BCD/BTC,1573266951427,2019-11-09T02:35:51.427Z,sell,5.759e-05,74.0,0.00426166
BCD/BTC,1573267408704,2019-11-09T02:43:28.704Z,sell,5.76e-05,552.0,0.0317951999999999
BCD/BTC,1573267408704,2019-11-09T02:43:28.704Z,sell,5.759e-05,72.0,0.00414648
BCD/BTC,1573267425652,2019-11-09T02:43:45.652Z,sell,5.76e-05,52.0,0.0029952
BCD/BTC,1573267474971,2019-11-09T02:44:34.971Z,sell,5.76e-05,103.0,0.0059327999999999
BCD/BTC,1573267474971,2019-11-09T02:44:34.971Z,sell,5.759e-05,121.0,0.00696839
BCD/BTC,1573267516728,2019-11-09T02:45:16.728Z,sell,5.759e-05,69.0,0.00397371
BCD/BTC,1573267571667,2019-11-09T02:46:11.667Z,sell,5.76e-05,126.0,0.0072575999999999
BCD/BTC,1573267629993,2019-11-09T02:47:09.993Z,sell,5.759e-05,680.0,0.0391612
BCD/BTC,1573267629993,2019-11-09T02:47:09.993Z,sell,5.757e-05,2.0,0.00011514
BCD/BTC,1573267629993,2019-11-09T02:47:09.993Z,sell,5.753e-05,976.0,0.05614928
BCD/BTC,1573267629993,2019-11-09T02:47:09.993Z,sell,5.747e-05,235.0,0.0135054499999999
BCD/BTC,1573267668739,2019-11-09T02:47:48.739Z,sell,5.746e-05,104.0,0.00597584
BCD/BTC,1573267668739,2019-11-09T02:47:48.739Z,sell,5.745e-05,1194.0,0.0685953
BCD/BTC,1573267668739,2019-11-09T02:47:48.739Z,sell,5.744e-05,897.0,0.05152368
BCD/BTC,1573267803821,2019-11-09T02:50:03.821Z,sell,5.745e-05,88.0,0.0050556
BCD/BTC,1573267803821,2019-11-09T02:50:03.821Z,sell,5.744e-05,2412.0,0.13854528
BCD/BTC,1573267820016,2019-11-09T02:50:20.016Z,sell,5.744e-05,88.0,0.0050547199999999
BCD/BTC,1573267827434,2019-11-09T02:50:27.434Z,sell,5.744e-05,299.0,0.01717456
BCD/BTC,1573267829626,2019-11-09T02:50:29.626Z,sell,5.744e-05,10.0,0.0005744
BCD/BTC,1573267839557,2019-11-09T02:50:39.557Z,sell,5.744e-05,793.0,0.04554992
BCD/BTC,1573267839557,2019-11-09T02:50:39.557Z,sell,5.743e-05,3.0,0.00017229
BCD/BTC,1573267839557,2019-11-09T02:50:39.557Z,sell,5.738e-05,657.0,0.03769866
BCD/BTC,1573267839557,2019-11-09T02:50:39.557Z,sell,5.734e-05,5.0,0.0002867
BCD/BTC,1573267839557,2019-11-09T02:50:39.557Z,sell,5.729e-05,17.0,0.00097393
BCD/BTC,1573267839557,2019-11-09T02:50:39.557Z,sell,5.726e-05,17.0,0.0009734199999999
BCD/BTC,1573267839557,2019-11-09T02:50:39.557Z,sell,5.725e-05,68.0,0.003893
BCD/BTC,1573267850563,2019-11-09T02:50:50.563Z,sell,5.726e-05,520.0,0.0297751999999999
BCD/BTC,1573267858798,2019-11-09T02:50:58.798Z,sell,5.725e-05,58.0,0.0033205
BCD/BTC,1573267858798,2019-11-09T02:50:58.798Z,sell,5.724e-05,20.0,0.0011448
BCD/BTC,1573267858798,2019-11-09T02:50:58.798Z,sell,5.714e-05,342.0,0.01954188
BCD/BTC,1573267882739,2019-11-09T02:51:22.739Z,sell,5.724e-05,2.0,0.00011448
BCD/BTC,1573267882739,2019-11-09T02:51:22.739Z,sell,5.716e-05,16.0,0.00091456
BCD/BTC,1573267882749,2019-11-09T02:51:22.749Z,sell,5.716e-05,18.0,0.00102888
BCD/BTC,1573268093136,2019-11-09T02:54:53.136Z,buy,5.743e-05,1.0,5.743e-05
BCD/BTC,1573268228646,2019-11-09T02:57:08.646Z,buy,5.742e-05,2.0,0.00011484
BCD/BTC,1573268231133,2019-11-09T02:57:11.133Z,buy,5.741e-05,2.0,0.00011482
BCD/BTC,1573268231258,2019-11-09T02:57:11.258Z,buy,5.741e-05,84.0,0.00482244
BCD/BTC,1573268830095,2019-11-09T03:07:10.095Z,buy,5.745e-05,8.0,0.0004596
BCD/BTC,1573269063259,2019-11-09T03:11:03.259Z,buy,5.743e-05,8.0,0.00045944
BCD/BTC,1573269066857,2019-11-09T03:11:06.857Z,buy,5.743e-05,8.0,0.00045944
BCD/BTC,1573269070114,2019-11-09T03:11:10.114Z,buy,5.743e-05,5.0,0.00028715
BCD/BTC,1573269186155,2019-11-09T03:13:06.155Z,sell,5.723e-05,11.0,0.00062953
BCD/BTC,1573269186155,2019-11-09T03:13:06.155Z,sell,5.722e-05,382.0,0.02185804
BCD/BTC,1573269432709,2019-11-09T03:17:12.709Z,buy,5.743e-05,90.0,0.0051687
BCD/BTC,1573269506904,2019-11-09T03:18:26.904Z,buy,5.742e-05,2.0,0.00011484
BCD/BTC,1573269525887,2019-11-09T03:18:45.887Z,sell,5.715e-05,90.0,0.0051435
BCD/BTC,1573269537020,2019-11-09T03:18:57.020Z,sell,5.714e-05,30.0,0.0017142
BCD/BTC,1573269635877,2019-11-09T03:20:35.877Z,buy,5.715e-05,121.0,0.00691515
BCD/BTC,1573269743166,2019-11-09T03:22:23.166Z,sell,5.714e-05,115.0,0.0065711
BCD/BTC,1573269743776,2019-11-09T03:22:23.776Z,buy,5.714e-05,272.0,0.01554208
BCD/BTC,1573269743870,2019-11-09T03:22:23.870Z,buy,5.714e-05,130.0,0.0074281999999999
BCD/BTC,1573269800857,2019-11-09T03:23:20.857Z,sell,5.713e-05,475.0,0.0271367499999999
BCD/BTC,1573269819501,2019-11-09T03:23:39.501Z,buy,5.742e-05,237.0,0.01360854
BCD/BTC,1573269819501,2019-11-09T03:23:39.501Z,buy,5.743e-05,348.0,0.01998564
BCD/BTC,1573269819501,2019-11-09T03:23:39.501Z,buy,5.744e-05,174.0,0.00999456
BCD/BTC,1573269819501,2019-11-09T03:23:39.501Z,buy,5.766e-05,236.0,0.01360776
BCD/BTC,1573269819501,2019-11-09T03:23:39.501Z,buy,5.767e-05,98.0,0.00565166
BCD/BTC,1573270066915,2019-11-09T03:27:46.915Z,buy,5.76e-05,139.0,0.0080064
BCD/BTC,1573270132941,2019-11-09T03:28:52.941Z,buy,5.757e-05,18.0,0.00103626
BCD/BTC,1573270386098,2019-11-09T03:33:06.098Z,sell,5.73e-05,195.0,0.0111735
BCD/BTC,1573270386098,2019-11-09T03:33:06.098Z,sell,5.729e-05,174.0,0.00996846
BCD/BTC,1573270392720,2019-11-09T03:33:12.720Z,sell,5.73e-05,130.0,0.007449
BCD/BTC,1573270392720,2019-11-09T03:33:12.720Z,sell,5.729e-05,38.0,0.00217702
BCD/BTC,1573270392720,2019-11-09T03:33:12.720Z,sell,5.73e-05,130.0,0.007449
BCD/BTC,1573270392720,2019-11-09T03:33:12.720Z,sell,5.729e-05,38.0,0.00217702
BCD/BTC,1573270598355,2019-11-09T03:36:38.355Z,sell,5.719e-05,87.0,0.00497553
BCD/BTC,1573270598355,2019-11-09T03:36:38.355Z,sell,5.718e-05,137.0,0.00783366
BCD/BTC,1573270598355,2019-11-09T03:36:38.355Z,sell,5.717e-05,87.0,0.00497379
BCD/BTC,1573270598355,2019-11-09T03:36:38.355Z,sell,5.713e-05,81.0,0.0046275299999999
BCD/BTC,1573270731741,2019-11-09T03:38:51.741Z,sell,5.716e-05,86.0,0.00491576
BCD/BTC,1573270731741,2019-11-09T03:38:51.741Z,sell,5.715e-05,149.0,0.00851535
BCD/BTC,1573270945551,2019-11-09T03:42:25.551Z,sell,5.715e-05,364.0,0.0208026
BCD/BTC,1573271119512,2019-11-09T03:45:19.512Z,sell,5.723e-05,21.0,0.00120183
BCD/BTC,1573271184856,2019-11-09T03:46:24.856Z,sell,5.723e-05,138.0,0.00789774
BCD/BTC,1573271203056,2019-11-09T03:46:43.056Z,sell,5.716e-05,174.0,0.00994584
BCD/BTC,1573271206858,2019-11-09T03:46:46.858Z,buy,5.716e-05,3.0,0.00017148
BCD/BTC,1573271214959,2019-11-09T03:46:54.959Z,sell,5.715e-05,885.0,0.05057775
BCD/BTC,1573271221998,2019-11-09T03:47:01.998Z,sell,5.713e-05,425.0,0.02428025
BCD/BTC,1573272078236,2019-11-09T04:01:18.236Z,sell,5.723e-05,9.0,0.00051507
BCD/BTC,1573272082100,2019-11-09T04:01:22.100Z,buy,5.727e-05,2.0,0.00011454
BCD/BTC,1573272116091,2019-11-09T04:01:56.091Z,buy,5.728e-05,6.0,0.00034368
BCD/BTC,1573272193204,2019-11-09T04:03:13.204Z,sell,5.723e-05,9.0,0.00051507
BCD/BTC,1573273030918,2019-11-09T04:17:10.918Z,buy,5.723e-05,30.0,0.0017169
BCD/BTC,1573273030918,2019-11-09T04:17:10.918Z,buy,5.723e-05,30.0,0.0017169
BCD/BTC,1573274046680,2019-11-09T04:34:06.680Z,buy,5.723e-05,10.0,0.0005723
BCD/BTC,1573274170672,2019-11-09T04:36:10.672Z,sell,5.737e-05,130.0,0.0074581
BCD/BTC,1573274618036,2019-11-09T04:43:38.036Z,sell,5.733e-05,91.0,0.00521703
BCD/BTC,1573274735658,2019-11-09T04:45:35.658Z,buy,5.738e-05,69.0,0.00395922
BCD/BTC,1573274739956,2019-11-09T04:45:39.956Z,buy,5.742e-05,2.0,0.00011484
BCD/BTC,1573274739956,2019-11-09T04:45:39.956Z,buy,5.743e-05,230.0,0.0132088999999999
BCD/BTC,1573274751443,2019-11-09T04:45:51.443Z,sell,5.747e-05,816.0,0.0468955199999999
BCD/BTC,1573274751443,2019-11-09T04:45:51.443Z,sell,5.747e-05,816.0,0.0468955199999999
BCD/BTC,1573277963133,2019-11-09T05:39:23.133Z,buy,5.734e-05,17.0,0.00097478
BCD/BTC,1573277963133,2019-11-09T05:39:23.133Z,buy,5.734e-05,17.0,0.00097478
BCD/BTC,1573278743130,2019-11-09T05:52:23.130Z,buy,5.738e-05,17.0,0.00097546
BCD/BTC,1573279491926,2019-11-09T06:04:51.926Z,buy,5.734e-05,20.0,0.0011468
BCD/BTC,1573279805163,2019-11-09T06:10:05.163Z,buy,5.734e-05,20.0,0.0011468
BCD/BTC,1573280704042,2019-11-09T06:25:04.042Z,buy,5.734e-05,4.0,0.00022936
BCD/BTC,1573280704294,2019-11-09T06:25:04.294Z,buy,5.734e-05,408.0,0.02339472
BCD/BTC,1573280706181,2019-11-09T06:25:06.181Z,sell,5.734e-05,67.0,0.00384178
BCD/BTC,1573280740205,2019-11-09T06:25:40.205Z,sell,5.734e-05,63.0,0.00361242
BCD/BTC,1573281302306,2019-11-09T06:35:02.306Z,buy,5.737e-05,4.0,0.00022948
BCD/BTC,1573281303928,2019-11-09T06:35:03.928Z,sell,5.734e-05,75.0,0.0043005
BCD/BTC,1573281342923,2019-11-09T06:35:42.923Z,sell,5.734e-05,448.0,0.02568832
BCD/BTC,1573281343180,2019-11-09T06:35:43.180Z,buy,5.732e-05,10.0,0.0005732
BCD/BTC,1573281497701,2019-11-09T06:38:17.701Z,sell,5.721e-05,280.0,0.0160188
BCD/BTC,1573281497701,2019-11-09T06:38:17.701Z,sell,5.721e-05,280.0,0.0160188
BCD/BTC,1573281846092,2019-11-09T06:44:06.092Z,sell,5.717e-05,9.0,0.00051453
BCD/BTC,1573281903591,2019-11-09T06:45:03.591Z,buy,5.719e-05,26.0,0.00148694
BCD/BTC,1573281931949,2019-11-09T06:45:31.949Z,sell,5.717e-05,2.0,0.00011434
BCD/BTC,1573281992502,2019-11-09T06:46:32.502Z,sell,5.717e-05,9.0,0.00051453
BCD/BTC,1573281994794,2019-11-09T06:46:34.794Z,sell,5.717e-05,19.0,0.00108623
BCD/BTC,1573281998878,2019-11-09T06:46:38.878Z,sell,5.717e-05,47.0,0.00268699
BCD/BTC,1573281998878,2019-11-09T06:46:38.878Z,sell,5.715e-05,132.0,0.0075438
BCD/BTC,1573282045334,2019-11-09T06:47:25.334Z,buy,5.718e-05,10.0,0.0005718
BCD/BTC,1573282082553,2019-11-09T06:48:02.553Z,sell,5.715e-05,52.0,0.0029718
BCD/BTC,1573282427010,2019-11-09T06:53:47.010Z,sell,5.715e-05,142.0,0.0081153
BCD/BTC,1573282493986,2019-11-09T06:54:53.986Z,sell,5.715e-05,629.0,0.03594735
BCD/BTC,1573282871816,2019-11-09T07:01:11.816Z,sell,5.715e-05,30.0,0.0017145
BCD/BTC,1573282892712,2019-11-09T07:01:32.712Z,sell,5.715e-05,30.0,0.0017145
BCD/BTC,1573284433416,2019-11-09T07:27:13.416Z,sell,5.715e-05,35.0,0.00200025
BCD/BTC,1573284433416,2019-11-09T07:27:13.416Z,sell,5.71e-05,82.0,0.0046822
BCD/BTC,1573284433849,2019-11-09T07:27:13.849Z,sell,5.71e-05,129.0,0.0073659
BCD/BTC,1573284451174,2019-11-09T07:27:31.174Z,sell,5.71e-05,28.0,0.0015988
BCD/BTC,1573284451174,2019-11-09T07:27:31.174Z,sell,5.709e-05,23.0,0.00131307
BCD/BTC,1573284476786,2019-11-09T07:27:56.786Z,buy,5.719e-05,10.0,0.0005719
BCD/BTC,1573284638573,2019-11-09T07:30:38.573Z,buy,5.719e-05,200.0,0.011438
BCD/BTC,1573284770898,2019-11-09T07:32:50.898Z,sell,5.718e-05,62.0,0.00354516
BCD/BTC,1573285071338,2019-11-09T07:37:51.338Z,buy,5.72e-05,101.0,0.0057772
BCD/BTC,1573285071338,2019-11-09T07:37:51.338Z,buy,5.72e-05,101.0,0.0057772
BCD/BTC,1573285143135,2019-11-09T07:39:03.135Z,buy,5.72e-05,174.0,0.0099528
BCD/BTC,1573285203496,2019-11-09T07:40:03.496Z,buy,5.72e-05,4.0,0.0002288
BCD/BTC,1573285646790,2019-11-09T07:47:26.790Z,buy,5.72e-05,2796.0,0.1599312
BCD/BTC,1573285804758,2019-11-09T07:50:04.758Z,buy,5.72e-05,39.0,0.0022308
BCD/BTC,1573285858913,2019-11-09T07:50:58.913Z,buy,5.72e-05,52.0,0.0029744
BCD/BTC,1573286090337,2019-11-09T07:54:50.337Z,buy,5.72e-05,64.0,0.0036608
BCD/BTC,1573286103075,2019-11-09T07:55:03.075Z,buy,5.72e-05,28.0,0.0016016
BCD/BTC,1573286289059,2019-11-09T07:58:09.059Z,buy,5.72e-05,696.0,0.0398112
BCD/BTC,1573286749888,2019-11-09T08:05:49.888Z,sell,5.72e-05,173.0,0.0098956
BCD/BTC,1573286749888,2019-11-09T08:05:49.888Z,sell,5.719e-05,10.0,0.0005719
BCD/BTC,1573286929181,2019-11-09T08:08:49.181Z,buy,5.739e-05,4.0,0.00022956
BCD/BTC,1573286943123,2019-11-09T08:09:03.123Z,sell,5.739e-05,129.0,0.00740331
BCD/BTC,1573286974167,2019-11-09T08:09:34.167Z,sell,5.739e-05,10.0,0.0005739
BCD/BTC,1573286975411,2019-11-09T08:09:35.411Z,sell,5.739e-05,492.0,0.0282358799999999
BCD/BTC,1573287497913,2019-11-09T08:18:17.913Z,buy,5.739e-05,2.0,0.00011478
BCD/BTC,1573287935407,2019-11-09T08:25:35.407Z,buy,5.741e-05,11.0,0.00063151
BCD/BTC,1573288008701,2019-11-09T08:26:48.701Z,sell,5.723e-05,229.0,0.01310567
BCD/BTC,1573288008701,2019-11-09T08:26:48.701Z,sell,5.723e-05,229.0,0.01310567
BCD/BTC,1573289175810,2019-11-09T08:46:15.810Z,sell,5.723e-05,2.0,0.00011446
BCD/BTC,1573289175810,2019-11-09T08:46:15.810Z,sell,5.722e-05,15.0,0.0008583
BCD/BTC,1573289175810,2019-11-09T08:46:15.810Z,sell,5.721e-05,25.0,0.00143025
BCD/BTC,1573289341211,2019-11-09T08:49:01.211Z,buy,5.743e-05,349.0,0.02004307
BCD/BTC,1573289341211,2019-11-09T08:49:01.211Z,buy,5.744e-05,238.0,0.0136707199999999
BCD/BTC,1573289341211,2019-11-09T08:49:01.211Z,buy,5.745e-05,4.0,0.0002298
BCD/BTC,1573289341211,2019-11-09T08:49:01.211Z,buy,5.748e-05,659.0,0.03787932
BCD/BTC,1573289341397,2019-11-09T08:49:01.397Z,buy,5.744e-05,62.0,0.00356128
BCD/BTC,1573289342430,2019-11-09T08:49:02.430Z,buy,5.744e-05,37.0,0.00212528
BCD/BTC,1573289440551,2019-11-09T08:50:40.551Z,sell,5.744e-05,19.0,0.00109136
BCD/BTC,1573289441861,2019-11-09T08:50:41.861Z,sell,5.741e-05,57.0,0.00327237
BCD/BTC,1573289444464,2019-11-09T08:50:44.464Z,sell,5.741e-05,161.0,0.00924301
BCD/BTC,1573289447340,2019-11-09T08:50:47.340Z,sell,5.741e-05,107.0,0.00614287
BCD/BTC,1573289449957,2019-11-09T08:50:49.957Z,sell,5.741e-05,71.0,0.00407611
BCD/BTC,1573289464630,2019-11-09T08:51:04.630Z,sell,5.741e-05,40.0,0.0022964
BCD/BTC,1573289465850,2019-11-09T08:51:05.850Z,sell,5.741e-05,143.0,0.00820963
BCD/BTC,1573289501143,2019-11-09T08:51:41.143Z,sell,5.74e-05,204.0,0.0117096
BCD/BTC,1573289563416,2019-11-09T08:52:43.416Z,buy,5.745e-05,2.0,0.0001149
BCD/BTC,1573289563416,2019-11-09T08:52:43.416Z,buy,5.749e-05,232.0,0.01333768
BCD/BTC,1573289564512,2019-11-09T08:52:44.512Z,sell,5.742e-05,308.0,0.01768536
BCD/BTC,1573289564560,2019-11-09T08:52:44.560Z,buy,5.749e-05,167.0,0.00960083
BCD/BTC,1573289566088,2019-11-09T08:52:46.088Z,buy,5.749e-05,113.0,0.00649637
BCD/BTC,1573289567391,2019-11-09T08:52:47.391Z,buy,5.749e-05,93.0,0.00534657
BCD/BTC,1573290673331,2019-11-09T09:11:13.331Z,sell,5.732e-05,25.0,0.001433
BCD/BTC,1573290699524,2019-11-09T09:11:39.524Z,sell,5.734e-05,325.0,0.0186355
BCD/BTC,1573290752497,2019-11-09T09:12:32.497Z,sell,5.734e-05,133.0,0.00762622
BCD/BTC,1573290752497,2019-11-09T09:12:32.497Z,sell,5.734e-05,133.0,0.00762622
BCD/BTC,1573292649064,2019-11-09T09:44:09.064Z,buy,5.734e-05,2.0,0.00011468
BCD/BTC,1573292649064,2019-11-09T09:44:09.064Z,buy,5.734e-05,2.0,0.00011468
BCD/BTC,1573296027369,2019-11-09T10:40:27.369Z,buy,5.734e-05,10.0,0.0005734
BCD/BTC,1573296027407,2019-11-09T10:40:27.407Z,buy,5.734e-05,5.0,0.0002867
BCD/BTC,1573296027487,2019-11-09T10:40:27.487Z,buy,5.734e-05,8.0,0.00045872
BCD/BTC,1573296045884,2019-11-09T10:40:45.884Z,buy,5.749e-05,63.0,0.00362187
BCD/BTC,1573296045895,2019-11-09T10:40:45.895Z,buy,5.749e-05,148.0,0.00850852
BCD/BTC,1573296046017,2019-11-09T10:40:46.017Z,sell,5.749e-05,207.0,0.01190043
BCD/BTC,1573296046268,2019-11-09T10:40:46.268Z,sell,5.749e-05,13.0,0.00074737
BCD/BTC,1573296062102,2019-11-09T10:41:02.102Z,sell,5.735e-05,39.0,0.0022366499999999
BCD/BTC,1573296078041,2019-11-09T10:41:18.041Z,sell,5.735e-05,9.0,0.0005161499999999
BCD/BTC,1573296078084,2019-11-09T10:41:18.084Z,sell,5.735e-05,63.0,0.00361305
BCD/BTC,1573296078084,2019-11-09T10:41:18.084Z,sell,5.734e-05,11.0,0.00063074
BCD/BTC,1573296189539,2019-11-09T10:43:09.539Z,sell,5.735e-05,40.0,0.002294
BCD/BTC,1573296189539,2019-11-09T10:43:09.539Z,sell,5.735e-05,40.0,0.002294
BCD/BTC,1573296640763,2019-11-09T10:50:40.763Z,sell,5.736e-05,142.0,0.00814512
BCD/BTC,1573296640763,2019-11-09T10:50:40.763Z,sell,5.735e-05,1054.0,0.0604469
BCD/BTC,1573296640763,2019-11-09T10:50:40.763Z,sell,5.734e-05,6972.0,0.39977448
BCD/BTC,1573296679296,2019-11-09T10:51:19.296Z,sell,5.735e-05,10.0,0.0005735
BCD/BTC,1573296736414,2019-11-09T10:52:16.414Z,buy,5.748e-05,1250.0,0.07185
BCD/BTC,1573296736414,2019-11-09T10:52:16.414Z,buy,5.761e-05,348.0,0.0200482799999999
BCD/BTC,1573296736414,2019-11-09T10:52:16.414Z,buy,5.762e-05,197.0,0.01135114
BCD/BTC,1573296736414,2019-11-09T10:52:16.414Z,buy,5.764e-05,198.0,0.01141272
BCD/BTC,1573296736414,2019-11-09T10:52:16.414Z,buy,5.767e-05,597.0,0.03442899
BCD/BTC,1573296736414,2019-11-09T10:52:16.414Z,buy,5.769e-05,540.0,0.0311526
BCD/BTC,1573296780913,2019-11-09T10:53:00.913Z,sell,5.739e-05,10.0,0.0005739
BCD/BTC,1573298159380,2019-11-09T11:15:59.380Z,buy,5.737e-05,89.0,0.00510593
BCD/BTC,1573298204269,2019-11-09T11:16:44.269Z,buy,5.739e-05,174.0,0.00998586
BCD/BTC,1573298542979,2019-11-09T11:22:22.979Z,buy,5.739e-05,4.0,0.00022956
BCD/BTC,1573298587599,2019-11-09T11:23:07.599Z,buy,5.737e-05,96.0,0.00550752
BCD/BTC,1573298618006,2019-11-09T11:23:38.006Z,buy,5.737e-05,683.0,0.03918371
BCD/BTC,1573298634427,2019-11-09T11:23:54.427Z,buy,5.739e-05,6.0,0.00034434
BCD/BTC,1573298727805,2019-11-09T11:25:27.805Z,buy,5.739e-05,21.0,0.0012051899999999
BCD/BTC,1573298732268,2019-11-09T11:25:32.268Z,sell,5.741e-05,107.0,0.00614287
BCD/BTC,1573298732268,2019-11-09T11:25:32.268Z,sell,5.74e-05,59.0,0.0033866
BCD/BTC,1573298732465,2019-11-09T11:25:32.465Z,sell,5.74e-05,45.0,0.002583
BCD/BTC,1573298732504,2019-11-09T11:25:32.504Z,sell,5.74e-05,149.0,0.0085526
BCD/BTC,1573298732504,2019-11-09T11:25:32.504Z,sell,5.737e-05,37.0,0.00212269
BCD/BTC,1573298891503,2019-11-09T11:28:11.503Z,sell,5.737e-05,26.0,0.00149162
BCD/BTC,1573299078408,2019-11-09T11:31:18.408Z,sell,5.737e-05,113.0,0.00648281
BCD/BTC,1573299078408,2019-11-09T11:31:18.408Z,sell,5.736e-05,94.0,0.00539184
BCD/BTC,1573299078408,2019-11-09T11:31:18.408Z,sell,5.735e-05,235.0,0.01347725
BCD/BTC,1573299078408,2019-11-09T11:31:18.408Z,sell,5.734e-05,63.0,0.00361242
BCD/BTC,1573299078408,2019-11-09T11:31:18.408Z,sell,5.737e-05,113.0,0.00648281
BCD/BTC,1573299078408,2019-11-09T11:31:18.408Z,sell,5.736e-05,94.0,0.00539184
BCD/BTC,1573299078408,2019-11-09T11:31:18.408Z,sell,5.735e-05,235.0,0.01347725
BCD/BTC,1573299078408,2019-11-09T11:31:18.408Z,sell,5.734e-05,63.0,0.00361242
BCD/BTC,1573300282028,2019-11-09T11:51:22.028Z,buy,5.74e-05,8.0,0.0004592
BCD/BTC,1573300282028,2019-11-09T11:51:22.028Z,buy,5.743e-05,22.0,0.0012634599999999
BCD/BTC,1573300774214,2019-11-09T11:59:34.214Z,sell,5.759e-05,20.0,0.0011518
BCD/BTC,1573301147705,2019-11-09T12:05:47.705Z,buy,5.747e-05,11.0,0.0006321699999999
BCD/BTC,1573301383381,2019-11-09T12:09:43.381Z,buy,5.747e-05,89.0,0.00511483
BCD/BTC,1573301383381,2019-11-09T12:09:43.381Z,buy,5.759e-05,2.0,0.00011518
BCD/BTC,1573301383381,2019-11-09T12:09:43.381Z,buy,5.765e-05,195.0,0.01124175
BCD/BTC,1573301383381,2019-11-09T12:09:43.381Z,buy,5.767e-05,348.0,0.02006916
BCD/BTC,1573301383381,2019-11-09T12:09:43.381Z,buy,5.768e-05,125.0,0.0072099999999999
BCD/BTC,1573301383381,2019-11-09T12:09:43.381Z,buy,5.769e-05,577.0,0.03328713
BCD/BTC,1573301383381,2019-11-09T12:09:43.381Z,buy,5.772e-05,8.0,0.00046176
BCD/BTC,1573301383381,2019-11-09T12:09:43.381Z,buy,5.773e-05,374.0,0.02159102
BCD/BTC,1573301383900,2019-11-09T12:09:43.900Z,buy,5.767e-05,52.0,0.00299884
BCD/BTC,1573301661801,2019-11-09T12:14:21.801Z,sell,5.767e-05,483.0,0.02785461
BCD/BTC,1573301661887,2019-11-09T12:14:21.887Z,sell,5.767e-05,31.0,0.00178777
BCD/BTC,1573301664851,2019-11-09T12:14:24.851Z,sell,5.748e-05,159.0,0.00913932
BCD/BTC,1573301664851,2019-11-09T12:14:24.851Z,sell,5.747e-05,233.0,0.01339051
BCD/BTC,1573301688183,2019-11-09T12:14:48.183Z,buy,5.77e-05,11.0,0.0006347
BCD/BTC,1573302581490,2019-11-09T12:29:41.490Z,sell,5.751e-05,2.0,0.00011502
BCD/BTC,1573302581490,2019-11-09T12:29:41.490Z,sell,5.751e-05,2.0,0.00011502
BCD/BTC,1573302930850,2019-11-09T12:35:30.850Z,sell,5.751e-05,48.0,0.00276048
BCD/BTC,1573302978020,2019-11-09T12:36:18.020Z,buy,5.77e-05,2.0,0.0001154
BCD/BTC,1573303382946,2019-11-09T12:43:02.946Z,sell,5.751e-05,32.0,0.00184032
BCD/BTC,1573303383331,2019-11-09T12:43:03.331Z,sell,5.751e-05,50.0,0.0028755
BCD/BTC,1573303384337,2019-11-09T12:43:04.337Z,sell,5.752e-05,55.0,0.0031636
BCD/BTC,1573303384657,2019-11-09T12:43:04.657Z,sell,5.752e-05,51.0,0.00293352
BCD/BTC,1573303384657,2019-11-09T12:43:04.657Z,sell,5.751e-05,4.0,0.00023004
BCD/BTC,1573303385540,2019-11-09T12:43:05.540Z,sell,5.751e-05,58.0,0.00333558
BCD/BTC,1573303386466,2019-11-09T12:43:06.466Z,sell,5.751e-05,58.0,0.00333558
BCD/BTC,1573303386699,2019-11-09T12:43:06.699Z,sell,5.751e-05,61.0,0.00350811
BCD/BTC,1573303388309,2019-11-09T12:43:08.309Z,sell,5.751e-05,24.0,0.00138024
BCD/BTC,1573303388471,2019-11-09T12:43:08.471Z,sell,5.751e-05,9.0,0.00051759
BCD/BTC,1573303389301,2019-11-09T12:43:09.301Z,sell,5.751e-05,31.0,0.00178281
BCD/BTC,1573303390056,2019-11-09T12:43:10.056Z,sell,5.751e-05,56.0,0.00322056
BCD/BTC,1573303390459,2019-11-09T12:43:10.459Z,sell,5.751e-05,55.0,0.00316305
BCD/BTC,1573303391228,2019-11-09T12:43:11.228Z,sell,5.751e-05,56.0,0.00322056
BCD/BTC,1573303391630,2019-11-09T12:43:11.630Z,sell,5.751e-05,50.0,0.0028755
BCD/BTC,1573303872050,2019-11-09T12:51:12.050Z,sell,5.748e-05,21.0,0.00120708
BCD/BTC,1573303885216,2019-11-09T12:51:25.216Z,sell,5.767e-05,24.0,0.00138408
BCD/BTC,1573303918457,2019-11-09T12:51:58.457Z,sell,5.748e-05,18.0,0.0010346399999999
BCD/BTC,1573303918932,2019-11-09T12:51:58.932Z,sell,5.748e-05,15.0,0.0008622
BCD/BTC,1573304311827,2019-11-09T12:58:31.827Z,sell,5.748e-05,94.0,0.00540312
BCD/BTC,1573304311827,2019-11-09T12:58:31.827Z,sell,5.747e-05,367.0,0.0210914899999999
BCD/BTC,1573304501718,2019-11-09T13:01:41.718Z,sell,5.747e-05,9.0,0.0005172299999999
BCD/BTC,1573305463123,2019-11-09T13:17:43.123Z,sell,5.748e-05,15.0,0.0008622
BCD/BTC,1573305463530,2019-11-09T13:17:43.530Z,sell,5.748e-05,2.0,0.00011496
BCD/BTC,1573305704388,2019-11-09T13:21:44.388Z,buy,5.765e-05,36.0,0.0020754
BCD/BTC,1573305773503,2019-11-09T13:22:53.503Z,sell,5.76e-05,30.0,0.001728
BCD/BTC,1573305774297,2019-11-09T13:22:54.297Z,sell,5.76e-05,630.0,0.036288
BCD/BTC,1573305774297,2019-11-09T13:22:54.297Z,sell,5.76e-05,630.0,0.036288
BCD/BTC,1573306489486,2019-11-09T13:34:49.486Z,sell,5.748e-05,14.0,0.00080472
BCD/BTC,1573306998732,2019-11-09T13:43:18.732Z,sell,5.748e-05,111.0,0.0063802799999999
BCD/BTC,1573306998732,2019-11-09T13:43:18.732Z,sell,5.747e-05,1507.0,0.0866072899999999
BCD/BTC,1573307024463,2019-11-09T13:43:44.463Z,buy,5.762e-05,22.0,0.00126764
BCD/BTC,1573307599279,2019-11-09T13:53:19.279Z,buy,5.76e-05,51.0,0.0029376
BCD/BTC,1573308213539,2019-11-09T14:03:33.539Z,buy,5.759e-05,37.0,0.00213083
BCD/BTC,1573308322409,2019-11-09T14:05:22.409Z,sell,5.74e-05,100.0,0.00574
BCD/BTC,1573308322409,2019-11-09T14:05:22.409Z,sell,5.736e-05,87.0,0.00499032
BCD/BTC,1573308322409,2019-11-09T14:05:22.409Z,sell,5.735e-05,1529.0,0.0876881499999999
BCD/BTC,1573308370901,2019-11-09T14:06:10.901Z,sell,5.735e-05,487.0,0.0279294499999999
BCD/BTC,1573308370978,2019-11-09T14:06:10.978Z,sell,5.735e-05,47.0,0.00269545
BCD/BTC,1573308371581,2019-11-09T14:06:11.581Z,sell,5.735e-05,870.0,0.0498945
BCD/BTC,1573308371875,2019-11-09T14:06:11.875Z,sell,5.735e-05,77.0,0.00441595
BCD/BTC,1573308371951,2019-11-09T14:06:11.951Z,sell,5.735e-05,50.0,0.0028675
BCD/BTC,1573308371951,2019-11-09T14:06:11.951Z,sell,5.735e-05,50.0,0.0028675
BCD/BTC,1573308372112,2019-11-09T14:06:12.112Z,sell,5.735e-05,39.0,0.0022366499999999
BCD/BTC,1573308372468,2019-11-09T14:06:12.468Z,sell,5.735e-05,2830.0,0.1623005
BCD/BTC,1573308372491,2019-11-09T14:06:12.491Z,sell,5.735e-05,60.0,0.003441
BCD/BTC,1573308372687,2019-11-09T14:06:12.687Z,sell,5.735e-05,493.0,0.0282735499999999
BCD/BTC,1573308372687,2019-11-09T14:06:12.687Z,sell,5.734e-05,72.0,0.00412848
BCD/BTC,1573308382763,2019-11-09T14:06:22.763Z,buy,5.753e-05,50.0,0.0028765
BCD/BTC,1573308382988,2019-11-09T14:06:22.988Z,buy,5.753e-05,50.0,0.0028765
BCD/BTC,1573308390096,2019-11-09T14:06:30.096Z,buy,5.752e-05,47.0,0.00270344
BCD/BTC,1573308391517,2019-11-09T14:06:31.517Z,buy,5.754e-05,77.0,0.00443058
BCD/BTC,1573308436905,2019-11-09T14:07:16.905Z,buy,5.753e-05,47.0,0.00270391
BCD/BTC,1573308509767,2019-11-09T14:08:29.767Z,buy,5.752e-05,46.0,0.00264592
BCD/BTC,1573308737980,2019-11-09T14:12:17.980Z,sell,5.727e-05,8.0,0.00045816
BCD/BTC,1573308791402,2019-11-09T14:13:11.402Z,sell,5.729e-05,78.0,0.00446862
BCD/BTC,1573308791402,2019-11-09T14:13:11.402Z,sell,5.728e-05,421.0,0.02411488
BCD/BTC,1573309140304,2019-11-09T14:19:00.304Z,buy,5.751e-05,45.0,0.00258795
BCD/BTC,1573309209905,2019-11-09T14:20:09.905Z,buy,5.749e-05,168.0,0.00965832
BCD/BTC,1573309209905,2019-11-09T14:20:09.905Z,buy,5.749e-05,168.0,0.00965832
BCD/BTC,1573309497473,2019-11-09T14:24:57.473Z,sell,5.733e-05,5.0,0.00028665
BCD/BTC,1573309883024,2019-11-09T14:31:23.024Z,sell,5.733e-05,171.0,0.00980343
BCD/BTC,1573309883024,2019-11-09T14:31:23.024Z,sell,5.73e-05,284.0,0.0162731999999999
BCD/BTC,1573310346037,2019-11-09T14:39:06.037Z,buy,5.734e-05,5.0,0.0002867
BCD/BTC,1573310397633,2019-11-09T14:39:57.633Z,buy,5.755e-05,348.0,0.0200274
BCD/BTC,1573310397633,2019-11-09T14:39:57.633Z,buy,5.756e-05,198.0,0.01139688
BCD/BTC,1573310400059,2019-11-09T14:40:00.059Z,buy,5.759e-05,132.0,0.00760188
BCD/BTC,1573310400059,2019-11-09T14:40:00.059Z,buy,5.76e-05,204.0,0.0117504
BCD/BTC,1573310622396,2019-11-09T14:43:42.396Z,sell,5.755e-05,59.0,0.00339545
BCD/BTC,1573310622574,2019-11-09T14:43:42.574Z,sell,5.755e-05,22.0,0.0012661
BCD/BTC,1573310622575,2019-11-09T14:43:42.575Z,sell,5.755e-05,116.0,0.0066758
BCD/BTC,1573310622719,2019-11-09T14:43:42.719Z,sell,5.755e-05,39.0,0.00224445
BCD/BTC,1573310625152,2019-11-09T14:43:45.152Z,sell,5.755e-05,108.0,0.0062154
BCD/BTC,1573310729365,2019-11-09T14:45:29.365Z,sell,5.756e-05,53.0,0.00305068
BCD/BTC,1573310729717,2019-11-09T14:45:29.717Z,sell,5.756e-05,51.0,0.00293556
BCD/BTC,1573311003082,2019-11-09T14:50:03.082Z,sell,5.756e-05,131.0,0.0075403599999999
BCD/BTC,1573311039467,2019-11-09T14:50:39.467Z,buy,5.762e-05,417.0,0.02402754
BCD/BTC,1573311039467,2019-11-09T14:50:39.467Z,buy,5.764e-05,105.0,0.0060522
BCD/BTC,1573311039467,2019-11-09T14:50:39.467Z,buy,5.765e-05,634.0,0.0365501
BCD/BTC,1573311057712,2019-11-09T14:50:57.712Z,sell,5.756e-05,83.0,0.00477748
BCD/BTC,1573311057801,2019-11-09T14:50:57.801Z,sell,5.756e-05,41.0,0.00235996
BCD/BTC,1573311935652,2019-11-09T15:05:35.652Z,sell,5.756e-05,233.0,0.01341148
BCD/BTC,1573312080022,2019-11-09T15:08:00.022Z,sell,5.762e-05,318.0,0.01832316
BCD/BTC,1573312191136,2019-11-09T15:09:51.136Z,sell,5.764e-05,114.0,0.00657096
BCD/BTC,1573312378002,2019-11-09T15:12:58.002Z,sell,5.764e-05,818.0,0.04714952
BCD/BTC,1573312378914,2019-11-09T15:12:58.914Z,buy,5.764e-05,36.0,0.00207504
BCD/BTC,1573312648658,2019-11-09T15:17:28.658Z,buy,5.744e-05,143.0,0.00821392
BCD/BTC,1573312659260,2019-11-09T15:17:39.260Z,buy,5.744e-05,112.0,0.0064332799999999
BCD/BTC,1573312680667,2019-11-09T15:18:00.667Z,buy,5.741e-05,957.0,0.05494137
BCD/BTC,1573312680667,2019-11-09T15:18:00.667Z,buy,5.741e-05,957.0,0.05494137
BCD/BTC,1573313310058,2019-11-09T15:28:30.058Z,buy,5.763e-05,104.0,0.00599352
BCD/BTC,1573313579504,2019-11-09T15:32:59.504Z,buy,5.764e-05,147.0,0.00847308
BCD/BTC,1573313793901,2019-11-09T15:36:33.901Z,sell,5.745e-05,2.0,0.0001149
BCD/BTC,1573315262002,2019-11-09T16:01:02.002Z,buy,5.764e-05,38.0,0.00219032
BCD/BTC,1573315263138,2019-11-09T16:01:03.138Z,buy,5.764e-05,30.0,0.0017292
BCD/BTC,1573315266170,2019-11-09T16:01:06.170Z,buy,5.764e-05,30.0,0.0017292
BCD/BTC,1573315266243,2019-11-09T16:01:06.243Z,buy,5.764e-05,27.0,0.00155628
BCD/BTC,1573315266243,2019-11-09T16:01:06.243Z,buy,5.765e-05,465.0,0.0268072499999999
BCD/BTC,1573315270696,2019-11-09T16:01:10.696Z,buy,5.769e-05,5.0,0.00028845
BCD/BTC,1573315270717,2019-11-09T16:01:10.717Z,sell,5.771e-05,53.0,0.00305863
BCD/BTC,1573315271584,2019-11-09T16:01:11.584Z,sell,5.771e-05,35.0,0.00201985
BCD/BTC,1573315275617,2019-11-09T16:01:15.617Z,sell,5.771e-05,168.0,0.00969528
BCD/BTC,1573315275641,2019-11-09T16:01:15.641Z,sell,5.771e-05,39.0,0.00225069
BCD/BTC,1573315367107,2019-11-09T16:02:47.107Z,buy,5.771e-05,19.0,0.00109649
BCD/BTC,1573315395252,2019-11-09T16:03:15.252Z,buy,5.773e-05,12.0,0.00069276
BCD/BTC,1573315395252,2019-11-09T16:03:15.252Z,buy,5.773e-05,12.0,0.00069276
BCD/BTC,1573315395313,2019-11-09T16:03:15.313Z,buy,5.773e-05,44.0,0.00254012
BCD/BTC,1573315395560,2019-11-09T16:03:15.560Z,buy,5.773e-05,46.0,0.00265558
BCD/BTC,1573315431668,2019-11-09T16:03:51.668Z,sell,5.772e-05,44.0,0.00253968
BCD/BTC,1573315437260,2019-11-09T16:03:57.260Z,sell,5.772e-05,12.0,0.00069264
BCD/BTC,1573315441124,2019-11-09T16:04:01.124Z,sell,5.772e-05,30.0,0.0017316
BCD/BTC,1573315442777,2019-11-09T16:04:02.777Z,sell,5.772e-05,12.0,0.00069264
BCD/BTC,1573315755332,2019-11-09T16:09:15.332Z,sell,5.749e-05,346.0,0.01989154
BCD/BTC,1573315758044,2019-11-09T16:09:18.044Z,buy,5.749e-05,30.0,0.0017247
BCD/BTC,1573315761005,2019-11-09T16:09:21.005Z,buy,5.749e-05,30.0,0.0017247
BCD/BTC,1573315764938,2019-11-09T16:09:24.938Z,buy,5.749e-05,30.0,0.0017247
BCD/BTC,1573315811047,2019-11-09T16:10:11.047Z,buy,5.763e-05,101.0,0.00582063
BCD/BTC,1573315875798,2019-11-09T16:11:15.798Z,buy,5.767e-05,30.0,0.0017301
BCD/BTC,1573315877442,2019-11-09T16:11:17.442Z,sell,5.758e-05,334.0,0.01923172
BCD/BTC,1573315877490,2019-11-09T16:11:17.490Z,buy,5.767e-05,38.0,0.00219146
BCD/BTC,1573315879278,2019-11-09T16:11:19.278Z,buy,5.767e-05,14.0,0.00080738
BCD/BTC,1573315879278,2019-11-09T16:11:19.278Z,buy,5.768e-05,16.0,0.00092288
BCD/BTC,1573315880401,2019-11-09T16:11:20.401Z,buy,5.768e-05,30.0,0.0017304
BCD/BTC,1573315977839,2019-11-09T16:12:57.839Z,sell,5.761e-05,101.0,0.00581861
BCD/BTC,1573315989664,2019-11-09T16:13:09.664Z,sell,5.76e-05,300.0,0.01728
BCD/BTC,1573316135232,2019-11-09T16:15:35.232Z,sell,5.767e-05,341.0,0.01966547
BCD/BTC,1573316135232,2019-11-09T16:15:35.232Z,sell,5.767e-05,341.0,0.01966547
BCD/BTC,1573316656343,2019-11-09T16:24:16.343Z,sell,5.767e-05,491.0,0.02831597
BCD/BTC,1573316656499,2019-11-09T16:24:16.499Z,buy,5.755e-05,1027.0,0.05910385
BCD/BTC,1573316656746,2019-11-09T16:24:16.746Z,buy,5.755e-05,500.0,0.028775
BCD/BTC,1573316657538,2019-11-09T16:24:17.538Z,buy,5.755e-05,57.0,0.00328035
BCD/BTC,1573316658605,2019-11-09T16:24:18.605Z,buy,5.755e-05,92.0,0.0052946
BCD/BTC,1573316661520,2019-11-09T16:24:21.520Z,buy,5.755e-05,92.0,0.0052946
BCD/BTC,1573316680271,2019-11-09T16:24:40.271Z,buy,5.755e-05,20.0,0.001151
BCD/BTC,1573316753511,2019-11-09T16:25:53.511Z,buy,5.755e-05,843.0,0.04851465
BCD/BTC,1573317122273,2019-11-09T16:32:02.273Z,buy,5.766e-05,312.0,0.01798992
BCD/BTC,1573317245225,2019-11-09T16:34:05.225Z,buy,5.768e-05,11.0,0.00063448
BCD/BTC,1573317245225,2019-11-09T16:34:05.225Z,buy,5.772e-05,19.0,0.00109668
BCD/BTC,1573317248055,2019-11-09T16:34:08.055Z,buy,5.773e-05,555.0,0.0320401499999999
BCD/BTC,1573317630759,2019-11-09T16:40:30.759Z,buy,5.77e-05,16.0,0.0009232
BCD/BTC,1573317630759,2019-11-09T16:40:30.759Z,buy,5.771e-05,130.0,0.0075023
BCD/BTC,1573317723472,2019-11-09T16:42:03.472Z,buy,5.771e-05,80.0,0.0046168
BCD/BTC,1573317725191,2019-11-09T16:42:05.191Z,buy,5.771e-05,48.0,0.00277008
BCD/BTC,1573317727685,2019-11-09T16:42:07.685Z,buy,5.771e-05,30.0,0.0017313
BCD/BTC,1573317740427,2019-11-09T16:42:20.427Z,buy,5.771e-05,12.0,0.00069252
BCD/BTC,1573317740427,2019-11-09T16:42:20.427Z,buy,5.773e-05,56.0,0.00323288
BCD/BTC,1573317743473,2019-11-09T16:42:23.473Z,buy,5.773e-05,47.0,0.00271331
BCD/BTC,1573317743473,2019-11-09T16:42:23.473Z,buy,5.775e-05,17.0,0.00098175
BCD/BTC,1573317743473,2019-11-09T16:42:23.473Z,buy,5.777e-05,26.0,0.00150202
BCD/BTC,1573317743770,2019-11-09T16:42:23.770Z,buy,5.777e-05,30.0,0.0017331
BCD/BTC,1573317745672,2019-11-09T16:42:25.672Z,buy,5.776e-05,344.0,0.01986944
BCD/BTC,1573318966999,2019-11-09T17:02:46.999Z,buy,5.757e-05,34.0,0.00195738
BCD/BTC,1573318967380,2019-11-09T17:02:47.380Z,buy,5.757e-05,18.0,0.00103626
BCD/BTC,1573318992393,2019-11-09T17:03:12.393Z,buy,5.776e-05,12.0,0.00069312
BCD/BTC,1573319011681,2019-11-09T17:03:31.681Z,buy,5.776e-05,22.0,0.00127072
BCD/BTC,1573319287918,2019-11-09T17:08:07.918Z,sell,5.757e-05,2.0,0.00011514
BCD/BTC,1573319287918,2019-11-09T17:08:07.918Z,sell,5.753e-05,347.0,0.01996291
BCD/BTC,1573319287918,2019-11-09T17:08:07.918Z,sell,5.752e-05,179.0,0.0102960799999999
BCD/BTC,1573319324636,2019-11-09T17:08:44.636Z,buy,5.774e-05,60.0,0.0034644
BCD/BTC,1573319324636,2019-11-09T17:08:44.636Z,buy,5.775e-05,347.0,0.02003925
BCD/BTC,1573319324636,2019-11-09T17:08:44.636Z,buy,5.776e-05,55.0,0.0031768
BCD/BTC,1573319324636,2019-11-09T17:08:44.636Z,buy,5.777e-05,416.0,0.02403232
BCD/BTC,1573319324636,2019-11-09T17:08:44.636Z,buy,5.778e-05,56.0,0.00323568
BCD/BTC,1573319324636,2019-11-09T17:08:44.636Z,buy,5.779e-05,130.0,0.0075127
BCD/BTC,1573319334859,2019-11-09T17:08:54.859Z,buy,5.778e-05,651.0,0.03761478
BCD/BTC,1573319334859,2019-11-09T17:08:54.859Z,buy,5.778e-05,651.0,0.03761478
BCD/BTC,1573319802251,2019-11-09T17:16:42.251Z,buy,5.778e-05,345.0,0.0199341
BCD/BTC,1573319802251,2019-11-09T17:16:42.251Z,buy,5.779e-05,55.0,0.00317845
BCD/BTC,1573319802251,2019-11-09T17:16:42.251Z,buy,5.783e-05,1.0,5.783e-05
BCD/BTC,1573319802251,2019-11-09T17:16:42.251Z,buy,5.783e-05,1.0,5.783e-05
BCD/BTC,1573319802254,2019-11-09T17:16:42.254Z,buy,5.784e-05,157.0,0.00908088
BCD/BTC,1573319802278,2019-11-09T17:16:42.278Z,buy,5.792e-05,119.0,0.00689248
BCD/BTC,1573319802278,2019-11-09T17:16:42.278Z,buy,5.793e-05,160.0,0.0092688
BCD/BTC,1573319802278,2019-11-09T17:16:42.278Z,buy,5.794e-05,31.0,0.0017961399999999
BCD/BTC,1573319802281,2019-11-09T17:16:42.281Z,buy,5.794e-05,133.0,0.00770602
BCD/BTC,1573319808978,2019-11-09T17:16:48.978Z,sell,5.784e-05,39.0,0.00225576
BCD/BTC,1573319818086,2019-11-09T17:16:58.086Z,buy,5.794e-05,9.0,0.00052146
BCD/BTC,1573319818086,2019-11-09T17:16:58.086Z,buy,5.798e-05,2.0,0.00011596
BCD/BTC,1573319818086,2019-11-09T17:16:58.086Z,buy,5.799e-05,293.0,0.01699107
BCD/BTC,1573319830028,2019-11-09T17:17:10.028Z,sell,5.774e-05,19.0,0.00109706
BCD/BTC,1573320087228,2019-11-09T17:21:27.228Z,sell,5.776e-05,16.0,0.00092416
BCD/BTC,1573320249517,2019-11-09T17:24:09.517Z,sell,5.779e-05,200.0,0.011558
BCD/BTC,1573320368048,2019-11-09T17:26:08.048Z,buy,5.776e-05,9.0,0.00051984
BCD/BTC,1573320377553,2019-11-09T17:26:17.553Z,sell,5.78e-05,100.0,0.00578
BCD/BTC,1573320393327,2019-11-09T17:26:33.327Z,sell,5.78e-05,465.0,0.026877
BCD/BTC,1573320406632,2019-11-09T17:26:46.632Z,sell,5.779e-05,1000.0,0.05779
BCD/BTC,1573320609584,2019-11-09T17:30:09.584Z,buy,5.778e-05,85.0,0.0049112999999999
BCD/BTC,1573320841678,2019-11-09T17:34:01.678Z,buy,5.776e-05,146.0,0.00843296
BCD/BTC,1573320934716,2019-11-09T17:35:34.716Z,buy,5.777e-05,79.0,0.00456383
BCD/BTC,1573321295269,2019-11-09T17:41:35.269Z,buy,5.78e-05,2.0,0.0001156
BCD/BTC,1573321469993,2019-11-09T17:44:29.993Z,buy,5.765e-05,4.0,0.0002306
BCD/BTC,1573321474116,2019-11-09T17:44:34.116Z,buy,5.765e-05,7.0,0.0004035499999999
BCD/BTC,1573321652925,2019-11-09T17:47:32.925Z,sell,5.765e-05,108.0,0.0062261999999999
BCD/BTC,1573321652925,2019-11-09T17:47:32.925Z,sell,5.764e-05,51.0,0.00293964
BCD/BTC,1573322794106,2019-11-09T18:06:34.106Z,sell,5.764e-05,43.0,0.0024785199999999
BCD/BTC,1573322794106,2019-11-09T18:06:34.106Z,sell,5.762e-05,65.0,0.0037453
BCD/BTC,1573322794106,2019-11-09T18:06:34.106Z,sell,5.764e-05,43.0,0.0024785199999999
BCD/BTC,1573322794106,2019-11-09T18:06:34.106Z,sell,5.762e-05,65.0,0.0037453
BCD/BTC,1573323799872,2019-11-09T18:23:19.872Z,buy,5.765e-05,19.0,0.00109535
BCD/BTC,1573323799872,2019-11-09T18:23:19.872Z,buy,5.779e-05,115.0,0.00664585
BCD/BTC,1573323799872,2019-11-09T18:23:19.872Z,buy,5.78e-05,32.0,0.0018496
BCD/BTC,1573324179904,2019-11-09T18:29:39.904Z,sell,5.762e-05,349.0,0.02010938
BCD/BTC,1573324184214,2019-11-09T18:29:44.214Z,sell,5.763e-05,138.0,0.00795294
BCD/BTC,1573324184214,2019-11-09T18:29:44.214Z,sell,5.762e-05,82.0,0.00472484
BCD/BTC,1573324184214,2019-11-09T18:29:44.214Z,sell,5.761e-05,131.0,0.0075469099999999
BCD/BTC,1573324184214,2019-11-09T18:29:44.214Z,sell,5.76e-05,481.0,0.0277056
BCD/BTC,1573324184214,2019-11-09T18:29:44.214Z,sell,5.756e-05,154.0,0.0088642399999999
BCD/BTC,1573324184214,2019-11-09T18:29:44.214Z,sell,5.755e-05,95.0,0.00546725
BCD/BTC,1573324184214,2019-11-09T18:29:44.214Z,sell,5.754e-05,154.0,0.00886116
BCD/BTC,1573324184214,2019-11-09T18:29:44.214Z,sell,5.752e-05,154.0,0.0088580799999999
BCD/BTC,1573324918862,2019-11-09T18:41:58.862Z,buy,5.767e-05,1.0,5.767e-05
BCD/BTC,1573326373377,2019-11-09T19:06:13.377Z,buy,5.766e-05,43.0,0.00247938
BCD/BTC,1573326373377,2019-11-09T19:06:13.377Z,buy,5.766e-05,43.0,0.00247938
BCD/BTC,1573326725858,2019-11-09T19:12:05.858Z,buy,5.766e-05,130.0,0.0074958
BCD/BTC,1573326852223,2019-11-09T19:14:12.223Z,buy,5.771e-05,2.0,0.00011542
BCD/BTC,1573326852223,2019-11-09T19:14:12.223Z,buy,5.772e-05,347.0,0.02002884
BCD/BTC,1573326852223,2019-11-09T19:14:12.223Z,buy,5.773e-05,93.0,0.0053688899999999
BCD/BTC,1573326852223,2019-11-09T19:14:12.223Z,buy,5.779e-05,204.0,0.01178916
BCD/BTC,1573326852223,2019-11-09T19:14:12.223Z,buy,5.78e-05,113.0,0.0065314
BCD/BTC,1573326852223,2019-11-09T19:14:12.223Z,buy,5.784e-05,500.0,0.02892
BCD/BTC,1573326852223,2019-11-09T19:14:12.223Z,buy,5.79e-05,323.0,0.0187016999999999
BCD/BTC,1573326880169,2019-11-09T19:14:40.169Z,sell,5.781e-05,18.0,0.00104058
BCD/BTC,1573326909515,2019-11-09T19:15:09.515Z,buy,5.76e-05,7.0,0.0004032
BCD/BTC,1573326912511,2019-11-09T19:15:12.511Z,sell,5.762e-05,265.0,0.0152693
BCD/BTC,1573326912511,2019-11-09T19:15:12.511Z,sell,5.761e-05,480.0,0.0276527999999999
BCD/BTC,1573326959303,2019-11-09T19:15:59.303Z,buy,5.781e-05,173.0,0.0100011299999999
BCD/BTC,1573326959303,2019-11-09T19:15:59.303Z,buy,5.782e-05,346.0,0.02000572
BCD/BTC,1573326959303,2019-11-09T19:15:59.303Z,buy,5.783e-05,171.0,0.00988893
BCD/BTC,1573326959303,2019-11-09T19:15:59.303Z,buy,5.789e-05,78.0,0.00451542
BCD/BTC,1573326983746,2019-11-09T19:16:23.746Z,sell,5.765e-05,22.0,0.0012683
BCD/BTC,1573327038968,2019-11-09T19:17:18.968Z,buy,5.786e-05,56.0,0.0032401599999999
BCD/BTC,1573327038969,2019-11-09T19:17:18.969Z,buy,5.786e-05,24.0,0.00138864
BCD/BTC,1573327038969,2019-11-09T19:17:18.969Z,buy,5.787e-05,32.0,0.00185184
BCD/BTC,1573327038979,2019-11-09T19:17:18.979Z,buy,5.787e-05,207.0,0.01197909
BCD/BTC,1573327038979,2019-11-09T19:17:18.979Z,buy,5.788e-05,70.0,0.0040516
BCD/BTC,1573327038979,2019-11-09T19:17:18.979Z,buy,5.79e-05,27.0,0.0015632999999999
BCD/BTC,1573327268908,2019-11-09T19:21:08.908Z,sell,5.767e-05,16.0,0.00092272
BCD/BTC,1573327296292,2019-11-09T19:21:36.292Z,sell,5.77e-05,47.0,0.0027119
BCD/BTC,1573327490944,2019-11-09T19:24:50.944Z,sell,5.775e-05,1300.0,0.075075
BCD/BTC,1573327567807,2019-11-09T19:26:07.807Z,buy,5.787e-05,16.0,0.00092592
BCD/BTC,1573327567807,2019-11-09T19:26:07.807Z,buy,5.788e-05,40.0,0.0023152
BCD/BTC,1573327567807,2019-11-09T19:26:07.807Z,buy,5.787e-05,16.0,0.00092592
BCD/BTC,1573327567807,2019-11-09T19:26:07.807Z,buy,5.788e-05,40.0,0.0023152
BCD/BTC,1573330406442,2019-11-09T20:13:26.442Z,buy,5.789e-05,1.0,5.789e-05
BCD/BTC,1573330406442,2019-11-09T20:13:26.442Z,buy,5.789e-05,1.0,5.789e-05
BCD/BTC,1573332241806,2019-11-09T20:44:01.806Z,buy,5.788e-05,7.0,0.00040516
BCD/BTC,1573332443915,2019-11-09T20:47:23.915Z,buy,5.788e-05,68.0,0.00393584
BCD/BTC,1573332443915,2019-11-09T20:47:23.915Z,buy,5.789e-05,364.0,0.02107196
BCD/BTC,1573333301787,2019-11-09T21:01:41.787Z,buy,5.789e-05,15.0,0.00086835
BCD/BTC,1573333301787,2019-11-09T21:01:41.787Z,buy,5.789e-05,15.0,0.00086835
BCD/BTC,1573334016651,2019-11-09T21:13:36.651Z,buy,5.789e-05,312.0,0.01806168
BCD/BTC,1573334016651,2019-11-09T21:13:36.651Z,buy,5.79e-05,673.0,0.0389667
BCD/BTC,1573334017225,2019-11-09T21:13:37.225Z,sell,5.79e-05,121.0,0.0070059
BCD/BTC,1573335301182,2019-11-09T21:35:01.182Z,sell,5.77e-05,58.0,0.0033466
BCD/BTC,1573335301184,2019-11-09T21:35:01.184Z,sell,5.77e-05,11.0,0.0006347
BCD/BTC,1573335301184,2019-11-09T21:35:01.184Z,sell,5.764e-05,51.0,0.00293964
BCD/BTC,1573335301184,2019-11-09T21:35:01.184Z,sell,5.763e-05,130.0,0.0074919
BCD/BTC,1573335301184,2019-11-09T21:35:01.184Z,sell,5.758e-05,346.0,0.01992268
BCD/BTC,1573335301184,2019-11-09T21:35:01.184Z,sell,5.757e-05,29.0,0.00166953
BCD/BTC,1573335301186,2019-11-09T21:35:01.186Z,sell,5.753e-05,241.0,0.01386473
BCD/BTC,1573335301186,2019-11-09T21:35:01.186Z,sell,5.752e-05,171.0,0.00983592
BCD/BTC,1573335301186,2019-11-09T21:35:01.186Z,sell,5.75e-05,173.0,0.0099475
BCD/BTC,1573335301186,2019-11-09T21:35:01.186Z,sell,5.749e-05,142.0,0.00816358
BCD/BTC,1573335301191,2019-11-09T21:35:01.191Z,sell,5.749e-05,319.0,0.01833931
BCD/BTC,1573335301191,2019-11-09T21:35:01.191Z,sell,5.748e-05,851.0,0.04891548
BCD/BTC,1573335301191,2019-11-09T21:35:01.191Z,sell,5.747e-05,148.0,0.0085055599999999
BCD/BTC,1573335301191,2019-11-09T21:35:01.191Z,sell,5.745e-05,639.0,0.03671055
BCD/BTC,1573335301191,2019-11-09T21:35:01.191Z,sell,5.743e-05,3.0,0.00017229
BCD/BTC,1573335301191,2019-11-09T21:35:01.191Z,sell,5.741e-05,599.0,0.03438859
BCD/BTC,1573335301191,2019-11-09T21:35:01.191Z,sell,5.74e-05,17.0,0.0009758
BCD/BTC,1573335301191,2019-11-09T21:35:01.191Z,sell,5.738e-05,268.0,0.01537784
BCD/BTC,1573335301191,2019-11-09T21:35:01.191Z,sell,5.734e-05,431.0,0.02471354
BCD/BTC,1573335301193,2019-11-09T21:35:01.193Z,sell,5.734e-05,46.0,0.00263764
BCD/BTC,1573335301196,2019-11-09T21:35:01.196Z,sell,5.734e-05,309.0,0.01771806
BCD/BTC,1573335301199,2019-11-09T21:35:01.199Z,sell,5.734e-05,275.0,0.0157685
BCD/BTC,1573335301199,2019-11-09T21:35:01.199Z,sell,5.727e-05,234.0,0.01340118
BCD/BTC,1573335301201,2019-11-09T21:35:01.201Z,sell,5.727e-05,220.0,0.0125994
BCD/BTC,1573335301234,2019-11-09T21:35:01.234Z,buy,5.756e-05,29.0,0.00166924
BCD/BTC,1573335301247,2019-11-09T21:35:01.247Z,buy,5.756e-05,40.0,0.0023024
BCD/BTC,1573335301247,2019-11-09T21:35:01.247Z,buy,5.779e-05,114.0,0.00658806
BCD/BTC,1573335301247,2019-11-09T21:35:01.247Z,buy,5.78e-05,411.0,0.0237558
BCD/BTC,1573335301320,2019-11-09T21:35:01.320Z,buy,5.779e-05,74.0,0.00427646
BCD/BTC,1573335337580,2019-11-09T21:35:37.580Z,buy,5.769e-05,5.0,0.00028845
BCD/BTC,1573335337580,2019-11-09T21:35:37.580Z,buy,5.774e-05,5.0,0.0002887
BCD/BTC,1573335338145,2019-11-09T21:35:38.145Z,buy,5.774e-05,10.0,0.0005774
BCD/BTC,1573335338578,2019-11-09T21:35:38.578Z,buy,5.774e-05,53.0,0.0030602199999999
BCD/BTC,1573335357271,2019-11-09T21:35:57.271Z,buy,5.777e-05,1.0,5.777e-05
BCD/BTC,1573335428431,2019-11-09T21:37:08.431Z,buy,5.774e-05,53.0,0.0030602199999999
BCD/BTC,1573335437868,2019-11-09T21:37:17.868Z,buy,5.772e-05,79.0,0.00455988
BCD/BTC,1573335437964,2019-11-09T21:37:17.964Z,sell,5.772e-05,94.0,0.00542568
BCD/BTC,1573335441442,2019-11-09T21:37:21.442Z,buy,5.772e-05,6.0,0.00034632
BCD/BTC,1573335687781,2019-11-09T21:41:27.781Z,sell,5.755e-05,200.0,0.01151
BCD/BTC,1573335687793,2019-11-09T21:41:27.793Z,buy,5.754e-05,321.0,0.01847034
BCD/BTC,1573335717390,2019-11-09T21:41:57.390Z,buy,5.758e-05,3.0,0.00017274
BCD/BTC,1573335717390,2019-11-09T21:41:57.390Z,buy,5.771e-05,7.0,0.00040397
BCD/BTC,1573335717922,2019-11-09T21:41:57.922Z,buy,5.769e-05,10.0,0.0005769
BCD/BTC,1573335746505,2019-11-09T21:42:26.505Z,buy,5.765e-05,2.0,0.0001153
BCD/BTC,1573335746505,2019-11-09T21:42:26.505Z,buy,5.773e-05,8.0,0.00046184
BCD/BTC,1573336211347,2019-11-09T21:50:11.347Z,buy,5.762e-05,20.0,0.0011524
BCD/BTC,1573336240669,2019-11-09T21:50:40.669Z,buy,5.763e-05,10.0,0.0005763
BCD/BTC,1573336269089,2019-11-09T21:51:09.089Z,buy,5.761e-05,2.0,0.00011522
BCD/BTC,1573336707941,2019-11-09T21:58:27.941Z,sell,5.756e-05,43.0,0.0024750799999999
BCD/BTC,1573336840636,2019-11-09T22:00:40.636Z,buy,5.759e-05,45.0,0.00259155
BCD/BTC,1573336840636,2019-11-09T22:00:40.636Z,buy,5.76e-05,257.0,0.0148031999999999
BCD/BTC,1573336840636,2019-11-09T22:00:40.636Z,buy,5.761e-05,698.0,0.04021178
BCD/BTC,1573336840636,2019-11-09T22:00:40.636Z,buy,5.759e-05,45.0,0.00259155
BCD/BTC,1573336840636,2019-11-09T22:00:40.636Z,buy,5.76e-05,257.0,0.0148031999999999
BCD/BTC,1573336840636,2019-11-09T22:00:40.636Z,buy,5.761e-05,698.0,0.04021178
BCD/BTC,1573337636445,2019-11-09T22:13:56.445Z,buy,5.76e-05,17.0,0.0009792
BCD/BTC,1573337636445,2019-11-09T22:13:56.445Z,buy,5.761e-05,397.0,0.02287117
BCD/BTC,1573337644683,2019-11-09T22:14:04.683Z,buy,5.761e-05,17.0,0.00097937
BCD/BTC,1573337644683,2019-11-09T22:14:04.683Z,buy,5.763e-05,113.0,0.00651219
BCD/BTC,1573338700433,2019-11-09T22:31:40.433Z,buy,5.763e-05,2.0,0.00011526
BCD/BTC,1573339154438,2019-11-09T22:39:14.438Z,sell,5.744e-05,220.0,0.0126368
BCD/BTC,1573339175721,2019-11-09T22:39:35.721Z,buy,5.762e-05,10.0,0.0005762
BCD/BTC,1573339175986,2019-11-09T22:39:35.986Z,buy,5.762e-05,10.0,0.0005762
BCD/BTC,1573339177740,2019-11-09T22:39:37.740Z,buy,5.762e-05,10.0,0.0005762
BCD/BTC,1573339400373,2019-11-09T22:43:20.373Z,buy,5.761e-05,2.0,0.00011522
BCD/BTC,1573339416078,2019-11-09T22:43:36.078Z,buy,5.762e-05,134.0,0.00772108
BCD/BTC,1573339506926,2019-11-09T22:45:06.926Z,buy,5.762e-05,18.0,0.00103716
BCD/BTC,1573339507248,2019-11-09T22:45:07.248Z,buy,5.762e-05,6.0,0.00034572
BCD/BTC,1573339507539,2019-11-09T22:45:07.539Z,buy,5.762e-05,6.0,0.00034572
BCD/BTC,1573339507749,2019-11-09T22:45:07.749Z,buy,5.762e-05,7.0,0.00040334
BCD/BTC,1573339510147,2019-11-09T22:45:10.147Z,buy,5.762e-05,53.0,0.00305386
BCD/BTC,1573339522216,2019-11-09T22:45:22.216Z,buy,5.762e-05,104.0,0.00599248
BCD/BTC,1573339930307,2019-11-09T22:52:10.307Z,sell,5.746e-05,20.0,0.0011492
BCD/BTC,1573340128174,2019-11-09T22:55:28.174Z,sell,5.746e-05,76.0,0.00436696
BCD/BTC,1573340128174,2019-11-09T22:55:28.174Z,sell,5.744e-05,197.0,0.01131568
BCD/BTC,1573340128174,2019-11-09T22:55:28.174Z,sell,5.743e-05,973.0,0.0558793899999999
BCD/BTC,1573340239671,2019-11-09T22:57:19.671Z,buy,5.762e-05,38.0,0.00218956
BCD/BTC,1573340435811,2019-11-09T23:00:35.811Z,sell,5.743e-05,1.0,5.743e-05
BCD/BTC,1573340435811,2019-11-09T23:00:35.811Z,sell,5.74e-05,27.0,0.0015498
BCD/BTC,1573340435811,2019-11-09T23:00:35.811Z,sell,5.737e-05,242.0,0.01388354
BCD/BTC,1573340435811,2019-11-09T23:00:35.811Z,sell,5.736e-05,38.0,0.00217968
BCD/BTC,1573340435811,2019-11-09T23:00:35.811Z,sell,5.734e-05,5.0,0.0002867
BCD/BTC,1573340435811,2019-11-09T23:00:35.811Z,sell,5.733e-05,171.0,0.00980343
BCD/BTC,1573340435811,2019-11-09T23:00:35.811Z,sell,5.726e-05,13.0,0.00074438
BCD/BTC,1573340435811,2019-11-09T23:00:35.811Z,sell,5.725e-05,378.0,0.0216405
BCD/BTC,1573340435811,2019-11-09T23:00:35.811Z,sell,5.724e-05,124.0,0.00709776
BCD/BTC,1573340435811,2019-11-09T23:00:35.811Z,sell,5.743e-05,1.0,5.743e-05
BCD/BTC,1573340435811,2019-11-09T23:00:35.811Z,sell,5.74e-05,27.0,0.0015498
BCD/BTC,1573340435811,2019-11-09T23:00:35.811Z,sell,5.737e-05,242.0,0.01388354
BCD/BTC,1573340435811,2019-11-09T23:00:35.811Z,sell,5.736e-05,38.0,0.00217968
BCD/BTC,1573340435811,2019-11-09T23:00:35.811Z,sell,5.734e-05,5.0,0.0002867
BCD/BTC,1573340435811,2019-11-09T23:00:35.811Z,sell,5.733e-05,171.0,0.00980343
BCD/BTC,1573340435811,2019-11-09T23:00:35.811Z,sell,5.726e-05,13.0,0.00074438
BCD/BTC,1573340435811,2019-11-09T23:00:35.811Z,sell,5.725e-05,378.0,0.0216405
BCD/BTC,1573340435811,2019-11-09T23:00:35.811Z,sell,5.724e-05,124.0,0.00709776
BCD/BTC,1573340556240,2019-11-09T23:02:36.240Z,buy,5.753e-05,47.0,0.00270391
BCD/BTC,1573340599117,2019-11-09T23:03:19.117Z,buy,5.752e-05,35.0,0.0020132
BCD/BTC,1573340605428,2019-11-09T23:03:25.428Z,buy,5.759e-05,41.0,0.00236119
BCD/BTC,1573340613806,2019-11-09T23:03:33.806Z,buy,5.757e-05,70.0,0.0040299
BCD/BTC,1573340615535,2019-11-09T23:03:35.535Z,buy,5.757e-05,26.0,0.00149682
BCD/BTC,1573340615535,2019-11-09T23:03:35.535Z,buy,5.758e-05,348.0,0.02003784
BCD/BTC,1573340615535,2019-11-09T23:03:35.535Z,buy,5.759e-05,66.0,0.00380094
BCD/BTC,1573340617727,2019-11-09T23:03:37.727Z,buy,5.761e-05,129.0,0.0074316899999999
BCD/BTC,1573340617727,2019-11-09T23:03:37.727Z,buy,5.762e-05,188.0,0.01083256
BCD/BTC,1573340619397,2019-11-09T23:03:39.397Z,buy,5.762e-05,30.0,0.0017286
BCD/BTC,1573340621858,2019-11-09T23:03:41.858Z,buy,5.762e-05,47.0,0.00270814
BCD/BTC,1573340624331,2019-11-09T23:03:44.331Z,buy,5.762e-05,46.0,0.00265052
BCD/BTC,1573340626516,2019-11-09T23:03:46.516Z,buy,5.762e-05,66.0,0.00380292
BCD/BTC,1573340628711,2019-11-09T23:03:48.711Z,buy,5.762e-05,488.0,0.02811856
BCD/BTC,1573340648934,2019-11-09T23:04:08.934Z,buy,5.763e-05,1023.0,0.05895549
BCD/BTC,1573340757637,2019-11-09T23:05:57.637Z,sell,5.763e-05,581.0,0.03348303
BCD/BTC,1573340757637,2019-11-09T23:05:57.637Z,sell,5.762e-05,839.0,0.04834318
BCD/BTC,1573340759399,2019-11-09T23:05:59.399Z,sell,5.763e-05,25.0,0.00144075
BCD/BTC,1573340760318,2019-11-09T23:06:00.318Z,sell,5.763e-05,25.0,0.00144075
BCD/BTC,1573341080708,2019-11-09T23:11:20.708Z,sell,5.763e-05,10.0,0.0005763
BCD/BTC,1573342281511,2019-11-09T23:31:21.511Z,sell,5.762e-05,1098.0,0.06326676
BCD/BTC,1573342281511,2019-11-09T23:31:21.511Z,sell,5.762e-05,1098.0,0.06326676
BCD/BTC,1573344079565,2019-11-10T00:01:19.565Z,buy,5.769e-05,5.0,0.00028845
BCD/BTC,1573344079565,2019-11-10T00:01:19.565Z,buy,5.772e-05,2.0,0.00011544
BCD/BTC,1573344079565,2019-11-10T00:01:19.565Z,buy,5.773e-05,8.0,0.00046184
BCD/BTC,1573344105392,2019-11-10T00:01:45.392Z,sell,5.762e-05,10.0,0.0005762
BCD/BTC,1573344321529,2019-11-10T00:05:21.529Z,buy,5.773e-05,222.0,0.0128160599999999
BCD/BTC,1573345396886,2019-11-10T00:23:16.886Z,buy,5.773e-05,509.0,0.02938457
BCD/BTC,1573345573936,2019-11-10T00:26:13.936Z,buy,5.773e-05,415.0,0.02395795
BCD/BTC,1573345573936,2019-11-10T00:26:13.936Z,buy,5.778e-05,3.0,0.00017334
BCD/BTC,1573345573936,2019-11-10T00:26:13.936Z,buy,5.781e-05,17.0,0.00098277
BCD/BTC,1573345573936,2019-11-10T00:26:13.936Z,buy,5.786e-05,327.0,0.0189202199999999
BCD/BTC,1573345618846,2019-11-10T00:26:58.846Z,sell,5.77e-05,10.0,0.000577
BCD/BTC,1573345623751,2019-11-10T00:27:03.751Z,buy,5.789e-05,39.0,0.00225771
BCD/BTC,1573345623751,2019-11-10T00:27:03.751Z,buy,5.792e-05,20.0,0.0011584
BCD/BTC,1573345623751,2019-11-10T00:27:03.751Z,buy,5.793e-05,561.0,0.03249873
BCD/BTC,1573345627216,2019-11-10T00:27:07.216Z,sell,5.772e-05,133.0,0.00767676
BCD/BTC,1573345627216,2019-11-10T00:27:07.216Z,sell,5.768e-05,371.0,0.02139928
BCD/BTC,1573345627762,2019-11-10T00:27:07.762Z,sell,5.769e-05,18.0,0.00103842
BCD/BTC,1573345628102,2019-11-10T00:27:08.102Z,sell,5.769e-05,34.0,0.00196146
BCD/BTC,1573345677283,2019-11-10T00:27:57.283Z,buy,5.792e-05,202.0,0.01169984
BCD/BTC,1573345719657,2019-11-10T00:28:39.657Z,buy,5.792e-05,84.0,0.00486528
BCD/BTC,1573345719657,2019-11-10T00:28:39.657Z,buy,5.792e-05,84.0,0.00486528
BCD/BTC,1573346976345,2019-11-10T00:49:36.345Z,buy,5.789e-05,167.0,0.00966763
BCD/BTC,1573346976345,2019-11-10T00:49:36.345Z,buy,5.79e-05,179.0,0.0103641
BCD/BTC,1573348221672,2019-11-10T01:10:21.672Z,sell,5.771e-05,129.0,0.00744459
BCD/BTC,1573348221672,2019-11-10T01:10:21.672Z,sell,5.77e-05,291.0,0.0167907
BCD/BTC,1573348224833,2019-11-10T01:10:24.833Z,sell,5.771e-05,140.0,0.0080794
BCD/BTC,1573348224833,2019-11-10T01:10:24.833Z,sell,5.77e-05,55.0,0.0031735
BCD/BTC,1573348224833,2019-11-10T01:10:24.833Z,sell,5.763e-05,861.0,0.04961943
BCD/BTC,1573348224833,2019-11-10T01:10:24.833Z,sell,5.762e-05,404.0,0.02327848
BCD/BTC,1573348228096,2019-11-10T01:10:28.096Z,sell,5.764e-05,57.0,0.00328548
BCD/BTC,1573348339540,2019-11-10T01:12:19.540Z,sell,5.763e-05,115.0,0.00662745
BCD/BTC,1573348345262,2019-11-10T01:12:25.262Z,sell,5.762e-05,22.0,0.00126764
BCD/BTC,1573348473761,2019-11-10T01:14:33.761Z,buy,5.764e-05,14.0,0.00080696
BCD/BTC,1573348503144,2019-11-10T01:15:03.144Z,sell,5.764e-05,20.0,0.0011527999999999
BCD/BTC,1573348503144,2019-11-10T01:15:03.144Z,sell,5.762e-05,21.0,0.00121002
BCD/BTC,1573348802755,2019-11-10T01:20:02.755Z,sell,5.762e-05,32.0,0.00184384
BCD/BTC,1573349004081,2019-11-10T01:23:24.081Z,sell,5.763e-05,84.0,0.00484092
BCD/BTC,1573349102711,2019-11-10T01:25:02.711Z,sell,5.763e-05,26.0,0.00149838
BCD/BTC,1573349102711,2019-11-10T01:25:02.711Z,sell,5.763e-05,26.0,0.00149838
BCD/BTC,1573349402303,2019-11-10T01:30:02.303Z,sell,5.763e-05,6.0,0.00034578
BCD/BTC,1573351230694,2019-11-10T02:00:30.694Z,sell,5.763e-05,26.0,0.00149838
BCD/BTC,1573351230694,2019-11-10T02:00:30.694Z,sell,5.762e-05,169.0,0.00973778
BCD/BTC,1573351240548,2019-11-10T02:00:40.548Z,buy,5.767e-05,348.0,0.02006916
BCD/BTC,1573351240548,2019-11-10T02:00:40.548Z,buy,5.768e-05,96.0,0.0055372799999999
BCD/BTC,1573351240548,2019-11-10T02:00:40.548Z,buy,5.774e-05,116.0,0.00669784
BCD/BTC,1573351240548,2019-11-10T02:00:40.548Z,buy,5.79e-05,240.0,0.0138959999999999
BCD/BTC,1573351240548,2019-11-10T02:00:40.548Z,buy,5.791e-05,193.0,0.01117663
BCD/BTC,1573351240548,2019-11-10T02:00:40.548Z,buy,5.793e-05,7.0,0.00040551
BCD/BTC,1573352108312,2019-11-10T02:15:08.312Z,buy,5.761e-05,30.0,0.0017282999999999
BCD/BTC,1573352131024,2019-11-10T02:15:31.024Z,sell,5.759e-05,20.0,0.0011518
BCD/BTC,1573352131024,2019-11-10T02:15:31.024Z,sell,5.759e-05,20.0,0.0011518
BCD/BTC,1573353125632,2019-11-10T02:32:05.632Z,sell,5.761e-05,73.0,0.00420553
BCD/BTC,1573353125632,2019-11-10T02:32:05.632Z,sell,5.76e-05,454.0,0.0261503999999999
BCD/BTC,1573354610026,2019-11-10T02:56:50.026Z,sell,5.755e-05,73.0,0.00420115
BCD/BTC,1573354610026,2019-11-10T02:56:50.026Z,sell,5.751e-05,467.0,0.02685717
BCD/BTC,1573354610126,2019-11-10T02:56:50.126Z,buy,5.751e-05,57.0,0.00327807
BCD/BTC,1573354610147,2019-11-10T02:56:50.147Z,buy,5.751e-05,44.0,0.00253044
BCD/BTC,1573354610221,2019-11-10T02:56:50.221Z,buy,5.783e-05,101.0,0.00584083
BCD/BTC,1573354835418,2019-11-10T03:00:35.418Z,sell,5.744e-05,58.0,0.00333152
BCD/BTC,1573354835418,2019-11-10T03:00:35.418Z,sell,5.743e-05,3.0,0.00017229
BCD/BTC,1573354835418,2019-11-10T03:00:35.418Z,sell,5.735e-05,91.0,0.00521885
BCD/BTC,1573354835418,2019-11-10T03:00:35.418Z,sell,5.734e-05,227.0,0.01301618
BCD/BTC,1573354835418,2019-11-10T03:00:35.418Z,sell,5.728e-05,74.0,0.00423872
BCD/BTC,1573354835418,2019-11-10T03:00:35.418Z,sell,5.727e-05,297.0,0.01700919
BCD/BTC,1573354835418,2019-11-10T03:00:35.418Z,sell,5.726e-05,249.0,0.01425774
BCD/BTC,1573355216408,2019-11-10T03:06:56.408Z,buy,5.769e-05,5.0,0.00028845
BCD/BTC,1573355348533,2019-11-10T03:09:08.533Z,buy,5.778e-05,3.0,0.00017334
BCD/BTC,1573355348533,2019-11-10T03:09:08.533Z,buy,5.783e-05,2.0,0.00011566
BCD/BTC,1573355348670,2019-11-10T03:09:08.670Z,sell,5.784e-05,115.0,0.0066516
BCD/BTC,1573355348809,2019-11-10T03:09:08.809Z,sell,5.784e-05,25.0,0.001446
BCD/BTC,1573355350230,2019-11-10T03:09:10.230Z,sell,5.784e-05,19.0,0.00109896
BCD/BTC,1573355351076,2019-11-10T03:09:11.076Z,sell,5.792e-05,688.0,0.03984896
BCD/BTC,1573355351690,2019-11-10T03:09:11.690Z,sell,5.792e-05,25.0,0.001448
BCD/BTC,1573355352672,2019-11-10T03:09:12.672Z,sell,5.792e-05,25.0,0.001448
BCD/BTC,1573355353673,2019-11-10T03:09:13.673Z,sell,5.792e-05,25.0,0.001448
BCD/BTC,1573355530169,2019-11-10T03:12:10.169Z,buy,5.766e-05,20.0,0.0011532
BCD/BTC,1573355530169,2019-11-10T03:12:10.169Z,buy,5.766e-05,20.0,0.0011532
BCD/BTC,1573355889249,2019-11-10T03:18:09.249Z,buy,5.766e-05,51.0,0.00294066
BCD/BTC,1573355889820,2019-11-10T03:18:09.820Z,buy,5.766e-05,3.0,0.00017298
BCD/BTC,1573355892736,2019-11-10T03:18:12.736Z,buy,5.769e-05,174.0,0.01003806
BCD/BTC,1573355892935,2019-11-10T03:18:12.935Z,buy,5.769e-05,87.0,0.00501903
BCD/BTC,1573355892935,2019-11-10T03:18:12.935Z,buy,5.78e-05,295.0,0.017051
BCD/BTC,1573355893226,2019-11-10T03:18:13.226Z,buy,5.779e-05,25.0,0.00144475
BCD/BTC,1573355894255,2019-11-10T03:18:14.255Z,buy,5.779e-05,25.0,0.00144475
BCD/BTC,1573355895215,2019-11-10T03:18:15.215Z,buy,5.778e-05,25.0,0.0014445
BCD/BTC,1573355930903,2019-11-10T03:18:50.903Z,buy,5.777e-05,80.0,0.0046216
BCD/BTC,1573355930903,2019-11-10T03:18:50.903Z,buy,5.778e-05,126.0,0.00728028
BCD/BTC,1573355930903,2019-11-10T03:18:50.903Z,buy,5.779e-05,292.0,0.01687468
BCD/BTC,1573355930903,2019-11-10T03:18:50.903Z,buy,5.785e-05,249.0,0.01440465
BCD/BTC,1573355930903,2019-11-10T03:18:50.903Z,buy,5.791e-05,63.0,0.00364833
BCD/BTC,1573355930903,2019-11-10T03:18:50.903Z,buy,5.792e-05,273.0,0.01581216
BCD/BTC,1573355930903,2019-11-10T03:18:50.903Z,buy,5.793e-05,52.0,0.00301236
BCD/BTC,1573355930903,2019-11-10T03:18:50.903Z,buy,5.799e-05,904.0,0.05242296
BCD/BTC,1573355930903,2019-11-10T03:18:50.903Z,buy,5.8e-05,367.0,0.021286
BCD/BTC,1573355930903,2019-11-10T03:18:50.903Z,buy,5.805e-05,5.0,0.00029025
BCD/BTC,1573355930903,2019-11-10T03:18:50.903Z,buy,5.806e-05,24.0,0.00139344
BCD/BTC,1573355930903,2019-11-10T03:18:50.903Z,buy,5.808e-05,2.0,0.00011616
BCD/BTC,1573355930903,2019-11-10T03:18:50.903Z,buy,5.811e-05,10.0,0.0005811
BCD/BTC,1573355930903,2019-11-10T03:18:50.903Z,buy,5.812e-05,3.0,0.00017436
BCD/BTC,1573355930903,2019-11-10T03:18:50.903Z,buy,5.815e-05,10.0,0.0005815
BCD/BTC,1573355931806,2019-11-10T03:18:51.806Z,sell,5.769e-05,5.0,0.00028845
BCD/BTC,1573355931806,2019-11-10T03:18:51.806Z,sell,5.756e-05,31.0,0.00178436
BCD/BTC,1573355932366,2019-11-10T03:18:52.366Z,sell,5.757e-05,319.0,0.01836483
BCD/BTC,1573355932366,2019-11-10T03:18:52.366Z,sell,5.756e-05,258.0,0.01485048
BCD/BTC,1573355933086,2019-11-10T03:18:53.086Z,buy,5.777e-05,3.0,0.0001733099999999
BCD/BTC,1573355933319,2019-11-10T03:18:53.319Z,buy,5.777e-05,25.0,0.00144425
BCD/BTC,1573355934213,2019-11-10T03:18:54.213Z,buy,5.804e-05,25.0,0.001451
BCD/BTC,1573355934361,2019-11-10T03:18:54.361Z,buy,5.804e-05,128.0,0.00742912
BCD/BTC,1573355934361,2019-11-10T03:18:54.361Z,buy,5.805e-05,5.0,0.00029025
BCD/BTC,1573355934361,2019-11-10T03:18:54.361Z,buy,5.814e-05,289.0,0.01680246
BCD/BTC,1573355934361,2019-11-10T03:18:54.361Z,buy,5.815e-05,122.0,0.0070942999999999
BCD/BTC,1573355934361,2019-11-10T03:18:54.361Z,buy,5.816e-05,432.0,0.02512512
BCD/BTC,1573355934386,2019-11-10T03:18:54.386Z,sell,5.816e-05,20.0,0.0011632
BCD/BTC,1573355935071,2019-11-10T03:18:55.071Z,buy,5.803e-05,24.0,0.00139272
BCD/BTC,1573355937029,2019-11-10T03:18:57.029Z,buy,5.802e-05,3.0,0.00017406
BCD/BTC,1573355938860,2019-11-10T03:18:58.860Z,buy,5.802e-05,56.0,0.00324912
BCD/BTC,1573355939800,2019-11-10T03:18:59.800Z,buy,5.802e-05,25.0,0.0014505
BCD/BTC,1573355940780,2019-11-10T03:19:00.780Z,buy,5.802e-05,25.0,0.0014505
BCD/BTC,1573355941996,2019-11-10T03:19:01.996Z,buy,5.802e-05,25.0,0.0014505
BCD/BTC,1573355949435,2019-11-10T03:19:09.435Z,sell,5.782e-05,19.0,0.00109858
BCD/BTC,1573355950251,2019-11-10T03:19:10.251Z,sell,5.778e-05,8.0,0.00046224
BCD/BTC,1573355950525,2019-11-10T03:19:10.525Z,buy,5.809e-05,59.0,0.00342731
BCD/BTC,1573355969791,2019-11-10T03:19:29.791Z,sell,5.778e-05,10.0,0.0005778
BCD/BTC,1573355971509,2019-11-10T03:19:31.509Z,sell,5.778e-05,10.0,0.0005778
BCD/BTC,1573356025706,2019-11-10T03:20:25.706Z,sell,5.78e-05,579.0,0.0334662
BCD/BTC,1573356309774,2019-11-10T03:25:09.774Z,sell,5.769e-05,5.0,0.00028845
BCD/BTC,1573356309774,2019-11-10T03:25:09.774Z,sell,5.766e-05,35.0,0.0020181
BCD/BTC,1573356509365,2019-11-10T03:28:29.365Z,buy,5.771e-05,86.0,0.00496306
BCD/BTC,1573356509365,2019-11-10T03:28:29.365Z,buy,5.772e-05,260.0,0.0150072
BCD/BTC,1573356716564,2019-11-10T03:31:56.564Z,buy,5.781e-05,19.0,0.0010983899999999
BCD/BTC,1573356716564,2019-11-10T03:31:56.564Z,buy,5.782e-05,42.0,0.00242844
BCD/BTC,1573356756614,2019-11-10T03:32:36.614Z,buy,5.782e-05,131.0,0.00757442
BCD/BTC,1573356871849,2019-11-10T03:34:31.849Z,buy,5.784e-05,1.0,5.784e-05
BCD/BTC,1573357236829,2019-11-10T03:40:36.829Z,buy,5.782e-05,3.0,0.00017346
BCD/BTC,1573358018278,2019-11-10T03:53:38.278Z,buy,5.783e-05,26.0,0.00150358
BCD/BTC,1573358021339,2019-11-10T03:53:41.339Z,buy,5.784e-05,1.0,5.784e-05
BCD/BTC,1573358021339,2019-11-10T03:53:41.339Z,buy,5.791e-05,79.0,0.00457489
BCD/BTC,1573358021339,2019-11-10T03:53:41.339Z,buy,5.799e-05,86.0,0.00498714
BCD/BTC,1573358021339,2019-11-10T03:53:41.339Z,buy,5.8e-05,199.0,0.011542
BCD/BTC,1573358021339,2019-11-10T03:53:41.339Z,buy,5.804e-05,57.0,0.00330828
BCD/BTC,1573358021339,2019-11-10T03:53:41.339Z,buy,5.805e-05,5.0,0.00029025
BCD/BTC,1573358021339,2019-11-10T03:53:41.339Z,buy,5.808e-05,43.0,0.00249744
BCD/BTC,1573358021339,2019-11-10T03:53:41.339Z,buy,5.809e-05,172.0,0.00999148
BCD/BTC,1573358021339,2019-11-10T03:53:41.339Z,buy,5.812e-05,3.0,0.00017436
BCD/BTC,1573358021339,2019-11-10T03:53:41.339Z,buy,5.82e-05,13.0,0.0007566
BCD/BTC,1573358021339,2019-11-10T03:53:41.339Z,buy,5.824e-05,42.0,0.0024460799999999
BCD/BTC,1573358021339,2019-11-10T03:53:41.339Z,buy,5.828e-05,386.0,0.0224960799999999
BCD/BTC,1573358021339,2019-11-10T03:53:41.339Z,buy,5.829e-05,493.0,0.02873697
BCD/BTC,1573358021339,2019-11-10T03:53:41.339Z,buy,5.833e-05,286.0,0.01668238
BCD/BTC,1573358021339,2019-11-10T03:53:41.339Z,buy,5.834e-05,161.0,0.00939274
BCD/BTC,1573358032570,2019-11-10T03:53:52.570Z,sell,5.79e-05,9.0,0.0005211
BCD/BTC,1573358033552,2019-11-10T03:53:53.552Z,sell,5.79e-05,36.0,0.0020844
BCD/BTC,1573358036360,2019-11-10T03:53:56.360Z,sell,5.792e-05,71.0,0.00411232
BCD/BTC,1573358054258,2019-11-10T03:54:14.258Z,sell,5.783e-05,10.0,0.0005783
BCD/BTC,1573358103452,2019-11-10T03:55:03.452Z,buy,5.791e-05,75.0,0.00434325
BCD/BTC,1573358103452,2019-11-10T03:55:03.452Z,buy,5.792e-05,184.0,0.01065728
BCD/BTC,1573358104330,2019-11-10T03:55:04.330Z,buy,5.791e-05,13.0,0.00075283
BCD/BTC,1573358136530,2019-11-10T03:55:36.530Z,buy,5.791e-05,38.0,0.00220058
BCD/BTC,1573358137015,2019-11-10T03:55:37.015Z,sell,5.791e-05,23.0,0.00133193
BCD/BTC,1573358154812,2019-11-10T03:55:54.812Z,buy,5.791e-05,104.0,0.00602264
BCD/BTC,1573358154812,2019-11-10T03:55:54.812Z,buy,5.792e-05,213.0,0.01233696
BCD/BTC,1573358334037,2019-11-10T03:58:54.037Z,buy,5.792e-05,500.0,0.02896
BCD/BTC,1573358381262,2019-11-10T03:59:41.262Z,buy,5.792e-05,147.0,0.00851424
BCD/BTC,1573358402730,2019-11-10T04:00:02.730Z,buy,5.795e-05,18.0,0.0010431
BCD/BTC,1573358402730,2019-11-10T04:00:02.730Z,buy,5.799e-05,54.0,0.00313146
BCD/BTC,1573358411539,2019-11-10T04:00:11.539Z,buy,5.799e-05,1.0,5.799e-05
BCD/BTC,1573358548478,2019-11-10T04:02:28.478Z,buy,5.8e-05,100.0,0.0058
BCD/BTC,1573358593379,2019-11-10T04:03:13.379Z,sell,5.8e-05,10.0,0.00058
BCD/BTC,1573358703538,2019-11-10T04:05:03.538Z,buy,5.807e-05,30.0,0.0017421
BCD/BTC,1573358715999,2019-11-10T04:05:15.999Z,buy,5.807e-05,27.0,0.00156789
BCD/BTC,1573358726601,2019-11-10T04:05:26.601Z,sell,5.785e-05,10.0,0.0005785
BCD/BTC,1573358852947,2019-11-10T04:07:32.947Z,sell,5.791e-05,237.0,0.01372467
BCD/BTC,1573359066192,2019-11-10T04:11:06.192Z,buy,5.805e-05,51.0,0.00296055
BCD/BTC,1573359066192,2019-11-10T04:11:06.192Z,buy,5.805e-05,51.0,0.00296055
BCD/BTC,1573359308509,2019-11-10T04:15:08.509Z,buy,5.793e-05,393.0,0.02276649
BCD/BTC,1573359311333,2019-11-10T04:15:11.333Z,buy,5.793e-05,69.0,0.00399717
BCD/BTC,1573360708873,2019-11-10T04:38:28.873Z,buy,5.797e-05,1.0,5.797e-05
BCD/BTC,1573360776433,2019-11-10T04:39:36.433Z,buy,5.795e-05,73.0,0.00423035
BCD/BTC,1573360786933,2019-11-10T04:39:46.933Z,buy,5.797e-05,19.0,0.00110143
BCD/BTC,1573360953129,2019-11-10T04:42:33.129Z,buy,5.798e-05,2.0,0.00011596
BCD/BTC,1573361331986,2019-11-10T04:48:51.986Z,buy,5.799e-05,139.0,0.00806061
BCD/BTC,1573361391046,2019-11-10T04:49:51.046Z,buy,5.8e-05,522.0,0.030276
BCD/BTC,1573361391158,2019-11-10T04:49:51.158Z,buy,5.8e-05,44.0,0.002552
BCD/BTC,1573361653179,2019-11-10T04:54:13.179Z,sell,5.782e-05,19.0,0.00109858
BCD/BTC,1573361653179,2019-11-10T04:54:13.179Z,sell,5.778e-05,3.0,0.00017334
BCD/BTC,1573361653179,2019-11-10T04:54:13.179Z,sell,5.777e-05,12.0,0.0006932399999999
BCD/BTC,1573361654364,2019-11-10T04:54:14.364Z,sell,5.777e-05,333.0,0.01923741
BCD/BTC,1573361654364,2019-11-10T04:54:14.364Z,sell,5.776e-05,112.0,0.00646912
BCD/BTC,1573361654364,2019-11-10T04:54:14.364Z,sell,5.773e-05,13.0,0.0007504899999999
BCD/BTC,1573361654364,2019-11-10T04:54:14.364Z,sell,5.769e-05,55.0,0.00317295
BCD/BTC,1573361654364,2019-11-10T04:54:14.364Z,sell,5.759e-05,200.0,0.011518
BCD/BTC,1573361654364,2019-11-10T04:54:14.364Z,sell,5.758e-05,154.0,0.00886732
BCD/BTC,1573361660390,2019-11-10T04:54:20.390Z,buy,5.794e-05,25.0,0.0014485
BCD/BTC,1573361660446,2019-11-10T04:54:20.446Z,buy,5.794e-05,25.0,0.0014485
BCD/BTC,1573361660767,2019-11-10T04:54:20.767Z,buy,5.794e-05,68.0,0.0039399199999999
BCD/BTC,1573361795792,2019-11-10T04:56:35.792Z,buy,5.785e-05,67.0,0.00387595
BCD/BTC,1573361795792,2019-11-10T04:56:35.792Z,buy,5.786e-05,110.0,0.0063646
BCD/BTC,1573361913473,2019-11-10T04:58:33.473Z,sell,5.758e-05,171.0,0.00984618
BCD/BTC,1573361975624,2019-11-10T04:59:35.624Z,buy,5.779e-05,79.0,0.00456541
BCD/BTC,1573361975624,2019-11-10T04:59:35.624Z,buy,5.78e-05,101.0,0.0058378
BCD/BTC,1573361975785,2019-11-10T04:59:35.785Z,buy,5.779e-05,53.0,0.00306287
BCD/BTC,1573361975785,2019-11-10T04:59:35.785Z,buy,5.78e-05,35.0,0.002023
BCD/BTC,1573362151849,2019-11-10T05:02:31.849Z,buy,5.785e-05,1.0,5.785e-05
BCD/BTC,1573362303548,2019-11-10T05:05:03.548Z,buy,5.786e-05,88.0,0.0050916799999999
BCD/BTC,1573362303548,2019-11-10T05:05:03.548Z,buy,5.786e-05,88.0,0.0050916799999999
BCD/BTC,1573363828963,2019-11-10T05:30:28.963Z,buy,5.789e-05,4.0,0.00023156
BCD/BTC,1573363828965,2019-11-10T05:30:28.965Z,buy,5.789e-05,25.0,0.00144725
BCD/BTC,1573363829087,2019-11-10T05:30:29.087Z,buy,5.789e-05,1.0,5.789e-05
BCD/BTC,1573363829212,2019-11-10T05:30:29.212Z,buy,5.789e-05,25.0,0.00144725
BCD/BTC,1573363943584,2019-11-10T05:32:23.584Z,buy,5.796e-05,12.0,0.00069552
BCD/BTC,1573364211726,2019-11-10T05:36:51.726Z,buy,5.8e-05,532.0,0.030856
BCD/BTC,1573364211726,2019-11-10T05:36:51.726Z,buy,5.801e-05,2489.0,0.14438689
BCD/BTC,1573364328139,2019-11-10T05:38:48.139Z,buy,5.801e-05,168.0,0.00974568
BCD/BTC,1573364328341,2019-11-10T05:38:48.341Z,buy,5.801e-05,74.0,0.00429274
BCD/BTC,1573364751925,2019-11-10T05:45:51.925Z,buy,5.801e-05,1239.0,0.07187439
BCD/BTC,1573365003191,2019-11-10T05:50:03.191Z,buy,5.801e-05,45.0,0.00261045
BCD/BTC,1573365054327,2019-11-10T05:50:54.327Z,buy,5.801e-05,55.0,0.00319055
BCD/BTC,1573365054327,2019-11-10T05:50:54.327Z,buy,5.801e-05,55.0,0.00319055
BCD/BTC,1573366682621,2019-11-10T06:18:02.621Z,buy,5.801e-05,345.0,0.02001345
BCD/BTC,1573367988242,2019-11-10T06:39:48.242Z,buy,5.8e-05,11.0,0.000638
BCD/BTC,1573368046769,2019-11-10T06:40:46.769Z,sell,5.78e-05,128.0,0.0073984
BCD/BTC,1573368055589,2019-11-10T06:40:55.589Z,sell,5.777e-05,54.0,0.00311958
BCD/BTC,1573368065906,2019-11-10T06:41:05.906Z,sell,5.774e-05,72.0,0.00415728
BCD/BTC,1573368094413,2019-11-10T06:41:34.413Z,sell,5.776e-05,216.0,0.01247616
BCD/BTC,1573368109680,2019-11-10T06:41:49.680Z,sell,5.777e-05,42.0,0.00242634
BCD/BTC,1573368109680,2019-11-10T06:41:49.680Z,sell,5.777e-05,42.0,0.00242634
BCD/BTC,1573369504397,2019-11-10T07:05:04.397Z,buy,5.792e-05,35.0,0.0020272
BCD/BTC,1573369802800,2019-11-10T07:10:02.800Z,buy,5.793e-05,35.0,0.00202755
BCD/BTC,1573370102732,2019-11-10T07:15:02.732Z,buy,5.793e-05,35.0,0.00202755
BCD/BTC,1573370255304,2019-11-10T07:17:35.304Z,sell,5.793e-05,30.0,0.0017379
BCD/BTC,1573370315358,2019-11-10T07:18:35.358Z,buy,5.798e-05,67.0,0.00388466
BCD/BTC,1573370315358,2019-11-10T07:18:35.358Z,buy,5.8e-05,105.0,0.00609
BCD/BTC,1573370885752,2019-11-10T07:28:05.752Z,sell,5.793e-05,6.0,0.00034758
BCD/BTC,1573371190040,2019-11-10T07:33:10.040Z,sell,5.793e-05,1070.0,0.0619851
BCD/BTC,1573371218980,2019-11-10T07:33:38.980Z,sell,5.793e-05,102.0,0.00590886
BCD/BTC,1573371259836,2019-11-10T07:34:19.836Z,sell,5.792e-05,23.0,0.00133216
BCD/BTC,1573371292459,2019-11-10T07:34:52.459Z,buy,5.772e-05,231.0,0.01333332
BCD/BTC,1573371431203,2019-11-10T07:37:11.203Z,sell,5.773e-05,114.0,0.00658122
BCD/BTC,1573371431203,2019-11-10T07:37:11.203Z,sell,5.773e-05,114.0,0.00658122
BCD/BTC,1573372502871,2019-11-10T07:55:02.871Z,sell,5.773e-05,7.0,0.00040411
BCD/BTC,1573372502871,2019-11-10T07:55:02.871Z,sell,5.772e-05,154.0,0.00888888
BCD/BTC,1573373570461,2019-11-10T08:12:50.461Z,buy,5.78e-05,308.0,0.0178024
BCD/BTC,1573373570461,2019-11-10T08:12:50.461Z,buy,5.781e-05,132.0,0.0076309199999999
BCD/BTC,1573373570461,2019-11-10T08:12:50.461Z,buy,5.786e-05,126.0,0.00729036
BCD/BTC,1573373570461,2019-11-10T08:12:50.461Z,buy,5.787e-05,281.0,0.01626147
BCD/BTC,1573373595887,2019-11-10T08:13:15.887Z,buy,5.787e-05,19.0,0.00109953
BCD/BTC,1573373608704,2019-11-10T08:13:28.704Z,buy,5.787e-05,618.0,0.03576366
BCD/BTC,1573373664051,2019-11-10T08:14:24.051Z,buy,5.787e-05,8724.0,0.50485788
BCD/BTC,1573373992779,2019-11-10T08:19:52.779Z,buy,5.801e-05,113.0,0.00655513
BCD/BTC,1573373992785,2019-11-10T08:19:52.785Z,buy,5.801e-05,113.0,0.00655513
BCD/BTC,1573373992790,2019-11-10T08:19:52.790Z,buy,5.801e-05,96.0,0.00556896
BCD/BTC,1573374029410,2019-11-10T08:20:29.410Z,buy,5.801e-05,1394.0,0.08086594
BCD/BTC,1573374091826,2019-11-10T08:21:31.826Z,sell,5.783e-05,78.0,0.00451074
BCD/BTC,1573374554763,2019-11-10T08:29:14.763Z,sell,5.794e-05,57.0,0.00330258
BCD/BTC,1573374588930,2019-11-10T08:29:48.930Z,sell,5.797e-05,192.0,0.01113024
BCD/BTC,1573374641835,2019-11-10T08:30:41.835Z,sell,5.799e-05,131.0,0.00759669
BCD/BTC,1573374658379,2019-11-10T08:30:58.379Z,buy,5.804e-05,158.0,0.00917032
BCD/BTC,1573374658379,2019-11-10T08:30:58.379Z,buy,5.805e-05,5.0,0.00029025
BCD/BTC,1573374658379,2019-11-10T08:30:58.379Z,buy,5.807e-05,92.0,0.0053424399999999
BCD/BTC,1573374658379,2019-11-10T08:30:58.379Z,buy,5.812e-05,3.0,0.00017436
BCD/BTC,1573374658379,2019-11-10T08:30:58.379Z,buy,5.818e-05,2.0,0.00011636
BCD/BTC,1573374658379,2019-11-10T08:30:58.379Z,buy,5.82e-05,13.0,0.0007566
BCD/BTC,1573374658379,2019-11-10T08:30:58.379Z,buy,5.823e-05,18.0,0.00104814
BCD/BTC,1573374658379,2019-11-10T08:30:58.379Z,buy,5.824e-05,10.0,0.0005824
BCD/BTC,1573374728349,2019-11-10T08:32:08.349Z,sell,5.801e-05,125.0,0.00725125
BCD/BTC,1573374731669,2019-11-10T08:32:11.669Z,sell,5.804e-05,62.0,0.00359848
BCD/BTC,1573374731669,2019-11-10T08:32:11.669Z,sell,5.803e-05,219.0,0.0127085699999999
BCD/BTC,1573374731669,2019-11-10T08:32:11.669Z,sell,5.802e-05,51.0,0.0029590199999999
BCD/BTC,1573374731669,2019-11-10T08:32:11.669Z,sell,5.801e-05,167.0,0.00968767
BCD/BTC,1573374744440,2019-11-10T08:32:24.440Z,sell,5.801e-05,22.0,0.00127622
BCD/BTC,1573374772597,2019-11-10T08:32:52.597Z,sell,5.798e-05,125.0,0.0072475
BCD/BTC,1573374772597,2019-11-10T08:32:52.597Z,sell,5.797e-05,924.0,0.05356428
BCD/BTC,1573374773226,2019-11-10T08:32:53.226Z,sell,5.798e-05,52.0,0.0030149599999999
BCD/BTC,1573374793765,2019-11-10T08:33:13.765Z,sell,5.797e-05,38.0,0.00220286
BCD/BTC,1573374793765,2019-11-10T08:33:13.765Z,sell,5.797e-05,38.0,0.00220286
BCD/BTC,1573375378596,2019-11-10T08:42:58.596Z,buy,5.805e-05,19.0,0.00110295
BCD/BTC,1573375398452,2019-11-10T08:43:18.452Z,sell,5.806e-05,7.0,0.00040642
BCD/BTC,1573375553601,2019-11-10T08:45:53.601Z,buy,5.824e-05,6.0,0.00034944
BCD/BTC,1573375576310,2019-11-10T08:46:16.310Z,buy,5.824e-05,18.0,0.00104832
BCD/BTC,1573376468322,2019-11-10T09:01:08.322Z,sell,5.806e-05,843.0,0.04894458
BCD/BTC,1573376468322,2019-11-10T09:01:08.322Z,sell,5.797e-05,295.0,0.01710115
BCD/BTC,1573376468322,2019-11-10T09:01:08.322Z,sell,5.786e-05,70.0,0.0040501999999999
BCD/BTC,1573376468322,2019-11-10T09:01:08.322Z,sell,5.785e-05,18.0,0.0010413
BCD/BTC,1573376468322,2019-11-10T09:01:08.322Z,sell,5.778e-05,3.0,0.00017334
BCD/BTC,1573376468360,2019-11-10T09:01:08.360Z,buy,5.775e-05,233.0,0.01345575
BCD/BTC,1573376468364,2019-11-10T09:01:08.364Z,buy,5.775e-05,289.0,0.01668975
BCD/BTC,1573376472545,2019-11-10T09:01:12.545Z,sell,5.784e-05,53.0,0.00306552
BCD/BTC,1573376475643,2019-11-10T09:01:15.643Z,buy,5.811e-05,214.0,0.01243554
BCD/BTC,1573376475643,2019-11-10T09:01:15.643Z,buy,5.812e-05,3.0,0.00017436
BCD/BTC,1573376475643,2019-11-10T09:01:15.643Z,buy,5.819e-05,131.0,0.0076228899999999
BCD/BTC,1573376475643,2019-11-10T09:01:15.643Z,buy,5.821e-05,87.0,0.00506427
BCD/BTC,1573376476016,2019-11-10T09:01:16.016Z,buy,5.811e-05,166.0,0.00964626
BCD/BTC,1573376476016,2019-11-10T09:01:16.016Z,buy,5.821e-05,81.0,0.00471501
BCD/BTC,1573376484860,2019-11-10T09:01:24.860Z,buy,5.815e-05,111.0,0.0064546499999999
BCD/BTC,1573376484860,2019-11-10T09:01:24.860Z,buy,5.819e-05,345.0,0.0200755499999999
BCD/BTC,1573376484860,2019-11-10T09:01:24.860Z,buy,5.824e-05,44.0,0.0025625599999999
BCD/BTC,1573376500236,2019-11-10T09:01:40.236Z,buy,5.821e-05,74.0,0.00430754
BCD/BTC,1573376500236,2019-11-10T09:01:40.236Z,buy,5.822e-05,20.0,0.0011644
BCD/BTC,1573376500236,2019-11-10T09:01:40.236Z,buy,5.825e-05,76.0,0.004427
BCD/BTC,1573377056339,2019-11-10T09:10:56.339Z,buy,5.822e-05,51.0,0.00296922
BCD/BTC,1573377126189,2019-11-10T09:12:06.189Z,sell,5.8e-05,2.0,0.000116
BCD/BTC,1573377126189,2019-11-10T09:12:06.189Z,sell,5.799e-05,1460.0,0.0846654
BCD/BTC,1573377126241,2019-11-10T09:12:06.241Z,sell,5.799e-05,429.0,0.02487771
BCD/BTC,1573377126367,2019-11-10T09:12:06.367Z,sell,5.799e-05,21.0,0.00121779
BCD/BTC,1573377129397,2019-11-10T09:12:09.397Z,sell,5.783e-05,187.0,0.01081421
BCD/BTC,1573377129729,2019-11-10T09:12:09.729Z,sell,5.783e-05,21.0,0.00121443
BCD/BTC,1573377129729,2019-11-10T09:12:09.729Z,sell,5.782e-05,22.0,0.0012720399999999
BCD/BTC,1573377142436,2019-11-10T09:12:22.436Z,sell,5.778e-05,3.0,0.00017334
BCD/BTC,1573377148737,2019-11-10T09:12:28.737Z,sell,5.773e-05,152.0,0.00877496
BCD/BTC,1573377148809,2019-11-10T09:12:28.809Z,buy,5.773e-05,192.0,0.01108416
BCD/BTC,1573377167328,2019-11-10T09:12:47.328Z,sell,5.774e-05,12.0,0.00069288
BCD/BTC,1573377341005,2019-11-10T09:15:41.005Z,buy,5.793e-05,131.0,0.00758883
BCD/BTC,1573377342040,2019-11-10T09:15:42.040Z,buy,5.793e-05,131.0,0.00758883
BCD/BTC,1573377396904,2019-11-10T09:16:36.904Z,buy,5.793e-05,51.0,0.00295443
BCD/BTC,1573377574342,2019-11-10T09:19:34.342Z,buy,5.793e-05,936.0,0.05422248
BCD/BTC,1573378082640,2019-11-10T09:28:02.640Z,buy,5.802e-05,1004.0,0.05825208
BCD/BTC,1573378255182,2019-11-10T09:30:55.182Z,sell,5.804e-05,53.0,0.00307612
BCD/BTC,1573378256029,2019-11-10T09:30:56.029Z,sell,5.804e-05,53.0,0.00307612
BCD/BTC,1573378256029,2019-11-10T09:30:56.029Z,sell,5.804e-05,53.0,0.00307612
BCD/BTC,1573378777144,2019-11-10T09:39:37.144Z,sell,5.798e-05,10.0,0.0005798
BCD/BTC,1573379598150,2019-11-10T09:53:18.150Z,sell,5.802e-05,228.0,0.0132285599999999
BCD/BTC,1573379598150,2019-11-10T09:53:18.150Z,sell,5.801e-05,88.0,0.00510488
BCD/BTC,1573379598150,2019-11-10T09:53:18.150Z,sell,5.798e-05,437.0,0.02533726
BCD/BTC,1573379598150,2019-11-10T09:53:18.150Z,sell,5.797e-05,107.0,0.00620279
BCD/BTC,1573379598150,2019-11-10T09:53:18.150Z,sell,5.796e-05,1243.0,0.07204428
BCD/BTC,1573379598150,2019-11-10T09:53:18.150Z,sell,5.787e-05,172.0,0.00995364
BCD/BTC,1573379598150,2019-11-10T09:53:18.150Z,sell,5.777e-05,42.0,0.00242634
BCD/BTC,1573379598150,2019-11-10T09:53:18.150Z,sell,5.776e-05,253.0,0.01461328
BCD/BTC,1573380813060,2019-11-10T10:13:33.060Z,sell,5.788e-05,210.0,0.0121548
BCD/BTC,1573380870063,2019-11-10T10:14:30.063Z,sell,5.788e-05,9.0,0.00052092
BCD/BTC,1573380870063,2019-11-10T10:14:30.063Z,sell,5.788e-05,9.0,0.00052092
BCD/BTC,1573382474750,2019-11-10T10:41:14.750Z,sell,5.788e-05,71.0,0.00410948
BCD/BTC,1573382475606,2019-11-10T10:41:15.606Z,sell,5.788e-05,45.0,0.0026046
BCD/BTC,1573382551236,2019-11-10T10:42:31.236Z,buy,5.802e-05,2.0,0.00011604
BCD/BTC,1573382551258,2019-11-10T10:42:31.258Z,sell,5.802e-05,105.0,0.0060921
BCD/BTC,1573382629455,2019-11-10T10:43:49.455Z,sell,5.788e-05,12.0,0.00069456
BCD/BTC,1573382764563,2019-11-10T10:46:04.563Z,sell,5.788e-05,389.0,0.02251532
BCD/BTC,1573382764563,2019-11-10T10:46:04.563Z,sell,5.787e-05,137.0,0.00792819
BCD/BTC,1573383091971,2019-11-10T10:51:31.971Z,sell,5.787e-05,20.0,0.0011574
BCD/BTC,1573383623996,2019-11-10T11:00:23.996Z,buy,5.804e-05,69.0,0.00400476
BCD/BTC,1573383623996,2019-11-10T11:00:23.996Z,buy,5.81e-05,52.0,0.0030212
BCD/BTC,1573383923178,2019-11-10T11:05:23.178Z,sell,5.791e-05,42.0,0.00243222
BCD/BTC,1573383923178,2019-11-10T11:05:23.178Z,sell,5.791e-05,42.0,0.00243222
BCD/BTC,1573384510506,2019-11-10T11:15:10.506Z,buy,5.812e-05,3.0,0.00017436
BCD/BTC,1573384510506,2019-11-10T11:15:10.506Z,buy,5.816e-05,37.0,0.00215192
BCD/BTC,1573384515227,2019-11-10T11:15:15.227Z,sell,5.812e-05,16.0,0.00092992
BCD/BTC,1573384515318,2019-11-10T11:15:15.318Z,sell,5.812e-05,2.0,0.00011624
BCD/BTC,1573384546085,2019-11-10T11:15:46.085Z,sell,5.79e-05,15.0,0.0008684999999999
BCD/BTC,1573384547023,2019-11-10T11:15:47.023Z,sell,5.791e-05,15.0,0.00086865
BCD/BTC,1573384687646,2019-11-10T11:18:07.646Z,sell,5.792e-05,33.0,0.00191136
BCD/BTC,1573384687646,2019-11-10T11:18:07.646Z,sell,5.791e-05,71.0,0.00411161
BCD/BTC,1573384687646,2019-11-10T11:18:07.646Z,sell,5.79e-05,33.0,0.0019107
BCD/BTC,1573384687646,2019-11-10T11:18:07.646Z,sell,5.788e-05,857.0,0.04960316
BCD/BTC,1573384687646,2019-11-10T11:18:07.646Z,sell,5.787e-05,56.0,0.00324072
BCD/BTC,1573384803144,2019-11-10T11:20:03.144Z,sell,5.789e-05,2.0,0.00011578
BCD/BTC,1573384803144,2019-11-10T11:20:03.144Z,sell,5.787e-05,35.0,0.00202545
BCD/BTC,1573384991282,2019-11-10T11:23:11.282Z,sell,5.787e-05,1229.0,0.07112223
BCD/BTC,1573384991282,2019-11-10T11:23:11.282Z,sell,5.779e-05,91.0,0.00525889
BCD/BTC,1573384991282,2019-11-10T11:23:11.282Z,sell,5.778e-05,3.0,0.00017334
BCD/BTC,1573384991282,2019-11-10T11:23:11.282Z,sell,5.772e-05,40.0,0.0023088
BCD/BTC,1573384991282,2019-11-10T11:23:11.282Z,sell,5.769e-05,5.0,0.00028845
BCD/BTC,1573384991282,2019-11-10T11:23:11.282Z,sell,5.761e-05,183.0,0.0105426299999999
BCD/BTC,1573384991282,2019-11-10T11:23:11.282Z,sell,5.76e-05,17.0,0.0009792
BCD/BTC,1573384991282,2019-11-10T11:23:11.282Z,sell,5.759e-05,162.0,0.00932958
BCD/BTC,1573384993233,2019-11-10T11:23:13.233Z,sell,5.76e-05,4.0,0.0002304
BCD/BTC,1573385066367,2019-11-10T11:24:26.367Z,buy,5.791e-05,11.0,0.00063701
BCD/BTC,1573385085847,2019-11-10T11:24:45.847Z,buy,5.79e-05,131.0,0.0075848999999999
BCD/BTC,1573385102755,2019-11-10T11:25:02.755Z,sell,5.77e-05,49.0,0.0028273
BCD/BTC,1573385141191,2019-11-10T11:25:41.191Z,buy,5.789e-05,1.0,5.789e-05
BCD/BTC,1573385403536,2019-11-10T11:30:03.536Z,sell,5.77e-05,44.0,0.0025388
BCD/BTC,1573385702728,2019-11-10T11:35:02.728Z,sell,5.773e-05,43.0,0.00248239
BCD/BTC,1573385905070,2019-11-10T11:38:25.070Z,buy,5.789e-05,225.0,0.01302525
BCD/BTC,1573385905122,2019-11-10T11:38:25.122Z,sell,5.789e-05,275.0,0.01591975
BCD/BTC,1573385922865,2019-11-10T11:38:42.865Z,sell,5.789e-05,151.0,0.00874139
BCD/BTC,1573385922866,2019-11-10T11:38:42.866Z,sell,5.789e-05,234.0,0.01354626
BCD/BTC,1573385924801,2019-11-10T11:38:44.801Z,sell,5.789e-05,58.0,0.00335762
BCD/BTC,1573385939770,2019-11-10T11:38:59.770Z,sell,5.789e-05,57.0,0.00329973
BCD/BTC,1573386002741,2019-11-10T11:40:02.741Z,sell,5.788e-05,49.0,0.00283612
BCD/BTC,1573386302340,2019-11-10T11:45:02.340Z,sell,5.788e-05,50.0,0.002894
BCD/BTC,1573386602325,2019-11-10T11:50:02.325Z,sell,5.788e-05,40.0,0.0023152
BCD/BTC,1573386902703,2019-11-10T11:55:02.703Z,sell,5.788e-05,26.0,0.00150488
BCD/BTC,1573387050738,2019-11-10T11:57:30.738Z,sell,5.788e-05,22.0,0.00127336
BCD/BTC,1573387202325,2019-11-10T12:00:02.325Z,sell,5.788e-05,15.0,0.0008682
BCD/BTC,1573387202325,2019-11-10T12:00:02.325Z,sell,5.788e-05,15.0,0.0008682
BCD/BTC,1573387981927,2019-11-10T12:13:01.927Z,sell,5.788e-05,61.0,0.00353068
BCD/BTC,1573387985592,2019-11-10T12:13:05.592Z,sell,5.788e-05,61.0,0.00353068
BCD/BTC,1573388598292,2019-11-10T12:23:18.292Z,sell,5.792e-05,25.0,0.001448
BCD/BTC,1573388607505,2019-11-10T12:23:27.505Z,sell,5.792e-05,175.0,0.010136
BCD/BTC,1573388891797,2019-11-10T12:28:11.797Z,buy,5.791e-05,124.0,0.00718084
BCD/BTC,1573388891797,2019-11-10T12:28:11.797Z,buy,5.792e-05,750.0,0.04344
BCD/BTC,1573388917844,2019-11-10T12:28:37.844Z,sell,5.789e-05,44.0,0.00254716
BCD/BTC,1573389295339,2019-11-10T12:34:55.339Z,sell,5.789e-05,82.0,0.00474698
BCD/BTC,1573389575595,2019-11-10T12:39:35.595Z,sell,5.789e-05,20.0,0.0011578
BCD/BTC,1573389638175,2019-11-10T12:40:38.175Z,sell,5.789e-05,1009.0,0.05841101
BCD/BTC,1573389638175,2019-11-10T12:40:38.175Z,sell,5.788e-05,225.0,0.013023
BCD/BTC,1573389792211,2019-11-10T12:43:12.211Z,buy,5.791e-05,151.0,0.00874441
BCD/BTC,1573389792211,2019-11-10T12:43:12.211Z,buy,5.792e-05,1084.0,0.06278528
BCD/BTC,1573389796591,2019-11-10T12:43:16.591Z,sell,5.792e-05,423.0,0.02450016
BCD/BTC,1573390236952,2019-11-10T12:50:36.952Z,sell,5.792e-05,103.0,0.00596576
BCD/BTC,1573390565574,2019-11-10T12:56:05.574Z,sell,5.792e-05,869.0,0.05033248
BCD/BTC,1573390565574,2019-11-10T12:56:05.574Z,sell,5.792e-05,869.0,0.05033248
BCD/BTC,1573391532240,2019-11-10T13:12:12.240Z,sell,5.778e-05,135.0,0.0078003
BCD/BTC,1573391591137,2019-11-10T13:13:11.137Z,sell,5.778e-05,1346.0,0.07777188
BCD/BTC,1573393166014,2019-11-10T13:39:26.014Z,buy,5.799e-05,3.0,0.00017397
BCD/BTC,1573393166014,2019-11-10T13:39:26.014Z,buy,5.8e-05,247.0,0.014326
BCD/BTC,1573393248447,2019-11-10T13:40:48.447Z,buy,5.799e-05,30.0,0.0017397
BCD/BTC,1573393256981,2019-11-10T13:40:56.981Z,buy,5.799e-05,40.0,0.0023196
BCD/BTC,1573393257332,2019-11-10T13:40:57.332Z,buy,5.798e-05,204.0,0.0118279199999999
BCD/BTC,1573393258037,2019-11-10T13:40:58.037Z,buy,5.798e-05,53.0,0.0030729399999999
BCD/BTC,1573393386314,2019-11-10T13:43:06.314Z,buy,5.8e-05,64.0,0.003712
BCD/BTC,1573393820586,2019-11-10T13:50:20.586Z,sell,5.796e-05,131.0,0.00759276
BCD/BTC,1573393820586,2019-11-10T13:50:20.586Z,sell,5.796e-05,131.0,0.00759276
BCD/BTC,1573394210918,2019-11-10T13:56:50.918Z,buy,5.804e-05,3.0,0.00017412
BCD/BTC,1573394586665,2019-11-10T14:03:06.665Z,sell,5.802e-05,519.0,0.0301123799999999
BCD/BTC,1573394623644,2019-11-10T14:03:43.644Z,buy,5.803e-05,45.0,0.00261135
BCD/BTC,1573394723215,2019-11-10T14:05:23.215Z,buy,5.804e-05,333.0,0.01932732
BCD/BTC,1573394723215,2019-11-10T14:05:23.215Z,buy,5.805e-05,741.0,0.04301505
BCD/BTC,1573394882073,2019-11-10T14:08:02.073Z,buy,5.801e-05,110.0,0.0063811
BCD/BTC,1573394887293,2019-11-10T14:08:07.293Z,buy,5.805e-05,20.0,0.001161
BCD/BTC,1573395059116,2019-11-10T14:10:59.116Z,buy,5.804e-05,77.0,0.00446908
BCD/BTC,1573395072514,2019-11-10T14:11:12.514Z,sell,5.78e-05,28.0,0.0016184
BCD/BTC,1573395072692,2019-11-10T14:11:12.692Z,sell,5.78e-05,29.0,0.0016762
BCD/BTC,1573395098943,2019-11-10T14:11:38.943Z,sell,5.803e-05,14.0,0.00081242
BCD/BTC,1573395228599,2019-11-10T14:13:48.599Z,buy,5.802e-05,57.0,0.0033071399999999
BCD/BTC,1573395228599,2019-11-10T14:13:48.599Z,buy,5.803e-05,56.0,0.00324968
BCD/BTC,1573395228599,2019-11-10T14:13:48.599Z,buy,5.805e-05,2007.0,0.11650635
BCD/BTC,1573396023197,2019-11-10T14:27:03.197Z,sell,5.806e-05,344.0,0.01997264
BCD/BTC,1573396023197,2019-11-10T14:27:03.197Z,sell,5.805e-05,2031.0,0.11789955
BCD/BTC,1573396023236,2019-11-10T14:27:03.236Z,buy,5.8e-05,36.0,0.002088
BCD/BTC,1573396027380,2019-11-10T14:27:07.380Z,buy,5.8e-05,30.0,0.00174
BCD/BTC,1573396029215,2019-11-10T14:27:09.215Z,buy,5.8e-05,30.0,0.00174
BCD/BTC,1573396089629,2019-11-10T14:28:09.629Z,buy,5.8e-05,2.0,0.000116
BCD/BTC,1573396141518,2019-11-10T14:29:01.518Z,sell,5.78e-05,333.0,0.0192474
BCD/BTC,1573396141518,2019-11-10T14:29:01.518Z,sell,5.779e-05,59.0,0.00340961
BCD/BTC,1573396141518,2019-11-10T14:29:01.518Z,sell,5.769e-05,5.0,0.00028845
BCD/BTC,1573396141518,2019-11-10T14:29:01.518Z,sell,5.759e-05,95.0,0.00547105
BCD/BTC,1573396141518,2019-11-10T14:29:01.518Z,sell,5.758e-05,560.0,0.0322448
BCD/BTC,1573396141518,2019-11-10T14:29:01.518Z,sell,5.757e-05,2484.0,0.14300388
BCD/BTC,1573396141518,2019-11-10T14:29:01.518Z,sell,5.752e-05,613.0,0.03525976
BCD/BTC,1573396141518,2019-11-10T14:29:01.518Z,sell,5.751e-05,126.0,0.00724626
BCD/BTC,1573396141518,2019-11-10T14:29:01.518Z,sell,5.749e-05,187.0,0.01075063
BCD/BTC,1573396141518,2019-11-10T14:29:01.518Z,sell,5.747e-05,11.0,0.0006321699999999
BCD/BTC,1573396141518,2019-11-10T14:29:01.518Z,sell,5.744e-05,285.0,0.0163704
BCD/BTC,1573396141518,2019-11-10T14:29:01.518Z,sell,5.743e-05,3.0,0.00017229
BCD/BTC,1573396141518,2019-11-10T14:29:01.518Z,sell,5.741e-05,6.0,0.00034446
BCD/BTC,1573396141518,2019-11-10T14:29:01.518Z,sell,5.739e-05,90.0,0.0051651
BCD/BTC,1573396143150,2019-11-10T14:29:03.150Z,sell,5.781e-05,3.0,0.00017343
BCD/BTC,1573396143522,2019-11-10T14:29:03.522Z,sell,5.781e-05,132.0,0.0076309199999999
BCD/BTC,1573396144879,2019-11-10T14:29:04.879Z,buy,5.78e-05,132.0,0.0076296
BCD/BTC,1573396145018,2019-11-10T14:29:05.018Z,buy,5.78e-05,110.0,0.006358
BCD/BTC,1573396145018,2019-11-10T14:29:05.018Z,buy,5.781e-05,55.0,0.0031795499999999
BCD/BTC,1573396145066,2019-11-10T14:29:05.066Z,buy,5.791e-05,1.0,5.791e-05
BCD/BTC,1573396170632,2019-11-10T14:29:30.632Z,buy,5.785e-05,9.0,0.00052065
BCD/BTC,1573396170955,2019-11-10T14:29:30.955Z,buy,5.784e-05,2.0,0.00011568
BCD/BTC,1573396170955,2019-11-10T14:29:30.955Z,buy,5.785e-05,58.0,0.0033553
BCD/BTC,1573396447840,2019-11-10T14:34:07.840Z,sell,5.769e-05,109.0,0.00628821
BCD/BTC,1573396447840,2019-11-10T14:34:07.840Z,sell,5.769e-05,109.0,0.00628821
BCD/BTC,1573397455902,2019-11-10T14:50:55.902Z,buy,5.792e-05,17.0,0.00098464
BCD/BTC,1573397455902,2019-11-10T14:50:55.902Z,buy,5.8e-05,66.0,0.003828
BCD/BTC,1573397783108,2019-11-10T14:56:23.108Z,sell,5.801e-05,487.0,0.02825087
BCD/BTC,1573397809699,2019-11-10T14:56:49.699Z,sell,5.801e-05,98.0,0.00568498
BCD/BTC,1573398374864,2019-11-10T15:06:14.864Z,sell,5.793e-05,3.0,0.00017379
BCD/BTC,1573398386377,2019-11-10T15:06:26.377Z,buy,5.792e-05,262.0,0.01517504
BCD/BTC,1573398386377,2019-11-10T15:06:26.377Z,buy,5.793e-05,344.0,0.01992792
BCD/BTC,1573398386377,2019-11-10T15:06:26.377Z,buy,5.798e-05,72.0,0.00417456
BCD/BTC,1573398872325,2019-11-10T15:14:32.325Z,sell,5.799e-05,345.0,0.0200065499999999
BCD/BTC,1573398872325,2019-11-10T15:14:32.325Z,sell,5.798e-05,758.0,0.0439488399999999
BCD/BTC,1573399458017,2019-11-10T15:24:18.017Z,sell,5.798e-05,518.0,0.0300336399999999
BCD/BTC,1573399545388,2019-11-10T15:25:45.388Z,sell,5.798e-05,69.0,0.00400062
BCD/BTC,1573399545388,2019-11-10T15:25:45.388Z,sell,5.798e-05,69.0,0.00400062
BCD/BTC,1573402445808,2019-11-10T16:14:05.808Z,sell,5.798e-05,40.0,0.0023192
BCD/BTC,1573402446606,2019-11-10T16:14:06.606Z,sell,5.798e-05,131.0,0.00759538
BCD/BTC,1573402446853,2019-11-10T16:14:06.853Z,sell,5.798e-05,98.0,0.0056820399999999
BCD/BTC,1573402447073,2019-11-10T16:14:07.073Z,sell,5.798e-05,158.0,0.00916084
BCD/BTC,1573402461742,2019-11-10T16:14:21.742Z,buy,5.805e-05,5.0,0.00029025
BCD/BTC,1573402686040,2019-11-10T16:18:06.040Z,sell,5.798e-05,25.0,0.0014494999999999
BCD/BTC,1573402686984,2019-11-10T16:18:06.984Z,sell,5.798e-05,725.0,0.0420354999999999
BCD/BTC,1573402687905,2019-11-10T16:18:07.905Z,sell,5.798e-05,353.0,0.02046694
BCD/BTC,1573402688443,2019-11-10T16:18:08.443Z,sell,5.798e-05,25.0,0.0014494999999999
BCD/BTC,1573402689190,2019-11-10T16:18:09.190Z,sell,5.798e-05,135.0,0.0078272999999999
BCD/BTC,1573402690943,2019-11-10T16:18:10.943Z,sell,5.798e-05,1110.0,0.0643577999999999
BCD/BTC,1573402691074,2019-11-10T16:18:11.074Z,sell,5.788e-05,11.0,0.00063668
BCD/BTC,1573402691074,2019-11-10T16:18:11.074Z,sell,5.777e-05,14.0,0.0008087799999999
BCD/BTC,1573402710555,2019-11-10T16:18:30.555Z,sell,5.797e-05,30.0,0.0017391
BCD/BTC,1573402710653,2019-11-10T16:18:30.653Z,sell,5.797e-05,25.0,0.00144925
BCD/BTC,1573402714916,2019-11-10T16:18:34.916Z,sell,5.777e-05,25.0,0.00144425
BCD/BTC,1573402719030,2019-11-10T16:18:39.030Z,sell,5.777e-05,5.0,0.00028885
BCD/BTC,1573402728610,2019-11-10T16:18:48.610Z,sell,5.776e-05,25.0,0.001444
BCD/BTC,1573402728789,2019-11-10T16:18:48.789Z,sell,5.776e-05,30.0,0.0017328
BCD/BTC,1573402729872,2019-11-10T16:18:49.872Z,sell,5.776e-05,15.0,0.0008664
BCD/BTC,1573402732121,2019-11-10T16:18:52.121Z,sell,5.773e-05,2.0,0.00011546
BCD/BTC,1573402732121,2019-11-10T16:18:52.121Z,sell,5.769e-05,5.0,0.00028845
BCD/BTC,1573402732121,2019-11-10T16:18:52.121Z,sell,5.765e-05,18.0,0.0010377
BCD/BTC,1573402734803,2019-11-10T16:18:54.803Z,sell,5.765e-05,511.0,0.02945915
BCD/BTC,1573402735719,2019-11-10T16:18:55.719Z,sell,5.765e-05,25.0,0.00144125
BCD/BTC,1573402739330,2019-11-10T16:18:59.330Z,sell,5.765e-05,25.0,0.00144125
BCD/BTC,1573402741695,2019-11-10T16:19:01.695Z,sell,5.752e-05,170.0,0.0097784
BCD/BTC,1573402741695,2019-11-10T16:19:01.695Z,sell,5.751e-05,279.0,0.01604529
BCD/BTC,1573402741695,2019-11-10T16:19:01.695Z,sell,5.748e-05,22.0,0.00126456
BCD/BTC,1573402741695,2019-11-10T16:19:01.695Z,sell,5.743e-05,3.0,0.00017229
BCD/BTC,1573402741695,2019-11-10T16:19:01.695Z,sell,5.734e-05,5.0,0.0002867
BCD/BTC,1573402741695,2019-11-10T16:19:01.695Z,sell,5.733e-05,182.0,0.01043406
BCD/BTC,1573402741695,2019-11-10T16:19:01.695Z,sell,5.732e-05,546.0,0.03129672
BCD/BTC,1573402742980,2019-11-10T16:19:02.980Z,sell,5.732e-05,25.0,0.001433
BCD/BTC,1573402746369,2019-11-10T16:19:06.369Z,sell,5.732e-05,25.0,0.001433
BCD/BTC,1573402747230,2019-11-10T16:19:07.230Z,buy,5.752e-05,15.0,0.0008627999999999
BCD/BTC,1573402750123,2019-11-10T16:19:10.123Z,sell,5.733e-05,3.0,0.00017199
BCD/BTC,1573402750123,2019-11-10T16:19:10.123Z,sell,5.732e-05,22.0,0.00126104
BCD/BTC,1573402750379,2019-11-10T16:19:10.379Z,sell,5.732e-05,72.0,0.00412704
BCD/BTC,1573402752024,2019-11-10T16:19:12.024Z,sell,5.732e-05,10.0,0.0005732
BCD/BTC,1573402753965,2019-11-10T16:19:13.965Z,sell,5.728e-05,25.0,0.001432
BCD/BTC,1573402754728,2019-11-10T16:19:14.728Z,buy,5.732e-05,1.0,5.732e-05
BCD/BTC,1573402754728,2019-11-10T16:19:14.728Z,buy,5.763e-05,433.0,0.02495379
BCD/BTC,1573402755150,2019-11-10T16:19:15.150Z,sell,5.763e-05,88.0,0.00507144
BCD/BTC,1573402757670,2019-11-10T16:19:17.670Z,sell,5.732e-05,20.0,0.0011464
BCD/BTC,1573402757670,2019-11-10T16:19:17.670Z,sell,5.728e-05,5.0,0.0002864
BCD/BTC,1573402761170,2019-11-10T16:19:21.170Z,sell,5.761e-05,2.0,0.00011522
BCD/BTC,1573402761170,2019-11-10T16:19:21.170Z,sell,5.729e-05,23.0,0.00131767
BCD/BTC,1573402761900,2019-11-10T16:19:21.900Z,sell,5.729e-05,40.0,0.0022916
BCD/BTC,1573402764523,2019-11-10T16:19:24.523Z,sell,5.73e-05,25.0,0.0014325
BCD/BTC,1573402767851,2019-11-10T16:19:27.851Z,sell,5.73e-05,25.0,0.0014325
BCD/BTC,1573402769479,2019-11-10T16:19:29.479Z,sell,5.731e-05,69.0,0.0039543899999999
BCD/BTC,1573402769479,2019-11-10T16:19:29.479Z,sell,5.73e-05,64.0,0.0036672
BCD/BTC,1573402769479,2019-11-10T16:19:29.479Z,sell,5.729e-05,69.0,0.00395301
BCD/BTC,1573402769479,2019-11-10T16:19:29.479Z,sell,5.728e-05,402.0,0.02302656
BCD/BTC,1573402769528,2019-11-10T16:19:29.528Z,sell,5.728e-05,267.0,0.01529376
BCD/BTC,1573402769528,2019-11-10T16:19:29.528Z,sell,5.726e-05,602.0,0.03447052
BCD/BTC,1573402770603,2019-11-10T16:19:30.603Z,sell,5.731e-05,22.0,0.00126082
BCD/BTC,1573402770603,2019-11-10T16:19:30.603Z,sell,5.726e-05,67.0,0.0038364199999999
BCD/BTC,1573402771090,2019-11-10T16:19:31.090Z,sell,5.726e-05,25.0,0.0014314999999999
BCD/BTC,1573402774255,2019-11-10T16:19:34.255Z,sell,5.727e-05,17.0,0.00097359
BCD/BTC,1573402774255,2019-11-10T16:19:34.255Z,sell,5.726e-05,8.0,0.00045808
BCD/BTC,1573402784345,2019-11-10T16:19:44.345Z,buy,5.76e-05,174.0,0.0100223999999999
BCD/BTC,1573402785337,2019-11-10T16:19:45.337Z,sell,5.76e-05,15.0,0.000864
BCD/BTC,1573402787051,2019-11-10T16:19:47.051Z,sell,5.76e-05,25.0,0.0014399999999999
BCD/BTC,1573402788011,2019-11-10T16:19:48.011Z,sell,5.76e-05,135.0,0.007776
BCD/BTC,1573402789554,2019-11-10T16:19:49.554Z,sell,5.76e-05,25.0,0.0014399999999999
BCD/BTC,1573402792059,2019-11-10T16:19:52.059Z,sell,5.76e-05,25.0,0.0014399999999999
BCD/BTC,1573402792537,2019-11-10T16:19:52.537Z,sell,5.76e-05,19.0,0.0010944
BCD/BTC,1573402794290,2019-11-10T16:19:54.290Z,sell,5.76e-05,25.0,0.0014399999999999
BCD/BTC,1573402794940,2019-11-10T16:19:54.940Z,sell,5.76e-05,57.0,0.0032832
BCD/BTC,1573402794940,2019-11-10T16:19:54.940Z,sell,5.728e-05,25.0,0.001432
BCD/BTC,1573402796390,2019-11-10T16:19:56.390Z,sell,5.728e-05,25.0,0.001432
BCD/BTC,1573402820414,2019-11-10T16:20:20.414Z,buy,5.76e-05,21.0,0.0012096
BCD/BTC,1573402821128,2019-11-10T16:20:21.128Z,sell,5.739e-05,2.0,0.00011478
BCD/BTC,1573402826269,2019-11-10T16:20:26.269Z,sell,5.728e-05,26.0,0.00148928
BCD/BTC,1573402826269,2019-11-10T16:20:26.269Z,sell,5.727e-05,277.0,0.01586379
BCD/BTC,1573402826269,2019-11-10T16:20:26.269Z,sell,5.726e-05,130.0,0.0074437999999999
BCD/BTC,1573402826269,2019-11-10T16:20:26.269Z,sell,5.724e-05,853.0,0.04882572
BCD/BTC,1573402826269,2019-11-10T16:20:26.269Z,sell,5.719e-05,4.0,0.00022876
BCD/BTC,1573402826269,2019-11-10T16:20:26.269Z,sell,5.718e-05,11.0,0.00062898
BCD/BTC,1573402826269,2019-11-10T16:20:26.269Z,sell,5.717e-05,1208.0,0.06906136
BCD/BTC,1573402826269,2019-11-10T16:20:26.269Z,sell,5.715e-05,2.0,0.0001143
BCD/BTC,1573402826269,2019-11-10T16:20:26.269Z,sell,5.714e-05,22.0,0.00125708
BCD/BTC,1573402826269,2019-11-10T16:20:26.269Z,sell,5.71e-05,8.0,0.0004568
BCD/BTC,1573402826269,2019-11-10T16:20:26.269Z,sell,5.709e-05,186.0,0.01061874
BCD/BTC,1573402826269,2019-11-10T16:20:26.269Z,sell,5.708e-05,3.0,0.00017124
BCD/BTC,1573402826269,2019-11-10T16:20:26.269Z,sell,5.7e-05,5.0,0.000285
BCD/BTC,1573402826269,2019-11-10T16:20:26.269Z,sell,5.689e-05,19.0,0.00108091
BCD/BTC,1573402826269,2019-11-10T16:20:26.269Z,sell,5.68e-05,95.0,0.005396
BCD/BTC,1573402826269,2019-11-10T16:20:26.269Z,sell,5.679e-05,13.0,0.00073827
BCD/BTC,1573402826269,2019-11-10T16:20:26.269Z,sell,5.673e-05,3.0,0.00017019
BCD/BTC,1573402826269,2019-11-10T16:20:26.269Z,sell,5.668e-05,654.0,0.03706872
BCD/BTC,1573402826269,2019-11-10T16:20:26.269Z,sell,5.665e-05,5.0,0.00028325
BCD/BTC,1573402826269,2019-11-10T16:20:26.269Z,sell,5.659e-05,204.0,0.01154436
BCD/BTC,1573402826269,2019-11-10T16:20:26.269Z,sell,5.658e-05,1208.0,0.06834864
BCD/BTC,1573402826269,2019-11-10T16:20:26.269Z,sell,5.654e-05,601.0,0.03398054
BCD/BTC,1573402826269,2019-11-10T16:20:26.269Z,sell,5.65e-05,455.0,0.0257074999999999
BCD/BTC,1573402826269,2019-11-10T16:20:26.269Z,sell,5.647e-05,22.0,0.00124234
BCD/BTC,1573402826269,2019-11-10T16:20:26.269Z,sell,5.644e-05,2.0,0.00011288
BCD/BTC,1573402826269,2019-11-10T16:20:26.269Z,sell,5.638e-05,3.0,0.00016914
BCD/BTC,1573402826269,2019-11-10T16:20:26.269Z,sell,5.633e-05,13.0,0.00073229
BCD/BTC,1573402826269,2019-11-10T16:20:26.269Z,sell,5.631e-05,5.0,0.00028155
BCD/BTC,1573402826269,2019-11-10T16:20:26.269Z,sell,5.621e-05,291.0,0.01635711
BCD/BTC,1573402827373,2019-11-10T16:20:27.373Z,buy,5.66e-05,99.0,0.0056034
BCD/BTC,1573402828240,2019-11-10T16:20:28.240Z,sell,5.728e-05,22.0,0.00126016
BCD/BTC,1573402828243,2019-11-10T16:20:28.243Z,sell,5.728e-05,35.0,0.0020048
BCD/BTC,1573402828243,2019-11-10T16:20:28.243Z,sell,5.67e-05,34.0,0.0019278
BCD/BTC,1573402828246,2019-11-10T16:20:28.246Z,sell,5.67e-05,2.0,0.0001134
BCD/BTC,1573402828354,2019-11-10T16:20:28.354Z,sell,5.67e-05,99.0,0.0056133
BCD/BTC,1573402828406,2019-11-10T16:20:28.406Z,sell,5.67e-05,162.0,0.0091854
BCD/BTC,1573402828406,2019-11-10T16:20:28.406Z,sell,5.667e-05,40.0,0.0022668
BCD/BTC,1573402828406,2019-11-10T16:20:28.406Z,sell,5.66e-05,89.0,0.0050374
BCD/BTC,1573402828455,2019-11-10T16:20:28.455Z,sell,5.66e-05,4.0,0.0002264
BCD/BTC,1573402828455,2019-11-10T16:20:28.455Z,sell,5.658e-05,297.0,0.0168042599999999
BCD/BTC,1573402829039,2019-11-10T16:20:29.039Z,buy,5.722e-05,25.0,0.0014305
BCD/BTC,1573402850110,2019-11-10T16:20:50.110Z,sell,5.659e-05,4.0,0.00022636
BCD/BTC,1573402850110,2019-11-10T16:20:50.110Z,sell,5.658e-05,99.0,0.0056014199999999
BCD/BTC,1573402850110,2019-11-10T16:20:50.110Z,sell,5.615e-05,2.0,0.0001123
BCD/BTC,1573402850110,2019-11-10T16:20:50.110Z,sell,5.614e-05,22.0,0.00123508
BCD/BTC,1573402850110,2019-11-10T16:20:50.110Z,sell,5.603e-05,3.0,0.00016809
BCD/BTC,1573402850110,2019-11-10T16:20:50.110Z,sell,5.6e-05,76.0,0.004256
BCD/BTC,1573402851184,2019-11-10T16:20:51.184Z,buy,5.706e-05,1.0,5.706e-05
BCD/BTC,1573402851726,2019-11-10T16:20:51.726Z,buy,5.706e-05,20.0,0.0011412
BCD/BTC,1573402853797,2019-11-10T16:20:53.797Z,buy,5.705e-05,2.0,0.0001141
BCD/BTC,1573402853797,2019-11-10T16:20:53.797Z,buy,5.706e-05,2.0,0.00011412
BCD/BTC,1573402854056,2019-11-10T16:20:54.056Z,buy,5.706e-05,20.0,0.0011412
BCD/BTC,1573402857488,2019-11-10T16:20:57.488Z,buy,5.679e-05,13.0,0.00073827
BCD/BTC,1573402859269,2019-11-10T16:20:59.269Z,buy,5.678e-05,80.0,0.0045424
BCD/BTC,1573402861390,2019-11-10T16:21:01.390Z,buy,5.678e-05,52.0,0.00295256
BCD/BTC,1573402861613,2019-11-10T16:21:01.613Z,buy,5.678e-05,68.0,0.00386104
BCD/BTC,1573402863357,2019-11-10T16:21:03.357Z,buy,5.678e-05,50.0,0.002839
BCD/BTC,1573402864723,2019-11-10T16:21:04.723Z,buy,5.678e-05,27.0,0.00153306
BCD/BTC,1573402865968,2019-11-10T16:21:05.968Z,buy,5.678e-05,3.0,0.00017034
BCD/BTC,1573402866369,2019-11-10T16:21:06.369Z,buy,5.677e-05,25.0,0.00141925
BCD/BTC,1573402867313,2019-11-10T16:21:07.313Z,buy,5.677e-05,2.0,0.00011354
BCD/BTC,1573402867770,2019-11-10T16:21:07.770Z,buy,5.677e-05,109.0,0.00618793
BCD/BTC,1573402867770,2019-11-10T16:21:07.770Z,buy,5.678e-05,303.0,0.01720434
BCD/BTC,1573402868558,2019-11-10T16:21:08.558Z,buy,5.678e-05,25.0,0.0014195
BCD/BTC,1573402871357,2019-11-10T16:21:11.357Z,buy,5.677e-05,84.0,0.00476868
BCD/BTC,1573402871490,2019-11-10T16:21:11.490Z,buy,5.677e-05,7.0,0.00039739
BCD/BTC,1573402871490,2019-11-10T16:21:11.490Z,buy,5.678e-05,18.0,0.00102204
BCD/BTC,1573402872129,2019-11-10T16:21:12.129Z,buy,5.678e-05,66.0,0.00374748
BCD/BTC,1573402872129,2019-11-10T16:21:12.129Z,buy,5.705e-05,25.0,0.00142625
BCD/BTC,1573402873553,2019-11-10T16:21:13.553Z,buy,5.705e-05,15.0,0.00085575
BCD/BTC,1573402873553,2019-11-10T16:21:13.553Z,buy,5.706e-05,10.0,0.0005706
BCD/BTC,1573402875561,2019-11-10T16:21:15.561Z,buy,5.706e-05,367.0,0.02094102
BCD/BTC,1573402875996,2019-11-10T16:21:15.996Z,buy,5.706e-05,135.0,0.0077031
BCD/BTC,1573402879081,2019-11-10T16:21:19.081Z,buy,5.706e-05,11.0,0.0006276599999999
BCD/BTC,1573402882181,2019-11-10T16:21:22.181Z,buy,5.706e-05,514.0,0.02932884
BCD/BTC,1573402892513,2019-11-10T16:21:32.513Z,sell,5.696e-05,80.0,0.0045568
BCD/BTC,1573402892551,2019-11-10T16:21:32.551Z,sell,5.696e-05,5.0,0.0002848
BCD/BTC,1573402892787,2019-11-10T16:21:32.787Z,sell,5.696e-05,50.0,0.002848
BCD/BTC,1573402892898,2019-11-10T16:21:32.898Z,sell,5.696e-05,68.0,0.0038732799999999
BCD/BTC,1573402893099,2019-11-10T16:21:33.099Z,sell,5.696e-05,27.0,0.00153792
BCD/BTC,1573402894932,2019-11-10T16:21:34.932Z,sell,5.696e-05,8.0,0.00045568
BCD/BTC,1573402898037,2019-11-10T16:21:38.037Z,buy,5.699e-05,3.0,0.00017097
BCD/BTC,1573402903090,2019-11-10T16:21:43.090Z,sell,5.683e-05,47.0,0.00267101
BCD/BTC,1573402906939,2019-11-10T16:21:46.939Z,buy,5.699e-05,21.0,0.00119679
BCD/BTC,1573402909782,2019-11-10T16:21:49.782Z,sell,5.683e-05,964.0,0.05478412
BCD/BTC,1573402910782,2019-11-10T16:21:50.782Z,buy,5.67e-05,32.0,0.0018144
BCD/BTC,1573402911049,2019-11-10T16:21:51.049Z,buy,5.67e-05,3.0,0.0001701
BCD/BTC,1573402917990,2019-11-10T16:21:57.990Z,buy,5.699e-05,32.0,0.00182368
BCD/BTC,1573402928703,2019-11-10T16:22:08.703Z,sell,5.68e-05,65.0,0.003692
BCD/BTC,1573402928703,2019-11-10T16:22:08.703Z,sell,5.634e-05,200.0,0.011268
BCD/BTC,1573402928703,2019-11-10T16:22:08.703Z,sell,5.633e-05,13.0,0.00073229
BCD/BTC,1573402929481,2019-11-10T16:22:09.481Z,buy,5.607e-05,70.0,0.0039248999999999
BCD/BTC,1573402929513,2019-11-10T16:22:09.513Z,buy,5.607e-05,21.0,0.00117747
BCD/BTC,1573402930261,2019-11-10T16:22:10.261Z,sell,5.655e-05,65.0,0.0036757499999999
BCD/BTC,1573402930417,2019-11-10T16:22:10.417Z,sell,5.655e-05,279.0,0.01577745
BCD/BTC,1573402932339,2019-11-10T16:22:12.339Z,sell,5.656e-05,3.0,0.00016968
BCD/BTC,1573402937287,2019-11-10T16:22:17.287Z,buy,5.692e-05,91.0,0.00517972
BCD/BTC,1573402939185,2019-11-10T16:22:19.185Z,buy,5.655e-05,126.0,0.0071253
BCD/BTC,1573402939898,2019-11-10T16:22:19.898Z,buy,5.655e-05,159.0,0.00899145
BCD/BTC,1573402942108,2019-11-10T16:22:22.108Z,buy,5.658e-05,222.0,0.0125607599999999
BCD/BTC,1573402946278,2019-11-10T16:22:26.278Z,buy,5.657e-05,93.0,0.00526101
BCD/BTC,1573402958552,2019-11-10T16:22:38.552Z,buy,5.658e-05,20.0,0.0011316
BCD/BTC,1573402962639,2019-11-10T16:22:42.639Z,buy,5.658e-05,26.0,0.0014710799999999
BCD/BTC,1573402962639,2019-11-10T16:22:42.639Z,buy,5.664e-05,65.0,0.0036816
BCD/BTC,1573402963340,2019-11-10T16:22:43.340Z,buy,5.664e-05,40.0,0.0022656
BCD/BTC,1573402976411,2019-11-10T16:22:56.411Z,sell,5.65e-05,23.0,0.0012994999999999
BCD/BTC,1573402976411,2019-11-10T16:22:56.411Z,sell,5.602e-05,192.0,0.01075584
BCD/BTC,1573402976411,2019-11-10T16:22:56.411Z,sell,5.601e-05,141.0,0.00789741
BCD/BTC,1573403038585,2019-11-10T16:23:58.585Z,buy,5.644e-05,11.0,0.00062084
BCD/BTC,1573403040388,2019-11-10T16:24:00.388Z,buy,5.644e-05,26.0,0.00146744
BCD/BTC,1573403042356,2019-11-10T16:24:02.356Z,buy,5.644e-05,35.0,0.0019754
BCD/BTC,1573403042989,2019-11-10T16:24:02.989Z,buy,5.644e-05,30.0,0.0016932
BCD/BTC,1573403044392,2019-11-10T16:24:04.392Z,sell,5.604e-05,95.0,0.0053238
BCD/BTC,1573403045075,2019-11-10T16:24:05.075Z,buy,5.644e-05,13.0,0.00073372
BCD/BTC,1573403045075,2019-11-10T16:24:05.075Z,buy,5.645e-05,47.0,0.00265315
BCD/BTC,1573403086306,2019-11-10T16:24:46.306Z,buy,5.644e-05,59.0,0.00332996
BCD/BTC,1573403086696,2019-11-10T16:24:46.696Z,buy,5.644e-05,18.0,0.00101592
BCD/BTC,1573403086696,2019-11-10T16:24:46.696Z,buy,5.645e-05,9.0,0.00050805
BCD/BTC,1573403103705,2019-11-10T16:25:03.705Z,buy,5.643e-05,7.0,0.00039501
BCD/BTC,1573403104156,2019-11-10T16:25:04.156Z,buy,5.643e-05,48.0,0.00270864
BCD/BTC,1573403104156,2019-11-10T16:25:04.156Z,buy,5.644e-05,35.0,0.0019754
BCD/BTC,1573403104929,2019-11-10T16:25:04.929Z,buy,5.644e-05,128.0,0.00722432
BCD/BTC,1573403106755,2019-11-10T16:25:06.755Z,buy,5.643e-05,25.0,0.00141075
BCD/BTC,1573403106928,2019-11-10T16:25:06.928Z,buy,5.643e-05,32.0,0.00180576
BCD/BTC,1573403106928,2019-11-10T16:25:06.928Z,buy,5.644e-05,11.0,0.00062084
BCD/BTC,1573403107732,2019-11-10T16:25:07.732Z,buy,5.644e-05,3.0,0.00016932
BCD/BTC,1573403107732,2019-11-10T16:25:07.732Z,buy,5.645e-05,33.0,0.00186285
BCD/BTC,1573403114682,2019-11-10T16:25:14.682Z,buy,5.645e-05,20.0,0.001129
BCD/BTC,1573403116899,2019-11-10T16:25:16.899Z,buy,5.644e-05,20.0,0.0011288
BCD/BTC,1573403120556,2019-11-10T16:25:20.556Z,buy,5.623e-05,108.0,0.00607284
BCD/BTC,1573403120577,2019-11-10T16:25:20.577Z,buy,5.623e-05,102.0,0.00573546
BCD/BTC,1573403120984,2019-11-10T16:25:20.984Z,buy,5.644e-05,84.0,0.00474096
BCD/BTC,1573403121475,2019-11-10T16:25:21.475Z,buy,5.644e-05,25.0,0.001411
BCD/BTC,1573403124181,2019-11-10T16:25:24.181Z,sell,5.629e-05,13.0,0.00073177
BCD/BTC,1573403124181,2019-11-10T16:25:24.181Z,sell,5.624e-05,71.0,0.00399304
BCD/BTC,1573403124181,2019-11-10T16:25:24.181Z,sell,5.617e-05,96.0,0.00539232
BCD/BTC,1573403138875,2019-11-10T16:25:38.875Z,buy,5.643e-05,60.0,0.0033858
BCD/BTC,1573403138875,2019-11-10T16:25:38.875Z,buy,5.644e-05,670.0,0.0378148
BCD/BTC,1573403138875,2019-11-10T16:25:38.875Z,buy,5.643e-05,60.0,0.0033858
BCD/BTC,1573403138875,2019-11-10T16:25:38.875Z,buy,5.644e-05,670.0,0.0378148
BCD/BTC,1573403149544,2019-11-10T16:25:49.544Z,sell,5.61e-05,188.0,0.0105468
BCD/BTC,1573403149544,2019-11-10T16:25:49.544Z,sell,5.603e-05,3.0,0.00016809
BCD/BTC,1573403149544,2019-11-10T16:25:49.544Z,sell,5.602e-05,3.0,0.00016806
BCD/BTC,1573403149544,2019-11-10T16:25:49.544Z,sell,5.601e-05,23.0,0.00128823
BCD/BTC,1573403149663,2019-11-10T16:25:49.663Z,buy,5.644e-05,304.0,0.01715776
BCD/BTC,1573403150346,2019-11-10T16:25:50.346Z,buy,5.643e-05,81.0,0.00457083
BCD/BTC,1573403150346,2019-11-10T16:25:50.346Z,buy,5.644e-05,178.0,0.01004632
BCD/BTC,1573403150346,2019-11-10T16:25:50.346Z,buy,5.645e-05,75.0,0.00423375
BCD/BTC,1573403151205,2019-11-10T16:25:51.205Z,buy,5.645e-05,44.0,0.0024838
BCD/BTC,1573403151263,2019-11-10T16:25:51.263Z,buy,5.645e-05,40.0,0.002258
BCD/BTC,1573403165637,2019-11-10T16:26:05.637Z,buy,5.645e-05,81.0,0.00457245
BCD/BTC,1573403165638,2019-11-10T16:26:05.638Z,buy,5.645e-05,6.0,0.0003387
BCD/BTC,1573403182315,2019-11-10T16:26:22.315Z,sell,5.638e-05,3.0,0.00016914
BCD/BTC,1573403219547,2019-11-10T16:26:59.547Z,sell,5.645e-05,846.0,0.0477567
BCD/BTC,1573403234262,2019-11-10T16:27:14.262Z,buy,5.673e-05,3.0,0.00017019
BCD/BTC,1573403234278,2019-11-10T16:27:14.278Z,sell,5.674e-05,16.0,0.00090784
BCD/BTC,1573403275143,2019-11-10T16:27:55.143Z,buy,5.671e-05,91.0,0.0051606099999999
BCD/BTC,1573403279229,2019-11-10T16:27:59.229Z,sell,5.671e-05,31.0,0.00175801
BCD/BTC,1573403309614,2019-11-10T16:28:29.614Z,buy,5.67e-05,1.0,5.67e-05
BCD/BTC,1573403401146,2019-11-10T16:30:01.146Z,buy,5.665e-05,5.0,0.00028325
BCD/BTC,1573403401146,2019-11-10T16:30:01.146Z,buy,5.67e-05,15.0,0.0008505
BCD/BTC,1573403401146,2019-11-10T16:30:01.146Z,buy,5.674e-05,7.0,0.00039718
BCD/BTC,1573403401146,2019-11-10T16:30:01.146Z,buy,5.678e-05,11.0,0.00062458
BCD/BTC,1573403401202,2019-11-10T16:30:01.202Z,buy,5.678e-05,50.0,0.002839
BCD/BTC,1573403401202,2019-11-10T16:30:01.202Z,buy,5.679e-05,13.0,0.00073827
BCD/BTC,1573403401202,2019-11-10T16:30:01.202Z,buy,5.681e-05,2.0,0.00011362
BCD/BTC,1573403401202,2019-11-10T16:30:01.202Z,buy,5.699e-05,302.0,0.01721098
BCD/BTC,1573403401342,2019-11-10T16:30:01.342Z,buy,5.678e-05,82.0,0.00465596
BCD/BTC,1573403401647,2019-11-10T16:30:01.647Z,buy,5.678e-05,26.0,0.00147628
BCD/BTC,1573403437775,2019-11-10T16:30:37.775Z,sell,5.651e-05,22.0,0.00124322
BCD/BTC,1573403469716,2019-11-10T16:31:09.716Z,buy,5.678e-05,10.0,0.0005678
BCD/BTC,1573403470162,2019-11-10T16:31:10.162Z,sell,5.653e-05,184.0,0.01040152
BCD/BTC,1573403470162,2019-11-10T16:31:10.162Z,sell,5.652e-05,484.0,0.02735568
BCD/BTC,1573403470162,2019-11-10T16:31:10.162Z,sell,5.651e-05,716.0,0.04046116
BCD/BTC,1573403487816,2019-11-10T16:31:27.816Z,buy,5.677e-05,64.0,0.00363328
BCD/BTC,1573403491099,2019-11-10T16:31:31.099Z,buy,5.677e-05,521.0,0.02957717
BCD/BTC,1573403491281,2019-11-10T16:31:31.281Z,buy,5.677e-05,303.0,0.01720131
BCD/BTC,1573403491507,2019-11-10T16:31:31.507Z,buy,5.677e-05,113.0,0.00641501
BCD/BTC,1573403491507,2019-11-10T16:31:31.507Z,buy,5.68e-05,146.0,0.0082928
BCD/BTC,1573403517463,2019-11-10T16:31:57.463Z,buy,5.699e-05,110.0,0.0062689
BCD/BTC,1573403517495,2019-11-10T16:31:57.495Z,buy,5.699e-05,21.0,0.00119679
BCD/BTC,1573403517495,2019-11-10T16:31:57.495Z,buy,5.7e-05,5.0,0.000285
BCD/BTC,1573403517495,2019-11-10T16:31:57.495Z,buy,5.703e-05,20.0,0.0011406
BCD/BTC,1573403517495,2019-11-10T16:31:57.495Z,buy,5.708e-05,3.0,0.00017124
BCD/BTC,1573403517566,2019-11-10T16:31:57.566Z,sell,5.709e-05,63.0,0.0035966699999999
BCD/BTC,1573403524438,2019-11-10T16:32:04.438Z,buy,5.709e-05,64.0,0.00365376
BCD/BTC,1573403526424,2019-11-10T16:32:06.424Z,buy,5.708e-05,69.0,0.00393852
BCD/BTC,1573403526664,2019-11-10T16:32:06.664Z,buy,5.708e-05,9.0,0.00051372
BCD/BTC,1573403527577,2019-11-10T16:32:07.577Z,buy,5.708e-05,10.0,0.0005708
BCD/BTC,1573403527577,2019-11-10T16:32:07.577Z,buy,5.709e-05,21.0,0.00119889
BCD/BTC,1573403531084,2019-11-10T16:32:11.084Z,buy,5.708e-05,31.0,0.00176948
BCD/BTC,1573403531111,2019-11-10T16:32:11.111Z,buy,5.708e-05,27.0,0.00154116
BCD/BTC,1573403531111,2019-11-10T16:32:11.111Z,buy,5.709e-05,22.0,0.0012559799999999
BCD/BTC,1573403531254,2019-11-10T16:32:11.254Z,buy,5.708e-05,67.0,0.00382436
BCD/BTC,1573403531513,2019-11-10T16:32:11.513Z,buy,5.708e-05,30.0,0.0017124
BCD/BTC,1573403532303,2019-11-10T16:32:12.303Z,buy,5.708e-05,21.0,0.00119868
BCD/BTC,1573403532303,2019-11-10T16:32:12.303Z,buy,5.709e-05,9.0,0.00051381
BCD/BTC,1573403545069,2019-11-10T16:32:25.069Z,buy,5.708e-05,389.0,0.02220412
BCD/BTC,1573403545386,2019-11-10T16:32:25.386Z,buy,5.708e-05,51.0,0.00291108
BCD/BTC,1573403546092,2019-11-10T16:32:26.092Z,buy,5.708e-05,86.0,0.00490888
BCD/BTC,1573403550950,2019-11-10T16:32:30.950Z,buy,5.708e-05,30.0,0.0017124
BCD/BTC,1573403577200,2019-11-10T16:32:57.200Z,buy,5.708e-05,4.0,0.00022832
BCD/BTC,1573403577200,2019-11-10T16:32:57.200Z,buy,5.709e-05,6.0,0.00034254
BCD/BTC,1573403577200,2019-11-10T16:32:57.200Z,buy,5.714e-05,20.0,0.0011428
BCD/BTC,1573403577414,2019-11-10T16:32:57.414Z,buy,5.714e-05,2.0,0.00011428
BCD/BTC,1573403577414,2019-11-10T16:32:57.414Z,buy,5.726e-05,19.0,0.00108794
BCD/BTC,1573403577414,2019-11-10T16:32:57.414Z,buy,5.733e-05,60.0,0.0034398
BCD/BTC,1573403616314,2019-11-10T16:33:36.314Z,buy,5.733e-05,293.0,0.01679769
BCD/BTC,1573403616314,2019-11-10T16:33:36.314Z,buy,5.734e-05,35.0,0.0020069
BCD/BTC,1573403616314,2019-11-10T16:33:36.314Z,buy,5.741e-05,248.0,0.01423768
BCD/BTC,1573403616314,2019-11-10T16:33:36.314Z,buy,5.742e-05,887.0,0.05093154
BCD/BTC,1573403616314,2019-11-10T16:33:36.314Z,buy,5.743e-05,1211.0,0.06954773
BCD/BTC,1573403616314,2019-11-10T16:33:36.314Z,buy,5.747e-05,600.0,0.034482
BCD/BTC,1573403616314,2019-11-10T16:33:36.314Z,buy,5.748e-05,22.0,0.00126456
BCD/BTC,1573403616314,2019-11-10T16:33:36.314Z,buy,5.769e-05,5.0,0.00028845
BCD/BTC,1573403616314,2019-11-10T16:33:36.314Z,buy,5.772e-05,182.0,0.01050504
BCD/BTC,1573403616314,2019-11-10T16:33:36.314Z,buy,5.773e-05,1077.0,0.0621752099999999
BCD/BTC,1573403625892,2019-11-10T16:33:45.892Z,buy,5.74e-05,95.0,0.0054529999999999
BCD/BTC,1573403629768,2019-11-10T16:33:49.768Z,sell,5.733e-05,19.0,0.00108927
BCD/BTC,1573403689373,2019-11-10T16:34:49.373Z,sell,5.751e-05,234.0,0.01345734
BCD/BTC,1573403689373,2019-11-10T16:34:49.373Z,sell,5.75e-05,67.0,0.0038525
BCD/BTC,1573403724281,2019-11-10T16:35:24.281Z,sell,5.737e-05,67.0,0.00384379
BCD/BTC,1573403729277,2019-11-10T16:35:29.277Z,sell,5.735e-05,109.0,0.00625115
BCD/BTC,1573403763297,2019-11-10T16:36:03.297Z,sell,5.744e-05,127.0,0.00729488
BCD/BTC,1573403825216,2019-11-10T16:37:05.216Z,buy,5.751e-05,137.0,0.00787887
BCD/BTC,1573403825216,2019-11-10T16:37:05.216Z,buy,5.752e-05,568.0,0.0326713599999999
BCD/BTC,1573403825216,2019-11-10T16:37:05.216Z,buy,5.77e-05,183.0,0.0105591
BCD/BTC,1573403825216,2019-11-10T16:37:05.216Z,buy,5.771e-05,241.0,0.01390811
BCD/BTC,1573403901350,2019-11-10T16:38:21.350Z,sell,5.738e-05,199.0,0.01141862
BCD/BTC,1573403906384,2019-11-10T16:38:26.384Z,buy,5.769e-05,169.0,0.0097496099999999
BCD/BTC,1573403906384,2019-11-10T16:38:26.384Z,buy,5.77e-05,57.0,0.0032889
BCD/BTC,1573403906384,2019-11-10T16:38:26.384Z,buy,5.771e-05,600.0,0.034626
BCD/BTC,1573403906384,2019-11-10T16:38:26.384Z,buy,5.772e-05,200.0,0.011544
BCD/BTC,1573403906384,2019-11-10T16:38:26.384Z,buy,5.773e-05,297.0,0.01714581
BCD/BTC,1573403906384,2019-11-10T16:38:26.384Z,buy,5.774e-05,69.0,0.00398406
BCD/BTC,1573403906384,2019-11-10T16:38:26.384Z,buy,5.775e-05,291.0,0.01680525
BCD/BTC,1573403925847,2019-11-10T16:38:45.847Z,sell,5.76e-05,105.0,0.0060479999999999
BCD/BTC,1573403925886,2019-11-10T16:38:45.886Z,sell,5.76e-05,4.0,0.0002304
BCD/BTC,1573403978012,2019-11-10T16:39:38.012Z,sell,5.76e-05,3.0,0.0001728
BCD/BTC,1573403991855,2019-11-10T16:39:51.855Z,sell,5.76e-05,30.0,0.001728
BCD/BTC,1573403997049,2019-11-10T16:39:57.049Z,sell,5.76e-05,75.0,0.00432
BCD/BTC,1573404067509,2019-11-10T16:41:07.509Z,sell,5.75e-05,216.0,0.01242
BCD/BTC,1573404162106,2019-11-10T16:42:42.106Z,sell,5.75e-05,1.0,5.75e-05
BCD/BTC,1573404162106,2019-11-10T16:42:42.106Z,sell,5.745e-05,159.0,0.00913455
BCD/BTC,1573404162106,2019-11-10T16:42:42.106Z,sell,5.744e-05,126.0,0.0072374399999999
BCD/BTC,1573404165384,2019-11-10T16:42:45.384Z,sell,5.745e-05,84.0,0.0048258
BCD/BTC,1573404192970,2019-11-10T16:43:12.970Z,sell,5.745e-05,14.0,0.0008043
BCD/BTC,1573404192970,2019-11-10T16:43:12.970Z,sell,5.744e-05,1.0,5.744e-05
BCD/BTC,1573404192970,2019-11-10T16:43:12.970Z,sell,5.739e-05,80.0,0.0045912
BCD/BTC,1573404214232,2019-11-10T16:43:34.232Z,buy,5.774e-05,169.0,0.00975806
BCD/BTC,1573404214232,2019-11-10T16:43:34.232Z,buy,5.775e-05,658.0,0.0379995
BCD/BTC,1573404219263,2019-11-10T16:43:39.263Z,sell,5.74e-05,66.0,0.0037884
BCD/BTC,1573404230150,2019-11-10T16:43:50.150Z,sell,5.74e-05,420.0,0.024108
BCD/BTC,1573404230150,2019-11-10T16:43:50.150Z,sell,5.739e-05,120.0,0.0068867999999999
BCD/BTC,1573404271471,2019-11-10T16:44:31.471Z,sell,5.74e-05,148.0,0.0084952
BCD/BTC,1573404271471,2019-11-10T16:44:31.471Z,sell,5.739e-05,147.0,0.0084363299999999
BCD/BTC,1573404274405,2019-11-10T16:44:34.405Z,sell,5.738e-05,217.0,0.01245146
BCD/BTC,1573404686236,2019-11-10T16:51:26.236Z,sell,5.735e-05,460.0,0.0263809999999999
BCD/BTC,1573404686263,2019-11-10T16:51:26.263Z,buy,5.735e-05,199.0,0.01141265
BCD/BTC,1573405135355,2019-11-10T16:58:55.355Z,buy,5.752e-05,71.0,0.0040839199999999
BCD/BTC,1573405135355,2019-11-10T16:58:55.355Z,buy,5.769e-05,241.0,0.0139032899999999
BCD/BTC,1573405135355,2019-11-10T16:58:55.355Z,buy,5.77e-05,111.0,0.0064047
BCD/BTC,1573405164554,2019-11-10T16:59:24.554Z,sell,5.737e-05,10.0,0.0005737
BCD/BTC,1573405167532,2019-11-10T16:59:27.532Z,sell,5.743e-05,81.0,0.00465183
BCD/BTC,1573405170560,2019-11-10T16:59:30.560Z,sell,5.743e-05,70.0,0.0040200999999999
BCD/BTC,1573405184814,2019-11-10T16:59:44.814Z,sell,5.743e-05,51.0,0.0029289299999999
BCD/BTC,1573405228961,2019-11-10T17:00:28.961Z,sell,5.743e-05,29.0,0.0016654699999999
BCD/BTC,1573405228961,2019-11-10T17:00:28.961Z,sell,5.74e-05,47.0,0.0026977999999999
BCD/BTC,1573405228961,2019-11-10T17:00:28.961Z,sell,5.736e-05,785.0,0.0450276
BCD/BTC,1573405228961,2019-11-10T17:00:28.961Z,sell,5.735e-05,231.0,0.01324785
BCD/BTC,1573405228961,2019-11-10T17:00:28.961Z,sell,5.734e-05,1058.0,0.06066572
BCD/BTC,1573405255589,2019-11-10T17:00:55.589Z,sell,5.735e-05,91.0,0.00521885
BCD/BTC,1573405255589,2019-11-10T17:00:55.589Z,sell,5.734e-05,208.0,0.01192672
BCD/BTC,1573405273812,2019-11-10T17:01:13.812Z,buy,5.747e-05,240.0,0.0137928
BCD/BTC,1573405273812,2019-11-10T17:01:13.812Z,buy,5.754e-05,785.0,0.0451689
BCD/BTC,1573405273812,2019-11-10T17:01:13.812Z,buy,5.755e-05,349.0,0.02008495
BCD/BTC,1573405273812,2019-11-10T17:01:13.812Z,buy,5.775e-05,259.0,0.01495725
BCD/BTC,1573405273812,2019-11-10T17:01:13.812Z,buy,5.778e-05,3.0,0.00017334
BCD/BTC,1573405273840,2019-11-10T17:01:13.840Z,sell,5.78e-05,94.0,0.0054332
BCD/BTC,1573405273871,2019-11-10T17:01:13.871Z,buy,5.753e-05,23.0,0.00132319
BCD/BTC,1573405273890,2019-11-10T17:01:13.890Z,buy,5.753e-05,26.0,0.00149578
BCD/BTC,1573405273896,2019-11-10T17:01:13.896Z,buy,5.753e-05,23.0,0.00132319
BCD/BTC,1573405273936,2019-11-10T17:01:13.936Z,sell,5.726e-05,13.0,0.00074438
BCD/BTC,1573405273936,2019-11-10T17:01:13.936Z,sell,5.72e-05,9.0,0.0005148
BCD/BTC,1573405274843,2019-11-10T17:01:14.843Z,buy,5.752e-05,40.0,0.0023008
BCD/BTC,1573405281233,2019-11-10T17:01:21.233Z,sell,5.743e-05,3.0,0.00017229
BCD/BTC,1573405281233,2019-11-10T17:01:21.233Z,sell,5.732e-05,63.0,0.00361116
BCD/BTC,1573405282191,2019-11-10T17:01:22.191Z,sell,5.732e-05,33.0,0.00189156
BCD/BTC,1573405290883,2019-11-10T17:01:30.883Z,sell,5.728e-05,69.0,0.00395232
BCD/BTC,1573405305071,2019-11-10T17:01:45.071Z,sell,5.725e-05,94.0,0.0053815
BCD/BTC,1573405305644,2019-11-10T17:01:45.644Z,sell,5.726e-05,30.0,0.0017178
BCD/BTC,1573405398903,2019-11-10T17:03:18.903Z,sell,5.73e-05,29.0,0.0016617
BCD/BTC,1573405675733,2019-11-10T17:07:55.733Z,sell,5.736e-05,133.0,0.00762888
BCD/BTC,1573405705407,2019-11-10T17:08:25.407Z,sell,5.731e-05,90.0,0.0051579
BCD/BTC,1573405708349,2019-11-10T17:08:28.349Z,sell,5.73e-05,90.0,0.005157
BCD/BTC,1573406154612,2019-11-10T17:15:54.612Z,sell,5.725e-05,89.0,0.00509525
BCD/BTC,1573406160654,2019-11-10T17:16:00.654Z,sell,5.726e-05,138.0,0.00790188
BCD/BTC,1573406635023,2019-11-10T17:23:55.023Z,buy,5.734e-05,634.0,0.03635356
BCD/BTC,1573406635023,2019-11-10T17:23:55.023Z,buy,5.735e-05,1023.0,0.05866905
BCD/BTC,1573406635023,2019-11-10T17:23:55.023Z,buy,5.767e-05,188.0,0.01084196
BCD/BTC,1573406635023,2019-11-10T17:23:55.023Z,buy,5.768e-05,767.0,0.04424056
BCD/BTC,1573406635023,2019-11-10T17:23:55.023Z,buy,5.769e-05,5.0,0.00028845
BCD/BTC,1573406635023,2019-11-10T17:23:55.023Z,buy,5.773e-05,1165.0,0.06725545
BCD/BTC,1573406635023,2019-11-10T17:23:55.023Z,buy,5.778e-05,3.0,0.00017334
BCD/BTC,1573406635023,2019-11-10T17:23:55.023Z,buy,5.78e-05,76.0,0.0043928
BCD/BTC,1573406635047,2019-11-10T17:23:55.047Z,sell,5.78e-05,102.0,0.0058956
BCD/BTC,1573406635057,2019-11-10T17:23:55.057Z,buy,5.782e-05,326.0,0.01884932
BCD/BTC,1573406635057,2019-11-10T17:23:55.057Z,buy,5.788e-05,24.0,0.00138912
BCD/BTC,1573406635057,2019-11-10T17:23:55.057Z,buy,5.789e-05,848.0,0.04909072
BCD/BTC,1573406635057,2019-11-10T17:23:55.057Z,buy,5.789e-05,304.0,0.01759856
BCD/BTC,1573406635059,2019-11-10T17:23:55.059Z,sell,5.78e-05,199.0,0.0115022
BCD/BTC,1573406635060,2019-11-10T17:23:55.060Z,sell,5.78e-05,481.0,0.0278018
BCD/BTC,1573406635072,2019-11-10T17:23:55.072Z,sell,5.78e-05,2.0,0.0001156
BCD/BTC,1573406635083,2019-11-10T17:23:55.083Z,sell,5.78e-05,473.0,0.0273394
BCD/BTC,1573406635083,2019-11-10T17:23:55.083Z,sell,5.78e-05,4018.0,0.2322404
BCD/BTC,1573406635285,2019-11-10T17:23:55.285Z,sell,5.782e-05,18.0,0.00104076
BCD/BTC,1573406635285,2019-11-10T17:23:55.285Z,sell,5.781e-05,892.0,0.05156652
BCD/BTC,1573406635285,2019-11-10T17:23:55.285Z,sell,5.78e-05,1940.0,0.112132
BCD/BTC,1573406635524,2019-11-10T17:23:55.524Z,buy,5.781e-05,25.0,0.00144525
BCD/BTC,1573406635571,2019-11-10T17:23:55.571Z,sell,5.78e-05,682.0,0.0394196
BCD/BTC,1573406635572,2019-11-10T17:23:55.572Z,sell,5.78e-05,72.0,0.0041616
BCD/BTC,1573406635601,2019-11-10T17:23:55.601Z,sell,5.78e-05,500.0,0.0289
BCD/BTC,1573406635775,2019-11-10T17:23:55.775Z,sell,5.78e-05,1064.0,0.0614992
BCD/BTC,1573406635789,2019-11-10T17:23:55.789Z,sell,5.78e-05,298.0,0.0172244
BCD/BTC,1573406635874,2019-11-10T17:23:55.874Z,sell,5.78e-05,145.0,0.008381
BCD/BTC,1573406636277,2019-11-10T17:23:56.277Z,sell,5.78e-05,1326.0,0.0766428
BCD/BTC,1573406636378,2019-11-10T17:23:56.378Z,sell,5.78e-05,2000.0,0.1156
BCD/BTC,1573406636390,2019-11-10T17:23:56.390Z,sell,5.78e-05,619.0,0.0357782
BCD/BTC,1573406636489,2019-11-10T17:23:56.489Z,sell,5.78e-05,222.0,0.0128316
BCD/BTC,1573406636496,2019-11-10T17:23:56.496Z,sell,5.78e-05,230.0,0.013294
BCD/BTC,1573406636568,2019-11-10T17:23:56.568Z,sell,5.78e-05,100.0,0.00578
BCD/BTC,1573406636607,2019-11-10T17:23:56.607Z,sell,5.78e-05,25.0,0.001445
BCD/BTC,1573406636648,2019-11-10T17:23:56.648Z,sell,5.78e-05,222.0,0.0128316
BCD/BTC,1573406636658,2019-11-10T17:23:56.658Z,sell,5.78e-05,128.0,0.0073984
BCD/BTC,1573406636681,2019-11-10T17:23:56.681Z,sell,5.78e-05,322.0,0.0186116
BCD/BTC,1573406636894,2019-11-10T17:23:56.894Z,buy,5.77e-05,770.0,0.044429
BCD/BTC,1573406638046,2019-11-10T17:23:58.046Z,buy,5.759e-05,26.0,0.00149734
BCD/BTC,1573406638880,2019-11-10T17:23:58.880Z,buy,5.758e-05,11.0,0.00063338
BCD/BTC,1573406638880,2019-11-10T17:23:58.880Z,buy,5.759e-05,839.0,0.04831801
BCD/BTC,1573406653027,2019-11-10T17:24:13.027Z,sell,5.748e-05,22.0,0.00126456
BCD/BTC,1573406653027,2019-11-10T17:24:13.027Z,sell,5.743e-05,3.0,0.00017229
BCD/BTC,1573406653027,2019-11-10T17:24:13.027Z,sell,5.736e-05,62.0,0.00355632
BCD/BTC,1573406653027,2019-11-10T17:24:13.027Z,sell,5.735e-05,182.0,0.0104377
BCD/BTC,1573406653027,2019-11-10T17:24:13.027Z,sell,5.734e-05,231.0,0.01324554
BCD/BTC,1573406659217,2019-11-10T17:24:19.217Z,sell,5.728e-05,126.0,0.00721728
BCD/BTC,1573406659217,2019-11-10T17:24:19.217Z,sell,5.726e-05,81.0,0.0046380599999999
BCD/BTC,1573406660130,2019-11-10T17:24:20.130Z,sell,5.727e-05,206.0,0.01179762
BCD/BTC,1573406667183,2019-11-10T17:24:27.183Z,sell,5.727e-05,50.0,0.0028634999999999
BCD/BTC,1573406667849,2019-11-10T17:24:27.849Z,sell,5.728e-05,339.0,0.01941792
BCD/BTC,1573406668371,2019-11-10T17:24:28.371Z,sell,5.728e-05,255.0,0.0146064
BCD/BTC,1573406668371,2019-11-10T17:24:28.371Z,sell,5.726e-05,30.0,0.0017178
BCD/BTC,1573406705747,2019-11-10T17:25:05.747Z,buy,5.744e-05,1.0,5.744e-05
BCD/BTC,1573406711841,2019-11-10T17:25:11.841Z,buy,5.734e-05,26.0,0.00149084
BCD/BTC,1573406711841,2019-11-10T17:25:11.841Z,buy,5.734e-05,26.0,0.00149084
BCD/BTC,1573406768411,2019-11-10T17:26:08.411Z,buy,5.734e-05,1.0,5.734e-05
BCD/BTC,1573406837271,2019-11-10T17:27:17.271Z,sell,5.726e-05,69.0,0.00395094
BCD/BTC,1573406861491,2019-11-10T17:27:41.491Z,buy,5.733e-05,3.0,0.00017199
BCD/BTC,1573406861491,2019-11-10T17:27:41.491Z,buy,5.734e-05,23.0,0.00131882
BCD/BTC,1573406861491,2019-11-10T17:27:41.491Z,buy,5.736e-05,446.0,0.02558256
BCD/BTC,1573406861491,2019-11-10T17:27:41.491Z,buy,5.744e-05,446.0,0.02561824
BCD/BTC,1573406861491,2019-11-10T17:27:41.491Z,buy,5.757e-05,723.0,0.04162311
BCD/BTC,1573406872618,2019-11-10T17:27:52.618Z,sell,5.728e-05,4.0,0.00022912
BCD/BTC,1573406878161,2019-11-10T17:27:58.161Z,buy,5.75e-05,142.0,0.008165
BCD/BTC,1573406878161,2019-11-10T17:27:58.161Z,buy,5.757e-05,120.0,0.0069084
BCD/BTC,1573406878161,2019-11-10T17:27:58.161Z,buy,5.759e-05,240.0,0.0138216
BCD/BTC,1573406878161,2019-11-10T17:27:58.161Z,buy,5.769e-05,5.0,0.00028845
BCD/BTC,1573406878161,2019-11-10T17:27:58.161Z,buy,5.773e-05,13.0,0.0007504899999999
BCD/BTC,1573406878161,2019-11-10T17:27:58.161Z,buy,5.778e-05,3.0,0.00017334
BCD/BTC,1573406878161,2019-11-10T17:27:58.161Z,buy,5.782e-05,22.0,0.0012720399999999
BCD/BTC,1573406878161,2019-11-10T17:27:58.161Z,buy,5.799e-05,500.0,0.028995
BCD/BTC,1573406878161,2019-11-10T17:27:58.161Z,buy,5.8e-05,182.0,0.010556
BCD/BTC,1573406878161,2019-11-10T17:27:58.161Z,buy,5.804e-05,3.0,0.00017412
BCD/BTC,1573406880952,2019-11-10T17:28:00.952Z,sell,5.748e-05,9.0,0.0005173199999999
BCD/BTC,1573406881176,2019-11-10T17:28:01.176Z,sell,5.748e-05,9.0,0.0005173199999999
BCD/BTC,1573406882319,2019-11-10T17:28:02.319Z,sell,5.75e-05,22.0,0.001265
BCD/BTC,1573406882319,2019-11-10T17:28:02.319Z,sell,5.749e-05,78.0,0.00448422
BCD/BTC,1573406882323,2019-11-10T17:28:02.323Z,sell,5.749e-05,49.0,0.00281701
BCD/BTC,1573406882342,2019-11-10T17:28:02.342Z,sell,5.75e-05,22.0,0.001265
BCD/BTC,1573406882342,2019-11-10T17:28:02.342Z,sell,5.749e-05,42.0,0.00241458
BCD/BTC,1573406882342,2019-11-10T17:28:02.342Z,sell,5.748e-05,4.0,0.00022992
BCD/BTC,1573406882518,2019-11-10T17:28:02.518Z,sell,5.743e-05,3.0,0.00017229
BCD/BTC,1573406883213,2019-11-10T17:28:03.213Z,buy,5.743e-05,248.0,0.0142426399999999
BCD/BTC,1573406893140,2019-11-10T17:28:13.140Z,buy,5.777e-05,557.0,0.03217789
BCD/BTC,1573406895119,2019-11-10T17:28:15.119Z,sell,5.753e-05,30.0,0.0017259
BCD/BTC,1573406895479,2019-11-10T17:28:15.479Z,sell,5.754e-05,16.0,0.00092064
BCD/BTC,1573406895622,2019-11-10T17:28:15.622Z,sell,5.754e-05,51.0,0.00293454
BCD/BTC,1573406896010,2019-11-10T17:28:16.010Z,sell,5.754e-05,40.0,0.0023016
BCD/BTC,1573406896329,2019-11-10T17:28:16.329Z,sell,5.754e-05,38.0,0.00218652
BCD/BTC,1573406896358,2019-11-10T17:28:16.358Z,sell,5.754e-05,68.0,0.00391272
BCD/BTC,1573406897183,2019-11-10T17:28:17.183Z,sell,5.752e-05,73.0,0.00419896
BCD/BTC,1573406904371,2019-11-10T17:28:24.371Z,buy,5.776e-05,105.0,0.0060648
BCD/BTC,1573406904371,2019-11-10T17:28:24.371Z,buy,5.777e-05,177.0,0.01022529
BCD/BTC,1573406904371,2019-11-10T17:28:24.371Z,buy,5.778e-05,3.0,0.00017334
BCD/BTC,1573406904371,2019-11-10T17:28:24.371Z,buy,5.782e-05,22.0,0.0012720399999999
BCD/BTC,1573406904371,2019-11-10T17:28:24.371Z,buy,5.8e-05,44.0,0.002552
BCD/BTC,1573406904371,2019-11-10T17:28:24.371Z,buy,5.805e-05,5.0,0.00029025
BCD/BTC,1573406904371,2019-11-10T17:28:24.371Z,buy,5.806e-05,24.0,0.00139344
BCD/BTC,1573406904371,2019-11-10T17:28:24.371Z,buy,5.812e-05,37.0,0.00215044
BCD/BTC,1573406904371,2019-11-10T17:28:24.371Z,buy,5.814e-05,21.0,0.00122094
BCD/BTC,1573406904371,2019-11-10T17:28:24.371Z,buy,5.816e-05,30.0,0.0017448
BCD/BTC,1573406904371,2019-11-10T17:28:24.371Z,buy,5.817e-05,22.0,0.00127974
BCD/BTC,1573406904371,2019-11-10T17:28:24.371Z,buy,5.82e-05,13.0,0.0007566
BCD/BTC,1573406904371,2019-11-10T17:28:24.371Z,buy,5.823e-05,4.0,0.00023292
BCD/BTC,1573406904371,2019-11-10T17:28:24.371Z,buy,5.828e-05,230.0,0.0134043999999999
BCD/BTC,1573406904371,2019-11-10T17:28:24.371Z,buy,5.831e-05,2.0,0.00011662
BCD/BTC,1573406904371,2019-11-10T17:28:24.371Z,buy,5.835e-05,2.0,0.0001167
BCD/BTC,1573406904371,2019-11-10T17:28:24.371Z,buy,5.837e-05,88.0,0.00513656
BCD/BTC,1573406904371,2019-11-10T17:28:24.371Z,buy,5.838e-05,51.0,0.00297738
BCD/BTC,1573406905316,2019-11-10T17:28:25.316Z,buy,5.776e-05,22.0,0.00127072
BCD/BTC,1573406906028,2019-11-10T17:28:26.028Z,buy,5.776e-05,3.0,0.00017328
BCD/BTC,1573406906343,2019-11-10T17:28:26.343Z,sell,5.77e-05,132.0,0.0076164
BCD/BTC,1573406906362,2019-11-10T17:28:26.362Z,sell,5.77e-05,4.0,0.0002308
BCD/BTC,1573406906362,2019-11-10T17:28:26.362Z,sell,5.769e-05,5.0,0.00028845
BCD/BTC,1573406907232,2019-11-10T17:28:27.232Z,buy,5.763e-05,13.0,0.00074919
BCD/BTC,1573406912773,2019-11-10T17:28:32.773Z,sell,5.748e-05,22.0,0.00126456
BCD/BTC,1573406912773,2019-11-10T17:28:32.773Z,sell,5.743e-05,3.0,0.00017229
BCD/BTC,1573406912773,2019-11-10T17:28:32.773Z,sell,5.742e-05,69.0,0.00396198
BCD/BTC,1573406912773,2019-11-10T17:28:32.773Z,sell,5.741e-05,8.0,0.00045928
BCD/BTC,1573406913688,2019-11-10T17:28:33.688Z,buy,5.763e-05,300.0,0.017289
BCD/BTC,1573406913724,2019-11-10T17:28:33.724Z,sell,5.79e-05,99.0,0.0057320999999999
BCD/BTC,1573406913727,2019-11-10T17:28:33.727Z,sell,5.79e-05,197.0,0.0114063
BCD/BTC,1573406913740,2019-11-10T17:28:33.740Z,sell,5.79e-05,1097.0,0.0635163
BCD/BTC,1573406913879,2019-11-10T17:28:33.879Z,sell,5.79e-05,34.0,0.0019686
BCD/BTC,1573406913883,2019-11-10T17:28:33.883Z,sell,5.742e-05,48.0,0.00275616
BCD/BTC,1573406914247,2019-11-10T17:28:34.247Z,sell,5.743e-05,191.0,0.0109691299999999
BCD/BTC,1573406915214,2019-11-10T17:28:35.214Z,sell,5.744e-05,98.0,0.00562912
BCD/BTC,1573406923430,2019-11-10T17:28:43.430Z,sell,5.75e-05,164.0,0.00943
BCD/BTC,1573406923430,2019-11-10T17:28:43.430Z,sell,5.749e-05,779.0,0.04478471
BCD/BTC,1573406923430,2019-11-10T17:28:43.430Z,sell,5.748e-05,174.0,0.01000152
BCD/BTC,1573406923430,2019-11-10T17:28:43.430Z,sell,5.741e-05,276.0,0.01584516
BCD/BTC,1573406926840,2019-11-10T17:28:46.840Z,sell,5.743e-05,20.0,0.0011486
BCD/BTC,1573406930634,2019-11-10T17:28:50.634Z,sell,5.742e-05,20.0,0.0011484
BCD/BTC,1573406934019,2019-11-10T17:28:54.019Z,sell,5.742e-05,20.0,0.0011484
BCD/BTC,1573406934945,2019-11-10T17:28:54.945Z,sell,5.744e-05,87.0,0.00499728
BCD/BTC,1573406938526,2019-11-10T17:28:58.526Z,sell,5.745e-05,67.0,0.00384915
BCD/BTC,1573406944320,2019-11-10T17:29:04.320Z,sell,5.745e-05,94.0,0.0054003
BCD/BTC,1573406953941,2019-11-10T17:29:13.941Z,sell,5.745e-05,20.0,0.001149
BCD/BTC,1573407090056,2019-11-10T17:31:30.056Z,sell,5.769e-05,304.0,0.01753776
BCD/BTC,1573407095416,2019-11-10T17:31:35.416Z,buy,5.767e-05,1042.0,0.06009214
BCD/BTC,1573407103001,2019-11-10T17:31:43.001Z,sell,5.77e-05,326.0,0.0188102
BCD/BTC,1573407247663,2019-11-10T17:34:07.663Z,buy,5.771e-05,171.0,0.00986841
BCD/BTC,1573407247663,2019-11-10T17:34:07.663Z,buy,5.777e-05,82.0,0.00473714
BCD/BTC,1573407269474,2019-11-10T17:34:29.474Z,sell,5.777e-05,173.0,0.00999421
BCD/BTC,1573407307320,2019-11-10T17:35:07.320Z,buy,5.778e-05,3.0,0.00017334
BCD/BTC,1573407307320,2019-11-10T17:35:07.320Z,buy,5.78e-05,127.0,0.0073406
BCD/BTC,1573407309613,2019-11-10T17:35:09.613Z,buy,5.782e-05,22.0,0.0012720399999999
BCD/BTC,1573407491765,2019-11-10T17:38:11.765Z,sell,5.783e-05,135.0,0.00780705
BCD/BTC,1573407532344,2019-11-10T17:38:52.344Z,sell,5.783e-05,135.0,0.00780705
BCD/BTC,1573407545824,2019-11-10T17:39:05.824Z,sell,5.784e-05,135.0,0.0078084
BCD/BTC,1573407552418,2019-11-10T17:39:12.418Z,sell,5.784e-05,135.0,0.0078084
BCD/BTC,1573407601717,2019-11-10T17:40:01.717Z,sell,5.785e-05,135.0,0.00780975
BCD/BTC,1573407603292,2019-11-10T17:40:03.292Z,sell,5.785e-05,25.0,0.0014462499999999
BCD/BTC,1573407604288,2019-11-10T17:40:04.288Z,sell,5.785e-05,25.0,0.0014462499999999
BCD/BTC,1573407605189,2019-11-10T17:40:05.189Z,sell,5.785e-05,25.0,0.0014462499999999
BCD/BTC,1573407624810,2019-11-10T17:40:24.810Z,sell,5.785e-05,57.0,0.00329745
BCD/BTC,1573407627016,2019-11-10T17:40:27.016Z,sell,5.779e-05,25.0,0.00144475
BCD/BTC,1573407628038,2019-11-10T17:40:28.038Z,sell,5.779e-05,25.0,0.00144475
BCD/BTC,1573407629262,2019-11-10T17:40:29.262Z,sell,5.779e-05,25.0,0.00144475
BCD/BTC,1573408083049,2019-11-10T17:48:03.049Z,sell,5.784e-05,2.0,0.00011568
BCD/BTC,1573408107730,2019-11-10T17:48:27.730Z,sell,5.784e-05,59.0,0.00341256
BCD/BTC,1573408150314,2019-11-10T17:49:10.314Z,sell,5.784e-05,2.0,0.00011568
BCD/BTC,1573408222510,2019-11-10T17:50:22.510Z,sell,5.785e-05,500.0,0.028925
BCD/BTC,1573408331936,2019-11-10T17:52:11.936Z,buy,5.785e-05,2.0,0.0001157
BCD/BTC,1573408374235,2019-11-10T17:52:54.235Z,buy,5.785e-05,216.0,0.0124955999999999
BCD/BTC,1573408513917,2019-11-10T17:55:13.917Z,buy,5.805e-05,5.0,0.00029025
BCD/BTC,1573408513917,2019-11-10T17:55:13.917Z,buy,5.807e-05,324.0,0.01881468
BCD/BTC,1573408558033,2019-11-10T17:55:58.033Z,sell,5.792e-05,10.0,0.0005792
BCD/BTC,1573408558740,2019-11-10T17:55:58.740Z,sell,5.791e-05,10.0,0.0005791
BCD/BTC,1573408627844,2019-11-10T17:57:07.844Z,sell,5.796e-05,228.0,0.01321488
BCD/BTC,1573408627844,2019-11-10T17:57:07.844Z,sell,5.795e-05,77.0,0.00446215
BCD/BTC,1573408627844,2019-11-10T17:57:07.844Z,sell,5.793e-05,230.0,0.0133239
BCD/BTC,1573408627844,2019-11-10T17:57:07.844Z,sell,5.788e-05,1000.0,0.05788
BCD/BTC,1573408627844,2019-11-10T17:57:07.844Z,sell,5.784e-05,715.0,0.0413556
BCD/BTC,1573408664526,2019-11-10T17:57:44.526Z,buy,5.812e-05,3.0,0.00017436
BCD/BTC,1573408664526,2019-11-10T17:57:44.526Z,buy,5.815e-05,454.0,0.0264001
BCD/BTC,1573408664526,2019-11-10T17:57:44.526Z,buy,5.816e-05,123.0,0.00715368
BCD/BTC,1573409370542,2019-11-10T18:09:30.542Z,sell,5.79e-05,3.0,0.0001737
BCD/BTC,1573410174288,2019-11-10T18:22:54.288Z,sell,5.795e-05,61.0,0.00353495
BCD/BTC,1573410174319,2019-11-10T18:22:54.319Z,sell,5.795e-05,30.0,0.0017385
BCD/BTC,1573410174319,2019-11-10T18:22:54.319Z,sell,5.793e-05,92.0,0.00532956
BCD/BTC,1573410174379,2019-11-10T18:22:54.379Z,buy,5.792e-05,55.0,0.0031856
BCD/BTC,1573410174494,2019-11-10T18:22:54.494Z,sell,5.788e-05,91.0,0.00526708
BCD/BTC,1573410174494,2019-11-10T18:22:54.494Z,sell,5.787e-05,16.0,0.00092592
BCD/BTC,1573410174514,2019-11-10T18:22:54.514Z,sell,5.787e-05,259.0,0.01498833
BCD/BTC,1573410174617,2019-11-10T18:22:54.617Z,sell,5.787e-05,500.0,0.028935
BCD/BTC,1573410174660,2019-11-10T18:22:54.660Z,sell,5.787e-05,41.0,0.00237267
BCD/BTC,1573410174742,2019-11-10T18:22:54.742Z,sell,5.787e-05,40.0,0.0023148
BCD/BTC,1573410174742,2019-11-10T18:22:54.742Z,sell,5.786e-05,19.0,0.0010993399999999
BCD/BTC,1573410175348,2019-11-10T18:22:55.348Z,sell,5.787e-05,258.0,0.01493046
BCD/BTC,1573410175471,2019-11-10T18:22:55.471Z,sell,5.787e-05,306.0,0.01770822
BCD/BTC,1573410175471,2019-11-10T18:22:55.471Z,sell,5.786e-05,194.0,0.01122484
BCD/BTC,1573410176408,2019-11-10T18:22:56.408Z,sell,5.786e-05,258.0,0.01492788
BCD/BTC,1573410177425,2019-11-10T18:22:57.425Z,sell,5.786e-05,500.0,0.02893
BCD/BTC,1573410177470,2019-11-10T18:22:57.470Z,sell,5.786e-05,1029.0,0.05953794
BCD/BTC,1573410177573,2019-11-10T18:22:57.573Z,sell,5.784e-05,143.0,0.00827112
BCD/BTC,1573410177818,2019-11-10T18:22:57.818Z,sell,5.784e-05,203.0,0.01174152
BCD/BTC,1573410178494,2019-11-10T18:22:58.494Z,sell,5.784e-05,119.0,0.00688296
BCD/BTC,1573410178552,2019-11-10T18:22:58.552Z,sell,5.784e-05,141.0,0.00815544
BCD/BTC,1573410178768,2019-11-10T18:22:58.768Z,sell,5.784e-05,32.0,0.00185088
BCD/BTC,1573410178768,2019-11-10T18:22:58.768Z,sell,5.78e-05,54.0,0.0031212
BCD/BTC,1573410179154,2019-11-10T18:22:59.154Z,sell,5.78e-05,30.0,0.001734
BCD/BTC,1573410180366,2019-11-10T18:23:00.366Z,sell,5.78e-05,30.0,0.001734
BCD/BTC,1573410180788,2019-11-10T18:23:00.788Z,sell,5.78e-05,580.0,0.033524
BCD/BTC,1573410180788,2019-11-10T18:23:00.788Z,sell,5.78e-05,580.0,0.033524
BCD/BTC,1573410320429,2019-11-10T18:25:20.429Z,buy,5.79e-05,7.0,0.0004053
BCD/BTC,1573410580105,2019-11-10T18:29:40.105Z,buy,5.786e-05,238.0,0.01377068
BCD/BTC,1573410595747,2019-11-10T18:29:55.747Z,buy,5.789e-05,238.0,0.01377782
BCD/BTC,1573410595747,2019-11-10T18:29:55.747Z,buy,5.79e-05,326.0,0.0188754
BCD/BTC,1573410595747,2019-11-10T18:29:55.747Z,buy,5.791e-05,36.0,0.00208476
BCD/BTC,1573410603416,2019-11-10T18:30:03.416Z,buy,5.793e-05,3.0,0.00017379
BCD/BTC,1573410622556,2019-11-10T18:30:22.556Z,buy,5.793e-05,66.0,0.00382338
BCD/BTC,1573410717497,2019-11-10T18:31:57.497Z,sell,5.797e-05,82.0,0.00475354
BCD/BTC,1573410770063,2019-11-10T18:32:50.063Z,sell,5.798e-05,44.0,0.00255112
BCD/BTC,1573410774357,2019-11-10T18:32:54.357Z,sell,5.798e-05,31.0,0.00179738
BCD/BTC,1573411333575,2019-11-10T18:42:13.575Z,buy,5.814e-05,69.0,0.00401166
BCD/BTC,1573411333575,2019-11-10T18:42:13.575Z,buy,5.815e-05,2.0,0.0001163
BCD/BTC,1573411333575,2019-11-10T18:42:13.575Z,buy,5.816e-05,350.0,0.020356
BCD/BTC,1573411333575,2019-11-10T18:42:13.575Z,buy,5.817e-05,22.0,0.00127974
BCD/BTC,1573411333575,2019-11-10T18:42:13.575Z,buy,5.82e-05,13.0,0.0007566
BCD/BTC,1573411333575,2019-11-10T18:42:13.575Z,buy,5.823e-05,75.0,0.00436725
BCD/BTC,1573411333575,2019-11-10T18:42:13.575Z,buy,5.824e-05,856.0,0.04985344
BCD/BTC,1573411333575,2019-11-10T18:42:13.575Z,buy,5.825e-05,861.0,0.0501532499999999
BCD/BTC,1573411333575,2019-11-10T18:42:13.575Z,buy,5.836e-05,182.0,0.0106215199999999
BCD/BTC,1573411333575,2019-11-10T18:42:13.575Z,buy,5.838e-05,646.0,0.03771348
BCD/BTC,1573411333575,2019-11-10T18:42:13.575Z,buy,5.84e-05,5.0,0.000292
BCD/BTC,1573411333575,2019-11-10T18:42:13.575Z,buy,5.842e-05,259.0,0.01513078
BCD/BTC,1573411333575,2019-11-10T18:42:13.575Z,buy,5.844e-05,50.0,0.002922
BCD/BTC,1573411333575,2019-11-10T18:42:13.575Z,buy,5.844e-05,25.0,0.001461
BCD/BTC,1573411363178,2019-11-10T18:42:43.178Z,buy,5.839e-05,212.0,0.01237868
BCD/BTC,1573411363178,2019-11-10T18:42:43.178Z,buy,5.84e-05,147.0,0.0085848
BCD/BTC,1573411363178,2019-11-10T18:42:43.178Z,buy,5.843e-05,69.0,0.00403167
BCD/BTC,1573411363178,2019-11-10T18:42:43.178Z,buy,5.844e-05,925.0,0.054057
BCD/BTC,1573411363178,2019-11-10T18:42:43.178Z,buy,5.847e-05,3.0,0.00017541
BCD/BTC,1573411363178,2019-11-10T18:42:43.178Z,buy,5.848e-05,1042.0,0.06093616
BCD/BTC,1573411363178,2019-11-10T18:42:43.178Z,buy,5.85e-05,105.0,0.0061424999999999
BCD/BTC,1573411363178,2019-11-10T18:42:43.178Z,buy,5.851e-05,46.0,0.00269146
BCD/BTC,1573411363178,2019-11-10T18:42:43.178Z,buy,5.852e-05,142.0,0.00830984
BCD/BTC,1573411363178,2019-11-10T18:42:43.178Z,buy,5.853e-05,699.0,0.04091247
BCD/BTC,1573411364838,2019-11-10T18:42:44.838Z,sell,5.818e-05,165.0,0.0095997
BCD/BTC,1573411365205,2019-11-10T18:42:45.205Z,sell,5.818e-05,2.0,0.00011636
BCD/BTC,1573411365205,2019-11-10T18:42:45.205Z,sell,5.817e-05,22.0,0.00127974
BCD/BTC,1573411365367,2019-11-10T18:42:45.367Z,buy,5.811e-05,3.0,0.00017433
BCD/BTC,1573411367329,2019-11-10T18:42:47.329Z,buy,5.847e-05,3.0,0.00017541
BCD/BTC,1573411367329,2019-11-10T18:42:47.329Z,buy,5.85e-05,153.0,0.0089505
BCD/BTC,1573411368330,2019-11-10T18:42:48.330Z,sell,5.809e-05,47.0,0.00273023
BCD/BTC,1573411375293,2019-11-10T18:42:55.293Z,buy,5.85e-05,28.0,0.001638
BCD/BTC,1573411375293,2019-11-10T18:42:55.293Z,buy,5.851e-05,22.0,0.00128722
BCD/BTC,1573411375293,2019-11-10T18:42:55.293Z,buy,5.852e-05,130.0,0.0076076
BCD/BTC,1573411375293,2019-11-10T18:42:55.293Z,buy,5.853e-05,1487.0,0.08703411
BCD/BTC,1573411377975,2019-11-10T18:42:57.975Z,sell,5.817e-05,19.0,0.00110523
BCD/BTC,1573411379093,2019-11-10T18:42:59.093Z,sell,5.818e-05,77.0,0.00447986
BCD/BTC,1573411379360,2019-11-10T18:42:59.360Z,sell,5.818e-05,69.0,0.00401442
BCD/BTC,1573411379470,2019-11-10T18:42:59.470Z,sell,5.818e-05,8.0,0.00046544
BCD/BTC,1573411379470,2019-11-10T18:42:59.470Z,sell,5.817e-05,3.0,0.00017451
BCD/BTC,1573411379470,2019-11-10T18:42:59.470Z,sell,5.812e-05,3.0,0.00017436
BCD/BTC,1573411380949,2019-11-10T18:43:00.949Z,sell,5.808e-05,33.0,0.00191664
BCD/BTC,1573411382178,2019-11-10T18:43:02.178Z,buy,5.811e-05,9.0,0.00052299
BCD/BTC,1573411382657,2019-11-10T18:43:02.657Z,sell,5.818e-05,80.0,0.0046544
BCD/BTC,1573411382657,2019-11-10T18:43:02.657Z,sell,5.817e-05,44.0,0.00255948
BCD/BTC,1573411382985,2019-11-10T18:43:02.985Z,sell,5.818e-05,81.0,0.00471258
BCD/BTC,1573411382985,2019-11-10T18:43:02.985Z,sell,5.817e-05,149.0,0.00866733
BCD/BTC,1573411383837,2019-11-10T18:43:03.837Z,sell,5.818e-05,47.0,0.00273446
BCD/BTC,1573411383837,2019-11-10T18:43:03.837Z,sell,5.817e-05,44.0,0.00255948
BCD/BTC,1573411384001,2019-11-10T18:43:04.001Z,buy,5.846e-05,202.0,0.01180892
BCD/BTC,1573411384001,2019-11-10T18:43:04.001Z,buy,5.847e-05,3.0,0.00017541
BCD/BTC,1573411384018,2019-11-10T18:43:04.018Z,sell,5.849e-05,11.0,0.00064339
BCD/BTC,1573411384025,2019-11-10T18:43:04.025Z,sell,5.849e-05,41.0,0.00239809
BCD/BTC,1573411384795,2019-11-10T18:43:04.795Z,sell,5.818e-05,34.0,0.00197812
BCD/BTC,1573411386788,2019-11-10T18:43:06.788Z,sell,5.818e-05,30.0,0.0017454
BCD/BTC,1573411386976,2019-11-10T18:43:06.976Z,sell,5.818e-05,3.0,0.00017454
BCD/BTC,1573411386976,2019-11-10T18:43:06.976Z,sell,5.817e-05,10.0,0.0005817
BCD/BTC,1573411386976,2019-11-10T18:43:06.976Z,sell,5.812e-05,3.0,0.00017436
BCD/BTC,1573411386976,2019-11-10T18:43:06.976Z,sell,5.81e-05,36.0,0.0020916
BCD/BTC,1573411387736,2019-11-10T18:43:07.736Z,sell,5.813e-05,51.0,0.00296463
BCD/BTC,1573411387881,2019-11-10T18:43:07.881Z,sell,5.813e-05,52.0,0.00302276
BCD/BTC,1573411389673,2019-11-10T18:43:09.673Z,sell,5.813e-05,32.0,0.00186016
BCD/BTC,1573411389673,2019-11-10T18:43:09.673Z,sell,5.811e-05,19.0,0.0011040899999999
BCD/BTC,1573411391923,2019-11-10T18:43:11.923Z,sell,5.811e-05,51.0,0.0029636099999999
BCD/BTC,1573411392229,2019-11-10T18:43:12.229Z,sell,5.811e-05,51.0,0.0029636099999999
BCD/BTC,1573411394212,2019-11-10T18:43:14.212Z,sell,5.811e-05,4.0,0.00023244
BCD/BTC,1573411395823,2019-11-10T18:43:15.823Z,sell,5.811e-05,44.0,0.00255684
BCD/BTC,1573411399181,2019-11-10T18:43:19.181Z,buy,5.839e-05,245.0,0.01430555
BCD/BTC,1573411399181,2019-11-10T18:43:19.181Z,buy,5.84e-05,41.0,0.0023944
BCD/BTC,1573411399181,2019-11-10T18:43:19.181Z,buy,5.842e-05,36.0,0.00210312
BCD/BTC,1573411399181,2019-11-10T18:43:19.181Z,buy,5.843e-05,140.0,0.0081802
BCD/BTC,1573411399181,2019-11-10T18:43:19.181Z,buy,5.847e-05,3.0,0.00017541
BCD/BTC,1573411399181,2019-11-10T18:43:19.181Z,buy,5.851e-05,22.0,0.00128722
BCD/BTC,1573411399181,2019-11-10T18:43:19.181Z,buy,5.853e-05,772.0,0.0451851599999999
BCD/BTC,1573411400219,2019-11-10T18:43:20.219Z,sell,5.817e-05,9.0,0.00052353
BCD/BTC,1573411400565,2019-11-10T18:43:20.565Z,sell,5.818e-05,30.0,0.0017454
BCD/BTC,1573411400773,2019-11-10T18:43:20.773Z,sell,5.818e-05,52.0,0.00302536
BCD/BTC,1573411400773,2019-11-10T18:43:20.773Z,sell,5.817e-05,2.0,0.00011634
BCD/BTC,1573411400898,2019-11-10T18:43:20.898Z,sell,5.817e-05,11.0,0.00063987
BCD/BTC,1573411400898,2019-11-10T18:43:20.898Z,sell,5.812e-05,25.0,0.001453
BCD/BTC,1573411401166,2019-11-10T18:43:21.166Z,sell,5.812e-05,30.0,0.0017435999999999
BCD/BTC,1573411404861,2019-11-10T18:43:24.861Z,sell,5.814e-05,57.0,0.00331398
BCD/BTC,1573411405242,2019-11-10T18:43:25.242Z,sell,5.814e-05,186.0,0.01081404
BCD/BTC,1573411406016,2019-11-10T18:43:26.016Z,sell,5.814e-05,30.0,0.0017442
BCD/BTC,1573411407790,2019-11-10T18:43:27.790Z,sell,5.815e-05,92.0,0.0053498
BCD/BTC,1573411408019,2019-11-10T18:43:28.019Z,sell,5.815e-05,30.0,0.0017445
BCD/BTC,1573411408369,2019-11-10T18:43:28.369Z,sell,5.815e-05,30.0,0.0017445
BCD/BTC,1573411408731,2019-11-10T18:43:28.731Z,sell,5.815e-05,14.0,0.0008141
BCD/BTC,1573411415237,2019-11-10T18:43:35.237Z,sell,5.815e-05,8.0,0.0004652
BCD/BTC,1573411415237,2019-11-10T18:43:35.237Z,sell,5.814e-05,43.0,0.00250002
BCD/BTC,1573411415296,2019-11-10T18:43:35.296Z,sell,5.814e-05,49.0,0.00284886
BCD/BTC,1573411415582,2019-11-10T18:43:35.582Z,sell,5.814e-05,41.0,0.00238374
BCD/BTC,1573411415582,2019-11-10T18:43:35.582Z,sell,5.812e-05,1.0,5.812e-05
BCD/BTC,1573411418538,2019-11-10T18:43:38.538Z,sell,5.812e-05,92.0,0.00534704
BCD/BTC,1573411526227,2019-11-10T18:45:26.227Z,sell,5.807e-05,105.0,0.00609735
BCD/BTC,1573411562366,2019-11-10T18:46:02.366Z,buy,5.836e-05,90.0,0.0052524
BCD/BTC,1573411562366,2019-11-10T18:46:02.366Z,buy,5.837e-05,232.0,0.01354184
BCD/BTC,1573411562366,2019-11-10T18:46:02.366Z,buy,5.838e-05,232.0,0.01354416
BCD/BTC,1573411562366,2019-11-10T18:46:02.366Z,buy,5.847e-05,3.0,0.00017541
BCD/BTC,1573411562366,2019-11-10T18:46:02.366Z,buy,5.851e-05,22.0,0.00128722
BCD/BTC,1573411562366,2019-11-10T18:46:02.366Z,buy,5.852e-05,105.0,0.0061446
BCD/BTC,1573411562366,2019-11-10T18:46:02.366Z,buy,5.853e-05,259.0,0.0151592699999999
BCD/BTC,1573411566923,2019-11-10T18:46:06.923Z,sell,5.813e-05,95.0,0.00552235
BCD/BTC,1573411567317,2019-11-10T18:46:07.317Z,sell,5.813e-05,34.0,0.00197642
BCD/BTC,1573411567589,2019-11-10T18:46:07.589Z,sell,5.813e-05,144.0,0.00837072
BCD/BTC,1573411568053,2019-11-10T18:46:08.053Z,sell,5.814e-05,10.0,0.0005814
BCD/BTC,1573411568100,2019-11-10T18:46:08.100Z,sell,5.814e-05,62.0,0.00360468
BCD/BTC,1573411568100,2019-11-10T18:46:08.100Z,sell,5.813e-05,179.0,0.01040527
BCD/BTC,1573411568530,2019-11-10T18:46:08.530Z,sell,5.815e-05,101.0,0.00587315
BCD/BTC,1573411568530,2019-11-10T18:46:08.530Z,sell,5.814e-05,218.0,0.01267452
BCD/BTC,1573411568928,2019-11-10T18:46:08.928Z,sell,5.815e-05,47.0,0.00273305
BCD/BTC,1573411569012,2019-11-10T18:46:09.012Z,sell,5.815e-05,54.0,0.0031401
BCD/BTC,1573411569012,2019-11-10T18:46:09.012Z,sell,5.814e-05,36.0,0.00209304
BCD/BTC,1573411569012,2019-11-10T18:46:09.012Z,sell,5.813e-05,247.0,0.01435811
BCD/BTC,1573411596929,2019-11-10T18:46:36.929Z,buy,5.845e-05,591.0,0.03454395
BCD/BTC,1573411596929,2019-11-10T18:46:36.929Z,buy,5.846e-05,110.0,0.0064306
BCD/BTC,1573411620994,2019-11-10T18:47:00.994Z,sell,5.817e-05,22.0,0.00127974
BCD/BTC,1573411620994,2019-11-10T18:47:00.994Z,sell,5.812e-05,3.0,0.00017436
BCD/BTC,1573412003010,2019-11-10T18:53:23.010Z,sell,5.814e-05,9.0,0.00052326
BCD/BTC,1573412003232,2019-11-10T18:53:23.232Z,sell,5.814e-05,9.0,0.00052326
BCD/BTC,1573412030359,2019-11-10T18:53:50.359Z,buy,5.832e-05,2.0,0.00011664
BCD/BTC,1573412139350,2019-11-10T18:55:39.350Z,buy,5.842e-05,166.0,0.00969772
BCD/BTC,1573412139350,2019-11-10T18:55:39.350Z,buy,5.843e-05,362.0,0.02115166
BCD/BTC,1573412207287,2019-11-10T18:56:47.287Z,buy,5.832e-05,52.0,0.0030326399999999
BCD/BTC,1573412254060,2019-11-10T18:57:34.060Z,buy,5.832e-05,72.0,0.0041990399999999
BCD/BTC,1573412254060,2019-11-10T18:57:34.060Z,buy,5.833e-05,316.0,0.01843228
BCD/BTC,1573412254060,2019-11-10T18:57:34.060Z,buy,5.834e-05,7.0,0.00040838
BCD/BTC,1573412383119,2019-11-10T18:59:43.119Z,sell,5.829e-05,230.0,0.0134067
BCD/BTC,1573412383327,2019-11-10T18:59:43.327Z,sell,5.829e-05,184.0,0.01072536
BCD/BTC,1573412383370,2019-11-10T18:59:43.370Z,sell,5.829e-05,100.0,0.005829
BCD/BTC,1573412399011,2019-11-10T18:59:59.011Z,sell,5.819e-05,78.0,0.00453882
BCD/BTC,1573412399011,2019-11-10T18:59:59.011Z,sell,5.81e-05,68.0,0.0039508
BCD/BTC,1573412399011,2019-11-10T18:59:59.011Z,sell,5.807e-05,86.0,0.00499402
BCD/BTC,1573412399011,2019-11-10T18:59:59.011Z,sell,5.805e-05,5.0,0.00029025
BCD/BTC,1573412399011,2019-11-10T18:59:59.011Z,sell,5.803e-05,118.0,0.00684754
BCD/BTC,1573412400109,2019-11-10T19:00:00.109Z,sell,5.803e-05,53.0,0.00307559
BCD/BTC,1573412404574,2019-11-10T19:00:04.574Z,buy,5.83e-05,83.0,0.0048389
BCD/BTC,1573412404574,2019-11-10T19:00:04.574Z,buy,5.833e-05,125.0,0.00729125
BCD/BTC,1573412404574,2019-11-10T19:00:04.574Z,buy,5.834e-05,493.0,0.02876162
BCD/BTC,1573412404574,2019-11-10T19:00:04.574Z,buy,5.84e-05,5.0,0.000292
BCD/BTC,1573412404574,2019-11-10T19:00:04.574Z,buy,5.841e-05,2.0,0.00011682
BCD/BTC,1573412404574,2019-11-10T19:00:04.574Z,buy,5.843e-05,2.0,0.00011686
BCD/BTC,1573412404574,2019-11-10T19:00:04.574Z,buy,5.846e-05,19.0,0.00111074
BCD/BTC,1573412404574,2019-11-10T19:00:04.574Z,buy,5.847e-05,3.0,0.00017541
BCD/BTC,1573412404574,2019-11-10T19:00:04.574Z,buy,5.851e-05,22.0,0.00128722
BCD/BTC,1573412404574,2019-11-10T19:00:04.574Z,buy,5.852e-05,136.0,0.00795872
BCD/BTC,1573412418007,2019-11-10T19:00:18.007Z,sell,5.823e-05,30.0,0.0017469
BCD/BTC,1573412422364,2019-11-10T19:00:22.364Z,buy,5.852e-05,84.0,0.00491568
BCD/BTC,1573412422364,2019-11-10T19:00:22.364Z,buy,5.853e-05,208.0,0.01217424
BCD/BTC,1573412422404,2019-11-10T19:00:22.404Z,buy,5.852e-05,39.0,0.00228228
BCD/BTC,1573412427981,2019-11-10T19:00:27.981Z,buy,5.826e-05,141.0,0.00821466
BCD/BTC,1573412427981,2019-11-10T19:00:27.981Z,buy,5.851e-05,66.0,0.00386166
BCD/BTC,1573412427981,2019-11-10T19:00:27.981Z,buy,5.852e-05,16.0,0.00093632
BCD/BTC,1573412432409,2019-11-10T19:00:32.409Z,sell,5.824e-05,61.0,0.0035526399999999
BCD/BTC,1573412432866,2019-11-10T19:00:32.866Z,sell,5.824e-05,30.0,0.0017472
BCD/BTC,1573412433251,2019-11-10T19:00:33.251Z,sell,5.824e-05,67.0,0.00390208
BCD/BTC,1573412433844,2019-11-10T19:00:33.844Z,sell,5.824e-05,30.0,0.0017472
BCD/BTC,1573412439814,2019-11-10T19:00:39.814Z,sell,5.824e-05,108.0,0.00628992
BCD/BTC,1573412441073,2019-11-10T19:00:41.073Z,sell,5.824e-05,30.0,0.0017472
BCD/BTC,1573412444850,2019-11-10T19:00:44.850Z,buy,5.851e-05,74.0,0.00432974
BCD/BTC,1573412448475,2019-11-10T19:00:48.475Z,sell,5.823e-05,211.0,0.01228653
BCD/BTC,1573412448781,2019-11-10T19:00:48.781Z,sell,5.823e-05,30.0,0.0017469
BCD/BTC,1573412449674,2019-11-10T19:00:49.674Z,sell,5.823e-05,63.0,0.00366849
BCD/BTC,1573412450196,2019-11-10T19:00:50.196Z,sell,5.823e-05,30.0,0.0017469
BCD/BTC,1573412450746,2019-11-10T19:00:50.746Z,sell,5.824e-05,69.0,0.00401856
BCD/BTC,1573412451125,2019-11-10T19:00:51.125Z,sell,5.824e-05,30.0,0.0017472
BCD/BTC,1573412452903,2019-11-10T19:00:52.903Z,sell,5.825e-05,114.0,0.0066405
BCD/BTC,1573412453328,2019-11-10T19:00:53.328Z,sell,5.825e-05,41.0,0.00238825
BCD/BTC,1573412466790,2019-11-10T19:01:06.790Z,sell,5.825e-05,64.0,0.003728
BCD/BTC,1573412466944,2019-11-10T19:01:06.944Z,sell,5.825e-05,49.0,0.00285425
BCD/BTC,1573412466944,2019-11-10T19:01:06.944Z,sell,5.824e-05,3.0,0.00017472
BCD/BTC,1573412466944,2019-11-10T19:01:06.944Z,sell,5.823e-05,9.0,0.00052407
BCD/BTC,1573412466944,2019-11-10T19:01:06.944Z,sell,5.821e-05,3.0,0.00017463
BCD/BTC,1573412466944,2019-11-10T19:01:06.944Z,sell,5.82e-05,22.0,0.0012804
BCD/BTC,1573412568096,2019-11-10T19:02:48.096Z,sell,5.818e-05,74.0,0.00430532
BCD/BTC,1573412568096,2019-11-10T19:02:48.096Z,sell,5.817e-05,22.0,0.00127974
BCD/BTC,1573412568096,2019-11-10T19:02:48.096Z,sell,5.812e-05,2.0,0.00011624
BCD/BTC,1573412591266,2019-11-10T19:03:11.266Z,buy,5.835e-05,11.0,0.00064185
BCD/BTC,1573413274803,2019-11-10T19:14:34.803Z,buy,5.836e-05,4.0,0.00023344
BCD/BTC,1573413496808,2019-11-10T19:18:16.808Z,buy,5.834e-05,197.0,0.01149298
BCD/BTC,1573413496812,2019-11-10T19:18:16.812Z,buy,5.834e-05,112.0,0.00653408
BCD/BTC,1573413496815,2019-11-10T19:18:16.815Z,buy,5.834e-05,34.0,0.00198356
BCD/BTC,1573413496822,2019-11-10T19:18:16.822Z,buy,5.843e-05,86.0,0.00502498
BCD/BTC,1573413496822,2019-11-10T19:18:16.822Z,buy,5.849e-05,32.0,0.00187168
BCD/BTC,1573413496839,2019-11-10T19:18:16.839Z,buy,5.842e-05,85.0,0.0049657
BCD/BTC,1573413496841,2019-11-10T19:18:16.841Z,buy,5.842e-05,27.0,0.00157734
BCD/BTC,1573413496859,2019-11-10T19:18:16.859Z,sell,5.839e-05,85.0,0.00496315
BCD/BTC,1573413496867,2019-11-10T19:18:16.867Z,sell,5.839e-05,69.0,0.00402891
BCD/BTC,1573413505626,2019-11-10T19:18:25.626Z,sell,5.813e-05,67.0,0.00389471
BCD/BTC,1573413505626,2019-11-10T19:18:25.626Z,sell,5.812e-05,1.0,5.812e-05
BCD/BTC,1573413514841,2019-11-10T19:18:34.841Z,sell,5.808e-05,129.0,0.00749232
BCD/BTC,1573413514841,2019-11-10T19:18:34.841Z,sell,5.805e-05,5.0,0.00029025
BCD/BTC,1573413529903,2019-11-10T19:18:49.903Z,sell,5.802e-05,161.0,0.0093412199999999
BCD/BTC,1573413530374,2019-11-10T19:18:50.374Z,buy,5.824e-05,1.0,5.824e-05
BCD/BTC,1573413530445,2019-11-10T19:18:50.445Z,sell,5.802e-05,55.0,0.0031910999999999
BCD/BTC,1573413559920,2019-11-10T19:19:19.920Z,sell,5.802e-05,2.0,0.00011604
BCD/BTC,1573413560316,2019-11-10T19:19:20.316Z,sell,5.802e-05,15.0,0.0008703
BCD/BTC,1573413576572,2019-11-10T19:19:36.572Z,sell,5.801e-05,1683.0,0.09763083
BCD/BTC,1573413576572,2019-11-10T19:19:36.572Z,sell,5.801e-05,1683.0,0.09763083
BCD/BTC,1573413843253,2019-11-10T19:24:03.253Z,sell,5.802e-05,8.0,0.00046416
BCD/BTC,1573413843253,2019-11-10T19:24:03.253Z,sell,5.801e-05,246.0,0.01427046
BCD/BTC,1573413894295,2019-11-10T19:24:54.295Z,sell,5.801e-05,10.0,0.0005801
BCD/BTC,1573413894295,2019-11-10T19:24:54.295Z,sell,5.799e-05,6.0,0.00034794
BCD/BTC,1573413894295,2019-11-10T19:24:54.295Z,sell,5.798e-05,59.0,0.0034208199999999
BCD/BTC,1573413898552,2019-11-10T19:24:58.552Z,sell,5.8e-05,341.0,0.019778
BCD/BTC,1573413903138,2019-11-10T19:25:03.138Z,sell,5.8e-05,341.0,0.019778
BCD/BTC,1573413915738,2019-11-10T19:25:15.738Z,sell,5.8e-05,341.0,0.019778
BCD/BTC,1573413926961,2019-11-10T19:25:26.961Z,sell,5.8e-05,341.0,0.019778
BCD/BTC,1573413931248,2019-11-10T19:25:31.248Z,sell,5.8e-05,341.0,0.019778
BCD/BTC,1573413948081,2019-11-10T19:25:48.081Z,sell,5.8e-05,341.0,0.019778
BCD/BTC,1573413952585,2019-11-10T19:25:52.585Z,sell,5.8e-05,330.0,0.01914
BCD/BTC,1573414032205,2019-11-10T19:27:12.205Z,sell,5.798e-05,241.0,0.01397318
BCD/BTC,1573414182665,2019-11-10T19:29:42.665Z,sell,5.797e-05,142.0,0.00823174
BCD/BTC,1573414193283,2019-11-10T19:29:53.283Z,sell,5.797e-05,341.0,0.01976777
BCD/BTC,1573414196833,2019-11-10T19:29:56.833Z,sell,5.797e-05,341.0,0.01976777
BCD/BTC,1573414200924,2019-11-10T19:30:00.924Z,sell,5.797e-05,61.0,0.00353617
BCD/BTC,1573414302993,2019-11-10T19:31:42.993Z,sell,5.797e-05,33.0,0.00191301
BCD/BTC,1573414302993,2019-11-10T19:31:42.993Z,sell,5.796e-05,54.0,0.00312984
BCD/BTC,1573414306875,2019-11-10T19:31:46.875Z,sell,5.797e-05,341.0,0.01976777
BCD/BTC,1573414311007,2019-11-10T19:31:51.007Z,sell,5.797e-05,341.0,0.01976777
BCD/BTC,1573414315377,2019-11-10T19:31:55.377Z,sell,5.797e-05,245.0,0.01420265
BCD/BTC,1573414368492,2019-11-10T19:32:48.492Z,sell,5.796e-05,33.0,0.00191268
BCD/BTC,1573414368492,2019-11-10T19:32:48.492Z,sell,5.795e-05,308.0,0.0178486
BCD/BTC,1573414373125,2019-11-10T19:32:53.125Z,sell,5.795e-05,341.0,0.01976095
BCD/BTC,1573414377466,2019-11-10T19:32:57.466Z,sell,5.795e-05,341.0,0.01976095
BCD/BTC,1573414475530,2019-11-10T19:34:35.530Z,sell,5.795e-05,15.0,0.00086925
BCD/BTC,1573414475530,2019-11-10T19:34:35.530Z,sell,5.793e-05,326.0,0.01888518
BCD/BTC,1573414476798,2019-11-10T19:34:36.798Z,sell,5.793e-05,206.0,0.01193358
BCD/BTC,1573414476798,2019-11-10T19:34:36.798Z,sell,5.782e-05,22.0,0.0012720399999999
BCD/BTC,1573414476798,2019-11-10T19:34:36.798Z,sell,5.778e-05,3.0,0.00017334
BCD/BTC,1573414476798,2019-11-10T19:34:36.798Z,sell,5.773e-05,13.0,0.0007504899999999
BCD/BTC,1573414476798,2019-11-10T19:34:36.798Z,sell,5.771e-05,329.0,0.01898659
BCD/BTC,1573414477889,2019-11-10T19:34:37.889Z,sell,5.795e-05,8.0,0.0004636
BCD/BTC,1573414477889,2019-11-10T19:34:37.889Z,sell,5.772e-05,28.0,0.00161616
BCD/BTC,1573414477891,2019-11-10T19:34:37.891Z,sell,5.772e-05,178.0,0.01027416
BCD/BTC,1573414477919,2019-11-10T19:34:37.919Z,sell,5.772e-05,54.0,0.00311688
BCD/BTC,1573414752167,2019-11-10T19:39:12.167Z,sell,5.776e-05,37.0,0.00213712
BCD/BTC,1573415816948,2019-11-10T19:56:56.948Z,sell,5.776e-05,32.0,0.00184832
BCD/BTC,1573415969535,2019-11-10T19:59:29.535Z,sell,5.772e-05,2.0,0.00011544
BCD/BTC,1573415969535,2019-11-10T19:59:29.535Z,sell,5.771e-05,156.0,0.00900276
BCD/BTC,1573415969953,2019-11-10T19:59:29.953Z,sell,5.772e-05,3.0,0.00017316
BCD/BTC,1573415969953,2019-11-10T19:59:29.953Z,sell,5.771e-05,136.0,0.00784856
BCD/BTC,1573415974890,2019-11-10T19:59:34.890Z,buy,5.773e-05,30.0,0.0017319
BCD/BTC,1573416364468,2019-11-10T20:06:04.468Z,buy,5.79e-05,54.0,0.0031265999999999
BCD/BTC,1573416418935,2019-11-10T20:06:58.935Z,buy,5.8e-05,28.0,0.001624
BCD/BTC,1573416710935,2019-11-10T20:11:50.935Z,sell,5.772e-05,27.0,0.00155844
BCD/BTC,1573416710935,2019-11-10T20:11:50.935Z,sell,5.771e-05,54.0,0.00311634
BCD/BTC,1573416710935,2019-11-10T20:11:50.935Z,sell,5.772e-05,27.0,0.00155844
BCD/BTC,1573416710935,2019-11-10T20:11:50.935Z,sell,5.771e-05,54.0,0.00311634
BCD/BTC,1573419819981,2019-11-10T21:03:39.981Z,sell,5.776e-05,172.0,0.00993472
BCD/BTC,1573419819981,2019-11-10T21:03:39.981Z,sell,5.773e-05,27.0,0.00155871
BCD/BTC,1573419892651,2019-11-10T21:04:52.651Z,sell,5.774e-05,157.0,0.0090651799999999
BCD/BTC,1573419892651,2019-11-10T21:04:52.651Z,sell,5.774e-05,157.0,0.0090651799999999
BCD/BTC,1573420368121,2019-11-10T21:12:48.121Z,sell,5.775e-05,81.0,0.00467775
BCD/BTC,1573420540692,2019-11-10T21:15:40.692Z,sell,5.776e-05,292.0,0.01686592
BCD/BTC,1573420670485,2019-11-10T21:17:50.485Z,buy,5.806e-05,3.0,0.00017418
BCD/BTC,1573421316776,2019-11-10T21:28:36.776Z,buy,5.806e-05,2.0,0.00011612
BCD/BTC,1573421316776,2019-11-10T21:28:36.776Z,buy,5.812e-05,1.0,5.812e-05
BCD/BTC,1573421355658,2019-11-10T21:29:15.658Z,buy,5.8e-05,240.0,0.01392
BCD/BTC,1573421355658,2019-11-10T21:29:15.658Z,buy,5.806e-05,51.0,0.00296106
BCD/BTC,1573421840710,2019-11-10T21:37:20.710Z,sell,5.795e-05,4.0,0.0002318
BCD/BTC,1573422362200,2019-11-10T21:46:02.200Z,buy,5.802e-05,2.0,0.00011604
BCD/BTC,1573422362200,2019-11-10T21:46:02.200Z,buy,5.803e-05,1.0,5.803e-05
BCD/BTC,1573422386127,2019-11-10T21:46:26.127Z,buy,5.812e-05,2.0,0.00011624
BCD/BTC,1573422386127,2019-11-10T21:46:26.127Z,buy,5.814e-05,1.0,5.814e-05
BCD/BTC,1573422509373,2019-11-10T21:48:29.373Z,buy,5.802e-05,172.0,0.00997944
BCD/BTC,1573422553098,2019-11-10T21:49:13.098Z,sell,5.802e-05,40.0,0.0023208
BCD/BTC,1573422553098,2019-11-10T21:49:13.098Z,sell,5.801e-05,36.0,0.00208836
BCD/BTC,1573422553156,2019-11-10T21:49:13.156Z,sell,5.801e-05,36.0,0.00208836
BCD/BTC,1573422553156,2019-11-10T21:49:13.156Z,sell,5.8e-05,97.0,0.005626
BCD/BTC,1573422756393,2019-11-10T21:52:36.393Z,sell,5.801e-05,53.0,0.00307453
BCD/BTC,1573422756393,2019-11-10T21:52:36.393Z,sell,5.8e-05,33.0,0.001914
BCD/BTC,1573422756393,2019-11-10T21:52:36.393Z,sell,5.801e-05,53.0,0.00307453
BCD/BTC,1573422756393,2019-11-10T21:52:36.393Z,sell,5.8e-05,33.0,0.001914
BCD/BTC,1573424206139,2019-11-10T22:16:46.139Z,sell,5.801e-05,46.0,0.00266846
BCD/BTC,1573424206139,2019-11-10T22:16:46.139Z,sell,5.8e-05,54.0,0.003132
BCD/BTC,1573424240896,2019-11-10T22:17:20.896Z,sell,5.8e-05,8735.0,0.50663
BCD/BTC,1573424240896,2019-11-10T22:17:20.896Z,sell,5.796e-05,56.0,0.00324576
BCD/BTC,1573424240896,2019-11-10T22:17:20.896Z,sell,5.795e-05,3.0,0.00017385
BCD/BTC,1573424240896,2019-11-10T22:17:20.896Z,sell,5.78e-05,6.0,0.0003468
BCD/BTC,1573424240896,2019-11-10T22:17:20.896Z,sell,5.778e-05,3.0,0.00017334
BCD/BTC,1573424240896,2019-11-10T22:17:20.896Z,sell,5.775e-05,86.0,0.0049665
BCD/BTC,1573424240896,2019-11-10T22:17:20.896Z,sell,5.771e-05,23.0,0.00132733
BCD/BTC,1573424240896,2019-11-10T22:17:20.896Z,sell,5.77e-05,17.0,0.0009809
BCD/BTC,1573424240896,2019-11-10T22:17:20.896Z,sell,5.769e-05,193.0,0.0111341699999999
BCD/BTC,1573424240896,2019-11-10T22:17:20.896Z,sell,5.765e-05,862.0,0.0496943
BCD/BTC,1573424240896,2019-11-10T22:17:20.896Z,sell,5.764e-05,789.0,0.04547796
BCD/BTC,1573424240896,2019-11-10T22:17:20.896Z,sell,5.763e-05,6.0,0.00034578
BCD/BTC,1573424240896,2019-11-10T22:17:20.896Z,sell,5.761e-05,100.0,0.005761
BCD/BTC,1573424240896,2019-11-10T22:17:20.896Z,sell,5.753e-05,1337.0,0.07691761
BCD/BTC,1573424240896,2019-11-10T22:17:20.896Z,sell,5.75e-05,1231.0,0.0707825
BCD/BTC,1573424240957,2019-11-10T22:17:20.957Z,buy,5.816e-05,1.0,5.816e-05
BCD/BTC,1573424365622,2019-11-10T22:19:25.622Z,sell,5.796e-05,2.0,0.00011592
BCD/BTC,1573424530532,2019-11-10T22:22:10.532Z,sell,5.796e-05,74.0,0.00428904
BCD/BTC,1573424842555,2019-11-10T22:27:22.555Z,buy,5.786e-05,1.0,5.786e-05
BCD/BTC,1573425263110,2019-11-10T22:34:23.110Z,sell,5.766e-05,19.0,0.00109554
BCD/BTC,1573425740478,2019-11-10T22:42:20.478Z,sell,5.766e-05,2.0,0.00011532
BCD/BTC,1573425898787,2019-11-10T22:44:58.787Z,buy,5.76e-05,41.0,0.0023615999999999
BCD/BTC,1573425899352,2019-11-10T22:44:59.352Z,buy,5.76e-05,2.0,0.0001152
BCD/BTC,1573426044730,2019-11-10T22:47:24.730Z,sell,5.76e-05,3.0,0.0001728
BCD/BTC,1573426044730,2019-11-10T22:47:24.730Z,sell,5.759e-05,69.0,0.00397371
BCD/BTC,1573426067893,2019-11-10T22:47:47.893Z,buy,5.754e-05,4.0,0.00023016
BCD/BTC,1573426079428,2019-11-10T22:47:59.428Z,buy,5.754e-05,9.0,0.00051786
BCD/BTC,1573426196729,2019-11-10T22:49:56.729Z,sell,5.751e-05,56.0,0.00322056
BCD/BTC,1573426339052,2019-11-10T22:52:19.052Z,buy,5.774e-05,65.0,0.0037531
BCD/BTC,1573426339052,2019-11-10T22:52:19.052Z,buy,5.774e-05,65.0,0.0037531
BCD/BTC,1573429590760,2019-11-10T23:46:30.760Z,buy,5.799e-05,227.0,0.01316373
BCD/BTC,1573429591677,2019-11-10T23:46:31.677Z,buy,5.798e-05,1.0,5.798e-05
BCD/BTC,1573429607949,2019-11-10T23:46:47.949Z,buy,5.796e-05,2.0,0.00011592
BCD/BTC,1573429608169,2019-11-10T23:46:48.169Z,buy,5.796e-05,2.0,0.00011592
BCD/BTC,1573429627924,2019-11-10T23:47:07.924Z,sell,5.795e-05,66.0,0.0038247
BCD/BTC,1573429632866,2019-11-10T23:47:12.866Z,buy,5.796e-05,120.0,0.0069552
BCD/BTC,1573429639464,2019-11-10T23:47:19.464Z,buy,5.797e-05,2.0,0.00011594
BCD/BTC,1573429653172,2019-11-10T23:47:33.172Z,sell,5.795e-05,33.0,0.00191235
BCD/BTC,1573429656258,2019-11-10T23:47:36.258Z,sell,5.795e-05,13.0,0.00075335
BCD/BTC,1573429689286,2019-11-10T23:48:09.286Z,sell,5.796e-05,54.0,0.00312984
BCD/BTC,1573429689286,2019-11-10T23:48:09.286Z,sell,5.795e-05,5.0,0.0002897499999999
BCD/BTC,1573429694103,2019-11-10T23:48:14.103Z,sell,5.796e-05,14.0,0.00081144
BCD/BTC,1573429700463,2019-11-10T23:48:20.463Z,sell,5.796e-05,22.0,0.00127512
BCD/BTC,1573429848380,2019-11-10T23:50:48.380Z,sell,5.796e-05,298.0,0.01727208
BCD/BTC,1573429848380,2019-11-10T23:50:48.380Z,sell,5.795e-05,372.0,0.0215574
BCD/BTC,1573429848380,2019-11-10T23:50:48.380Z,sell,5.796e-05,298.0,0.01727208
BCD/BTC,1573429848380,2019-11-10T23:50:48.380Z,sell,5.795e-05,372.0,0.0215574
BCD/BTC,1573430109183,2019-11-10T23:55:09.183Z,sell,5.774e-05,2.0,0.00011548
BCD/BTC,1573430109183,2019-11-10T23:55:09.183Z,sell,5.756e-05,57.0,0.0032809199999999
BCD/BTC,1573430277962,2019-11-10T23:57:57.962Z,sell,5.762e-05,2.0,0.00011524
BCD/BTC,1573430277962,2019-11-10T23:57:57.962Z,sell,5.755e-05,18.0,0.0010359
BCD/BTC,1573430485678,2019-11-11T00:01:25.678Z,buy,5.788e-05,10.0,0.0005788
BCD/BTC,1573430508026,2019-11-11T00:01:48.026Z,buy,5.787e-05,18.0,0.00104166
BCD/BTC,1573430521892,2019-11-11T00:02:01.892Z,buy,5.787e-05,131.0,0.00758097
BCD/BTC,1573430544061,2019-11-11T00:02:24.061Z,buy,5.787e-05,191.0,0.01105317
BCD/BTC,1573430544061,2019-11-11T00:02:24.061Z,buy,5.788e-05,47.0,0.00272036
BCD/BTC,1573430545041,2019-11-11T00:02:25.041Z,sell,5.794e-05,131.0,0.0075901399999999
BCD/BTC,1573430654087,2019-11-11T00:04:14.087Z,buy,5.791e-05,1.0,5.791e-05
BCD/BTC,1573430788891,2019-11-11T00:06:28.891Z,buy,5.782e-05,1.0,5.782e-05
BCD/BTC,1573430847457,2019-11-11T00:07:27.457Z,buy,5.781e-05,1.0,5.781e-05
BCD/BTC,1573431028220,2019-11-11T00:10:28.220Z,buy,5.778e-05,1.0,5.778e-05
BCD/BTC,1573431047966,2019-11-11T00:10:47.966Z,buy,5.777e-05,2.0,0.00011554
BCD/BTC,1573431047966,2019-11-11T00:10:47.966Z,buy,5.778e-05,1.0,5.778e-05
BCD/BTC,1573431047966,2019-11-11T00:10:47.966Z,buy,5.781e-05,1.0,5.781e-05
BCD/BTC,1573431047966,2019-11-11T00:10:47.966Z,buy,5.792e-05,296.0,0.01714432
BCD/BTC,1573431345050,2019-11-11T00:15:45.050Z,buy,5.794e-05,1.0,5.794e-05
BCD/BTC,1573431712892,2019-11-11T00:21:52.892Z,buy,5.784e-05,1.0,5.784e-05
BCD/BTC,1573431779038,2019-11-11T00:22:59.038Z,buy,5.781e-05,76.0,0.0043935599999999
BCD/BTC,1573431780710,2019-11-11T00:23:00.710Z,buy,5.781e-05,51.0,0.00294831
BCD/BTC,1573431781024,2019-11-11T00:23:01.024Z,buy,5.781e-05,84.0,0.00485604
BCD/BTC,1573431781129,2019-11-11T00:23:01.129Z,buy,5.781e-05,85.0,0.00491385
BCD/BTC,1573431828870,2019-11-11T00:23:48.870Z,buy,5.782e-05,133.0,0.0076900599999999
BCD/BTC,1573431855202,2019-11-11T00:24:15.202Z,buy,5.782e-05,168.0,0.00971376
BCD/BTC,1573431855305,2019-11-11T00:24:15.305Z,buy,5.782e-05,158.0,0.00913556
BCD/BTC,1573431856671,2019-11-11T00:24:16.671Z,buy,5.782e-05,447.0,0.02584554
BCD/BTC,1573431874091,2019-11-11T00:24:34.091Z,buy,5.782e-05,172.0,0.00994504
BCD/BTC,1573431879566,2019-11-11T00:24:39.566Z,buy,5.782e-05,19.0,0.00109858
BCD/BTC,1573431879694,2019-11-11T00:24:39.694Z,buy,5.782e-05,34.0,0.00196588
BCD/BTC,1573431880928,2019-11-11T00:24:40.928Z,buy,5.782e-05,50.0,0.002891
BCD/BTC,1573431881040,2019-11-11T00:24:41.040Z,buy,5.782e-05,49.0,0.00283318
BCD/BTC,1573431885103,2019-11-11T00:24:45.103Z,buy,5.782e-05,65.0,0.0037583
BCD/BTC,1573431885748,2019-11-11T00:24:45.748Z,buy,5.782e-05,34.0,0.00196588
BCD/BTC,1573431886699,2019-11-11T00:24:46.699Z,buy,5.782e-05,63.0,0.00364266
BCD/BTC,1573431903522,2019-11-11T00:25:03.522Z,buy,5.782e-05,26.0,0.00150332
BCD/BTC,1573431999320,2019-11-11T00:26:39.320Z,buy,5.782e-05,3600.0,0.208152
BCD/BTC,1573432027322,2019-11-11T00:27:07.322Z,buy,5.782e-05,8.0,0.00046256
BCD/BTC,1573432138306,2019-11-11T00:28:58.306Z,buy,5.784e-05,1.0,5.784e-05
BCD/BTC,1573432203153,2019-11-11T00:30:03.153Z,buy,5.783e-05,2.0,0.00011566
BCD/BTC,1573432203153,2019-11-11T00:30:03.153Z,buy,5.784e-05,1.0,5.784e-05
BCD/BTC,1573432203153,2019-11-11T00:30:03.153Z,buy,5.794e-05,1.0,5.794e-05
BCD/BTC,1573432627750,2019-11-11T00:37:07.750Z,sell,5.794e-05,29.0,0.0016802599999999
BCD/BTC,1573432627750,2019-11-11T00:37:07.750Z,sell,5.783e-05,345.0,0.01995135
BCD/BTC,1573432627750,2019-11-11T00:37:07.750Z,sell,5.782e-05,233.0,0.01347206
BCD/BTC,1573432628276,2019-11-11T00:37:08.276Z,buy,5.782e-05,50.0,0.002891
BCD/BTC,1573432878952,2019-11-11T00:41:18.952Z,buy,5.797e-05,345.0,0.01999965
BCD/BTC,1573432878952,2019-11-11T00:41:18.952Z,buy,5.798e-05,78.0,0.00452244
BCD/BTC,1573432888240,2019-11-11T00:41:28.240Z,buy,5.804e-05,51.0,0.00296004
BCD/BTC,1573432899456,2019-11-11T00:41:39.456Z,buy,5.804e-05,98.0,0.00568792
BCD/BTC,1573432899456,2019-11-11T00:41:39.456Z,buy,5.804e-05,98.0,0.00568792
BCD/BTC,1573433510204,2019-11-11T00:51:50.204Z,sell,5.799e-05,49.0,0.0028415099999999
BCD/BTC,1573433700219,2019-11-11T00:55:00.219Z,buy,5.804e-05,1.0,5.804e-05
BCD/BTC,1573434749858,2019-11-11T01:12:29.858Z,sell,5.783e-05,514.0,0.02972462
BCD/BTC,1573434749858,2019-11-11T01:12:29.858Z,sell,5.782e-05,2152.0,0.12442864
BCD/BTC,1573434749858,2019-11-11T01:12:29.858Z,sell,5.768e-05,172.0,0.00992096
BCD/BTC,1573434749858,2019-11-11T01:12:29.858Z,sell,5.765e-05,341.0,0.01965865
BCD/BTC,1573434749858,2019-11-11T01:12:29.858Z,sell,5.756e-05,1116.0,0.06423696
BCD/BTC,1573434750209,2019-11-11T01:12:30.209Z,sell,5.784e-05,159.0,0.00919656
BCD/BTC,1573434750209,2019-11-11T01:12:30.209Z,sell,5.756e-05,59.0,0.00339604
BCD/BTC,1573434750209,2019-11-11T01:12:30.209Z,sell,5.755e-05,50.0,0.0028775
BCD/BTC,1573434750209,2019-11-11T01:12:30.209Z,sell,5.753e-05,6.0,0.00034518
BCD/BTC,1573434750209,2019-11-11T01:12:30.209Z,sell,5.752e-05,69.0,0.00396888
BCD/BTC,1573434750209,2019-11-11T01:12:30.209Z,sell,5.751e-05,1437.0,0.08264187
BCD/BTC,1573434754636,2019-11-11T01:12:34.636Z,sell,5.758e-05,39.0,0.00224562
BCD/BTC,1573434754656,2019-11-11T01:12:34.656Z,sell,5.758e-05,291.0,0.01675578
BCD/BTC,1573434851548,2019-11-11T01:14:11.548Z,buy,5.788e-05,300.0,0.017364
BCD/BTC,1573435245873,2019-11-11T01:20:45.873Z,sell,5.779e-05,9.0,0.00052011
BCD/BTC,1573435248378,2019-11-11T01:20:48.378Z,sell,5.78e-05,9.0,0.0005202
BCD/BTC,1573435249377,2019-11-11T01:20:49.377Z,sell,5.78e-05,9.0,0.0005202
BCD/BTC,1573435338847,2019-11-11T01:22:18.847Z,sell,5.78e-05,79.0,0.0045662
BCD/BTC,1573435430283,2019-11-11T01:23:50.283Z,buy,5.796e-05,3.0,0.00017388
BCD/BTC,1573435464157,2019-11-11T01:24:24.157Z,sell,5.781e-05,9.0,0.00052029
BCD/BTC,1573435464265,2019-11-11T01:24:24.265Z,sell,5.781e-05,9.0,0.00052029
BCD/BTC,1573435693912,2019-11-11T01:28:13.912Z,sell,5.779e-05,9.0,0.00052011
BCD/BTC,1573435749680,2019-11-11T01:29:09.680Z,sell,5.78e-05,145.0,0.008381
BCD/BTC,1573435780546,2019-11-11T01:29:40.546Z,sell,5.781e-05,193.0,0.01115733
BCD/BTC,1573435780546,2019-11-11T01:29:40.546Z,sell,5.78e-05,189.0,0.0109242
BCD/BTC,1573435886782,2019-11-11T01:31:26.782Z,buy,5.796e-05,86.0,0.00498456
BCD/BTC,1573436343085,2019-11-11T01:39:03.085Z,sell,5.781e-05,86.0,0.00497166
BCD/BTC,1573436343179,2019-11-11T01:39:03.179Z,sell,5.781e-05,53.0,0.00306393
BCD/BTC,1573436487659,2019-11-11T01:41:27.659Z,sell,5.781e-05,10.0,0.0005781
BCD/BTC,1573436487659,2019-11-11T01:41:27.659Z,sell,5.78e-05,2102.0,0.1214956
BCD/BTC,1573436487659,2019-11-11T01:41:27.659Z,sell,5.774e-05,173.0,0.00998902
BCD/BTC,1573436487659,2019-11-11T01:41:27.659Z,sell,5.768e-05,267.0,0.0154005599999999
BCD/BTC,1573436487659,2019-11-11T01:41:27.659Z,sell,5.764e-05,174.0,0.01002936
BCD/BTC,1573436487659,2019-11-11T01:41:27.659Z,sell,5.762e-05,54.0,0.00311148
BCD/BTC,1573436487659,2019-11-11T01:41:27.659Z,sell,5.781e-05,10.0,0.0005781
BCD/BTC,1573436487659,2019-11-11T01:41:27.659Z,sell,5.78e-05,2102.0,0.1214956
BCD/BTC,1573436487659,2019-11-11T01:41:27.659Z,sell,5.774e-05,173.0,0.00998902
BCD/BTC,1573436487659,2019-11-11T01:41:27.659Z,sell,5.768e-05,267.0,0.0154005599999999
BCD/BTC,1573436487659,2019-11-11T01:41:27.659Z,sell,5.764e-05,174.0,0.01002936
BCD/BTC,1573436487659,2019-11-11T01:41:27.659Z,sell,5.762e-05,54.0,0.00311148
BCD/BTC,1573436736935,2019-11-11T01:45:36.935Z,buy,5.782e-05,347.0,0.02006354
BCD/BTC,1573436736935,2019-11-11T01:45:36.935Z,buy,5.783e-05,234.0,0.01353222
BCD/BTC,1573436736935,2019-11-11T01:45:36.935Z,buy,5.785e-05,233.0,0.01347905
BCD/BTC,1573436736935,2019-11-11T01:45:36.935Z,buy,5.788e-05,860.0,0.0497768
BCD/BTC,1573436736935,2019-11-11T01:45:36.935Z,buy,5.789e-05,1180.0,0.0683102
BCD/BTC,1573436736963,2019-11-11T01:45:36.963Z,sell,5.789e-05,146.0,0.00845194
BCD/BTC,1573436748306,2019-11-11T01:45:48.306Z,buy,5.782e-05,188.0,0.01087016
BCD/BTC,1573436748306,2019-11-11T01:45:48.306Z,buy,5.783e-05,279.0,0.01613457
BCD/BTC,1573436748306,2019-11-11T01:45:48.306Z,buy,5.792e-05,78.0,0.00451776
BCD/BTC,1573436748306,2019-11-11T01:45:48.306Z,buy,5.793e-05,168.0,0.00973224
BCD/BTC,1573436748306,2019-11-11T01:45:48.306Z,buy,5.796e-05,250.0,0.01449
BCD/BTC,1573436748338,2019-11-11T01:45:48.338Z,sell,5.796e-05,449.0,0.02602404
BCD/BTC,1573436748347,2019-11-11T01:45:48.347Z,sell,5.796e-05,176.0,0.01020096
BCD/BTC,1573436748354,2019-11-11T01:45:48.354Z,sell,5.796e-05,1559.0,0.09035964
BCD/BTC,1573436756532,2019-11-11T01:45:56.532Z,sell,5.796e-05,36.0,0.00208656
BCD/BTC,1573436756613,2019-11-11T01:45:56.613Z,sell,5.796e-05,62.0,0.00359352
BCD/BTC,1573436756634,2019-11-11T01:45:56.634Z,sell,5.796e-05,22.0,0.00127512
BCD/BTC,1573436756907,2019-11-11T01:45:56.907Z,sell,5.768e-05,180.0,0.0103824
BCD/BTC,1573436756907,2019-11-11T01:45:56.907Z,sell,5.766e-05,177.0,0.01020582
BCD/BTC,1573436756907,2019-11-11T01:45:56.907Z,sell,5.763e-05,345.0,0.01988235
BCD/BTC,1573436756907,2019-11-11T01:45:56.907Z,sell,5.762e-05,173.0,0.00996826
BCD/BTC,1573436756907,2019-11-11T01:45:56.907Z,sell,5.76e-05,125.0,0.0072
BCD/BTC,1573436772594,2019-11-11T01:46:12.594Z,sell,5.762e-05,79.0,0.00455198
BCD/BTC,1573436772594,2019-11-11T01:46:12.594Z,sell,5.76e-05,41.0,0.0023615999999999
BCD/BTC,1573437640671,2019-11-11T02:00:40.671Z,buy,5.792e-05,194.0,0.01123648
BCD/BTC,1573437640671,2019-11-11T02:00:40.671Z,buy,5.801e-05,522.0,0.03028122
BCD/BTC,1573437640671,2019-11-11T02:00:40.671Z,buy,5.802e-05,284.0,0.0164776799999999
BCD/BTC,1573437660321,2019-11-11T02:01:00.321Z,sell,5.773e-05,11.0,0.00063503
BCD/BTC,1573437686561,2019-11-11T02:01:26.561Z,sell,5.777e-05,101.0,0.0058347699999999
BCD/BTC,1573437686561,2019-11-11T02:01:26.561Z,sell,5.776e-05,346.0,0.01998496
BCD/BTC,1573437686561,2019-11-11T02:01:26.561Z,sell,5.775e-05,101.0,0.00583275
BCD/BTC,1573437694514,2019-11-11T02:01:34.514Z,buy,5.798e-05,234.0,0.0135673199999999
BCD/BTC,1573437694514,2019-11-11T02:01:34.514Z,buy,5.799e-05,2.0,0.00011598
BCD/BTC,1573437694514,2019-11-11T02:01:34.514Z,buy,5.801e-05,139.0,0.00806339
BCD/BTC,1573437695089,2019-11-11T02:01:35.089Z,buy,5.798e-05,18.0,0.00104364
BCD/BTC,1573437700573,2019-11-11T02:01:40.573Z,sell,5.777e-05,112.0,0.0064702399999999
BCD/BTC,1573437726715,2019-11-11T02:02:06.715Z,sell,5.777e-05,60.0,0.0034662
BCD/BTC,1573437729148,2019-11-11T02:02:09.148Z,sell,5.777e-05,60.0,0.0034662
BCD/BTC,1573437731705,2019-11-11T02:02:11.705Z,sell,5.777e-05,121.0,0.0069901699999999
BCD/BTC,1573437817729,2019-11-11T02:03:37.729Z,sell,5.774e-05,139.0,0.00802586
BCD/BTC,1573439067020,2019-11-11T02:24:27.020Z,sell,5.774e-05,167.0,0.00964258
BCD/BTC,1573439363135,2019-11-11T02:29:23.135Z,sell,5.767e-05,167.0,0.00963089
BCD/BTC,1573439363135,2019-11-11T02:29:23.135Z,sell,5.766e-05,545.0,0.0314247
BCD/BTC,1573439363135,2019-11-11T02:29:23.135Z,sell,5.758e-05,132.0,0.00760056
BCD/BTC,1573439363135,2019-11-11T02:29:23.135Z,sell,5.757e-05,1445.0,0.08318865
BCD/BTC,1573439363135,2019-11-11T02:29:23.135Z,sell,5.756e-05,273.0,0.01571388
BCD/BTC,1573439363135,2019-11-11T02:29:23.135Z,sell,5.752e-05,281.0,0.01616312
BCD/BTC,1573439363135,2019-11-11T02:29:23.135Z,sell,5.751e-05,5460.0,0.3140046
BCD/BTC,1573439363155,2019-11-11T02:29:23.155Z,buy,5.751e-05,23.0,0.00132273
BCD/BTC,1573439363166,2019-11-11T02:29:23.166Z,buy,5.751e-05,40.0,0.0023004
BCD/BTC,1573439363168,2019-11-11T02:29:23.168Z,buy,5.751e-05,30.0,0.0017253
BCD/BTC,1573439363176,2019-11-11T02:29:23.176Z,buy,5.751e-05,26.0,0.00149526
BCD/BTC,1573439363183,2019-11-11T02:29:23.183Z,buy,5.751e-05,23.0,0.00132273
BCD/BTC,1573439363184,2019-11-11T02:29:23.184Z,buy,5.751e-05,41.0,0.00235791
BCD/BTC,1573439363463,2019-11-11T02:29:23.463Z,buy,5.751e-05,30.0,0.0017253
BCD/BTC,1573439409590,2019-11-11T02:30:09.590Z,buy,5.751e-05,2.0,0.00011502
BCD/BTC,1573439412612,2019-11-11T02:30:12.612Z,buy,5.751e-05,82.0,0.00471582
BCD/BTC,1573439502906,2019-11-11T02:31:42.906Z,sell,5.749e-05,268.0,0.01540732
BCD/BTC,1573439502906,2019-11-11T02:31:42.906Z,sell,5.748e-05,24.0,0.00137952
BCD/BTC,1573439502906,2019-11-11T02:31:42.906Z,sell,5.745e-05,6.0,0.0003447
BCD/BTC,1573439502906,2019-11-11T02:31:42.906Z,sell,5.743e-05,3.0,0.00017229
BCD/BTC,1573439502906,2019-11-11T02:31:42.906Z,sell,5.74e-05,356.0,0.0204344
BCD/BTC,1573439502906,2019-11-11T02:31:42.906Z,sell,5.739e-05,285.0,0.01635615
BCD/BTC,1573439502906,2019-11-11T02:31:42.906Z,sell,5.735e-05,2.0,0.0001147
BCD/BTC,1573439502906,2019-11-11T02:31:42.906Z,sell,5.734e-05,5.0,0.0002867
BCD/BTC,1573439502906,2019-11-11T02:31:42.906Z,sell,5.729e-05,371.0,0.02125459
BCD/BTC,1573439502906,2019-11-11T02:31:42.906Z,sell,5.728e-05,2.0,0.00011456
BCD/BTC,1573439502906,2019-11-11T02:31:42.906Z,sell,5.727e-05,408.0,0.02336616
BCD/BTC,1573439502906,2019-11-11T02:31:42.906Z,sell,5.726e-05,19.0,0.00108794
BCD/BTC,1573439502906,2019-11-11T02:31:42.906Z,sell,5.725e-05,30.0,0.0017175
BCD/BTC,1573439502906,2019-11-11T02:31:42.906Z,sell,5.723e-05,146.0,0.00835558
BCD/BTC,1573439502906,2019-11-11T02:31:42.906Z,sell,5.722e-05,1250.0,0.0715249999999999
BCD/BTC,1573439502906,2019-11-11T02:31:42.906Z,sell,5.72e-05,9173.0,0.5246956
BCD/BTC,1573439502906,2019-11-11T02:31:42.906Z,sell,5.719e-05,15.0,0.00085785
BCD/BTC,1573439502928,2019-11-11T02:31:42.928Z,buy,5.719e-05,553.0,0.03162607
BCD/BTC,1573439502928,2019-11-11T02:31:42.928Z,buy,5.719e-05,266.0,0.01521254
BCD/BTC,1573439502933,2019-11-11T02:31:42.933Z,buy,5.719e-05,195.0,0.01115205
BCD/BTC,1573439502936,2019-11-11T02:31:42.936Z,buy,5.719e-05,552.0,0.03156888
BCD/BTC,1573439502943,2019-11-11T02:31:42.943Z,buy,5.719e-05,332.0,0.01898708
BCD/BTC,1573439503011,2019-11-11T02:31:43.011Z,buy,5.719e-05,132.0,0.00754908
BCD/BTC,1573439503376,2019-11-11T02:31:43.376Z,buy,5.719e-05,961.0,0.05495959
BCD/BTC,1573439503773,2019-11-11T02:31:43.773Z,sell,5.717e-05,3.0,0.00017151
BCD/BTC,1573439504445,2019-11-11T02:31:44.445Z,buy,5.719e-05,25.0,0.00142975
BCD/BTC,1573439505497,2019-11-11T02:31:45.497Z,buy,5.719e-05,25.0,0.00142975
BCD/BTC,1573439505668,2019-11-11T02:31:45.668Z,sell,5.717e-05,3.0,0.00017151
BCD/BTC,1573439506666,2019-11-11T02:31:46.666Z,buy,5.719e-05,25.0,0.00142975
BCD/BTC,1573439507729,2019-11-11T02:31:47.729Z,buy,5.719e-05,25.0,0.00142975
BCD/BTC,1573439508608,2019-11-11T02:31:48.608Z,buy,5.719e-05,25.0,0.00142975
BCD/BTC,1573439509507,2019-11-11T02:31:49.507Z,buy,5.719e-05,25.0,0.00142975
BCD/BTC,1573439509718,2019-11-11T02:31:49.718Z,buy,5.719e-05,20.0,0.0011438
BCD/BTC,1573439510488,2019-11-11T02:31:50.488Z,buy,5.719e-05,25.0,0.00142975
BCD/BTC,1573439511335,2019-11-11T02:31:51.335Z,buy,5.719e-05,25.0,0.00142975
BCD/BTC,1573439512351,2019-11-11T02:31:52.351Z,buy,5.719e-05,25.0,0.00142975
BCD/BTC,1573439513224,2019-11-11T02:31:53.224Z,buy,5.719e-05,25.0,0.00142975
BCD/BTC,1573439514265,2019-11-11T02:31:54.265Z,buy,5.719e-05,25.0,0.00142975
BCD/BTC,1573439515120,2019-11-11T02:31:55.120Z,buy,5.719e-05,25.0,0.00142975
BCD/BTC,1573439516150,2019-11-11T02:31:56.150Z,buy,5.719e-05,25.0,0.00142975
BCD/BTC,1573439517199,2019-11-11T02:31:57.199Z,buy,5.719e-05,25.0,0.00142975
BCD/BTC,1573439517694,2019-11-11T02:31:57.694Z,buy,5.719e-05,536.0,0.0306538399999999
BCD/BTC,1573439517694,2019-11-11T02:31:57.694Z,buy,5.736e-05,233.0,0.0133648799999999
BCD/BTC,1573439517694,2019-11-11T02:31:57.694Z,buy,5.737e-05,346.0,0.01985002
BCD/BTC,1573439517694,2019-11-11T02:31:57.694Z,buy,5.75e-05,94.0,0.005405
BCD/BTC,1573439518092,2019-11-11T02:31:58.092Z,buy,5.735e-05,25.0,0.00143375
BCD/BTC,1573439519218,2019-11-11T02:31:59.218Z,buy,5.733e-05,382.0,0.02190006
BCD/BTC,1573439519218,2019-11-11T02:31:59.218Z,buy,5.734e-05,156.0,0.00894504
BCD/BTC,1573439519218,2019-11-11T02:31:59.218Z,buy,5.736e-05,156.0,0.00894816
BCD/BTC,1573439519218,2019-11-11T02:31:59.218Z,buy,5.75e-05,73.0,0.0041975
BCD/BTC,1573439519218,2019-11-11T02:31:59.218Z,buy,5.751e-05,97.0,0.00557847
BCD/BTC,1573439519356,2019-11-11T02:31:59.356Z,buy,5.734e-05,52.0,0.00298168
BCD/BTC,1573439519356,2019-11-11T02:31:59.356Z,buy,5.751e-05,155.0,0.00891405
BCD/BTC,1573439529242,2019-11-11T02:32:09.242Z,sell,5.724e-05,288.0,0.01648512
BCD/BTC,1573439543421,2019-11-11T02:32:23.421Z,sell,5.725e-05,71.0,0.00406475
BCD/BTC,1573439543421,2019-11-11T02:32:23.421Z,sell,5.724e-05,61.0,0.00349164
BCD/BTC,1573439543421,2019-11-11T02:32:23.421Z,sell,5.723e-05,154.0,0.00881342
BCD/BTC,1573439543421,2019-11-11T02:32:23.421Z,sell,5.718e-05,197.0,0.01126446
BCD/BTC,1573439543421,2019-11-11T02:32:23.421Z,sell,5.717e-05,274.0,0.01566458
BCD/BTC,1573439543421,2019-11-11T02:32:23.421Z,sell,5.714e-05,24.0,0.0013713599999999
BCD/BTC,1573439543421,2019-11-11T02:32:23.421Z,sell,5.711e-05,2.0,0.00011422
BCD/BTC,1573439543421,2019-11-11T02:32:23.421Z,sell,5.708e-05,3.0,0.00017124
BCD/BTC,1573439543421,2019-11-11T02:32:23.421Z,sell,5.706e-05,6.0,0.00034236
BCD/BTC,1573439543421,2019-11-11T02:32:23.421Z,sell,5.701e-05,6.0,0.00034206
BCD/BTC,1573439543421,2019-11-11T02:32:23.421Z,sell,5.7e-05,667.0,0.038019
BCD/BTC,1573439543421,2019-11-11T02:32:23.421Z,sell,5.699e-05,638.0,0.03635962
BCD/BTC,1573439543421,2019-11-11T02:32:23.421Z,sell,5.698e-05,358.0,0.02039884
BCD/BTC,1573439543421,2019-11-11T02:32:23.421Z,sell,5.696e-05,810.0,0.0461376
BCD/BTC,1573439543421,2019-11-11T02:32:23.421Z,sell,5.695e-05,358.0,0.0203881
BCD/BTC,1573439543421,2019-11-11T02:32:23.421Z,sell,5.694e-05,245.0,0.0139503
BCD/BTC,1573439543421,2019-11-11T02:32:23.421Z,sell,5.691e-05,877.0,0.04991007
BCD/BTC,1573439543421,2019-11-11T02:32:23.421Z,sell,5.689e-05,896.0,0.05097344
BCD/BTC,1573439543421,2019-11-11T02:32:23.421Z,sell,5.688e-05,366.0,0.02081808
BCD/BTC,1573439543421,2019-11-11T02:32:23.421Z,sell,5.687e-05,35.0,0.00199045
BCD/BTC,1573439543421,2019-11-11T02:32:23.421Z,sell,5.684e-05,5.0,0.0002841999999999
BCD/BTC,1573439543421,2019-11-11T02:32:23.421Z,sell,5.682e-05,2.0,0.00011364
BCD/BTC,1573439543421,2019-11-11T02:32:23.421Z,sell,5.68e-05,22.0,0.0012496
BCD/BTC,1573439543421,2019-11-11T02:32:23.421Z,sell,5.679e-05,202.0,0.0114715799999999
BCD/BTC,1573439543421,2019-11-11T02:32:23.421Z,sell,5.677e-05,1204.0,0.06835108
BCD/BTC,1573439543421,2019-11-11T02:32:23.421Z,sell,5.676e-05,810.0,0.0459756
BCD/BTC,1573439543421,2019-11-11T02:32:23.421Z,sell,5.674e-05,5999.0,0.34038326
BCD/BTC,1573439543421,2019-11-11T02:32:23.421Z,sell,5.673e-05,3.0,0.00017019
BCD/BTC,1573439543421,2019-11-11T02:32:23.421Z,sell,5.671e-05,1965.0,0.11143515
BCD/BTC,1573439544472,2019-11-11T02:32:24.472Z,sell,5.718e-05,22.0,0.00125796
BCD/BTC,1573439545629,2019-11-11T02:32:25.629Z,buy,5.721e-05,26.0,0.00148746
BCD/BTC,1573439546583,2019-11-11T02:32:26.583Z,buy,5.721e-05,9.0,0.00051489
BCD/BTC,1573439546583,2019-11-11T02:32:26.583Z,buy,5.722e-05,16.0,0.00091552
BCD/BTC,1573439546834,2019-11-11T02:32:26.834Z,sell,5.718e-05,111.0,0.0063469799999999
BCD/BTC,1573439547557,2019-11-11T02:32:27.557Z,buy,5.708e-05,3.0,0.00017124
BCD/BTC,1573439547557,2019-11-11T02:32:27.557Z,buy,5.711e-05,22.0,0.00125642
BCD/BTC,1573439548570,2019-11-11T02:32:28.570Z,buy,5.711e-05,25.0,0.00142775
BCD/BTC,1573439549588,2019-11-11T02:32:29.588Z,buy,5.711e-05,25.0,0.00142775
BCD/BTC,1573439550390,2019-11-11T02:32:30.390Z,buy,5.711e-05,4.0,0.00022844
BCD/BTC,1573439550775,2019-11-11T02:32:30.775Z,buy,5.711e-05,2.0,0.00011422
BCD/BTC,1573439550775,2019-11-11T02:32:30.775Z,buy,5.722e-05,23.0,0.00131606
BCD/BTC,1573439551657,2019-11-11T02:32:31.657Z,buy,5.722e-05,25.0,0.0014305
BCD/BTC,1573439552550,2019-11-11T02:32:32.550Z,buy,5.722e-05,25.0,0.0014305
BCD/BTC,1573439553700,2019-11-11T02:32:33.700Z,buy,5.722e-05,25.0,0.0014305
BCD/BTC,1573439554750,2019-11-11T02:32:34.750Z,buy,5.722e-05,25.0,0.0014305
BCD/BTC,1573439555781,2019-11-11T02:32:35.781Z,buy,5.722e-05,25.0,0.0014305
BCD/BTC,1573439614810,2019-11-11T02:33:34.810Z,buy,5.722e-05,25.0,0.0014305
BCD/BTC,1573439615781,2019-11-11T02:33:35.781Z,buy,5.722e-05,25.0,0.0014305
BCD/BTC,1573439616680,2019-11-11T02:33:36.680Z,buy,5.717e-05,25.0,0.00142925
BCD/BTC,1573439617663,2019-11-11T02:33:37.663Z,buy,5.717e-05,25.0,0.00142925
BCD/BTC,1573439617777,2019-11-11T02:33:37.777Z,buy,5.717e-05,24.0,0.00137208
BCD/BTC,1573439621074,2019-11-11T02:33:41.074Z,buy,5.711e-05,25.0,0.00142775
BCD/BTC,1573439621342,2019-11-11T02:33:41.342Z,buy,5.711e-05,146.0,0.00833806
BCD/BTC,1573439684656,2019-11-11T02:34:44.656Z,sell,5.717e-05,2.0,0.00011434
BCD/BTC,1573439684656,2019-11-11T02:34:44.656Z,sell,5.712e-05,101.0,0.00576912
BCD/BTC,1573439684656,2019-11-11T02:34:44.656Z,sell,5.711e-05,934.0,0.05334074
BCD/BTC,1573439684656,2019-11-11T02:34:44.656Z,sell,5.71e-05,950.0,0.054245
BCD/BTC,1573439728799,2019-11-11T02:35:28.799Z,buy,5.722e-05,25.0,0.0014305
BCD/BTC,1573439995388,2019-11-11T02:39:55.388Z,buy,5.719e-05,25.0,0.00142975
BCD/BTC,1573439996288,2019-11-11T02:39:56.288Z,buy,5.719e-05,25.0,0.00142975
BCD/BTC,1573439997362,2019-11-11T02:39:57.362Z,buy,5.719e-05,25.0,0.00142975
BCD/BTC,1573439998314,2019-11-11T02:39:58.314Z,buy,5.719e-05,25.0,0.00142975
BCD/BTC,1573439999312,2019-11-11T02:39:59.312Z,buy,5.719e-05,25.0,0.00142975
BCD/BTC,1573440000274,2019-11-11T02:40:00.274Z,buy,5.719e-05,25.0,0.00142975
BCD/BTC,1573440000652,2019-11-11T02:40:00.652Z,buy,5.719e-05,2.0,0.00011438
BCD/BTC,1573440001197,2019-11-11T02:40:01.197Z,buy,5.719e-05,25.0,0.00142975
BCD/BTC,1573440002957,2019-11-11T02:40:02.957Z,buy,5.719e-05,25.0,0.00142975
BCD/BTC,1573440003927,2019-11-11T02:40:03.927Z,buy,5.719e-05,25.0,0.00142975
BCD/BTC,1573440004957,2019-11-11T02:40:04.957Z,buy,5.719e-05,25.0,0.00142975
BCD/BTC,1573440005964,2019-11-11T02:40:05.964Z,buy,5.719e-05,25.0,0.00142975
BCD/BTC,1573440006982,2019-11-11T02:40:06.982Z,buy,5.719e-05,25.0,0.00142975
BCD/BTC,1573440007986,2019-11-11T02:40:07.986Z,buy,5.719e-05,25.0,0.00142975
BCD/BTC,1573440009006,2019-11-11T02:40:09.006Z,buy,5.719e-05,25.0,0.00142975
BCD/BTC,1573440009872,2019-11-11T02:40:09.872Z,buy,5.719e-05,25.0,0.00142975
BCD/BTC,1573440010913,2019-11-11T02:40:10.913Z,buy,5.719e-05,25.0,0.00142975
BCD/BTC,1573440011760,2019-11-11T02:40:11.760Z,buy,5.719e-05,25.0,0.00142975
BCD/BTC,1573440013058,2019-11-11T02:40:13.058Z,buy,5.719e-05,25.0,0.00142975
BCD/BTC,1573440013962,2019-11-11T02:40:13.962Z,buy,5.719e-05,25.0,0.00142975
BCD/BTC,1573440014949,2019-11-11T02:40:14.949Z,buy,5.719e-05,25.0,0.00142975
BCD/BTC,1573440015824,2019-11-11T02:40:15.824Z,buy,5.719e-05,25.0,0.00142975
BCD/BTC,1573440016710,2019-11-11T02:40:16.710Z,buy,5.719e-05,25.0,0.00142975
BCD/BTC,1573440017622,2019-11-11T02:40:17.622Z,buy,5.719e-05,25.0,0.00142975
BCD/BTC,1573440018713,2019-11-11T02:40:18.713Z,buy,5.719e-05,25.0,0.00142975
BCD/BTC,1573440019649,2019-11-11T02:40:19.649Z,buy,5.719e-05,25.0,0.00142975
BCD/BTC,1573440020545,2019-11-11T02:40:20.545Z,buy,5.719e-05,25.0,0.00142975
BCD/BTC,1573440021594,2019-11-11T02:40:21.594Z,buy,5.719e-05,25.0,0.00142975
BCD/BTC,1573440022596,2019-11-11T02:40:22.596Z,buy,5.719e-05,25.0,0.00142975
BCD/BTC,1573440023547,2019-11-11T02:40:23.547Z,buy,5.719e-05,25.0,0.00142975
BCD/BTC,1573440024521,2019-11-11T02:40:24.521Z,buy,5.719e-05,25.0,0.00142975
BCD/BTC,1573440025371,2019-11-11T02:40:25.371Z,buy,5.719e-05,25.0,0.00142975
BCD/BTC,1573440026219,2019-11-11T02:40:26.219Z,buy,5.719e-05,25.0,0.00142975
BCD/BTC,1573440027071,2019-11-11T02:40:27.071Z,buy,5.719e-05,25.0,0.00142975
BCD/BTC,1573440028047,2019-11-11T02:40:28.047Z,buy,5.719e-05,25.0,0.00142975
BCD/BTC,1573440029009,2019-11-11T02:40:29.009Z,buy,5.719e-05,25.0,0.00142975
BCD/BTC,1573440029875,2019-11-11T02:40:29.875Z,buy,5.719e-05,25.0,0.00142975
BCD/BTC,1573440030799,2019-11-11T02:40:30.799Z,buy,5.719e-05,25.0,0.00142975
BCD/BTC,1573440031667,2019-11-11T02:40:31.667Z,buy,5.719e-05,25.0,0.00142975
BCD/BTC,1573440033184,2019-11-11T02:40:33.184Z,buy,5.719e-05,25.0,0.00142975
BCD/BTC,1573440034370,2019-11-11T02:40:34.370Z,buy,5.719e-05,25.0,0.00142975
BCD/BTC,1573440035336,2019-11-11T02:40:35.336Z,buy,5.719e-05,25.0,0.00142975
BCD/BTC,1573440036215,2019-11-11T02:40:36.215Z,buy,5.719e-05,25.0,0.00142975
BCD/BTC,1573440037104,2019-11-11T02:40:37.104Z,buy,5.719e-05,25.0,0.00142975
BCD/BTC,1573440037951,2019-11-11T02:40:37.951Z,buy,5.719e-05,25.0,0.00142975
BCD/BTC,1573440039014,2019-11-11T02:40:39.014Z,buy,5.719e-05,25.0,0.00142975
BCD/BTC,1573440039895,2019-11-11T02:40:39.895Z,buy,5.719e-05,25.0,0.00142975
BCD/BTC,1573440040785,2019-11-11T02:40:40.785Z,buy,5.719e-05,25.0,0.00142975
BCD/BTC,1573440041816,2019-11-11T02:40:41.816Z,buy,5.719e-05,25.0,0.00142975
BCD/BTC,1573440042762,2019-11-11T02:40:42.762Z,buy,5.719e-05,25.0,0.00142975
BCD/BTC,1573440043248,2019-11-11T02:40:43.248Z,sell,5.713e-05,29.0,0.00165677
BCD/BTC,1573440043281,2019-11-11T02:40:43.281Z,sell,5.713e-05,29.0,0.00165677
BCD/BTC,1573440043296,2019-11-11T02:40:43.296Z,sell,5.713e-05,29.0,0.00165677
BCD/BTC,1573440043311,2019-11-11T02:40:43.311Z,sell,5.713e-05,29.0,0.00165677
BCD/BTC,1573440043315,2019-11-11T02:40:43.315Z,sell,5.713e-05,8.0,0.00045704
BCD/BTC,1573440043315,2019-11-11T02:40:43.315Z,sell,5.712e-05,21.0,0.00119952
BCD/BTC,1573440043323,2019-11-11T02:40:43.323Z,sell,5.712e-05,29.0,0.00165648
BCD/BTC,1573440043328,2019-11-11T02:40:43.328Z,sell,5.712e-05,29.0,0.00165648
BCD/BTC,1573440043390,2019-11-11T02:40:43.390Z,sell,5.713e-05,29.0,0.00165677
BCD/BTC,1573440043397,2019-11-11T02:40:43.397Z,sell,5.713e-05,29.0,0.00165677
BCD/BTC,1573440043434,2019-11-11T02:40:43.434Z,sell,5.713e-05,29.0,0.00165677
BCD/BTC,1573440043461,2019-11-11T02:40:43.461Z,sell,5.713e-05,25.0,0.0014282499999999
BCD/BTC,1573440043461,2019-11-11T02:40:43.461Z,sell,5.712e-05,4.0,0.00022848
BCD/BTC,1573440043467,2019-11-11T02:40:43.467Z,sell,5.712e-05,29.0,0.00165648
BCD/BTC,1573440043470,2019-11-11T02:40:43.470Z,sell,5.712e-05,29.0,0.00165648
BCD/BTC,1573440043473,2019-11-11T02:40:43.473Z,sell,5.712e-05,29.0,0.00165648
BCD/BTC,1573440043501,2019-11-11T02:40:43.501Z,sell,5.712e-05,29.0,0.00165648
BCD/BTC,1573440043503,2019-11-11T02:40:43.503Z,sell,5.712e-05,29.0,0.00165648
BCD/BTC,1573440043538,2019-11-11T02:40:43.538Z,sell,5.712e-05,29.0,0.00165648
BCD/BTC,1573440043563,2019-11-11T02:40:43.563Z,sell,5.712e-05,29.0,0.00165648
BCD/BTC,1573440043580,2019-11-11T02:40:43.580Z,sell,5.712e-05,29.0,0.00165648
BCD/BTC,1573440043591,2019-11-11T02:40:43.591Z,sell,5.712e-05,29.0,0.00165648
BCD/BTC,1573440043626,2019-11-11T02:40:43.626Z,buy,5.713e-05,25.0,0.0014282499999999
BCD/BTC,1573440043646,2019-11-11T02:40:43.646Z,sell,5.712e-05,29.0,0.00165648
BCD/BTC,1573440043787,2019-11-11T02:40:43.787Z,sell,5.712e-05,29.0,0.00165648
BCD/BTC,1573440043864,2019-11-11T02:40:43.864Z,sell,5.712e-05,29.0,0.00165648
BCD/BTC,1573440043904,2019-11-11T02:40:43.904Z,sell,5.712e-05,4.0,0.00022848
BCD/BTC,1573440044207,2019-11-11T02:40:44.207Z,sell,5.712e-05,29.0,0.00165648
BCD/BTC,1573440044550,2019-11-11T02:40:44.550Z,buy,5.719e-05,13.0,0.00074347
BCD/BTC,1573440044550,2019-11-11T02:40:44.550Z,buy,5.72e-05,12.0,0.0006864
BCD/BTC,1573440045672,2019-11-11T02:40:45.672Z,buy,5.72e-05,25.0,0.00143
BCD/BTC,1573440046537,2019-11-11T02:40:46.537Z,buy,5.72e-05,25.0,0.00143
BCD/BTC,1573440046537,2019-11-11T02:40:46.537Z,buy,5.72e-05,25.0,0.00143
BCD/BTC,1573440175586,2019-11-11T02:42:55.586Z,buy,5.72e-05,25.0,0.00143
BCD/BTC,1573440176617,2019-11-11T02:42:56.617Z,buy,5.72e-05,25.0,0.00143
BCD/BTC,1573440177918,2019-11-11T02:42:57.918Z,buy,5.72e-05,25.0,0.00143
BCD/BTC,1573440194920,2019-11-11T02:43:14.920Z,sell,5.713e-05,174.0,0.0099406199999999
BCD/BTC,1573440291175,2019-11-11T02:44:51.175Z,buy,5.719e-05,7.0,0.00040033
BCD/BTC,1573440459003,2019-11-11T02:47:39.003Z,buy,5.719e-05,20.0,0.0011438
BCD/BTC,1573440467311,2019-11-11T02:47:47.311Z,buy,5.719e-05,11.0,0.00062909
BCD/BTC,1573440740490,2019-11-11T02:52:20.490Z,sell,5.71e-05,174.0,0.0099354
BCD/BTC,1573441061045,2019-11-11T02:57:41.045Z,buy,5.716e-05,162.0,0.00925992
BCD/BTC,1573441213629,2019-11-11T03:00:13.629Z,buy,5.715e-05,67.0,0.00382905
BCD/BTC,1573441213750,2019-11-11T03:00:13.750Z,buy,5.715e-05,61.0,0.00348615
BCD/BTC,1573441214117,2019-11-11T03:00:14.117Z,buy,5.715e-05,30.0,0.0017145
BCD/BTC,1573441222698,2019-11-11T03:00:22.698Z,buy,5.715e-05,30.0,0.0017145
BCD/BTC,1573441236001,2019-11-11T03:00:36.001Z,sell,5.71e-05,746.0,0.0425966
BCD/BTC,1573441236001,2019-11-11T03:00:36.001Z,sell,5.709e-05,253.0,0.01444377
BCD/BTC,1573441241839,2019-11-11T03:00:41.839Z,buy,5.715e-05,208.0,0.0118872
BCD/BTC,1573441241839,2019-11-11T03:00:41.839Z,buy,5.726e-05,13.0,0.00074438
BCD/BTC,1573441241839,2019-11-11T03:00:41.839Z,buy,5.733e-05,233.0,0.01335789
BCD/BTC,1573441241839,2019-11-11T03:00:41.839Z,buy,5.734e-05,5.0,0.0002867
BCD/BTC,1573441241839,2019-11-11T03:00:41.839Z,buy,5.737e-05,350.0,0.0200795
BCD/BTC,1573441241839,2019-11-11T03:00:41.839Z,buy,5.738e-05,191.0,0.01095958
BCD/BTC,1573441348969,2019-11-11T03:02:28.969Z,buy,5.743e-05,3.0,0.00017229
BCD/BTC,1573441348969,2019-11-11T03:02:28.969Z,buy,5.747e-05,70.0,0.0040228999999999
BCD/BTC,1573441348969,2019-11-11T03:02:28.969Z,buy,5.748e-05,22.0,0.00126456
BCD/BTC,1573441348969,2019-11-11T03:02:28.969Z,buy,5.752e-05,13.0,0.00074776
BCD/BTC,1573441349201,2019-11-11T03:02:29.201Z,buy,5.752e-05,664.0,0.0381932799999999
BCD/BTC,1573441349201,2019-11-11T03:02:29.201Z,buy,5.757e-05,422.0,0.02429454
BCD/BTC,1573441349218,2019-11-11T03:02:29.218Z,buy,5.757e-05,332.0,0.01911324
BCD/BTC,1573441349218,2019-11-11T03:02:29.218Z,buy,5.758e-05,673.0,0.03875134
BCD/BTC,1573441349563,2019-11-11T03:02:29.563Z,sell,5.758e-05,131.0,0.00754298
BCD/BTC,1573441349995,2019-11-11T03:02:29.995Z,buy,5.761e-05,30.0,0.0017282999999999
BCD/BTC,1573441350614,2019-11-11T03:02:30.614Z,sell,5.758e-05,364.0,0.02095912
BCD/BTC,1573441350745,2019-11-11T03:02:30.745Z,buy,5.758e-05,30.0,0.0017274
BCD/BTC,1573441351906,2019-11-11T03:02:31.906Z,buy,5.758e-05,1.0,5.758e-05
BCD/BTC,1573441351988,2019-11-11T03:02:31.988Z,buy,5.761e-05,17.0,0.00097937
BCD/BTC,1573441369802,2019-11-11T03:02:49.802Z,sell,5.744e-05,19.0,0.00109136
BCD/BTC,1573441565409,2019-11-11T03:06:05.409Z,sell,5.75e-05,400.0,0.023
BCD/BTC,1573441580821,2019-11-11T03:06:20.821Z,sell,5.75e-05,176.0,0.01012
BCD/BTC,1573441581097,2019-11-11T03:06:21.097Z,sell,5.75e-05,4.0,0.00023
BCD/BTC,1573441630013,2019-11-11T03:07:10.013Z,sell,5.752e-05,2.0,0.00011504
BCD/BTC,1573441656103,2019-11-11T03:07:36.103Z,sell,5.751e-05,97.0,0.00557847
BCD/BTC,1573441707670,2019-11-11T03:08:27.670Z,sell,5.751e-05,44.0,0.00253044
BCD/BTC,1573441708139,2019-11-11T03:08:28.139Z,sell,5.751e-05,130.0,0.0074763
BCD/BTC,1573442544541,2019-11-11T03:22:24.541Z,buy,5.751e-05,129.0,0.00741879
BCD/BTC,1573442553729,2019-11-11T03:22:33.729Z,buy,5.751e-05,86.0,0.00494586
BCD/BTC,1573442582261,2019-11-11T03:23:02.261Z,buy,5.752e-05,58.0,0.00333616
BCD/BTC,1573442596994,2019-11-11T03:23:16.994Z,buy,5.752e-05,116.0,0.00667232
BCD/BTC,1573442607187,2019-11-11T03:23:27.187Z,buy,5.753e-05,71.0,0.00408463
BCD/BTC,1573442607187,2019-11-11T03:23:27.187Z,buy,5.761e-05,348.0,0.0200482799999999
BCD/BTC,1573442610607,2019-11-11T03:23:30.607Z,buy,5.761e-05,75.0,0.00432075
BCD/BTC,1573442610607,2019-11-11T03:23:30.607Z,buy,5.762e-05,864.0,0.04978368
BCD/BTC,1573442610607,2019-11-11T03:23:30.607Z,buy,5.763e-05,1204.0,0.06938652
BCD/BTC,1573442610607,2019-11-11T03:23:30.607Z,buy,5.769e-05,7.0,0.00040383
BCD/BTC,1573442614240,2019-11-11T03:23:34.240Z,buy,5.772e-05,589.0,0.03399708
BCD/BTC,1573442614240,2019-11-11T03:23:34.240Z,buy,5.773e-05,13.0,0.0007504899999999
BCD/BTC,1573442614240,2019-11-11T03:23:34.240Z,buy,5.775e-05,3.0,0.00017325
BCD/BTC,1573442614240,2019-11-11T03:23:34.240Z,buy,5.777e-05,45.0,0.00259965
BCD/BTC,1573442614240,2019-11-11T03:23:34.240Z,buy,5.778e-05,3.0,0.00017334
BCD/BTC,1573442614240,2019-11-11T03:23:34.240Z,buy,5.782e-05,22.0,0.0012720399999999
BCD/BTC,1573442614240,2019-11-11T03:23:34.240Z,buy,5.788e-05,4.0,0.00023152
BCD/BTC,1573442614240,2019-11-11T03:23:34.240Z,buy,5.794e-05,22.0,0.00127468
BCD/BTC,1573442614240,2019-11-11T03:23:34.240Z,buy,5.805e-05,5.0,0.00029025
BCD/BTC,1573442615322,2019-11-11T03:23:35.322Z,sell,5.769e-05,5.0,0.00028845
BCD/BTC,1573442619701,2019-11-11T03:23:39.701Z,sell,5.761e-05,225.0,0.01296225
BCD/BTC,1573442619797,2019-11-11T03:23:39.797Z,sell,5.761e-05,113.0,0.00650993
BCD/BTC,1573442633452,2019-11-11T03:23:53.452Z,sell,5.766e-05,130.0,0.0074958
BCD/BTC,1573442655367,2019-11-11T03:24:15.367Z,buy,5.798e-05,447.0,0.02591706
BCD/BTC,1573442655367,2019-11-11T03:24:15.367Z,buy,5.8e-05,172.0,0.009976
BCD/BTC,1573442655367,2019-11-11T03:24:15.367Z,buy,5.804e-05,87.0,0.00504948
BCD/BTC,1573442655367,2019-11-11T03:24:15.367Z,buy,5.805e-05,75.0,0.00435375
BCD/BTC,1573442655367,2019-11-11T03:24:15.367Z,buy,5.806e-05,105.0,0.0060963
BCD/BTC,1573442720999,2019-11-11T03:25:20.999Z,sell,5.769e-05,5.0,0.00028845
BCD/BTC,1573442720999,2019-11-11T03:25:20.999Z,sell,5.761e-05,133.0,0.00766213
BCD/BTC,1573442720999,2019-11-11T03:25:20.999Z,sell,5.758e-05,346.0,0.01992268
BCD/BTC,1573442720999,2019-11-11T03:25:20.999Z,sell,5.757e-05,9.0,0.00051813
BCD/BTC,1573442720999,2019-11-11T03:25:20.999Z,sell,5.749e-05,36.0,0.00206964
BCD/BTC,1573442720999,2019-11-11T03:25:20.999Z,sell,5.748e-05,22.0,0.00126456
BCD/BTC,1573442721043,2019-11-11T03:25:21.043Z,buy,5.748e-05,40.0,0.0022992
BCD/BTC,1573442721048,2019-11-11T03:25:21.048Z,buy,5.748e-05,26.0,0.0014944799999999
BCD/BTC,1573442721289,2019-11-11T03:25:21.289Z,buy,5.748e-05,135.0,0.0077598
BCD/BTC,1573442727739,2019-11-11T03:25:27.739Z,buy,5.781e-05,79.0,0.00456699
BCD/BTC,1573442733936,2019-11-11T03:25:33.936Z,sell,5.745e-05,858.0,0.0492921
BCD/BTC,1573442739321,2019-11-11T03:25:39.321Z,sell,5.744e-05,77.0,0.00442288
BCD/BTC,1573442741340,2019-11-11T03:25:41.340Z,buy,5.774e-05,135.0,0.0077949
BCD/BTC,1573442743927,2019-11-11T03:25:43.927Z,sell,5.744e-05,96.0,0.00551424
BCD/BTC,1573442748870,2019-11-11T03:25:48.870Z,sell,5.744e-05,65.0,0.0037336
BCD/BTC,1573442748870,2019-11-11T03:25:48.870Z,sell,5.743e-05,3.0,0.00017229
BCD/BTC,1573442748870,2019-11-11T03:25:48.870Z,sell,5.735e-05,64.0,0.0036704
BCD/BTC,1573442748870,2019-11-11T03:25:48.870Z,sell,5.734e-05,136.0,0.00779824
BCD/BTC,1573442748870,2019-11-11T03:25:48.870Z,sell,5.726e-05,13.0,0.00074438
BCD/BTC,1573442748870,2019-11-11T03:25:48.870Z,sell,5.716e-05,2.0,0.00011432
BCD/BTC,1573442748870,2019-11-11T03:25:48.870Z,sell,5.714e-05,22.0,0.00125708
BCD/BTC,1573442748870,2019-11-11T03:25:48.870Z,sell,5.71e-05,231.0,0.0131901
BCD/BTC,1573442748870,2019-11-11T03:25:48.870Z,sell,5.708e-05,190.0,0.0108452
BCD/BTC,1573442748870,2019-11-11T03:25:48.870Z,sell,5.707e-05,430.0,0.0245401
BCD/BTC,1573442748870,2019-11-11T03:25:48.870Z,sell,5.706e-05,1137.0,0.06487722
BCD/BTC,1573442748902,2019-11-11T03:25:48.902Z,buy,5.706e-05,1.0,5.706e-05
BCD/BTC,1573442748902,2019-11-11T03:25:48.902Z,buy,5.706e-05,51.0,0.00291006
BCD/BTC,1573442748915,2019-11-11T03:25:48.915Z,buy,5.706e-05,33.0,0.00188298
BCD/BTC,1573442749067,2019-11-11T03:25:49.067Z,buy,5.77e-05,2.0,0.0001154
BCD/BTC,1573442749067,2019-11-11T03:25:49.067Z,buy,5.771e-05,31.0,0.00178901
BCD/BTC,1573442750853,2019-11-11T03:25:50.853Z,buy,5.737e-05,87.0,0.00499119
BCD/BTC,1573442886697,2019-11-11T03:28:06.697Z,buy,5.737e-05,25.0,0.00143425
BCD/BTC,1573442887033,2019-11-11T03:28:07.033Z,buy,5.737e-05,62.0,0.00355694
BCD/BTC,1573442887616,2019-11-11T03:28:07.616Z,buy,5.737e-05,25.0,0.00143425
BCD/BTC,1573442888836,2019-11-11T03:28:08.836Z,buy,5.737e-05,25.0,0.00143425
BCD/BTC,1573442889202,2019-11-11T03:28:09.202Z,buy,5.737e-05,4.0,0.00022948
BCD/BTC,1573442890376,2019-11-11T03:28:10.376Z,buy,5.737e-05,25.0,0.00143425
BCD/BTC,1573442891266,2019-11-11T03:28:11.266Z,buy,5.737e-05,25.0,0.00143425
BCD/BTC,1573442892150,2019-11-11T03:28:12.150Z,buy,5.737e-05,25.0,0.00143425
BCD/BTC,1573442893141,2019-11-11T03:28:13.141Z,buy,5.737e-05,25.0,0.00143425
BCD/BTC,1573442894108,2019-11-11T03:28:14.108Z,buy,5.737e-05,25.0,0.00143425
BCD/BTC,1573442894502,2019-11-11T03:28:14.502Z,buy,5.737e-05,82.0,0.00470434
BCD/BTC,1573442894539,2019-11-11T03:28:14.539Z,buy,5.737e-05,61.0,0.00349957
BCD/BTC,1573442895126,2019-11-11T03:28:15.126Z,buy,5.737e-05,25.0,0.00143425
BCD/BTC,1573442896164,2019-11-11T03:28:16.164Z,buy,5.737e-05,25.0,0.00143425
BCD/BTC,1573442897081,2019-11-11T03:28:17.081Z,buy,5.737e-05,25.0,0.00143425
BCD/BTC,1573442897936,2019-11-11T03:28:17.936Z,buy,5.737e-05,25.0,0.00143425
BCD/BTC,1573442898894,2019-11-11T03:28:18.894Z,buy,5.737e-05,25.0,0.00143425
BCD/BTC,1573442900026,2019-11-11T03:28:20.026Z,buy,5.737e-05,25.0,0.00143425
BCD/BTC,1573442900871,2019-11-11T03:28:20.871Z,buy,5.737e-05,25.0,0.00143425
BCD/BTC,1573442900922,2019-11-11T03:28:20.922Z,buy,5.737e-05,50.0,0.0028685
BCD/BTC,1573442902081,2019-11-11T03:28:22.081Z,buy,5.737e-05,25.0,0.00143425
BCD/BTC,1573442903056,2019-11-11T03:28:23.056Z,buy,5.737e-05,25.0,0.00143425
BCD/BTC,1573442903948,2019-11-11T03:28:23.948Z,buy,5.737e-05,25.0,0.00143425
BCD/BTC,1573442905035,2019-11-11T03:28:25.035Z,buy,5.737e-05,25.0,0.00143425
BCD/BTC,1573442905949,2019-11-11T03:28:25.949Z,buy,5.737e-05,25.0,0.00143425
BCD/BTC,1573442906867,2019-11-11T03:28:26.867Z,buy,5.737e-05,21.0,0.00120477
BCD/BTC,1573442906867,2019-11-11T03:28:26.867Z,buy,5.738e-05,4.0,0.00022952
BCD/BTC,1573442907852,2019-11-11T03:28:27.852Z,buy,5.738e-05,25.0,0.0014345
BCD/BTC,1573442908718,2019-11-11T03:28:28.718Z,buy,5.738e-05,25.0,0.0014345
BCD/BTC,1573442909715,2019-11-11T03:28:29.715Z,buy,5.738e-05,25.0,0.0014345
BCD/BTC,1573442910570,2019-11-11T03:28:30.570Z,buy,5.738e-05,25.0,0.0014345
BCD/BTC,1573442911557,2019-11-11T03:28:31.557Z,buy,5.738e-05,25.0,0.0014345
BCD/BTC,1573442912419,2019-11-11T03:28:32.419Z,buy,5.738e-05,25.0,0.0014345
BCD/BTC,1573442913942,2019-11-11T03:28:33.942Z,buy,5.738e-05,25.0,0.0014345
BCD/BTC,1573442914861,2019-11-11T03:28:34.861Z,buy,5.738e-05,8.0,0.00045904
BCD/BTC,1573442914861,2019-11-11T03:28:34.861Z,buy,5.74e-05,17.0,0.0009758
BCD/BTC,1573442915780,2019-11-11T03:28:35.780Z,buy,5.74e-05,25.0,0.001435
BCD/BTC,1573442916953,2019-11-11T03:28:36.953Z,buy,5.74e-05,25.0,0.001435
BCD/BTC,1573442918135,2019-11-11T03:28:38.135Z,buy,5.74e-05,25.0,0.001435
BCD/BTC,1573442919116,2019-11-11T03:28:39.116Z,buy,5.74e-05,25.0,0.001435
BCD/BTC,1573442920119,2019-11-11T03:28:40.119Z,buy,5.74e-05,25.0,0.001435
BCD/BTC,1573442921112,2019-11-11T03:28:41.112Z,buy,5.74e-05,25.0,0.001435
BCD/BTC,1573442921971,2019-11-11T03:28:41.971Z,buy,5.74e-05,20.0,0.001148
BCD/BTC,1573442921971,2019-11-11T03:28:41.971Z,buy,5.743e-05,3.0,0.00017229
BCD/BTC,1573442921971,2019-11-11T03:28:41.971Z,buy,5.744e-05,2.0,0.00011488
BCD/BTC,1573442922227,2019-11-11T03:28:42.227Z,buy,5.744e-05,52.0,0.00298688
BCD/BTC,1573442929089,2019-11-11T03:28:49.089Z,buy,5.747e-05,135.0,0.0077584499999999
BCD/BTC,1573442935530,2019-11-11T03:28:55.530Z,buy,5.747e-05,135.0,0.0077584499999999
BCD/BTC,1573443211690,2019-11-11T03:33:31.690Z,buy,5.748e-05,22.0,0.00126456
BCD/BTC,1573443211690,2019-11-11T03:33:31.690Z,buy,5.75e-05,9.0,0.0005175
BCD/BTC,1573443212051,2019-11-11T03:33:32.051Z,buy,5.75e-05,67.0,0.0038525
BCD/BTC,1573443358075,2019-11-11T03:35:58.075Z,buy,5.76e-05,74.0,0.0042623999999999
BCD/BTC,1573443358075,2019-11-11T03:35:58.075Z,buy,5.76e-05,74.0,0.0042623999999999
BCD/BTC,1573444191564,2019-11-11T03:49:51.564Z,sell,5.743e-05,144.0,0.00826992
BCD/BTC,1573444191564,2019-11-11T03:49:51.564Z,sell,5.742e-05,99.0,0.00568458
BCD/BTC,1573444191564,2019-11-11T03:49:51.564Z,sell,5.74e-05,99.0,0.0056826
BCD/BTC,1573444191564,2019-11-11T03:49:51.564Z,sell,5.739e-05,105.0,0.0060259499999999
BCD/BTC,1573444191564,2019-11-11T03:49:51.564Z,sell,5.738e-05,1163.0,0.06673294
BCD/BTC,1573444356092,2019-11-11T03:52:36.092Z,buy,5.748e-05,25.0,0.001437
BCD/BTC,1573444768383,2019-11-11T03:59:28.383Z,buy,5.748e-05,1.0,5.748e-05
BCD/BTC,1573444768506,2019-11-11T03:59:28.506Z,buy,5.762e-05,7.0,0.00040334
BCD/BTC,1573444823061,2019-11-11T04:00:23.061Z,buy,5.764e-05,200.0,0.011528
BCD/BTC,1573444823061,2019-11-11T04:00:23.061Z,buy,5.765e-05,341.0,0.01965865
BCD/BTC,1573444823061,2019-11-11T04:00:23.061Z,buy,5.766e-05,237.0,0.01366542
BCD/BTC,1573444823061,2019-11-11T04:00:23.061Z,buy,5.769e-05,178.0,0.01026882
BCD/BTC,1573444823061,2019-11-11T04:00:23.061Z,buy,5.773e-05,20.0,0.0011546
BCD/BTC,1573444823061,2019-11-11T04:00:23.061Z,buy,5.777e-05,9.0,0.0005199299999999
BCD/BTC,1573444823061,2019-11-11T04:00:23.061Z,buy,5.778e-05,3.0,0.00017334
BCD/BTC,1573444823061,2019-11-11T04:00:23.061Z,buy,5.78e-05,177.0,0.0102306
BCD/BTC,1573444823061,2019-11-11T04:00:23.061Z,buy,5.781e-05,85.0,0.00491385
BCD/BTC,1573444835403,2019-11-11T04:00:35.403Z,sell,5.752e-05,162.0,0.00931824
BCD/BTC,1573444835403,2019-11-11T04:00:35.403Z,sell,5.749e-05,177.0,0.01017573
BCD/BTC,1573444835403,2019-11-11T04:00:35.403Z,sell,5.748e-05,430.0,0.0247164
BCD/BTC,1573444835403,2019-11-11T04:00:35.403Z,sell,5.743e-05,3.0,0.00017229
BCD/BTC,1573444835403,2019-11-11T04:00:35.403Z,sell,5.738e-05,227.0,0.01302526
BCD/BTC,1573446251027,2019-11-11T04:24:11.027Z,sell,5.766e-05,925.0,0.0533355
BCD/BTC,1573446494988,2019-11-11T04:28:14.988Z,buy,5.765e-05,121.0,0.00697565
BCD/BTC,1573446626300,2019-11-11T04:30:26.300Z,buy,5.777e-05,34.0,0.00196418
BCD/BTC,1573446690854,2019-11-11T04:31:30.854Z,buy,5.777e-05,212.0,0.01224724
BCD/BTC,1573446690854,2019-11-11T04:31:30.854Z,buy,5.778e-05,363.0,0.02097414
BCD/BTC,1573446691266,2019-11-11T04:31:31.266Z,buy,5.778e-05,180.0,0.0104004
BCD/BTC,1573446691266,2019-11-11T04:31:31.266Z,buy,5.782e-05,22.0,0.0012720399999999
BCD/BTC,1573446724000,2019-11-11T04:32:04.000Z,sell,5.766e-05,6.0,0.00034596
BCD/BTC,1573446728295,2019-11-11T04:32:08.295Z,buy,5.78e-05,2.0,0.0001156
BCD/BTC,1573446728295,2019-11-11T04:32:08.295Z,buy,5.789e-05,70.0,0.0040523
BCD/BTC,1573446755692,2019-11-11T04:32:35.692Z,buy,5.79e-05,2.0,0.0001158
BCD/BTC,1573446755692,2019-11-11T04:32:35.692Z,buy,5.79e-05,2.0,0.0001158
BCD/BTC,1573447045820,2019-11-11T04:37:25.820Z,buy,5.79e-05,159.0,0.0092061
BCD/BTC,1573447239646,2019-11-11T04:40:39.646Z,buy,5.793e-05,188.0,0.01089084
BCD/BTC,1573447247243,2019-11-11T04:40:47.243Z,buy,5.798e-05,91.0,0.00527618
BCD/BTC,1573447247243,2019-11-11T04:40:47.243Z,buy,5.799e-05,301.0,0.01745499
BCD/BTC,1573447257260,2019-11-11T04:40:57.260Z,buy,5.8e-05,79.0,0.004582
BCD/BTC,1573447276590,2019-11-11T04:41:16.590Z,buy,5.801e-05,17.0,0.00098617
BCD/BTC,1573447276590,2019-11-11T04:41:16.590Z,buy,5.805e-05,136.0,0.0078948
BCD/BTC,1573447279605,2019-11-11T04:41:19.605Z,buy,5.807e-05,289.0,0.01678223
BCD/BTC,1573447281769,2019-11-11T04:41:21.769Z,buy,5.807e-05,38.0,0.00220666
BCD/BTC,1573447286149,2019-11-11T04:41:26.149Z,buy,5.807e-05,407.0,0.0236344899999999
BCD/BTC,1573447286149,2019-11-11T04:41:26.149Z,buy,5.808e-05,359.0,0.02085072
BCD/BTC,1573447294832,2019-11-11T04:41:34.832Z,buy,5.8e-05,69.0,0.004002
BCD/BTC,1573447294832,2019-11-11T04:41:34.832Z,buy,5.806e-05,104.0,0.00603824
BCD/BTC,1573447294832,2019-11-11T04:41:34.832Z,buy,5.809e-05,3.0,0.00017427
BCD/BTC,1573447320638,2019-11-11T04:42:00.638Z,sell,5.806e-05,3.0,0.00017418
BCD/BTC,1573447320638,2019-11-11T04:42:00.638Z,sell,5.782e-05,6.0,0.00034692
BCD/BTC,1573447567859,2019-11-11T04:46:07.859Z,buy,5.789e-05,25.0,0.00144725
BCD/BTC,1573447592414,2019-11-11T04:46:32.414Z,buy,5.789e-05,1089.0,0.06304221
BCD/BTC,1573447653419,2019-11-11T04:47:33.419Z,buy,5.806e-05,2.0,0.00011612
BCD/BTC,1573447667894,2019-11-11T04:47:47.894Z,buy,5.806e-05,22.0,0.00127732
BCD/BTC,1573448277912,2019-11-11T04:57:57.912Z,buy,5.805e-05,91.0,0.00528255
BCD/BTC,1573448277912,2019-11-11T04:57:57.912Z,buy,5.806e-05,255.0,0.0148053
BCD/BTC,1573448281393,2019-11-11T04:58:01.393Z,buy,5.807e-05,174.0,0.0101041799999999
BCD/BTC,1573448290250,2019-11-11T04:58:10.250Z,buy,5.808e-05,492.0,0.02857536
BCD/BTC,1573448293548,2019-11-11T04:58:13.548Z,buy,5.809e-05,131.0,0.00760979
BCD/BTC,1573448293575,2019-11-11T04:58:13.575Z,buy,5.809e-05,171.0,0.00993339
BCD/BTC,1573448942516,2019-11-11T05:09:02.516Z,buy,5.808e-05,6.0,0.0003484799999999
BCD/BTC,1573448942516,2019-11-11T05:09:02.516Z,buy,5.809e-05,205.0,0.01190845
BCD/BTC,1573448942516,2019-11-11T05:09:02.516Z,buy,5.811e-05,600.0,0.034866
BCD/BTC,1573448952482,2019-11-11T05:09:12.482Z,sell,5.811e-05,600.0,0.034866
BCD/BTC,1573449107850,2019-11-11T05:11:47.850Z,buy,5.812e-05,3.0,0.00017436
BCD/BTC,1573449107850,2019-11-11T05:11:47.850Z,buy,5.815e-05,8.0,0.0004652
BCD/BTC,1573449404924,2019-11-11T05:16:44.924Z,buy,5.815e-05,748.0,0.0434962
BCD/BTC,1573449404924,2019-11-11T05:16:44.924Z,buy,5.816e-05,102.0,0.00593232
BCD/BTC,1573449404924,2019-11-11T05:16:44.924Z,buy,5.817e-05,22.0,0.00127974
BCD/BTC,1573449404924,2019-11-11T05:16:44.924Z,buy,5.818e-05,130.0,0.0075634
BCD/BTC,1573449405159,2019-11-11T05:16:45.159Z,sell,5.818e-05,326.0,0.01896668
BCD/BTC,1573449724519,2019-11-11T05:22:04.519Z,sell,5.801e-05,357.0,0.02070957
BCD/BTC,1573450271369,2019-11-11T05:31:11.369Z,buy,5.818e-05,2.0,0.00011636
BCD/BTC,1573450271369,2019-11-11T05:31:11.369Z,buy,5.818e-05,2.0,0.00011636
BCD/BTC,1573450602608,2019-11-11T05:36:42.608Z,buy,5.818e-05,277.0,0.01611586
BCD/BTC,1573450735255,2019-11-11T05:38:55.255Z,buy,5.82e-05,586.0,0.0341052
BCD/BTC,1573450745612,2019-11-11T05:39:05.612Z,buy,5.824e-05,344.0,0.02003456
BCD/BTC,1573450745612,2019-11-11T05:39:05.612Z,buy,5.825e-05,684.0,0.0398429999999999
BCD/BTC,1573451119537,2019-11-11T05:45:19.537Z,buy,5.825e-05,84.0,0.004893
BCD/BTC,1573451366072,2019-11-11T05:49:26.072Z,sell,5.813e-05,230.0,0.0133699
BCD/BTC,1573451369761,2019-11-11T05:49:29.761Z,buy,5.812e-05,431.0,0.02504972
BCD/BTC,1573451900994,2019-11-11T05:58:20.994Z,buy,5.831e-05,252.0,0.01469412
BCD/BTC,1573452062346,2019-11-11T06:01:02.346Z,buy,5.831e-05,25.0,0.00145775
BCD/BTC,1573453556501,2019-11-11T06:25:56.501Z,buy,5.83e-05,2.0,0.0001166
BCD/BTC,1573453556501,2019-11-11T06:25:56.501Z,buy,5.832e-05,156.0,0.0090979199999999
BCD/BTC,1573453556517,2019-11-11T06:25:56.517Z,buy,5.832e-05,38.0,0.00221616
BCD/BTC,1573453556517,2019-11-11T06:25:56.517Z,buy,5.833e-05,14.0,0.00081662
BCD/BTC,1573453556652,2019-11-11T06:25:56.652Z,buy,5.833e-05,34.0,0.00198322
BCD/BTC,1573453556997,2019-11-11T06:25:56.997Z,buy,5.833e-05,30.0,0.0017499
BCD/BTC,1573453558197,2019-11-11T06:25:58.197Z,buy,5.833e-05,30.0,0.0017499
BCD/BTC,1573453565722,2019-11-11T06:26:05.722Z,buy,5.833e-05,9.0,0.00052497
BCD/BTC,1573453620813,2019-11-11T06:27:00.813Z,sell,5.821e-05,34.0,0.00197914
BCD/BTC,1573453629788,2019-11-11T06:27:09.788Z,sell,5.822e-05,22.0,0.00128084
BCD/BTC,1573453714518,2019-11-11T06:28:34.518Z,sell,5.822e-05,286.0,0.01665092
BCD/BTC,1573453830668,2019-11-11T06:30:30.668Z,sell,5.822e-05,9.0,0.00052398
BCD/BTC,1573453830696,2019-11-11T06:30:30.696Z,sell,5.822e-05,10.0,0.0005822
BCD/BTC,1573453830696,2019-11-11T06:30:30.696Z,sell,5.822e-05,10.0,0.0005822
BCD/BTC,1573453878109,2019-11-11T06:31:18.109Z,sell,5.822e-05,4.0,0.00023288
BCD/BTC,1573453884453,2019-11-11T06:31:24.453Z,sell,5.821e-05,309.0,0.01798689
BCD/BTC,1573454145744,2019-11-11T06:35:45.744Z,buy,5.808e-05,1.0,5.808e-05
BCD/BTC,1573454153666,2019-11-11T06:35:53.666Z,buy,5.81e-05,1.0,5.81e-05
BCD/BTC,1573454224551,2019-11-11T06:37:04.551Z,buy,5.808e-05,1.0,5.808e-05
BCD/BTC,1573454290345,2019-11-11T06:38:10.345Z,buy,5.808e-05,2.0,0.00011616
BCD/BTC,1573454305255,2019-11-11T06:38:25.255Z,buy,5.806e-05,1.0,5.806e-05
BCD/BTC,1573454379252,2019-11-11T06:39:39.252Z,buy,5.801e-05,1.0,5.801e-05
BCD/BTC,1573454409834,2019-11-11T06:40:09.834Z,buy,5.805e-05,1.0,5.805e-05
BCD/BTC,1573454567029,2019-11-11T06:42:47.029Z,buy,5.804e-05,2.0,0.00011608
BCD/BTC,1573454567029,2019-11-11T06:42:47.029Z,buy,5.805e-05,1.0,5.805e-05
BCD/BTC,1573454567029,2019-11-11T06:42:47.029Z,buy,5.807e-05,22.0,0.00127754
BCD/BTC,1573454567157,2019-11-11T06:42:47.157Z,buy,5.807e-05,47.0,0.00272929
BCD/BTC,1573454687589,2019-11-11T06:44:47.589Z,buy,5.813e-05,18.0,0.00104634
BCD/BTC,1573454688010,2019-11-11T06:44:48.010Z,buy,5.819e-05,25.0,0.0014547499999999
BCD/BTC,1573454694215,2019-11-11T06:44:54.215Z,buy,5.82e-05,81.0,0.0047142
BCD/BTC,1573454700382,2019-11-11T06:45:00.382Z,sell,5.804e-05,3.0,0.00017412
BCD/BTC,1573454707637,2019-11-11T06:45:07.637Z,buy,5.813e-05,344.0,0.01999672
BCD/BTC,1573454707746,2019-11-11T06:45:07.746Z,buy,5.814e-05,52.0,0.00302328
BCD/BTC,1573454731115,2019-11-11T06:45:31.115Z,buy,5.817e-05,43.0,0.00250131
BCD/BTC,1573454733234,2019-11-11T06:45:33.234Z,buy,5.816e-05,25.0,0.001454
BCD/BTC,1573454743229,2019-11-11T06:45:43.229Z,buy,5.816e-05,30.0,0.0017448
BCD/BTC,1573454743582,2019-11-11T06:45:43.582Z,buy,5.815e-05,35.0,0.0020352499999999
BCD/BTC,1573454751907,2019-11-11T06:45:51.907Z,buy,5.815e-05,9.0,0.00052335
BCD/BTC,1573454754443,2019-11-11T06:45:54.443Z,buy,5.815e-05,36.0,0.0020934
BCD/BTC,1573454816426,2019-11-11T06:46:56.426Z,buy,5.819e-05,3.0,0.0001745699999999
BCD/BTC,1573454820309,2019-11-11T06:47:00.309Z,buy,5.82e-05,208.0,0.0121056
BCD/BTC,1573454824227,2019-11-11T06:47:04.227Z,buy,5.821e-05,264.0,0.01536744
BCD/BTC,1573454837968,2019-11-11T06:47:17.968Z,buy,5.821e-05,25.0,0.00145525
BCD/BTC,1573454838023,2019-11-11T06:47:18.023Z,buy,5.821e-05,25.0,0.00145525
BCD/BTC,1573455359429,2019-11-11T06:55:59.429Z,buy,5.793e-05,87.0,0.00503991
BCD/BTC,1573455359432,2019-11-11T06:55:59.432Z,buy,5.793e-05,196.0,0.01135428
BCD/BTC,1573455359440,2019-11-11T06:55:59.440Z,buy,5.793e-05,148.0,0.00857364
BCD/BTC,1573455359451,2019-11-11T06:55:59.451Z,buy,5.793e-05,87.0,0.00503991
BCD/BTC,1573455362051,2019-11-11T06:56:02.051Z,buy,5.783e-05,732.0,0.04233156
BCD/BTC,1573455381174,2019-11-11T06:56:21.174Z,buy,5.792e-05,87.0,0.00503904
BCD/BTC,1573455511645,2019-11-11T06:58:31.645Z,buy,5.819e-05,1.0,5.819e-05
BCD/BTC,1573455511711,2019-11-11T06:58:31.711Z,buy,5.82e-05,580.0,0.033756
BCD/BTC,1573455684640,2019-11-11T07:01:24.640Z,buy,5.817e-05,642.0,0.03734514
BCD/BTC,1573455689947,2019-11-11T07:01:29.947Z,buy,5.821e-05,298.0,0.01734658
BCD/BTC,1573455689992,2019-11-11T07:01:29.992Z,sell,5.821e-05,30.0,0.0017463
BCD/BTC,1573455690013,2019-11-11T07:01:30.013Z,sell,5.821e-05,4.0,0.00023284
BCD/BTC,1573455697131,2019-11-11T07:01:37.131Z,buy,5.815e-05,68.0,0.0039542
BCD/BTC,1573455702752,2019-11-11T07:01:42.752Z,buy,5.821e-05,91.0,0.00529711
BCD/BTC,1573455709779,2019-11-11T07:01:49.779Z,buy,5.822e-05,1076.0,0.06264472
BCD/BTC,1573455742119,2019-11-11T07:02:22.119Z,buy,5.822e-05,540.0,0.0314388
BCD/BTC,1573456069167,2019-11-11T07:07:49.167Z,buy,5.822e-05,1287.0,0.07492914
BCD/BTC,1573456071263,2019-11-11T07:07:51.263Z,buy,5.822e-05,1287.0,0.07492914
BCD/BTC,1573456208968,2019-11-11T07:10:08.968Z,buy,5.822e-05,1747.0,0.10171034
BCD/BTC,1573456208968,2019-11-11T07:10:08.968Z,buy,5.833e-05,1092.0,0.06369636
BCD/BTC,1573456208968,2019-11-11T07:10:08.968Z,buy,5.837e-05,2.0,0.00011674
BCD/BTC,1573456208968,2019-11-11T07:10:08.968Z,buy,5.838e-05,177.0,0.01033326
BCD/BTC,1573456208968,2019-11-11T07:10:08.968Z,buy,5.839e-05,1292.0,0.07543988
BCD/BTC,1573456208968,2019-11-11T07:10:08.968Z,buy,5.84e-05,869.0,0.0507496
BCD/BTC,1573456208968,2019-11-11T07:10:08.968Z,buy,5.844e-05,34.0,0.00198696
BCD/BTC,1573456208968,2019-11-11T07:10:08.968Z,buy,5.847e-05,6.0,0.00035082
BCD/BTC,1573456208968,2019-11-11T07:10:08.968Z,buy,5.85e-05,207.0,0.0121095
BCD/BTC,1573456208968,2019-11-11T07:10:08.968Z,buy,5.851e-05,72.0,0.00421272
BCD/BTC,1573456208968,2019-11-11T07:10:08.968Z,buy,5.852e-05,366.0,0.02141832
BCD/BTC,1573456208968,2019-11-11T07:10:08.968Z,buy,5.853e-05,3957.0,0.2316032099999999
BCD/BTC,1573456208968,2019-11-11T07:10:08.968Z,buy,5.854e-05,750.0,0.043905
BCD/BTC,1573456208968,2019-11-11T07:10:08.968Z,buy,5.855e-05,358.0,0.0209609
BCD/BTC,1573456208968,2019-11-11T07:10:08.968Z,buy,5.857e-05,3089.0,0.18092273
BCD/BTC,1573456208968,2019-11-11T07:10:08.968Z,buy,5.858e-05,3.0,0.00017574
BCD/BTC,1573456208968,2019-11-11T07:10:08.968Z,buy,5.86e-05,3933.0,0.2304738
BCD/BTC,1573456208999,2019-11-11T07:10:08.999Z,sell,5.86e-05,552.0,0.0323472
BCD/BTC,1573456209002,2019-11-11T07:10:09.002Z,sell,5.86e-05,27.0,0.0015822
BCD/BTC,1573456209002,2019-11-11T07:10:09.002Z,sell,5.86e-05,1638.0,0.0959868
BCD/BTC,1573456209011,2019-11-11T07:10:09.011Z,sell,5.86e-05,204.0,0.0119544
BCD/BTC,1573456209021,2019-11-11T07:10:09.021Z,sell,5.86e-05,196.0,0.0114856
BCD/BTC,1573456209061,2019-11-11T07:10:09.061Z,sell,5.86e-05,338.0,0.0198068
BCD/BTC,1573456209062,2019-11-11T07:10:09.062Z,sell,5.86e-05,1237.0,0.0724882
BCD/BTC,1573456209077,2019-11-11T07:10:09.077Z,sell,5.86e-05,2432.0,0.1425152
BCD/BTC,1573456209104,2019-11-11T07:10:09.104Z,sell,5.86e-05,1055.0,0.061823
BCD/BTC,1573456209105,2019-11-11T07:10:09.105Z,sell,5.86e-05,161.0,0.0094346
BCD/BTC,1573456209160,2019-11-11T07:10:09.160Z,sell,5.86e-05,942.0,0.0552012
BCD/BTC,1573456209174,2019-11-11T07:10:09.174Z,sell,5.861e-05,107.0,0.00627127
BCD/BTC,1573456209174,2019-11-11T07:10:09.174Z,sell,5.86e-05,202.0,0.0118372
BCD/BTC,1573456209246,2019-11-11T07:10:09.246Z,sell,5.86e-05,100.0,0.00586
BCD/BTC,1573456209261,2019-11-11T07:10:09.261Z,sell,5.86e-05,5.0,0.000293
BCD/BTC,1573456210209,2019-11-11T07:10:10.209Z,buy,5.849e-05,34.0,0.0019886599999999
BCD/BTC,1573456210209,2019-11-11T07:10:10.209Z,buy,5.85e-05,1195.0,0.0699075
BCD/BTC,1573456210209,2019-11-11T07:10:10.209Z,buy,5.86e-05,407.0,0.0238502
BCD/BTC,1573456210209,2019-11-11T07:10:10.209Z,buy,5.863e-05,24.0,0.00140712
BCD/BTC,1573456210209,2019-11-11T07:10:10.209Z,buy,5.864e-05,3.0,0.00017592
BCD/BTC,1573456210209,2019-11-11T07:10:10.209Z,buy,5.866e-05,13.0,0.00076258
BCD/BTC,1573456210209,2019-11-11T07:10:10.209Z,buy,5.868e-05,304.0,0.01783872
BCD/BTC,1573456212108,2019-11-11T07:10:12.108Z,buy,5.868e-05,99.0,0.00580932
BCD/BTC,1573456215391,2019-11-11T07:10:15.391Z,buy,5.875e-05,344.0,0.02021
BCD/BTC,1573456215391,2019-11-11T07:10:15.391Z,buy,5.876e-05,7.0,0.00041132
BCD/BTC,1573456218511,2019-11-11T07:10:18.511Z,buy,5.876e-05,15.0,0.0008814
BCD/BTC,1573456218511,2019-11-11T07:10:18.511Z,buy,5.879e-05,4.0,0.00023516
BCD/BTC,1573456218511,2019-11-11T07:10:18.511Z,buy,5.88e-05,104.0,0.0061152
BCD/BTC,1573456230789,2019-11-11T07:10:30.789Z,sell,5.841e-05,10.0,0.0005840999999999
BCD/BTC,1573456232703,2019-11-11T07:10:32.703Z,buy,5.859e-05,214.0,0.01253826
BCD/BTC,1573456239063,2019-11-11T07:10:39.063Z,sell,5.846e-05,18.0,0.00105228
BCD/BTC,1573456269966,2019-11-11T07:11:09.966Z,sell,5.851e-05,2.0,0.00011702
BCD/BTC,1573456285420,2019-11-11T07:11:25.420Z,sell,5.848e-05,227.0,0.01327496
BCD/BTC,1573456285420,2019-11-11T07:11:25.420Z,sell,5.847e-05,214.0,0.01251258
BCD/BTC,1573456291566,2019-11-11T07:11:31.566Z,sell,5.842e-05,142.0,0.00829564
BCD/BTC,1573456295334,2019-11-11T07:11:35.334Z,sell,5.846e-05,142.0,0.00830132
BCD/BTC,1573456295334,2019-11-11T07:11:35.334Z,sell,5.845e-05,214.0,0.0125083
BCD/BTC,1573456295334,2019-11-11T07:11:35.334Z,sell,5.844e-05,512.0,0.02992128
BCD/BTC,1573456295334,2019-11-11T07:11:35.334Z,sell,5.843e-05,143.0,0.00835549
BCD/BTC,1573456295954,2019-11-11T07:11:35.954Z,sell,5.87e-05,130.0,0.007631
BCD/BTC,1573456296204,2019-11-11T07:11:36.204Z,sell,5.87e-05,602.0,0.0353374
BCD/BTC,1573456296284,2019-11-11T07:11:36.284Z,sell,5.87e-05,326.0,0.0191362
BCD/BTC,1573456296366,2019-11-11T07:11:36.366Z,sell,5.87e-05,600.0,0.03522
BCD/BTC,1573456296408,2019-11-11T07:11:36.408Z,sell,5.87e-05,511.0,0.0299957
BCD/BTC,1573456296489,2019-11-11T07:11:36.489Z,sell,5.87e-05,250.0,0.0146749999999999
BCD/BTC,1573456296709,2019-11-11T07:11:36.709Z,sell,5.84e-05,5.0,0.000292
BCD/BTC,1573456296709,2019-11-11T07:11:36.709Z,sell,5.831e-05,265.0,0.01545215
BCD/BTC,1573456297934,2019-11-11T07:11:37.934Z,sell,5.831e-05,69.0,0.00402339
BCD/BTC,1573456311882,2019-11-11T07:11:51.882Z,sell,5.82e-05,13.0,0.0007566
BCD/BTC,1573456311882,2019-11-11T07:11:51.882Z,sell,5.818e-05,3.0,0.00017454
BCD/BTC,1573456311882,2019-11-11T07:11:51.882Z,sell,5.817e-05,22.0,0.00127974
BCD/BTC,1573456311882,2019-11-11T07:11:51.882Z,sell,5.812e-05,447.0,0.02597964
BCD/BTC,1573456311882,2019-11-11T07:11:51.882Z,sell,5.805e-05,5.0,0.00029025
BCD/BTC,1573456311882,2019-11-11T07:11:51.882Z,sell,5.804e-05,10.0,0.0005804
BCD/BTC,1573456313163,2019-11-11T07:11:53.163Z,sell,5.814e-05,10.0,0.0005814
BCD/BTC,1573456322893,2019-11-11T07:12:02.893Z,buy,5.821e-05,10.0,0.0005821
BCD/BTC,1573456322893,2019-11-11T07:12:02.893Z,buy,5.822e-05,8.0,0.00046576
BCD/BTC,1573456322893,2019-11-11T07:12:02.893Z,buy,5.839e-05,233.0,0.01360487
BCD/BTC,1573456322893,2019-11-11T07:12:02.893Z,buy,5.84e-05,5.0,0.000292
BCD/BTC,1573456322893,2019-11-11T07:12:02.893Z,buy,5.847e-05,3.0,0.00017541
BCD/BTC,1573456322893,2019-11-11T07:12:02.893Z,buy,5.851e-05,22.0,0.00128722
BCD/BTC,1573456322893,2019-11-11T07:12:02.893Z,buy,5.86e-05,775.0,0.045415
BCD/BTC,1573456322893,2019-11-11T07:12:02.893Z,buy,5.866e-05,13.0,0.00076258
BCD/BTC,1573456322893,2019-11-11T07:12:02.893Z,buy,5.874e-05,69.0,0.00405306
BCD/BTC,1573456322893,2019-11-11T07:12:02.893Z,buy,5.876e-05,22.0,0.00129272
BCD/BTC,1573456322893,2019-11-11T07:12:02.893Z,buy,5.88e-05,406.0,0.0238728
BCD/BTC,1573456322893,2019-11-11T07:12:02.893Z,buy,5.881e-05,94.0,0.00552814
BCD/BTC,1573456324515,2019-11-11T07:12:04.515Z,buy,5.839e-05,5.0,0.00029195
BCD/BTC,1573456326171,2019-11-11T07:12:06.171Z,buy,5.839e-05,3.0,0.00017517
BCD/BTC,1573456330826,2019-11-11T07:12:10.826Z,sell,5.841e-05,85.0,0.00496485
BCD/BTC,1573456396070,2019-11-11T07:13:16.070Z,sell,5.84e-05,214.0,0.0124976
BCD/BTC,1573456396070,2019-11-11T07:13:16.070Z,sell,5.839e-05,79.0,0.00461281
BCD/BTC,1573456439966,2019-11-11T07:13:59.966Z,sell,5.83e-05,411.0,0.0239613
BCD/BTC,1573456445274,2019-11-11T07:14:05.274Z,sell,5.833e-05,413.0,0.02409029
BCD/BTC,1573456604479,2019-11-11T07:16:44.479Z,buy,5.839e-05,234.0,0.01366326
BCD/BTC,1573456604601,2019-11-11T07:16:44.601Z,buy,5.844e-05,247.0,0.01443468
BCD/BTC,1573456608103,2019-11-11T07:16:48.103Z,sell,5.841e-05,78.0,0.00455598
BCD/BTC,1573456617322,2019-11-11T07:16:57.322Z,sell,5.841e-05,52.0,0.00303732
BCD/BTC,1573456617525,2019-11-11T07:16:57.525Z,sell,5.841e-05,104.0,0.00607464
BCD/BTC,1573456813521,2019-11-11T07:20:13.521Z,buy,5.836e-05,33.0,0.0019258799999999
BCD/BTC,1573456870470,2019-11-11T07:21:10.470Z,sell,5.85e-05,173.0,0.0101205
BCD/BTC,1573456875174,2019-11-11T07:21:15.174Z,sell,5.85e-05,1536.0,0.0898559999999999
BCD/BTC,1573456875174,2019-11-11T07:21:15.174Z,sell,5.82e-05,13.0,0.0007566
BCD/BTC,1573456875186,2019-11-11T07:21:15.186Z,buy,5.82e-05,867.0,0.0504594
BCD/BTC,1573456876648,2019-11-11T07:21:16.648Z,sell,5.823e-05,732.0,0.04262436
BCD/BTC,1573456876648,2019-11-11T07:21:16.648Z,sell,5.822e-05,135.0,0.0078597
BCD/BTC,1573456876793,2019-11-11T07:21:16.793Z,sell,5.822e-05,62.0,0.00360964
BCD/BTC,1573456888558,2019-11-11T07:21:28.558Z,buy,5.854e-05,1.0,5.854e-05
BCD/BTC,1573457236887,2019-11-11T07:27:16.887Z,buy,5.842e-05,2.0,0.00011684
BCD/BTC,1573457236887,2019-11-11T07:27:16.887Z,buy,5.842e-05,2.0,0.00011684
BCD/BTC,1573457641722,2019-11-11T07:34:01.722Z,buy,5.85e-05,222.0,0.012987
BCD/BTC,1573457641722,2019-11-11T07:34:01.722Z,buy,5.851e-05,395.0,0.02311145
BCD/BTC,1573457651107,2019-11-11T07:34:11.107Z,sell,5.851e-05,765.0,0.04476015
BCD/BTC,1573457651210,2019-11-11T07:34:11.210Z,sell,5.851e-05,83.0,0.00485633
BCD/BTC,1573457651227,2019-11-11T07:34:11.227Z,sell,5.851e-05,180.0,0.0105318
BCD/BTC,1573457655616,2019-11-11T07:34:15.616Z,sell,5.851e-05,64.0,0.00374464
BCD/BTC,1573457698486,2019-11-11T07:34:58.486Z,buy,5.851e-05,1.0,5.851e-05
BCD/BTC,1573457710999,2019-11-11T07:35:10.999Z,buy,5.848e-05,2.0,0.00011696
BCD/BTC,1573457711239,2019-11-11T07:35:11.239Z,buy,5.848e-05,1.0,5.848e-05
BCD/BTC,1573457717127,2019-11-11T07:35:17.127Z,buy,5.849e-05,2.0,0.00011698
BCD/BTC,1573457717127,2019-11-11T07:35:17.127Z,buy,5.85e-05,147.0,0.0085995
BCD/BTC,1573457726068,2019-11-11T07:35:26.068Z,sell,5.85e-05,1559.0,0.0912015
BCD/BTC,1573457738320,2019-11-11T07:35:38.320Z,sell,5.85e-05,1710.0,0.100035
BCD/BTC,1573457742590,2019-11-11T07:35:42.590Z,buy,5.848e-05,1.0,5.848e-05
BCD/BTC,1573457749155,2019-11-11T07:35:49.155Z,buy,5.848e-05,98.0,0.00573104
BCD/BTC,1573457749155,2019-11-11T07:35:49.155Z,buy,5.849e-05,16.0,0.00093584
BCD/BTC,1573457749155,2019-11-11T07:35:49.155Z,buy,5.85e-05,98.0,0.005733
BCD/BTC,1573457750373,2019-11-11T07:35:50.373Z,sell,5.85e-05,250.0,0.0146249999999999
BCD/BTC,1573457783322,2019-11-11T07:36:23.322Z,sell,5.85e-05,467.0,0.0273195
BCD/BTC,1573457794635,2019-11-11T07:36:34.635Z,sell,5.85e-05,79.0,0.0046215
BCD/BTC,1573457810091,2019-11-11T07:36:50.091Z,buy,5.851e-05,11.0,0.00064361
BCD/BTC,1573457914443,2019-11-11T07:38:34.443Z,sell,5.85e-05,124.0,0.007254
BCD/BTC,1573457941009,2019-11-11T07:39:01.009Z,sell,5.85e-05,147.0,0.0085995
BCD/BTC,1573457978091,2019-11-11T07:39:38.091Z,sell,5.85e-05,480.0,0.02808
BCD/BTC,1573458053504,2019-11-11T07:40:53.504Z,buy,5.851e-05,4.0,0.00023404
BCD/BTC,1573458053504,2019-11-11T07:40:53.504Z,buy,5.853e-05,7.0,0.00040971
BCD/BTC,1573458243146,2019-11-11T07:44:03.146Z,sell,5.85e-05,1202.0,0.070317
BCD/BTC,1573458265347,2019-11-11T07:44:25.347Z,buy,5.844e-05,469.0,0.02740836
BCD/BTC,1573458266741,2019-11-11T07:44:26.741Z,sell,5.85e-05,2949.0,0.1725165
BCD/BTC,1573458290284,2019-11-11T07:44:50.284Z,sell,5.85e-05,1334.0,0.078039
BCD/BTC,1573458313496,2019-11-11T07:45:13.496Z,sell,5.85e-05,2080.0,0.12168
BCD/BTC,1573458333376,2019-11-11T07:45:33.376Z,sell,5.85e-05,60.0,0.00351
BCD/BTC,1573458351598,2019-11-11T07:45:51.598Z,sell,5.85e-05,23.0,0.0013455
BCD/BTC,1573458351794,2019-11-11T07:45:51.794Z,sell,5.85e-05,37.0,0.0021644999999999
BCD/BTC,1573458384974,2019-11-11T07:46:24.974Z,sell,5.85e-05,2520.0,0.14742
BCD/BTC,1573458386943,2019-11-11T07:46:26.943Z,sell,5.85e-05,9.0,0.0005265
BCD/BTC,1573458386943,2019-11-11T07:46:26.943Z,sell,5.819e-05,695.0,0.04044205
BCD/BTC,1573458386943,2019-11-11T07:46:26.943Z,sell,5.817e-05,22.0,0.00127974
BCD/BTC,1573458386943,2019-11-11T07:46:26.943Z,sell,5.814e-05,342.0,0.01988388
BCD/BTC,1573458386943,2019-11-11T07:46:26.943Z,sell,5.813e-05,168.0,0.00976584
BCD/BTC,1573458386943,2019-11-11T07:46:26.943Z,sell,5.812e-05,3.0,0.00017436
BCD/BTC,1573458386943,2019-11-11T07:46:26.943Z,sell,5.811e-05,183.0,0.01063413
BCD/BTC,1573458386943,2019-11-11T07:46:26.943Z,sell,5.81e-05,184.0,0.0106904
BCD/BTC,1573458386943,2019-11-11T07:46:26.943Z,sell,5.805e-05,5.0,0.00029025
BCD/BTC,1573458386943,2019-11-11T07:46:26.943Z,sell,5.804e-05,22.0,0.00127688
BCD/BTC,1573458386943,2019-11-11T07:46:26.943Z,sell,5.8e-05,25.0,0.00145
BCD/BTC,1573458391063,2019-11-11T07:46:31.063Z,sell,5.805e-05,4.0,0.0002322
BCD/BTC,1573458391063,2019-11-11T07:46:31.063Z,sell,5.804e-05,2.0,0.00011608
BCD/BTC,1573458391063,2019-11-11T07:46:31.063Z,sell,5.801e-05,162.0,0.00939762
BCD/BTC,1573458391063,2019-11-11T07:46:31.063Z,sell,5.798e-05,11.0,0.00063778
BCD/BTC,1573458391063,2019-11-11T07:46:31.063Z,sell,5.795e-05,141.0,0.00817095
BCD/BTC,1573458391063,2019-11-11T07:46:31.063Z,sell,5.795e-05,46.0,0.0026657
BCD/BTC,1573458432413,2019-11-11T07:47:12.413Z,buy,5.835e-05,342.0,0.0199557
BCD/BTC,1573458433284,2019-11-11T07:47:13.284Z,buy,5.836e-05,86.0,0.0050189599999999
BCD/BTC,1573458448471,2019-11-11T07:47:28.471Z,sell,5.835e-05,18.0,0.0010503
BCD/BTC,1573458502116,2019-11-11T07:48:22.116Z,sell,5.835e-05,59.0,0.00344265
BCD/BTC,1573458689127,2019-11-11T07:51:29.127Z,buy,5.838e-05,58.0,0.00338604
BCD/BTC,1573458689127,2019-11-11T07:51:29.127Z,buy,5.839e-05,730.0,0.0426247
BCD/BTC,1573458689127,2019-11-11T07:51:29.127Z,buy,5.84e-05,7.0,0.0004088
BCD/BTC,1573458722139,2019-11-11T07:52:02.139Z,buy,5.843e-05,184.0,0.01075112
BCD/BTC,1573458798620,2019-11-11T07:53:18.620Z,buy,5.844e-05,215.0,0.0125646
BCD/BTC,1573458798620,2019-11-11T07:53:18.620Z,buy,5.845e-05,2.0,0.0001169
BCD/BTC,1573458798620,2019-11-11T07:53:18.620Z,buy,5.847e-05,3.0,0.00017541
BCD/BTC,1573458829252,2019-11-11T07:53:49.252Z,buy,5.851e-05,22.0,0.00128722
BCD/BTC,1573458839269,2019-11-11T07:53:59.269Z,buy,5.852e-05,2.0,0.00011704
BCD/BTC,1573458839269,2019-11-11T07:53:59.269Z,buy,5.856e-05,319.0,0.01868064
BCD/BTC,1573458873531,2019-11-11T07:54:33.531Z,buy,5.866e-05,1.0,5.866e-05
BCD/BTC,1573458953777,2019-11-11T07:55:53.777Z,sell,5.856e-05,30.0,0.0017568
BCD/BTC,1573458954566,2019-11-11T07:55:54.566Z,sell,5.856e-05,158.0,0.00925248
BCD/BTC,1573458954652,2019-11-11T07:55:54.652Z,sell,5.856e-05,82.0,0.00480192
BCD/BTC,1573458954833,2019-11-11T07:55:54.833Z,sell,5.856e-05,218.0,0.01276608
BCD/BTC,1573458955639,2019-11-11T07:55:55.639Z,sell,5.856e-05,109.0,0.00638304
BCD/BTC,1573458955646,2019-11-11T07:55:55.646Z,sell,5.856e-05,158.0,0.00925248
BCD/BTC,1573458956111,2019-11-11T07:55:56.111Z,sell,5.856e-05,61.0,0.00357216
BCD/BTC,1573458956111,2019-11-11T07:55:56.111Z,sell,5.855e-05,119.0,0.00696745
BCD/BTC,1573458956738,2019-11-11T07:55:56.738Z,sell,5.855e-05,59.0,0.00345445
BCD/BTC,1573459016213,2019-11-11T07:56:56.213Z,sell,5.855e-05,6.0,0.0003513
BCD/BTC,1573459025639,2019-11-11T07:57:05.639Z,buy,5.852e-05,1.0,5.852e-05
BCD/BTC,1573459174963,2019-11-11T07:59:34.963Z,sell,5.85e-05,135.0,0.0078975
BCD/BTC,1573459248373,2019-11-11T08:00:48.373Z,buy,5.852e-05,8.0,0.00046816
BCD/BTC,1573459301201,2019-11-11T08:01:41.201Z,buy,5.865e-05,44.0,0.0025806
BCD/BTC,1573459653673,2019-11-11T08:07:33.673Z,sell,5.85e-05,700.0,0.04095
BCD/BTC,1573459755831,2019-11-11T08:09:15.831Z,sell,5.85e-05,17.0,0.0009945
BCD/BTC,1573459755846,2019-11-11T08:09:15.846Z,sell,5.85e-05,2.0,0.000117
BCD/BTC,1573459766702,2019-11-11T08:09:26.702Z,buy,5.84e-05,1.0,5.84e-05
BCD/BTC,1573459773095,2019-11-11T08:09:33.095Z,buy,5.828e-05,1.0,5.828e-05
BCD/BTC,1573459774178,2019-11-11T08:09:34.178Z,buy,5.828e-05,1.0,5.828e-05
BCD/BTC,1573459774178,2019-11-11T08:09:34.178Z,buy,5.839e-05,2.0,0.00011678
BCD/BTC,1573459774178,2019-11-11T08:09:34.178Z,buy,5.84e-05,7.0,0.0004088
BCD/BTC,1573459774294,2019-11-11T08:09:34.294Z,sell,5.85e-05,90.0,0.005265
BCD/BTC,1573459835626,2019-11-11T08:10:35.626Z,sell,5.85e-05,653.0,0.0382005
BCD/BTC,1573460092693,2019-11-11T08:14:52.693Z,buy,5.864e-05,2.0,0.00011728
BCD/BTC,1573460176326,2019-11-11T08:16:16.326Z,buy,5.864e-05,1.0,5.864e-05
BCD/BTC,1573460176326,2019-11-11T08:16:16.326Z,buy,5.865e-05,461.0,0.02703765
BCD/BTC,1573460176326,2019-11-11T08:16:16.326Z,buy,5.866e-05,3014.0,0.17680124
BCD/BTC,1573460179791,2019-11-11T08:16:19.791Z,sell,5.866e-05,12.0,0.00070392
BCD/BTC,1573460179931,2019-11-11T08:16:19.931Z,sell,5.866e-05,273.0,0.01601418
BCD/BTC,1573460193038,2019-11-11T08:16:33.038Z,sell,5.85e-05,680.0,0.0397799999999999
BCD/BTC,1573460293816,2019-11-11T08:18:13.816Z,buy,5.856e-05,337.0,0.01973472
BCD/BTC,1573460293816,2019-11-11T08:18:13.816Z,buy,5.865e-05,342.0,0.0200583
BCD/BTC,1573460293816,2019-11-11T08:18:13.816Z,buy,5.866e-05,407.0,0.02387462
BCD/BTC,1573460687141,2019-11-11T08:24:47.141Z,buy,5.876e-05,7.0,0.00041132
BCD/BTC,1573460687141,2019-11-11T08:24:47.141Z,buy,5.882e-05,3.0,0.00017646
BCD/BTC,1573460687141,2019-11-11T08:24:47.141Z,buy,5.884e-05,32.0,0.00188288
BCD/BTC,1573460687141,2019-11-11T08:24:47.141Z,buy,5.885e-05,10.0,0.0005885
BCD/BTC,1573460687141,2019-11-11T08:24:47.141Z,buy,5.886e-05,22.0,0.00129492
BCD/BTC,1573460687141,2019-11-11T08:24:47.141Z,buy,5.888e-05,162.0,0.00953856
BCD/BTC,1573460687141,2019-11-11T08:24:47.141Z,buy,5.889e-05,68.0,0.00400452
BCD/BTC,1573460687141,2019-11-11T08:24:47.141Z,buy,5.89e-05,689.0,0.0405821
BCD/BTC,1573460687141,2019-11-11T08:24:47.141Z,buy,5.891e-05,2.0,0.00011782
BCD/BTC,1573460687141,2019-11-11T08:24:47.141Z,buy,5.894e-05,3.0,0.00017682
BCD/BTC,1573460687141,2019-11-11T08:24:47.141Z,buy,5.895e-05,21.0,0.00123795
BCD/BTC,1573460687141,2019-11-11T08:24:47.141Z,buy,5.897e-05,51.0,0.00300747
BCD/BTC,1573460687141,2019-11-11T08:24:47.141Z,buy,5.898e-05,2050.0,0.120909
BCD/BTC,1573460687141,2019-11-11T08:24:47.141Z,buy,5.899e-05,1693.0,0.09987007
BCD/BTC,1573460687162,2019-11-11T08:24:47.162Z,sell,5.9e-05,1387.0,0.081833
BCD/BTC,1573460687297,2019-11-11T08:24:47.297Z,buy,5.887e-05,133.0,0.00782971
BCD/BTC,1573460687297,2019-11-11T08:24:47.297Z,buy,5.898e-05,110.0,0.0064878
BCD/BTC,1573460687297,2019-11-11T08:24:47.297Z,buy,5.899e-05,24.0,0.00141576
BCD/BTC,1573460687369,2019-11-11T08:24:47.369Z,buy,5.899e-05,211.0,0.01244689
BCD/BTC,1573460687369,2019-11-11T08:24:47.369Z,buy,5.9e-05,56.0,0.0033039999999999
BCD/BTC,1573460692232,2019-11-11T08:24:52.232Z,buy,5.9e-05,2.0,0.000118
BCD/BTC,1573460699488,2019-11-11T08:24:59.488Z,sell,5.862e-05,700.0,0.041034
BCD/BTC,1573460699645,2019-11-11T08:24:59.645Z,sell,5.863e-05,100.0,0.005863
BCD/BTC,1573460704671,2019-11-11T08:25:04.671Z,sell,5.854e-05,43.0,0.00251722
BCD/BTC,1573460718534,2019-11-11T08:25:18.534Z,sell,5.857e-05,124.0,0.00726268
BCD/BTC,1573460718534,2019-11-11T08:25:18.534Z,sell,5.856e-05,177.0,0.01036512
BCD/BTC,1573460718534,2019-11-11T08:25:18.534Z,sell,5.852e-05,340.0,0.0198968
BCD/BTC,1573460718534,2019-11-11T08:25:18.534Z,sell,5.851e-05,22.0,0.00128722
BCD/BTC,1573460718534,2019-11-11T08:25:18.534Z,sell,5.847e-05,3.0,0.00017541
BCD/BTC,1573460718534,2019-11-11T08:25:18.534Z,sell,5.844e-05,32.0,0.00187008
BCD/BTC,1573460718534,2019-11-11T08:25:18.534Z,sell,5.84e-05,5.0,0.000292
BCD/BTC,1573460718534,2019-11-11T08:25:18.534Z,sell,5.831e-05,2.0,0.00011662
BCD/BTC,1573460718534,2019-11-11T08:25:18.534Z,sell,5.83e-05,70.0,0.004081
BCD/BTC,1573460718534,2019-11-11T08:25:18.534Z,sell,5.825e-05,35.0,0.00203875
BCD/BTC,1573460718534,2019-11-11T08:25:18.534Z,sell,5.823e-05,185.0,0.01077255
BCD/BTC,1573460718534,2019-11-11T08:25:18.534Z,sell,5.82e-05,13.0,0.0007566
BCD/BTC,1573460718555,2019-11-11T08:25:18.555Z,buy,5.818e-05,299.0,0.01739582
BCD/BTC,1573460718593,2019-11-11T08:25:18.593Z,buy,5.818e-05,1.0,5.818e-05
BCD/BTC,1573460718989,2019-11-11T08:25:18.989Z,sell,5.857e-05,81.0,0.00474417
BCD/BTC,1573460718989,2019-11-11T08:25:18.989Z,sell,5.819e-05,125.0,0.00727375
BCD/BTC,1573460722098,2019-11-11T08:25:22.098Z,buy,5.858e-05,35.0,0.0020503
BCD/BTC,1573460724325,2019-11-11T08:25:24.325Z,buy,5.855e-05,3.0,0.00017565
BCD/BTC,1573460763853,2019-11-11T08:26:03.853Z,buy,5.845e-05,35.0,0.00204575
BCD/BTC,1573460815499,2019-11-11T08:26:55.499Z,sell,5.848e-05,191.0,0.01116968
BCD/BTC,1573460815499,2019-11-11T08:26:55.499Z,sell,5.848e-05,191.0,0.01116968
BCD/BTC,1573460962062,2019-11-11T08:29:22.062Z,sell,5.848e-05,31.0,0.00181288
BCD/BTC,1573460962062,2019-11-11T08:29:22.062Z,sell,5.847e-05,88.0,0.00514536
BCD/BTC,1573460962062,2019-11-11T08:29:22.062Z,sell,5.827e-05,66.0,0.00384582
BCD/BTC,1573460962062,2019-11-11T08:29:22.062Z,sell,5.826e-05,77.0,0.00448602
BCD/BTC,1573460962062,2019-11-11T08:29:22.062Z,sell,5.817e-05,268.0,0.01558956
BCD/BTC,1573460962062,2019-11-11T08:29:22.062Z,sell,5.813e-05,932.0,0.05417716
BCD/BTC,1573460962062,2019-11-11T08:29:22.062Z,sell,5.812e-05,838.0,0.04870456
BCD/BTC,1573460976586,2019-11-11T08:29:36.586Z,sell,5.817e-05,134.0,0.00779478
BCD/BTC,1573460976586,2019-11-11T08:29:36.586Z,sell,5.816e-05,2.0,0.00011632
BCD/BTC,1573460976586,2019-11-11T08:29:36.586Z,sell,5.813e-05,3.0,0.00017439
BCD/BTC,1573460976586,2019-11-11T08:29:36.586Z,sell,5.812e-05,18.0,0.00104616
BCD/BTC,1573460976586,2019-11-11T08:29:36.586Z,sell,5.81e-05,193.0,0.0112133
BCD/BTC,1573460976586,2019-11-11T08:29:36.586Z,sell,5.808e-05,223.0,0.01295184
BCD/BTC,1573460976586,2019-11-11T08:29:36.586Z,sell,5.806e-05,77.0,0.00447062
BCD/BTC,1573460976586,2019-11-11T08:29:36.586Z,sell,5.805e-05,159.0,0.00922995
BCD/BTC,1573460976586,2019-11-11T08:29:36.586Z,sell,5.804e-05,27.0,0.00156708
BCD/BTC,1573460984475,2019-11-11T08:29:44.475Z,sell,5.827e-05,711.0,0.04142997
BCD/BTC,1573460991320,2019-11-11T08:29:51.320Z,sell,5.827e-05,81.0,0.00471987
BCD/BTC,1573460991320,2019-11-11T08:29:51.320Z,sell,5.821e-05,594.0,0.03457674
BCD/BTC,1573460991320,2019-11-11T08:29:51.320Z,sell,5.818e-05,478.0,0.02781004
BCD/BTC,1573461004642,2019-11-11T08:30:04.642Z,sell,5.818e-05,422.0,0.02455196
BCD/BTC,1573461004642,2019-11-11T08:30:04.642Z,sell,5.817e-05,578.0,0.03362226
BCD/BTC,1573461040282,2019-11-11T08:30:40.282Z,sell,5.819e-05,68.0,0.00395692
BCD/BTC,1573461040282,2019-11-11T08:30:40.282Z,sell,5.817e-05,68.0,0.00395556
BCD/BTC,1573461040282,2019-11-11T08:30:40.282Z,sell,5.816e-05,171.0,0.00994536
BCD/BTC,1573461040282,2019-11-11T08:30:40.282Z,sell,5.804e-05,5.0,0.0002902
BCD/BTC,1573461040282,2019-11-11T08:30:40.282Z,sell,5.8e-05,172.0,0.009976
BCD/BTC,1573461040282,2019-11-11T08:30:40.282Z,sell,5.799e-05,25.0,0.0014497499999999
BCD/BTC,1573461040282,2019-11-11T08:30:40.282Z,sell,5.792e-05,69.0,0.00399648
BCD/BTC,1573461040282,2019-11-11T08:30:40.282Z,sell,5.789e-05,422.0,0.02442958
BCD/BTC,1573461040282,2019-11-11T08:30:40.282Z,sell,5.789e-05,120.0,0.0069468
BCD/BTC,1573461040282,2019-11-11T08:30:40.282Z,sell,5.788e-05,36.0,0.00208368
BCD/BTC,1573461040282,2019-11-11T08:30:40.282Z,sell,5.782e-05,17.0,0.00098294
BCD/BTC,1573461041343,2019-11-11T08:30:41.343Z,buy,5.819e-05,178.0,0.01035782
BCD/BTC,1573461051313,2019-11-11T08:30:51.313Z,sell,5.811e-05,1099.0,0.0638628899999999
BCD/BTC,1573461051461,2019-11-11T08:30:51.461Z,buy,5.818e-05,55.0,0.0031999
BCD/BTC,1573461052537,2019-11-11T08:30:52.537Z,buy,5.818e-05,40.0,0.0023272
BCD/BTC,1573461061216,2019-11-11T08:31:01.216Z,buy,5.82e-05,43.0,0.0025026
BCD/BTC,1573461064432,2019-11-11T08:31:04.432Z,sell,5.81e-05,95.0,0.0055195
BCD/BTC,1573461064432,2019-11-11T08:31:04.432Z,sell,5.809e-05,1016.0,0.05901944
BCD/BTC,1573461077088,2019-11-11T08:31:17.088Z,buy,5.811e-05,9.0,0.00052299
BCD/BTC,1573461077088,2019-11-11T08:31:17.088Z,buy,5.82e-05,22.0,0.0012804
BCD/BTC,1573461174607,2019-11-11T08:32:54.607Z,buy,5.819e-05,233.0,0.0135582699999999
BCD/BTC,1573461174607,2019-11-11T08:32:54.607Z,buy,5.82e-05,116.0,0.0067512
BCD/BTC,1573461174607,2019-11-11T08:32:54.607Z,buy,5.821e-05,77.0,0.00448217
BCD/BTC,1573461174607,2019-11-11T08:32:54.607Z,buy,5.826e-05,174.0,0.01013724
BCD/BTC,1573461184926,2019-11-11T08:33:04.926Z,buy,5.825e-05,169.0,0.00984425
BCD/BTC,1573461184926,2019-11-11T08:33:04.926Z,buy,5.826e-05,131.0,0.00763206
BCD/BTC,1573461337050,2019-11-11T08:35:37.050Z,buy,5.827e-05,3.0,0.00017481
BCD/BTC,1573461378734,2019-11-11T08:36:18.734Z,sell,5.826e-05,479.0,0.02790654
BCD/BTC,1573461445813,2019-11-11T08:37:25.813Z,sell,5.816e-05,7.0,0.0004071199999999
BCD/BTC,1573461524192,2019-11-11T08:38:44.192Z,sell,5.806e-05,86.0,0.00499316
BCD/BTC,1573461524192,2019-11-11T08:38:44.192Z,sell,5.803e-05,171.0,0.00992313
BCD/BTC,1573461524192,2019-11-11T08:38:44.192Z,sell,5.801e-05,6.0,0.00034806
BCD/BTC,1573461546611,2019-11-11T08:39:06.611Z,buy,5.823e-05,500.0,0.029115
BCD/BTC,1573461546611,2019-11-11T08:39:06.611Z,buy,5.827e-05,5.0,0.00029135
BCD/BTC,1573461588418,2019-11-11T08:39:48.418Z,buy,5.829e-05,2.0,0.00011658
BCD/BTC,1573461588418,2019-11-11T08:39:48.418Z,buy,5.83e-05,105.0,0.0061215
BCD/BTC,1573461588440,2019-11-11T08:39:48.440Z,sell,5.83e-05,93.0,0.0054219
BCD/BTC,1573461711974,2019-11-11T08:41:51.974Z,buy,5.831e-05,2.0,0.00011662
BCD/BTC,1573462013782,2019-11-11T08:46:53.782Z,sell,5.827e-05,29.0,0.00168983
BCD/BTC,1573462133612,2019-11-11T08:48:53.612Z,buy,5.825e-05,156.0,0.009087
BCD/BTC,1573462133612,2019-11-11T08:48:53.612Z,buy,5.826e-05,44.0,0.00256344
BCD/BTC,1573462261676,2019-11-11T08:51:01.676Z,buy,5.82e-05,141.0,0.0082062
BCD/BTC,1573462274790,2019-11-11T08:51:14.790Z,sell,5.83e-05,2.0,0.0001166
BCD/BTC,1573462371170,2019-11-11T08:52:51.170Z,buy,5.831e-05,23.0,0.00134113
BCD/BTC,1573462401483,2019-11-11T08:53:21.483Z,sell,5.831e-05,62.0,0.00361522
BCD/BTC,1573462410397,2019-11-11T08:53:30.397Z,sell,5.824e-05,135.0,0.0078624
BCD/BTC,1573462410788,2019-11-11T08:53:30.788Z,sell,5.824e-05,25.0,0.001456
BCD/BTC,1573462413109,2019-11-11T08:53:33.109Z,sell,5.825e-05,25.0,0.00145625
BCD/BTC,1573462414135,2019-11-11T08:53:34.135Z,sell,5.825e-05,25.0,0.00145625
BCD/BTC,1573462415141,2019-11-11T08:53:35.141Z,sell,5.826e-05,25.0,0.0014565
BCD/BTC,1573462416284,2019-11-11T08:53:36.284Z,sell,5.826e-05,25.0,0.0014565
BCD/BTC,1573462416926,2019-11-11T08:53:36.926Z,sell,5.826e-05,133.0,0.00774858
BCD/BTC,1573462417561,2019-11-11T08:53:37.561Z,sell,5.826e-05,25.0,0.0014565
BCD/BTC,1573462418497,2019-11-11T08:53:38.497Z,sell,5.826e-05,25.0,0.0014565
BCD/BTC,1573462419459,2019-11-11T08:53:39.459Z,sell,5.827e-05,25.0,0.00145675
BCD/BTC,1573462420578,2019-11-11T08:53:40.578Z,sell,5.827e-05,25.0,0.00145675
BCD/BTC,1573462421688,2019-11-11T08:53:41.688Z,sell,5.827e-05,25.0,0.00145675
BCD/BTC,1573462422637,2019-11-11T08:53:42.637Z,sell,5.827e-05,25.0,0.00145675
BCD/BTC,1573462423412,2019-11-11T08:53:43.412Z,sell,5.827e-05,91.0,0.00530257
BCD/BTC,1573462424314,2019-11-11T08:53:44.314Z,sell,5.826e-05,25.0,0.0014565
BCD/BTC,1573462425376,2019-11-11T08:53:45.376Z,sell,5.826e-05,25.0,0.0014565
BCD/BTC,1573462426527,2019-11-11T08:53:46.527Z,sell,5.826e-05,25.0,0.0014565
BCD/BTC,1573462427512,2019-11-11T08:53:47.512Z,sell,5.826e-05,8.0,0.00046608
BCD/BTC,1573462427512,2019-11-11T08:53:47.512Z,sell,5.825e-05,17.0,0.00099025
BCD/BTC,1573462428494,2019-11-11T08:53:48.494Z,sell,5.825e-05,25.0,0.00145625
BCD/BTC,1573462429570,2019-11-11T08:53:49.570Z,sell,5.825e-05,25.0,0.00145625
BCD/BTC,1573462429945,2019-11-11T08:53:49.945Z,sell,5.825e-05,55.0,0.00320375
BCD/BTC,1573462430584,2019-11-11T08:53:50.584Z,sell,5.825e-05,25.0,0.00145625
BCD/BTC,1573462431681,2019-11-11T08:53:51.681Z,sell,5.825e-05,11.0,0.00064075
BCD/BTC,1573462431681,2019-11-11T08:53:51.681Z,sell,5.824e-05,14.0,0.00081536
BCD/BTC,1573462461510,2019-11-11T08:54:21.510Z,sell,5.824e-05,117.0,0.00681408
BCD/BTC,1573462708073,2019-11-11T08:58:28.073Z,sell,5.809e-05,20.0,0.0011618
BCD/BTC,1573462714957,2019-11-11T08:58:34.957Z,buy,5.829e-05,47.0,0.00273963
BCD/BTC,1573462720264,2019-11-11T08:58:40.264Z,buy,5.836e-05,55.0,0.0032097999999999
BCD/BTC,1573462834270,2019-11-11T09:00:34.270Z,sell,5.809e-05,58.0,0.00336922
BCD/BTC,1573462834270,2019-11-11T09:00:34.270Z,sell,5.805e-05,171.0,0.00992655
BCD/BTC,1573462834270,2019-11-11T09:00:34.270Z,sell,5.803e-05,2.0,0.00011606
BCD/BTC,1573462834351,2019-11-11T09:00:34.351Z,buy,5.803e-05,116.0,0.00673148
BCD/BTC,1573462834449,2019-11-11T09:00:34.449Z,buy,5.803e-05,79.0,0.00458437
BCD/BTC,1573462835909,2019-11-11T09:00:35.909Z,buy,5.803e-05,25.0,0.00145075
BCD/BTC,1573462835970,2019-11-11T09:00:35.970Z,buy,5.803e-05,25.0,0.00145075
BCD/BTC,1573462836484,2019-11-11T09:00:36.484Z,buy,5.794e-05,773.0,0.04478762
BCD/BTC,1573462932868,2019-11-11T09:02:12.868Z,buy,5.824e-05,70.0,0.0040768
BCD/BTC,1573462932868,2019-11-11T09:02:12.868Z,buy,5.825e-05,344.0,0.020038
BCD/BTC,1573462940695,2019-11-11T09:02:20.695Z,buy,5.84e-05,1.0,5.84e-05
BCD/BTC,1573462967360,2019-11-11T09:02:47.360Z,buy,5.84e-05,4.0,0.0002336
BCD/BTC,1573462967626,2019-11-11T09:02:47.626Z,sell,5.84e-05,9.0,0.0005256
BCD/BTC,1573462974492,2019-11-11T09:02:54.492Z,sell,5.84e-05,5.0,0.000292
BCD/BTC,1573463070823,2019-11-11T09:04:30.823Z,sell,5.805e-05,13.0,0.00075465
BCD/BTC,1573463070842,2019-11-11T09:04:30.842Z,sell,5.805e-05,16.0,0.0009288
BCD/BTC,1573463072021,2019-11-11T09:04:32.021Z,sell,5.805e-05,8.0,0.0004644
BCD/BTC,1573463082026,2019-11-11T09:04:42.026Z,sell,5.806e-05,14.0,0.00081284
BCD/BTC,1573463301667,2019-11-11T09:08:21.667Z,buy,5.819e-05,15.0,0.00087285
BCD/BTC,1573463472703,2019-11-11T09:11:12.703Z,buy,5.815e-05,344.0,0.0200036
BCD/BTC,1573463472703,2019-11-11T09:11:12.703Z,buy,5.816e-05,535.0,0.0311156
BCD/BTC,1573463472703,2019-11-11T09:11:12.703Z,buy,5.818e-05,93.0,0.00541074
BCD/BTC,1573463472703,2019-11-11T09:11:12.703Z,buy,5.819e-05,134.0,0.00779746
BCD/BTC,1573463525550,2019-11-11T09:12:05.550Z,buy,5.819e-05,263.0,0.0153039699999999
BCD/BTC,1573463538576,2019-11-11T09:12:18.576Z,buy,5.82e-05,850.0,0.04947
BCD/BTC,1573463557091,2019-11-11T09:12:37.091Z,sell,5.819e-05,67.0,0.00389873
BCD/BTC,1573463557202,2019-11-11T09:12:37.202Z,sell,5.819e-05,68.0,0.00395692
BCD/BTC,1573463557612,2019-11-11T09:12:37.612Z,sell,5.82e-05,30.0,0.001746
BCD/BTC,1573463642120,2019-11-11T09:14:02.120Z,sell,5.825e-05,27.0,0.00157275
BCD/BTC,1573464395240,2019-11-11T09:26:35.240Z,sell,5.821e-05,12.0,0.00069852
BCD/BTC,1573464401143,2019-11-11T09:26:41.143Z,buy,5.839e-05,25.0,0.00145975
BCD/BTC,1573464403159,2019-11-11T09:26:43.159Z,buy,5.839e-05,25.0,0.00145975
BCD/BTC,1573464405069,2019-11-11T09:26:45.069Z,buy,5.839e-05,25.0,0.00145975
BCD/BTC,1573464406920,2019-11-11T09:26:46.920Z,buy,5.839e-05,14.0,0.00081746
BCD/BTC,1573464406920,2019-11-11T09:26:46.920Z,buy,5.84e-05,11.0,0.0006424
BCD/BTC,1573464408918,2019-11-11T09:26:48.918Z,buy,5.841e-05,22.0,0.00128502
BCD/BTC,1573464408918,2019-11-11T09:26:48.918Z,buy,5.842e-05,3.0,0.00017526
BCD/BTC,1573464410547,2019-11-11T09:26:50.547Z,buy,5.842e-05,25.0,0.0014605
BCD/BTC,1573464411987,2019-11-11T09:26:51.987Z,buy,5.842e-05,25.0,0.0014605
BCD/BTC,1573464413762,2019-11-11T09:26:53.762Z,buy,5.842e-05,17.0,0.00099314
BCD/BTC,1573464413762,2019-11-11T09:26:53.762Z,buy,5.844e-05,8.0,0.00046752
BCD/BTC,1573464415058,2019-11-11T09:26:55.058Z,buy,5.844e-05,24.0,0.00140256
BCD/BTC,1573464415058,2019-11-11T09:26:55.058Z,buy,5.847e-05,1.0,5.847e-05
BCD/BTC,1573464415058,2019-11-11T09:26:55.058Z,buy,5.844e-05,24.0,0.00140256
BCD/BTC,1573464415058,2019-11-11T09:26:55.058Z,buy,5.847e-05,1.0,5.847e-05
BCD/BTC,1573464416089,2019-11-11T09:26:56.089Z,sell,5.825e-05,62.0,0.0036115
BCD/BTC,1573464416089,2019-11-11T09:26:56.089Z,sell,5.823e-05,111.0,0.00646353
BCD/BTC,1573464418619,2019-11-11T09:26:58.619Z,buy,5.847e-05,2.0,0.00011694
BCD/BTC,1573464418619,2019-11-11T09:26:58.619Z,buy,5.851e-05,22.0,0.00128722
BCD/BTC,1573464418619,2019-11-11T09:26:58.619Z,buy,5.855e-05,1.0,5.855e-05
BCD/BTC,1573464424472,2019-11-11T09:27:04.472Z,buy,5.854e-05,25.0,0.0014635
BCD/BTC,1573464425676,2019-11-11T09:27:05.676Z,buy,5.844e-05,2.0,0.00011688
BCD/BTC,1573464425676,2019-11-11T09:27:05.676Z,buy,5.856e-05,23.0,0.00134688
BCD/BTC,1573464426891,2019-11-11T09:27:06.891Z,buy,5.856e-05,25.0,0.001464
BCD/BTC,1573464428257,2019-11-11T09:27:08.257Z,buy,5.856e-05,17.0,0.00099552
BCD/BTC,1573464428257,2019-11-11T09:27:08.257Z,buy,5.857e-05,2.0,0.00011714
BCD/BTC,1573464428257,2019-11-11T09:27:08.257Z,buy,5.858e-05,6.0,0.00035148
BCD/BTC,1573464431912,2019-11-11T09:27:11.912Z,buy,5.855e-05,25.0,0.00146375
BCD/BTC,1573464461267,2019-11-11T09:27:41.267Z,sell,5.829e-05,41.0,0.00238989
BCD/BTC,1573464463468,2019-11-11T09:27:43.468Z,sell,5.829e-05,15.0,0.00087435
BCD/BTC,1573464479455,2019-11-11T09:27:59.455Z,sell,5.829e-05,8.0,0.00046632
BCD/BTC,1573464489709,2019-11-11T09:28:09.709Z,buy,5.853e-05,212.0,0.01240836
BCD/BTC,1573464489709,2019-11-11T09:28:09.709Z,buy,5.854e-05,86.0,0.00503444
BCD/BTC,1573464494917,2019-11-11T09:28:14.917Z,buy,5.857e-05,103.0,0.00603271
BCD/BTC,1573464495967,2019-11-11T09:28:15.967Z,sell,5.832e-05,126.0,0.0073483199999999
BCD/BTC,1573464495967,2019-11-11T09:28:15.967Z,sell,5.828e-05,213.0,0.01241364
BCD/BTC,1573464496576,2019-11-11T09:28:16.576Z,sell,5.828e-05,60.0,0.0034968
BCD/BTC,1573464496611,2019-11-11T09:28:16.611Z,sell,5.828e-05,38.0,0.00221464
BCD/BTC,1573464496915,2019-11-11T09:28:16.915Z,sell,5.829e-05,64.0,0.00373056
BCD/BTC,1573464496965,2019-11-11T09:28:16.965Z,sell,5.829e-05,105.0,0.0061204499999999
BCD/BTC,1573464497198,2019-11-11T09:28:17.198Z,sell,5.829e-05,10.0,0.0005829
BCD/BTC,1573464497198,2019-11-11T09:28:17.198Z,sell,5.828e-05,31.0,0.00180668
BCD/BTC,1573464497198,2019-11-11T09:28:17.198Z,sell,5.826e-05,26.0,0.00151476
BCD/BTC,1573464498275,2019-11-11T09:28:18.275Z,sell,5.829e-05,57.0,0.0033225299999999
BCD/BTC,1573464498374,2019-11-11T09:28:18.374Z,sell,5.829e-05,45.0,0.00262305
BCD/BTC,1573464498374,2019-11-11T09:28:18.374Z,sell,5.826e-05,27.0,0.00157302
BCD/BTC,1573464498574,2019-11-11T09:28:18.574Z,sell,5.826e-05,7.0,0.00040782
BCD/BTC,1573464498574,2019-11-11T09:28:18.574Z,sell,5.824e-05,43.0,0.00250432
BCD/BTC,1573464500646,2019-11-11T09:28:20.646Z,buy,5.853e-05,126.0,0.0073747799999999
BCD/BTC,1573464500646,2019-11-11T09:28:20.646Z,buy,5.854e-05,235.0,0.0137568999999999
BCD/BTC,1573464500646,2019-11-11T09:28:20.646Z,buy,5.855e-05,626.0,0.0366523
BCD/BTC,1573464502268,2019-11-11T09:28:22.268Z,sell,5.826e-05,41.0,0.00238866
BCD/BTC,1573464502281,2019-11-11T09:28:22.281Z,sell,5.826e-05,165.0,0.0096129
BCD/BTC,1573464502772,2019-11-11T09:28:22.772Z,sell,5.826e-05,393.0,0.02289618
BCD/BTC,1573464503160,2019-11-11T09:28:23.160Z,sell,5.827e-05,48.0,0.00279696
BCD/BTC,1573464503293,2019-11-11T09:28:23.293Z,sell,5.827e-05,1.0,5.827e-05
BCD/BTC,1573464503293,2019-11-11T09:28:23.293Z,sell,5.826e-05,1.0,5.826e-05
BCD/BTC,1573464503293,2019-11-11T09:28:23.293Z,sell,5.825e-05,30.0,0.0017475
BCD/BTC,1573464504393,2019-11-11T09:28:24.393Z,sell,5.825e-05,6.0,0.0003495
BCD/BTC,1573464504405,2019-11-11T09:28:24.405Z,sell,5.825e-05,21.0,0.00122325
BCD/BTC,1573464506170,2019-11-11T09:28:26.170Z,buy,5.849e-05,142.0,0.00830558
BCD/BTC,1573464506170,2019-11-11T09:28:26.170Z,buy,5.85e-05,316.0,0.018486
BCD/BTC,1573464514854,2019-11-11T09:28:34.854Z,sell,5.828e-05,21.0,0.0012238799999999
BCD/BTC,1573464514896,2019-11-11T09:28:34.896Z,sell,5.828e-05,93.0,0.00542004
BCD/BTC,1573464515221,2019-11-11T09:28:35.221Z,sell,5.828e-05,57.0,0.0033219599999999
BCD/BTC,1573464515221,2019-11-11T09:28:35.221Z,sell,5.827e-05,41.0,0.00238907
BCD/BTC,1573464516072,2019-11-11T09:28:36.072Z,sell,5.827e-05,274.0,0.01596598
BCD/BTC,1573464516072,2019-11-11T09:28:36.072Z,sell,5.822e-05,251.0,0.01461322
BCD/BTC,1573464516097,2019-11-11T09:28:36.097Z,sell,5.822e-05,23.0,0.00133906
BCD/BTC,1573464516097,2019-11-11T09:28:36.097Z,sell,5.821e-05,68.0,0.00395828
BCD/BTC,1573464516343,2019-11-11T09:28:36.343Z,buy,5.821e-05,25.0,0.00145525
BCD/BTC,1573464516365,2019-11-11T09:28:36.365Z,sell,5.82e-05,233.0,0.0135605999999999
BCD/BTC,1573464516420,2019-11-11T09:28:36.420Z,buy,5.821e-05,13.0,0.00075673
BCD/BTC,1573464516525,2019-11-11T09:28:36.525Z,buy,5.821e-05,25.0,0.00145525
BCD/BTC,1573464516587,2019-11-11T09:28:36.587Z,sell,5.82e-05,246.0,0.0143172
BCD/BTC,1573464516646,2019-11-11T09:28:36.646Z,buy,5.821e-05,15.0,0.00087315
BCD/BTC,1573464516739,2019-11-11T09:28:36.739Z,sell,5.82e-05,483.0,0.0281106
BCD/BTC,1573464520036,2019-11-11T09:28:40.036Z,sell,5.821e-05,24.0,0.00139704
BCD/BTC,1573464520036,2019-11-11T09:28:40.036Z,sell,5.82e-05,687.0,0.0399834
BCD/BTC,1573464520500,2019-11-11T09:28:40.500Z,sell,5.82e-05,169.0,0.0098358
BCD/BTC,1573464528590,2019-11-11T09:28:48.590Z,buy,5.847e-05,162.0,0.00947214
BCD/BTC,1573464532113,2019-11-11T09:28:52.113Z,buy,5.847e-05,106.0,0.00619782
BCD/BTC,1573464553314,2019-11-11T09:29:13.314Z,buy,5.844e-05,71.0,0.00414924
BCD/BTC,1573464553314,2019-11-11T09:29:13.314Z,buy,5.845e-05,53.0,0.00309785
BCD/BTC,1573464602011,2019-11-11T09:30:02.011Z,buy,5.842e-05,343.0,0.02003806
BCD/BTC,1573464616519,2019-11-11T09:30:16.519Z,buy,5.842e-05,297.0,0.01735074
BCD/BTC,1573464616519,2019-11-11T09:30:16.519Z,buy,5.843e-05,142.0,0.00829706
BCD/BTC,1573464633778,2019-11-11T09:30:33.778Z,buy,5.847e-05,68.0,0.00397596
BCD/BTC,1573464643796,2019-11-11T09:30:43.796Z,sell,5.825e-05,88.0,0.005126
BCD/BTC,1573464643845,2019-11-11T09:30:43.845Z,sell,5.825e-05,145.0,0.00844625
BCD/BTC,1573464643845,2019-11-11T09:30:43.845Z,sell,5.822e-05,179.0,0.01042138
BCD/BTC,1573464643897,2019-11-11T09:30:43.897Z,sell,5.823e-05,156.0,0.00908388
BCD/BTC,1573464643897,2019-11-11T09:30:43.897Z,sell,5.822e-05,114.0,0.00663708
BCD/BTC,1573464643913,2019-11-11T09:30:43.913Z,sell,5.822e-05,133.0,0.00774326
BCD/BTC,1573464643913,2019-11-11T09:30:43.913Z,sell,5.821e-05,136.0,0.00791656
BCD/BTC,1573464644037,2019-11-11T09:30:44.037Z,sell,5.824e-05,104.0,0.00605696
BCD/BTC,1573464644037,2019-11-11T09:30:44.037Z,sell,5.823e-05,104.0,0.00605592
BCD/BTC,1573464644037,2019-11-11T09:30:44.037Z,sell,5.817e-05,22.0,0.00127974
BCD/BTC,1573464644037,2019-11-11T09:30:44.037Z,sell,5.812e-05,3.0,0.00017436
BCD/BTC,1573464644043,2019-11-11T09:30:44.043Z,sell,5.805e-05,5.0,0.00029025
BCD/BTC,1573464644043,2019-11-11T09:30:44.043Z,sell,5.804e-05,32.0,0.00185728
BCD/BTC,1573464644043,2019-11-11T09:30:44.043Z,sell,5.798e-05,146.0,0.00846508
BCD/BTC,1573464644059,2019-11-11T09:30:44.059Z,buy,5.798e-05,12.0,0.0006957599999999
BCD/BTC,1573464644064,2019-11-11T09:30:44.064Z,buy,5.798e-05,36.0,0.00208728
BCD/BTC,1573464644074,2019-11-11T09:30:44.074Z,buy,5.798e-05,25.0,0.0014494999999999
BCD/BTC,1573464644078,2019-11-11T09:30:44.078Z,buy,5.798e-05,12.0,0.0006957599999999
BCD/BTC,1573464644086,2019-11-11T09:30:44.086Z,buy,5.798e-05,36.0,0.00208728
BCD/BTC,1573464644091,2019-11-11T09:30:44.091Z,sell,5.797e-05,130.0,0.0075361
BCD/BTC,1573464644091,2019-11-11T09:30:44.091Z,sell,5.796e-05,367.0,0.02127132
BCD/BTC,1573464644091,2019-11-11T09:30:44.091Z,sell,5.792e-05,3.0,0.00017376
BCD/BTC,1573464644539,2019-11-11T09:30:44.539Z,sell,5.792e-05,47.0,0.00272224
BCD/BTC,1573464644609,2019-11-11T09:30:44.609Z,sell,5.792e-05,40.0,0.0023168
BCD/BTC,1573464644975,2019-11-11T09:30:44.975Z,buy,5.798e-05,7.0,0.0004058599999999
BCD/BTC,1573464644975,2019-11-11T09:30:44.975Z,buy,5.805e-05,260.0,0.015093
BCD/BTC,1573464644975,2019-11-11T09:30:44.975Z,buy,5.806e-05,1090.0,0.0632854
BCD/BTC,1573464644975,2019-11-11T09:30:44.975Z,buy,5.811e-05,974.0,0.05659914
BCD/BTC,1573464645022,2019-11-11T09:30:45.022Z,sell,5.787e-05,30.0,0.0017361
BCD/BTC,1573464645920,2019-11-11T09:30:45.920Z,buy,5.811e-05,5.0,0.00029055
BCD/BTC,1573464645920,2019-11-11T09:30:45.920Z,buy,5.815e-05,20.0,0.001163
BCD/BTC,1573464647589,2019-11-11T09:30:47.589Z,buy,5.815e-05,25.0,0.00145375
BCD/BTC,1573464648748,2019-11-11T09:30:48.748Z,buy,5.815e-05,25.0,0.00145375
BCD/BTC,1573464649356,2019-11-11T09:30:49.356Z,sell,5.791e-05,83.0,0.00480653
BCD/BTC,1573464649665,2019-11-11T09:30:49.665Z,sell,5.791e-05,99.0,0.00573309
BCD/BTC,1573464649871,2019-11-11T09:30:49.871Z,buy,5.815e-05,192.0,0.0111647999999999
BCD/BTC,1573464649871,2019-11-11T09:30:49.871Z,buy,5.839e-05,130.0,0.0075907
BCD/BTC,1573464649871,2019-11-11T09:30:49.871Z,buy,5.84e-05,5.0,0.000292
BCD/BTC,1573464649871,2019-11-11T09:30:49.871Z,buy,5.843e-05,131.0,0.00765433
BCD/BTC,1573464649958,2019-11-11T09:30:49.958Z,buy,5.839e-05,25.0,0.00145975
BCD/BTC,1573464649996,2019-11-11T09:30:49.996Z,sell,5.791e-05,43.0,0.00249013
BCD/BTC,1573464650932,2019-11-11T09:30:50.932Z,sell,5.805e-05,5.0,0.00029025
BCD/BTC,1573464650932,2019-11-11T09:30:50.932Z,sell,5.791e-05,79.0,0.00457489
BCD/BTC,1573464651332,2019-11-11T09:30:51.332Z,sell,5.806e-05,149.0,0.00865094
BCD/BTC,1573464651352,2019-11-11T09:30:51.352Z,sell,5.806e-05,45.0,0.0026127
BCD/BTC,1573464651489,2019-11-11T09:30:51.489Z,buy,5.837e-05,135.0,0.00787995
BCD/BTC,1573464654114,2019-11-11T09:30:54.114Z,sell,5.809e-05,86.0,0.00499574
BCD/BTC,1573464657015,2019-11-11T09:30:57.015Z,sell,5.811e-05,30.0,0.0017433
BCD/BTC,1573464662850,2019-11-11T09:31:02.850Z,buy,5.836e-05,93.0,0.0054274799999999
BCD/BTC,1573464675336,2019-11-11T09:31:15.336Z,sell,5.815e-05,9.0,0.00052335
BCD/BTC,1573465006430,2019-11-11T09:36:46.430Z,sell,5.813e-05,4.0,0.00023252
BCD/BTC,1573465038278,2019-11-11T09:37:18.278Z,buy,5.835e-05,25.0,0.00145875
BCD/BTC,1573465038686,2019-11-11T09:37:18.686Z,buy,5.835e-05,52.0,0.0030342
BCD/BTC,1573465038686,2019-11-11T09:37:18.686Z,buy,5.836e-05,79.0,0.0046104399999999
BCD/BTC,1573465039358,2019-11-11T09:37:19.358Z,buy,5.835e-05,25.0,0.00145875
BCD/BTC,1573465040404,2019-11-11T09:37:20.404Z,buy,5.835e-05,25.0,0.00145875
BCD/BTC,1573465150135,2019-11-11T09:39:10.135Z,sell,5.835e-05,6.0,0.0003501
BCD/BTC,1573465150135,2019-11-11T09:39:10.135Z,sell,5.817e-05,59.0,0.00343203
BCD/BTC,1573465150135,2019-11-11T09:39:10.135Z,sell,5.816e-05,266.0,0.01547056
BCD/BTC,1573465150135,2019-11-11T09:39:10.135Z,sell,5.813e-05,218.0,0.01267234
BCD/BTC,1573465150135,2019-11-11T09:39:10.135Z,sell,5.792e-05,36.0,0.00208512
BCD/BTC,1573465150135,2019-11-11T09:39:10.135Z,sell,5.782e-05,5.0,0.0002891
BCD/BTC,1573465150135,2019-11-11T09:39:10.135Z,sell,5.778e-05,3.0,0.00017334
BCD/BTC,1573465150135,2019-11-11T09:39:10.135Z,sell,5.777e-05,527.0,0.03044479
BCD/BTC,1573465150313,2019-11-11T09:39:10.313Z,sell,5.817e-05,101.0,0.00587517
BCD/BTC,1573465150313,2019-11-11T09:39:10.313Z,sell,5.777e-05,112.0,0.0064702399999999
BCD/BTC,1573465150313,2019-11-11T09:39:10.313Z,sell,5.773e-05,13.0,0.0007504899999999
BCD/BTC,1573465150313,2019-11-11T09:39:10.313Z,sell,5.772e-05,131.0,0.00756132
BCD/BTC,1573465150313,2019-11-11T09:39:10.313Z,sell,5.769e-05,253.0,0.0145955699999999
BCD/BTC,1573465150313,2019-11-11T09:39:10.313Z,sell,5.766e-05,390.0,0.0224874
BCD/BTC,1573465151033,2019-11-11T09:39:11.033Z,sell,5.817e-05,22.0,0.00127974
BCD/BTC,1573465151112,2019-11-11T09:39:11.112Z,sell,5.817e-05,5.0,0.00029085
BCD/BTC,1573465153342,2019-11-11T09:39:13.342Z,sell,5.817e-05,3.0,0.00017451
BCD/BTC,1573465217890,2019-11-11T09:40:17.890Z,sell,5.789e-05,9.0,0.00052101
BCD/BTC,1573465231234,2019-11-11T09:40:31.234Z,sell,5.789e-05,22.0,0.00127358
BCD/BTC,1573465231350,2019-11-11T09:40:31.350Z,sell,5.789e-05,21.0,0.00121569
BCD/BTC,1573465256329,2019-11-11T09:40:56.329Z,buy,5.82e-05,13.0,0.0007566
BCD/BTC,1573465256354,2019-11-11T09:40:56.354Z,sell,5.829e-05,122.0,0.00711138
BCD/BTC,1573465256432,2019-11-11T09:40:56.432Z,sell,5.829e-05,122.0,0.00711138
BCD/BTC,1573465265435,2019-11-11T09:41:05.435Z,sell,5.789e-05,225.0,0.01302525
BCD/BTC,1573465267222,2019-11-11T09:41:07.222Z,sell,5.792e-05,72.0,0.00417024
BCD/BTC,1573465272756,2019-11-11T09:41:12.756Z,sell,5.785e-05,3.0,0.00017355
BCD/BTC,1573465272756,2019-11-11T09:41:12.756Z,sell,5.784e-05,91.0,0.00526344
BCD/BTC,1573465272756,2019-11-11T09:41:12.756Z,sell,5.782e-05,22.0,0.0012720399999999
BCD/BTC,1573465272756,2019-11-11T09:41:12.756Z,sell,5.778e-05,3.0,0.00017334
BCD/BTC,1573465272780,2019-11-11T09:41:12.780Z,buy,5.777e-05,50.0,0.0028885
BCD/BTC,1573465274684,2019-11-11T09:41:14.684Z,sell,5.774e-05,31.0,0.00178994
BCD/BTC,1573465274684,2019-11-11T09:41:14.684Z,sell,5.773e-05,13.0,0.0007504899999999
BCD/BTC,1573465274684,2019-11-11T09:41:14.684Z,sell,5.769e-05,5.0,0.00028845
BCD/BTC,1573465274684,2019-11-11T09:41:14.684Z,sell,5.767e-05,26.0,0.00149942
BCD/BTC,1573465275031,2019-11-11T09:41:15.031Z,sell,5.811e-05,2.0,0.00011622
BCD/BTC,1573465283652,2019-11-11T09:41:23.652Z,sell,5.774e-05,11.0,0.00063514
BCD/BTC,1573465286887,2019-11-11T09:41:26.887Z,sell,5.776e-05,10.0,0.0005776
BCD/BTC,1573465288177,2019-11-11T09:41:28.177Z,sell,5.776e-05,65.0,0.0037544
BCD/BTC,1573465288177,2019-11-11T09:41:28.177Z,sell,5.774e-05,179.0,0.01033546
BCD/BTC,1573465292340,2019-11-11T09:41:32.340Z,sell,5.776e-05,14.0,0.00080864
BCD/BTC,1573465292390,2019-11-11T09:41:32.390Z,sell,5.776e-05,30.0,0.0017328
BCD/BTC,1573465292403,2019-11-11T09:41:32.403Z,sell,5.776e-05,13.0,0.00075088
BCD/BTC,1573465298134,2019-11-11T09:41:38.134Z,sell,5.776e-05,72.0,0.00415872
BCD/BTC,1573465298134,2019-11-11T09:41:38.134Z,sell,5.774e-05,250.0,0.014435
BCD/BTC,1573465298313,2019-11-11T09:41:38.313Z,sell,5.766e-05,162.0,0.00934092
BCD/BTC,1573465298405,2019-11-11T09:41:38.405Z,sell,5.766e-05,103.0,0.00593898
BCD/BTC,1573465298561,2019-11-11T09:41:38.561Z,sell,5.766e-05,96.0,0.00553536
BCD/BTC,1573465298684,2019-11-11T09:41:38.684Z,sell,5.766e-05,125.0,0.0072075
BCD/BTC,1573465298877,2019-11-11T09:41:38.877Z,sell,5.766e-05,35.0,0.0020181
BCD/BTC,1573465298877,2019-11-11T09:41:38.877Z,sell,5.765e-05,32.0,0.0018448
BCD/BTC,1573465298971,2019-11-11T09:41:38.971Z,buy,5.76e-05,12.0,0.0006912
BCD/BTC,1573465299090,2019-11-11T09:41:39.090Z,buy,5.759e-05,19.0,0.00109421
BCD/BTC,1573465299130,2019-11-11T09:41:39.130Z,buy,5.759e-05,39.0,0.00224601
BCD/BTC,1573465300605,2019-11-11T09:41:40.605Z,sell,5.756e-05,3.0,0.0001726799999999
BCD/BTC,1573465301552,2019-11-11T09:41:41.552Z,buy,5.768e-05,104.0,0.00599872
BCD/BTC,1573465302994,2019-11-11T09:41:42.994Z,buy,5.768e-05,83.0,0.00478744
BCD/BTC,1573465304892,2019-11-11T09:41:44.892Z,buy,5.768e-05,60.0,0.0034608
BCD/BTC,1573465306391,2019-11-11T09:41:46.391Z,sell,5.756e-05,30.0,0.0017268
BCD/BTC,1573465311727,2019-11-11T09:41:51.727Z,buy,5.768e-05,69.0,0.00397992
BCD/BTC,1573465313530,2019-11-11T09:41:53.530Z,sell,5.756e-05,126.0,0.00725256
BCD/BTC,1573465313530,2019-11-11T09:41:53.530Z,sell,5.755e-05,17.0,0.00097835
BCD/BTC,1573465313530,2019-11-11T09:41:53.530Z,sell,5.753e-05,105.0,0.00604065
BCD/BTC,1573465313530,2019-11-11T09:41:53.530Z,sell,5.753e-05,3.0,0.00017259
BCD/BTC,1573465347414,2019-11-11T09:42:27.414Z,buy,5.768e-05,1.0,5.768e-05
BCD/BTC,1573465392506,2019-11-11T09:43:12.506Z,sell,5.754e-05,92.0,0.00529368
BCD/BTC,1573465392506,2019-11-11T09:43:12.506Z,sell,5.753e-05,132.0,0.00759396
BCD/BTC,1573465392564,2019-11-11T09:43:12.564Z,sell,5.753e-05,318.0,0.01829454
BCD/BTC,1573465392564,2019-11-11T09:43:12.564Z,sell,5.752e-05,26.0,0.00149552
BCD/BTC,1573465392586,2019-11-11T09:43:12.586Z,sell,5.752e-05,43.0,0.00247336
BCD/BTC,1573465392586,2019-11-11T09:43:12.586Z,sell,5.751e-05,262.0,0.01506762
BCD/BTC,1573465393678,2019-11-11T09:43:13.678Z,sell,5.751e-05,184.0,0.01058184
BCD/BTC,1573465393704,2019-11-11T09:43:13.704Z,sell,5.751e-05,224.0,0.01288224
BCD/BTC,1573465393748,2019-11-11T09:43:13.748Z,sell,5.751e-05,74.0,0.00425574
BCD/BTC,1573465393748,2019-11-11T09:43:13.748Z,sell,5.75e-05,123.0,0.0070725
BCD/BTC,1573465394765,2019-11-11T09:43:14.765Z,sell,5.75e-05,187.0,0.0107525
BCD/BTC,1573465394804,2019-11-11T09:43:14.804Z,sell,5.75e-05,37.0,0.0021275
BCD/BTC,1573465394804,2019-11-11T09:43:14.804Z,sell,5.748e-05,22.0,0.00126456
BCD/BTC,1573465394804,2019-11-11T09:43:14.804Z,sell,5.747e-05,5.0,0.0002873499999999
BCD/BTC,1573465394804,2019-11-11T09:43:14.804Z,sell,5.743e-05,3.0,0.00017229
BCD/BTC,1573465394804,2019-11-11T09:43:14.804Z,sell,5.741e-05,100.0,0.005741
BCD/BTC,1573465394834,2019-11-11T09:43:14.834Z,sell,5.741e-05,159.0,0.00912819
BCD/BTC,1573465395289,2019-11-11T09:43:15.289Z,sell,5.741e-05,30.0,0.0017223
BCD/BTC,1573465397765,2019-11-11T09:43:17.765Z,buy,5.762e-05,25.0,0.0014405
BCD/BTC,1573465399097,2019-11-11T09:43:19.097Z,buy,5.762e-05,10.0,0.0005762
BCD/BTC,1573465399097,2019-11-11T09:43:19.097Z,buy,5.763e-05,179.0,0.01031577
BCD/BTC,1573465412276,2019-11-11T09:43:32.276Z,buy,5.767e-05,249.0,0.01435983
BCD/BTC,1573465415429,2019-11-11T09:43:35.429Z,buy,5.767e-05,52.0,0.00299884
BCD/BTC,1573465431852,2019-11-11T09:43:51.852Z,buy,5.767e-05,3.0,0.00017301
BCD/BTC,1573465433709,2019-11-11T09:43:53.709Z,sell,5.763e-05,6.0,0.00034578
BCD/BTC,1573465433709,2019-11-11T09:43:53.709Z,sell,5.756e-05,3.0,0.0001726799999999
BCD/BTC,1573465433930,2019-11-11T09:43:53.930Z,sell,5.756e-05,4.0,0.00023024
BCD/BTC,1573465441928,2019-11-11T09:44:01.928Z,buy,5.75e-05,5.0,0.0002875
BCD/BTC,1573465442091,2019-11-11T09:44:02.091Z,sell,5.755e-05,105.0,0.00604275
BCD/BTC,1573465442328,2019-11-11T09:44:02.328Z,sell,5.755e-05,59.0,0.00339545
BCD/BTC,1573465442369,2019-11-11T09:44:02.369Z,sell,5.755e-05,52.0,0.0029926
BCD/BTC,1573465442483,2019-11-11T09:44:02.483Z,buy,5.749e-05,2.0,0.00011498
BCD/BTC,1573465456801,2019-11-11T09:44:16.801Z,buy,5.749e-05,7.0,0.00040243
BCD/BTC,1573465457875,2019-11-11T09:44:17.875Z,sell,5.742e-05,5.0,0.0002871
BCD/BTC,1573465644244,2019-11-11T09:47:24.244Z,sell,5.749e-05,205.0,0.01178545
BCD/BTC,1573465644325,2019-11-11T09:47:24.325Z,sell,5.749e-05,199.0,0.01144051
BCD/BTC,1573465644325,2019-11-11T09:47:24.325Z,sell,5.748e-05,229.0,0.01316292
BCD/BTC,1573465644361,2019-11-11T09:47:24.361Z,sell,5.748e-05,290.0,0.0166692
BCD/BTC,1573465644474,2019-11-11T09:47:24.474Z,sell,5.748e-05,165.0,0.0094842
BCD/BTC,1573465646035,2019-11-11T09:47:26.035Z,buy,5.768e-05,1240.0,0.0715232
BCD/BTC,1573465646336,2019-11-11T09:47:26.336Z,sell,5.749e-05,110.0,0.0063239
BCD/BTC,1573465646336,2019-11-11T09:47:26.336Z,sell,5.748e-05,95.0,0.0054605999999999
BCD/BTC,1573465646449,2019-11-11T09:47:26.449Z,sell,5.748e-05,47.0,0.00270156
BCD/BTC,1573465646449,2019-11-11T09:47:26.449Z,sell,5.747e-05,243.0,0.0139652099999999
BCD/BTC,1573465672354,2019-11-11T09:47:52.354Z,buy,5.768e-05,1135.0,0.0654667999999999
BCD/BTC,1573465808085,2019-11-11T09:50:08.085Z,buy,5.767e-05,346.0,0.01995382
BCD/BTC,1573465815486,2019-11-11T09:50:15.486Z,sell,5.767e-05,376.0,0.02168392
BCD/BTC,1573465828289,2019-11-11T09:50:28.289Z,sell,5.745e-05,2.0,0.0001149
BCD/BTC,1573465850468,2019-11-11T09:50:50.468Z,buy,5.768e-05,259.0,0.0149391199999999
BCD/BTC,1573465862310,2019-11-11T09:51:02.310Z,buy,5.768e-05,645.0,0.0372035999999999
BCD/BTC,1573465999760,2019-11-11T09:53:19.760Z,sell,5.746e-05,128.0,0.00735488
BCD/BTC,1573465999919,2019-11-11T09:53:19.919Z,sell,5.746e-05,219.0,0.01258374
BCD/BTC,1573465999919,2019-11-11T09:53:19.919Z,sell,5.745e-05,48.0,0.0027576
BCD/BTC,1573465999955,2019-11-11T09:53:19.955Z,sell,5.745e-05,21.0,0.00120645
BCD/BTC,1573465999955,2019-11-11T09:53:19.955Z,sell,5.744e-05,99.0,0.00568656
BCD/BTC,1573466001524,2019-11-11T09:53:21.524Z,sell,5.744e-05,38.0,0.00218272
BCD/BTC,1573466001765,2019-11-11T09:53:21.765Z,sell,5.744e-05,35.0,0.0020104
BCD/BTC,1573466001767,2019-11-11T09:53:21.767Z,sell,5.744e-05,40.0,0.0022976
BCD/BTC,1573466002515,2019-11-11T09:53:22.515Z,sell,5.743e-05,58.0,0.0033309399999999
BCD/BTC,1573466008420,2019-11-11T09:53:28.420Z,sell,5.745e-05,24.0,0.0013788
BCD/BTC,1573466008678,2019-11-11T09:53:28.678Z,sell,5.745e-05,13.0,0.00074685
BCD/BTC,1573466008718,2019-11-11T09:53:28.718Z,sell,5.745e-05,30.0,0.0017235
BCD/BTC,1573466009164,2019-11-11T09:53:29.164Z,sell,5.745e-05,2.0,0.0001149
BCD/BTC,1573466009164,2019-11-11T09:53:29.164Z,sell,5.743e-05,28.0,0.0016080399999999
BCD/BTC,1573466010845,2019-11-11T09:53:30.845Z,sell,5.743e-05,161.0,0.00924623
BCD/BTC,1573466010913,2019-11-11T09:53:30.913Z,sell,5.743e-05,315.0,0.0180904499999999
BCD/BTC,1573466010957,2019-11-11T09:53:30.957Z,sell,5.743e-05,152.0,0.00872936
BCD/BTC,1573466011750,2019-11-11T09:53:31.750Z,sell,5.743e-05,128.0,0.00735104
BCD/BTC,1573466011829,2019-11-11T09:53:31.829Z,sell,5.743e-05,132.0,0.00758076
BCD/BTC,1573466017880,2019-11-11T09:53:37.880Z,buy,5.764e-05,73.0,0.00420772
BCD/BTC,1573466017880,2019-11-11T09:53:37.880Z,buy,5.765e-05,347.0,0.02000455
BCD/BTC,1573466017880,2019-11-11T09:53:37.880Z,buy,5.766e-05,22.0,0.00126852
BCD/BTC,1573466026417,2019-11-11T09:53:46.417Z,sell,5.744e-05,31.0,0.00178064
BCD/BTC,1573466027435,2019-11-11T09:53:47.435Z,sell,5.744e-05,78.0,0.00448032
BCD/BTC,1573466027819,2019-11-11T09:53:47.819Z,sell,5.744e-05,20.0,0.0011488
BCD/BTC,1573466031423,2019-11-11T09:53:51.423Z,sell,5.745e-05,317.0,0.01821165
BCD/BTC,1573466089937,2019-11-11T09:54:49.937Z,buy,5.764e-05,348.0,0.02005872
BCD/BTC,1573466089937,2019-11-11T09:54:49.937Z,buy,5.766e-05,125.0,0.0072075
BCD/BTC,1573466089937,2019-11-11T09:54:49.937Z,buy,5.767e-05,859.0,0.04953853
BCD/BTC,1573466089937,2019-11-11T09:54:49.937Z,buy,5.768e-05,3402.0,0.19622736
BCD/BTC,1573466097092,2019-11-11T09:54:57.092Z,sell,5.747e-05,249.0,0.01431003
BCD/BTC,1573466115448,2019-11-11T09:55:15.448Z,sell,5.747e-05,113.0,0.00649411
BCD/BTC,1573466115687,2019-11-11T09:55:15.687Z,sell,5.747e-05,155.0,0.00890785
BCD/BTC,1573466115875,2019-11-11T09:55:15.875Z,sell,5.741e-05,6.0,0.00034446
BCD/BTC,1573466116202,2019-11-11T09:55:16.202Z,buy,5.741e-05,460.0,0.0264086
BCD/BTC,1573466117864,2019-11-11T09:55:17.864Z,sell,5.747e-05,192.0,0.0110342399999999
BCD/BTC,1573466118036,2019-11-11T09:55:18.036Z,sell,5.748e-05,213.0,0.0122432399999999
BCD/BTC,1573466118325,2019-11-11T09:55:18.325Z,sell,5.748e-05,20.0,0.0011496
BCD/BTC,1573466118325,2019-11-11T09:55:18.325Z,sell,5.747e-05,204.0,0.0117238799999999
BCD/BTC,1573466118500,2019-11-11T09:55:18.500Z,sell,5.748e-05,102.0,0.0058629599999999
BCD/BTC,1573466120058,2019-11-11T09:55:20.058Z,sell,5.748e-05,54.0,0.00310392
BCD/BTC,1573466120058,2019-11-11T09:55:20.058Z,sell,5.747e-05,133.0,0.0076435099999999
BCD/BTC,1573466120214,2019-11-11T09:55:20.214Z,sell,5.747e-05,300.0,0.017241
BCD/BTC,1573466145294,2019-11-11T09:55:45.294Z,sell,5.747e-05,297.0,0.0170685899999999
BCD/BTC,1573466156579,2019-11-11T09:55:56.579Z,sell,5.747e-05,9.0,0.0005172299999999
BCD/BTC,1573466156623,2019-11-11T09:55:56.623Z,sell,5.747e-05,1.0,5.747e-05
BCD/BTC,1573466157512,2019-11-11T09:55:57.512Z,buy,5.741e-05,8.0,0.00045928
BCD/BTC,1573466157681,2019-11-11T09:55:57.681Z,sell,5.747e-05,2.0,0.00011494
BCD/BTC,1573466157681,2019-11-11T09:55:57.681Z,sell,5.734e-05,5.0,0.0002867
BCD/BTC,1573466157681,2019-11-11T09:55:57.681Z,sell,5.731e-05,104.0,0.0059602399999999
BCD/BTC,1573466157681,2019-11-11T09:55:57.681Z,sell,5.73e-05,28.0,0.0016044
BCD/BTC,1573466158189,2019-11-11T09:55:58.189Z,sell,5.732e-05,173.0,0.00991636
BCD/BTC,1573466159524,2019-11-11T09:55:59.524Z,sell,5.733e-05,69.0,0.00395577
BCD/BTC,1573466159524,2019-11-11T09:55:59.524Z,sell,5.732e-05,309.0,0.01771188
BCD/BTC,1573466164634,2019-11-11T09:56:04.634Z,sell,5.737e-05,70.0,0.0040159
BCD/BTC,1573466164634,2019-11-11T09:56:04.634Z,sell,5.736e-05,355.0,0.0203628
BCD/BTC,1573466164739,2019-11-11T09:56:04.739Z,sell,5.737e-05,69.0,0.00395853
BCD/BTC,1573466164739,2019-11-11T09:56:04.739Z,sell,5.736e-05,431.0,0.02472216
BCD/BTC,1573466165593,2019-11-11T09:56:05.593Z,sell,5.736e-05,419.0,0.02403384
BCD/BTC,1573466166012,2019-11-11T09:56:06.012Z,buy,5.73e-05,81.0,0.0046413
BCD/BTC,1573466166800,2019-11-11T09:56:06.800Z,sell,5.73e-05,233.0,0.0133508999999999
BCD/BTC,1573466168738,2019-11-11T09:56:08.738Z,sell,5.73e-05,262.0,0.0150126
BCD/BTC,1573466169002,2019-11-11T09:56:09.002Z,sell,5.73e-05,30.0,0.0017189999999999
BCD/BTC,1573466169185,2019-11-11T09:56:09.185Z,sell,5.73e-05,124.0,0.0071052
BCD/BTC,1573466169358,2019-11-11T09:56:09.358Z,sell,5.73e-05,94.0,0.0053862
BCD/BTC,1573466169358,2019-11-11T09:56:09.358Z,sell,5.729e-05,42.0,0.00240618
BCD/BTC,1573466169638,2019-11-11T09:56:09.638Z,sell,5.729e-05,10.0,0.0005729
BCD/BTC,1573466172067,2019-11-11T09:56:12.067Z,sell,5.729e-05,108.0,0.00618732
BCD/BTC,1573466174294,2019-11-11T09:56:14.294Z,sell,5.757e-05,2.0,0.00011514
BCD/BTC,1573466174294,2019-11-11T09:56:14.294Z,sell,5.729e-05,129.0,0.00739041
BCD/BTC,1573466174508,2019-11-11T09:56:14.508Z,sell,5.729e-05,75.0,0.00429675
BCD/BTC,1573466174508,2019-11-11T09:56:14.508Z,sell,5.727e-05,39.0,0.00223353
BCD/BTC,1573466174508,2019-11-11T09:56:14.508Z,sell,5.726e-05,20.0,0.0011451999999999
BCD/BTC,1573466174961,2019-11-11T09:56:14.961Z,buy,5.757e-05,2.0,0.00011514
BCD/BTC,1573466175088,2019-11-11T09:56:15.088Z,sell,5.757e-05,128.0,0.00736896
BCD/BTC,1573466184424,2019-11-11T09:56:24.424Z,sell,5.727e-05,87.0,0.00498249
BCD/BTC,1573466186434,2019-11-11T09:56:26.434Z,sell,5.727e-05,190.0,0.0108813
BCD/BTC,1573466186838,2019-11-11T09:56:26.838Z,sell,5.727e-05,18.0,0.00103086
BCD/BTC,1573466186861,2019-11-11T09:56:26.861Z,sell,5.727e-05,116.0,0.0066433199999999
BCD/BTC,1573466187624,2019-11-11T09:56:27.624Z,sell,5.727e-05,221.0,0.01265667
BCD/BTC,1573466206339,2019-11-11T09:56:46.339Z,sell,5.727e-05,126.0,0.00721602
BCD/BTC,1573466206398,2019-11-11T09:56:46.398Z,sell,5.727e-05,107.0,0.0061278899999999
BCD/BTC,1573466276292,2019-11-11T09:57:56.292Z,sell,5.74e-05,412.0,0.0236488
BCD/BTC,1573466276296,2019-11-11T09:57:56.296Z,sell,5.74e-05,161.0,0.0092414
BCD/BTC,1573466276561,2019-11-11T09:57:56.561Z,sell,5.74e-05,502.0,0.0288147999999999
BCD/BTC,1573466276566,2019-11-11T09:57:56.566Z,sell,5.74e-05,281.0,0.0161294
BCD/BTC,1573466277852,2019-11-11T09:57:57.852Z,sell,5.74e-05,91.0,0.0052234
BCD/BTC,1573466278169,2019-11-11T09:57:58.169Z,sell,5.74e-05,81.0,0.0046494
BCD/BTC,1573466287625,2019-11-11T09:58:07.625Z,sell,5.74e-05,161.0,0.0092414
BCD/BTC,1573466287784,2019-11-11T09:58:07.784Z,sell,5.74e-05,37.0,0.0021238
BCD/BTC,1573466287871,2019-11-11T09:58:07.871Z,sell,5.74e-05,150.0,0.00861
BCD/BTC,1573466295997,2019-11-11T09:58:15.997Z,buy,5.73e-05,16.0,0.0009168
BCD/BTC,1573466314742,2019-11-11T09:58:34.742Z,sell,5.754e-05,111.0,0.00638694
BCD/BTC,1573466347156,2019-11-11T09:59:07.156Z,sell,5.73e-05,100.0,0.00573
BCD/BTC,1573466354821,2019-11-11T09:59:14.821Z,buy,5.754e-05,46.0,0.00264684
BCD/BTC,1573466406823,2019-11-11T10:00:06.823Z,buy,5.757e-05,260.0,0.0149682
BCD/BTC,1573466789364,2019-11-11T10:06:29.364Z,sell,5.739e-05,119.0,0.0068294099999999
BCD/BTC,1573466789382,2019-11-11T10:06:29.382Z,sell,5.739e-05,53.0,0.00304167
BCD/BTC,1573466789697,2019-11-11T10:06:29.697Z,sell,5.739e-05,67.0,0.00384513
BCD/BTC,1573466790708,2019-11-11T10:06:30.708Z,sell,5.739e-05,86.0,0.0049355399999999
BCD/BTC,1573466791189,2019-11-11T10:06:31.189Z,sell,5.739e-05,54.0,0.00309906
BCD/BTC,1573466792961,2019-11-11T10:06:32.961Z,sell,5.739e-05,9.0,0.00051651
BCD/BTC,1573466794774,2019-11-11T10:06:34.774Z,sell,5.739e-05,6.0,0.00034434
BCD/BTC,1573466794774,2019-11-11T10:06:34.774Z,sell,5.738e-05,24.0,0.00137712
BCD/BTC,1573466795665,2019-11-11T10:06:35.665Z,sell,5.738e-05,38.0,0.00218044
BCD/BTC,1573466797785,2019-11-11T10:06:37.785Z,sell,5.738e-05,16.0,0.00091808
BCD/BTC,1573466799426,2019-11-11T10:06:39.426Z,sell,5.738e-05,9.0,0.00051642
BCD/BTC,1573466834441,2019-11-11T10:07:14.441Z,sell,5.738e-05,1.0,5.738e-05
BCD/BTC,1573466834441,2019-11-11T10:07:14.441Z,sell,5.736e-05,87.0,0.00499032
BCD/BTC,1573466834660,2019-11-11T10:07:14.660Z,sell,5.736e-05,266.0,0.01525776
BCD/BTC,1573466836670,2019-11-11T10:07:16.670Z,sell,5.736e-05,88.0,0.00504768
BCD/BTC,1573466837235,2019-11-11T10:07:17.235Z,sell,5.736e-05,40.0,0.0022944
BCD/BTC,1573466837235,2019-11-11T10:07:17.235Z,sell,5.734e-05,13.0,0.00074542
BCD/BTC,1573466845246,2019-11-11T10:07:25.246Z,sell,5.734e-05,235.0,0.0134749
BCD/BTC,1573467264469,2019-11-11T10:14:24.469Z,sell,5.734e-05,9.0,0.00051606
BCD/BTC,1573467411514,2019-11-11T10:16:51.514Z,sell,5.734e-05,14.0,0.00080276
BCD/BTC,1573467411626,2019-11-11T10:16:51.626Z,sell,5.734e-05,30.0,0.0017202
BCD/BTC,1573467414555,2019-11-11T10:16:54.555Z,sell,5.734e-05,25.0,0.0014335
BCD/BTC,1573467414578,2019-11-11T10:16:54.578Z,sell,5.734e-05,60.0,0.0034404
BCD/BTC,1573467624565,2019-11-11T10:20:24.565Z,buy,5.758e-05,260.0,0.0149708
BCD/BTC,1573467643614,2019-11-11T10:20:43.614Z,sell,5.758e-05,169.0,0.00973102
BCD/BTC,1573467643633,2019-11-11T10:20:43.633Z,sell,5.758e-05,313.0,0.01802254
BCD/BTC,1573467659986,2019-11-11T10:20:59.986Z,sell,5.735e-05,169.0,0.00969215
BCD/BTC,1573467888992,2019-11-11T10:24:48.992Z,buy,5.758e-05,334.0,0.01923172
BCD/BTC,1573467888992,2019-11-11T10:24:48.992Z,buy,5.765e-05,233.0,0.01343245
BCD/BTC,1573467888992,2019-11-11T10:24:48.992Z,buy,5.766e-05,39.0,0.00224874
BCD/BTC,1573467888992,2019-11-11T10:24:48.992Z,buy,5.767e-05,871.0,0.05023057
BCD/BTC,1573467888992,2019-11-11T10:24:48.992Z,buy,5.768e-05,1093.0,0.06304424
BCD/BTC,1573467889180,2019-11-11T10:24:49.180Z,sell,5.768e-05,182.0,0.01049776
BCD/BTC,1573467889264,2019-11-11T10:24:49.264Z,sell,5.768e-05,438.0,0.02526384
BCD/BTC,1573467891083,2019-11-11T10:24:51.083Z,sell,5.768e-05,268.0,0.01545824
BCD/BTC,1573467891216,2019-11-11T10:24:51.216Z,sell,5.768e-05,2.0,0.00011536
BCD/BTC,1573467891270,2019-11-11T10:24:51.270Z,sell,5.768e-05,196.0,0.01130528
BCD/BTC,1573467916716,2019-11-11T10:25:16.716Z,sell,5.767e-05,2.0,0.00011534
BCD/BTC,1573467940936,2019-11-11T10:25:40.936Z,buy,5.765e-05,156.0,0.0089934
BCD/BTC,1573467940936,2019-11-11T10:25:40.936Z,buy,5.766e-05,2.0,0.00011532
BCD/BTC,1573467940936,2019-11-11T10:25:40.936Z,buy,5.767e-05,17.0,0.00098039
BCD/BTC,1573467940936,2019-11-11T10:25:40.936Z,buy,5.769e-05,5.0,0.00028845
BCD/BTC,1573467940936,2019-11-11T10:25:40.936Z,buy,5.773e-05,13.0,0.0007504899999999
BCD/BTC,1573467940936,2019-11-11T10:25:40.936Z,buy,5.778e-05,3.0,0.00017334
BCD/BTC,1573467940936,2019-11-11T10:25:40.936Z,buy,5.78e-05,16.0,0.0009248
BCD/BTC,1573467940936,2019-11-11T10:25:40.936Z,buy,5.782e-05,22.0,0.0012720399999999
BCD/BTC,1573467940936,2019-11-11T10:25:40.936Z,buy,5.795e-05,17.0,0.00098515
BCD/BTC,1573467940962,2019-11-11T10:25:40.962Z,sell,5.798e-05,198.0,0.0114800399999999
BCD/BTC,1573467940973,2019-11-11T10:25:40.973Z,sell,5.798e-05,179.0,0.01037842
BCD/BTC,1573467940982,2019-11-11T10:25:40.982Z,sell,5.798e-05,436.0,0.0252792799999999
BCD/BTC,1573467940989,2019-11-11T10:25:40.989Z,sell,5.798e-05,67.0,0.00388466
BCD/BTC,1573467940992,2019-11-11T10:25:40.992Z,sell,5.798e-05,52.0,0.0030149599999999
BCD/BTC,1573467940996,2019-11-11T10:25:40.996Z,sell,5.798e-05,61.0,0.00353678
BCD/BTC,1573467941268,2019-11-11T10:25:41.268Z,sell,5.799e-05,2.0,0.00011598
BCD/BTC,1573467945290,2019-11-11T10:25:45.290Z,buy,5.789e-05,13.0,0.00075257
BCD/BTC,1573467947061,2019-11-11T10:25:47.061Z,buy,5.788e-05,104.0,0.00601952
BCD/BTC,1573467947061,2019-11-11T10:25:47.061Z,buy,5.789e-05,723.0,0.04185447
BCD/BTC,1573467947061,2019-11-11T10:25:47.061Z,buy,5.792e-05,107.0,0.00619744
BCD/BTC,1573467951646,2019-11-11T10:25:51.646Z,buy,5.785e-05,25.0,0.0014462499999999
BCD/BTC,1573467952117,2019-11-11T10:25:52.117Z,buy,5.785e-05,700.0,0.0404949999999999
BCD/BTC,1573467957572,2019-11-11T10:25:57.572Z,sell,5.752e-05,347.0,0.01995944
BCD/BTC,1573467957572,2019-11-11T10:25:57.572Z,sell,5.751e-05,46.0,0.00264546
BCD/BTC,1573467962696,2019-11-11T10:26:02.696Z,buy,5.782e-05,92.0,0.00531944
BCD/BTC,1573467962696,2019-11-11T10:26:02.696Z,buy,5.783e-05,347.0,0.02006701
BCD/BTC,1573467962696,2019-11-11T10:26:02.696Z,buy,5.784e-05,173.0,0.01000632
BCD/BTC,1573467962696,2019-11-11T10:26:02.696Z,buy,5.792e-05,440.0,0.0254848
BCD/BTC,1573467969139,2019-11-11T10:26:09.139Z,buy,5.789e-05,54.0,0.00312606
BCD/BTC,1573467969139,2019-11-11T10:26:09.139Z,buy,5.79e-05,245.0,0.0141855
BCD/BTC,1573467969139,2019-11-11T10:26:09.139Z,buy,5.792e-05,66.0,0.00382272
BCD/BTC,1573467969732,2019-11-11T10:26:09.732Z,sell,5.798e-05,5.0,0.0002899
BCD/BTC,1573467985624,2019-11-11T10:26:25.624Z,buy,5.798e-05,219.0,0.01269762
BCD/BTC,1573467985624,2019-11-11T10:26:25.624Z,buy,5.799e-05,2.0,0.00011598
BCD/BTC,1573467985624,2019-11-11T10:26:25.624Z,buy,5.802e-05,88.0,0.00510576
BCD/BTC,1573467985624,2019-11-11T10:26:25.624Z,buy,5.804e-05,32.0,0.00185728
BCD/BTC,1573467985624,2019-11-11T10:26:25.624Z,buy,5.805e-05,5.0,0.00029025
BCD/BTC,1573467985624,2019-11-11T10:26:25.624Z,buy,5.808e-05,4.0,0.00023232
BCD/BTC,1573467986031,2019-11-11T10:26:26.031Z,sell,5.808e-05,99.0,0.00574992
BCD/BTC,1573467989740,2019-11-11T10:26:29.740Z,sell,5.808e-05,91.0,0.00528528
BCD/BTC,1573467989740,2019-11-11T10:26:29.740Z,sell,5.808e-05,91.0,0.00528528
BCD/BTC,1573468025971,2019-11-11T10:27:05.971Z,buy,5.812e-05,3.0,0.00017436
BCD/BTC,1573468026226,2019-11-11T10:27:06.226Z,sell,5.812e-05,9.0,0.00052308
BCD/BTC,1573468026364,2019-11-11T10:27:06.364Z,sell,5.812e-05,9.0,0.00052308
BCD/BTC,1573468027401,2019-11-11T10:27:07.401Z,sell,5.812e-05,9.0,0.00052308
BCD/BTC,1573468027402,2019-11-11T10:27:07.402Z,sell,5.812e-05,9.0,0.00052308
BCD/BTC,1573468029553,2019-11-11T10:27:09.553Z,sell,5.812e-05,36.0,0.00209232
BCD/BTC,1573468115488,2019-11-11T10:28:35.488Z,sell,5.812e-05,4.0,0.00023248
BCD/BTC,1573468117290,2019-11-11T10:28:37.290Z,buy,5.817e-05,7.0,0.00040719
BCD/BTC,1573468158107,2019-11-11T10:29:18.107Z,buy,5.817e-05,2.0,0.00011634
BCD/BTC,1573468343640,2019-11-11T10:32:23.640Z,buy,5.817e-05,13.0,0.00075621
BCD/BTC,1573468343640,2019-11-11T10:32:23.640Z,buy,5.818e-05,1148.0,0.06679064
BCD/BTC,1573468361941,2019-11-11T10:32:41.941Z,sell,5.818e-05,69.0,0.00401442
BCD/BTC,1573468362609,2019-11-11T10:32:42.609Z,buy,5.82e-05,13.0,0.0007566
BCD/BTC,1573468425272,2019-11-11T10:33:45.272Z,buy,5.826e-05,1.0,5.826e-05
BCD/BTC,1573468562185,2019-11-11T10:36:02.185Z,sell,5.82e-05,36.0,0.0020951999999999
BCD/BTC,1573468563547,2019-11-11T10:36:03.547Z,sell,5.82e-05,4.0,0.0002328
BCD/BTC,1573469055970,2019-11-11T10:44:15.970Z,sell,5.82e-05,31.0,0.0018042
BCD/BTC,1573469055970,2019-11-11T10:44:15.970Z,sell,5.81e-05,233.0,0.0135373
BCD/BTC,1573469055970,2019-11-11T10:44:15.970Z,sell,5.809e-05,390.0,0.0226551
BCD/BTC,1573469055970,2019-11-11T10:44:15.970Z,sell,5.808e-05,20.0,0.0011616
BCD/BTC,1573469068675,2019-11-11T10:44:28.675Z,buy,5.825e-05,3.0,0.00017475
BCD/BTC,1573469071230,2019-11-11T10:44:31.230Z,sell,5.828e-05,92.0,0.00536176
BCD/BTC,1573469095117,2019-11-11T10:44:55.117Z,sell,5.83e-05,244.0,0.0142252
BCD/BTC,1573469410591,2019-11-11T10:50:10.591Z,sell,5.837e-05,2.0,0.00011674
BCD/BTC,1573469490332,2019-11-11T10:51:30.332Z,sell,5.837e-05,653.0,0.03811561
BCD/BTC,1573469490626,2019-11-11T10:51:30.626Z,sell,5.837e-05,5.0,0.0002918499999999
BCD/BTC,1573469668263,2019-11-11T10:54:28.263Z,sell,5.837e-05,5.0,0.0002918499999999
BCD/BTC,1573469702304,2019-11-11T10:55:02.304Z,sell,5.837e-05,26.0,0.00151762
BCD/BTC,1573469766200,2019-11-11T10:56:06.200Z,sell,5.837e-05,58.0,0.00338546
BCD/BTC,1573469900289,2019-11-11T10:58:20.289Z,sell,5.837e-05,25.0,0.00145925
BCD/BTC,1573470002309,2019-11-11T11:00:02.309Z,sell,5.837e-05,4.0,0.00023348
BCD/BTC,1573470046711,2019-11-11T11:00:46.711Z,sell,5.837e-05,76.0,0.00443612
BCD/BTC,1573470225158,2019-11-11T11:03:45.158Z,sell,5.837e-05,38.0,0.00221806
BCD/BTC,1573470225381,2019-11-11T11:03:45.381Z,sell,5.837e-05,46.0,0.0026850199999999
BCD/BTC,1573470225789,2019-11-11T11:03:45.789Z,sell,5.837e-05,22.0,0.00128414
BCD/BTC,1573470526524,2019-11-11T11:08:46.524Z,buy,5.837e-05,34.0,0.00198458
BCD/BTC,1573470672759,2019-11-11T11:11:12.759Z,sell,5.808e-05,46.0,0.00267168
BCD/BTC,1573470672759,2019-11-11T11:11:12.759Z,sell,5.808e-05,78.0,0.00453024
BCD/BTC,1573470672759,2019-11-11T11:11:12.759Z,sell,5.807e-05,25.0,0.00145175
BCD/BTC,1573470672759,2019-11-11T11:11:12.759Z,sell,5.807e-05,146.0,0.00847822
BCD/BTC,1573470672779,2019-11-11T11:11:12.779Z,buy,5.793e-05,66.0,0.00382338
BCD/BTC,1573470672779,2019-11-11T11:11:12.779Z,sell,5.789e-05,64.0,0.00370496
BCD/BTC,1573470672779,2019-11-11T11:11:12.779Z,sell,5.788e-05,17.0,0.00098396
BCD/BTC,1573470672787,2019-11-11T11:11:12.787Z,buy,5.786e-05,38.0,0.0021986799999999
BCD/BTC,1573470672794,2019-11-11T11:11:12.794Z,buy,5.786e-05,64.0,0.00370304
BCD/BTC,1573470672798,2019-11-11T11:11:12.798Z,buy,5.786e-05,108.0,0.00624888
BCD/BTC,1573470672803,2019-11-11T11:11:12.803Z,buy,5.786e-05,103.0,0.00595958
BCD/BTC,1573470672806,2019-11-11T11:11:12.806Z,buy,5.786e-05,108.0,0.00624888
BCD/BTC,1573470672850,2019-11-11T11:11:12.850Z,buy,5.786e-05,16.0,0.00092576
BCD/BTC,1573470672850,2019-11-11T11:11:12.850Z,buy,5.793e-05,20.0,0.0011586
BCD/BTC,1573470672850,2019-11-11T11:11:12.850Z,buy,5.796e-05,29.0,0.00168084
BCD/BTC,1573470676652,2019-11-11T11:11:16.652Z,buy,5.807e-05,101.0,0.00586507
BCD/BTC,1573470676660,2019-11-11T11:11:16.660Z,buy,5.807e-05,41.0,0.0023808699999999
BCD/BTC,1573470676660,2019-11-11T11:11:16.660Z,buy,5.808e-05,46.0,0.00267168
BCD/BTC,1573470678228,2019-11-11T11:11:18.228Z,buy,5.807e-05,39.0,0.00226473
BCD/BTC,1573470680402,2019-11-11T11:11:20.402Z,buy,5.808e-05,68.0,0.00394944
BCD/BTC,1573470809513,2019-11-11T11:13:29.513Z,buy,5.828e-05,86.0,0.0050120799999999
BCD/BTC,1573471159537,2019-11-11T11:19:19.537Z,buy,5.829e-05,17.0,0.00099093
BCD/BTC,1573471159537,2019-11-11T11:19:19.537Z,buy,5.829e-05,17.0,0.00099093
BCD/BTC,1573471633805,2019-11-11T11:27:13.805Z,buy,5.836e-05,2.0,0.00011672
BCD/BTC,1573471752707,2019-11-11T11:29:12.707Z,sell,5.819e-05,2.0,0.00011638
BCD/BTC,1573471790607,2019-11-11T11:29:50.607Z,buy,5.834e-05,175.0,0.0102095
BCD/BTC,1573471790607,2019-11-11T11:29:50.607Z,buy,5.836e-05,175.0,0.010213
BCD/BTC,1573471854151,2019-11-11T11:30:54.151Z,buy,5.836e-05,43.0,0.0025094799999999
BCD/BTC,1573471864831,2019-11-11T11:31:04.831Z,buy,5.836e-05,26.0,0.00151736
BCD/BTC,1573471864994,2019-11-11T11:31:04.994Z,buy,5.837e-05,540.0,0.0315198
BCD/BTC,1573472449194,2019-11-11T11:40:49.194Z,sell,5.837e-05,12.0,0.00070044
BCD/BTC,1573472449194,2019-11-11T11:40:49.194Z,sell,5.836e-05,1009.0,0.05888524
BCD/BTC,1573472758088,2019-11-11T11:45:58.088Z,sell,5.836e-05,12.0,0.0007003199999999
BCD/BTC,1573472975610,2019-11-11T11:49:35.610Z,sell,5.835e-05,252.0,0.0147042
BCD/BTC,1573472975668,2019-11-11T11:49:35.668Z,sell,5.835e-05,76.0,0.0044346
BCD/BTC,1573472975724,2019-11-11T11:49:35.724Z,sell,5.835e-05,30.0,0.0017505
BCD/BTC,1573472975777,2019-11-11T11:49:35.777Z,sell,5.835e-05,19.0,0.00110865
BCD/BTC,1573473186853,2019-11-11T11:53:06.853Z,buy,5.836e-05,361.0,0.02106796
BCD/BTC,1573473186853,2019-11-11T11:53:06.853Z,buy,5.84e-05,5.0,0.000292
BCD/BTC,1573473186853,2019-11-11T11:53:06.853Z,buy,5.841e-05,7.0,0.00040887
BCD/BTC,1573473186853,2019-11-11T11:53:06.853Z,buy,5.844e-05,35.0,0.0020454
BCD/BTC,1573473186853,2019-11-11T11:53:06.853Z,buy,5.845e-05,2.0,0.0001169
BCD/BTC,1573473186853,2019-11-11T11:53:06.853Z,buy,5.847e-05,3.0,0.00017541
BCD/BTC,1573473186853,2019-11-11T11:53:06.853Z,buy,5.851e-05,543.0,0.03177093
BCD/BTC,1573473186853,2019-11-11T11:53:06.853Z,buy,5.852e-05,279.0,0.01632708
BCD/BTC,1573473186853,2019-11-11T11:53:06.853Z,buy,5.853e-05,131.0,0.0076674299999999
BCD/BTC,1573473186853,2019-11-11T11:53:06.853Z,buy,5.858e-05,1606.0,0.09407948
BCD/BTC,1573473188844,2019-11-11T11:53:08.844Z,buy,5.846e-05,2.0,0.00011692
BCD/BTC,1573473210855,2019-11-11T11:53:30.855Z,buy,5.843e-05,396.0,0.02313828
BCD/BTC,1573473210855,2019-11-11T11:53:30.855Z,buy,5.858e-05,128.0,0.00749824
BCD/BTC,1573473210855,2019-11-11T11:53:30.855Z,buy,5.859e-05,211.0,0.01236249
BCD/BTC,1573473214496,2019-11-11T11:53:34.496Z,buy,5.859e-05,244.0,0.01429596
BCD/BTC,1573473553909,2019-11-11T11:59:13.909Z,sell,5.839e-05,419.0,0.02446541
BCD/BTC,1573473569859,2019-11-11T11:59:29.859Z,sell,5.839e-05,263.0,0.01535657
BCD/BTC,1573473961175,2019-11-11T12:06:01.175Z,sell,5.825e-05,91.0,0.00530075
BCD/BTC,1573474443123,2019-11-11T12:14:03.123Z,buy,5.839e-05,217.0,0.01267063
BCD/BTC,1573474463547,2019-11-11T12:14:23.547Z,sell,5.84e-05,15.0,0.000876
BCD/BTC,1573474555062,2019-11-11T12:15:55.062Z,buy,5.853e-05,106.0,0.00620418
BCD/BTC,1573474555062,2019-11-11T12:15:55.062Z,buy,5.854e-05,69.0,0.00403926
BCD/BTC,1573474555062,2019-11-11T12:15:55.062Z,buy,5.855e-05,159.0,0.00930945
BCD/BTC,1573474555062,2019-11-11T12:15:55.062Z,buy,5.856e-05,1028.0,0.06019968
BCD/BTC,1573474555122,2019-11-11T12:15:55.122Z,sell,5.856e-05,68.0,0.00398208
BCD/BTC,1573474577138,2019-11-11T12:16:17.138Z,sell,5.856e-05,2.0,0.00011712
BCD/BTC,1573474605158,2019-11-11T12:16:45.158Z,sell,5.856e-05,121.0,0.00708576
BCD/BTC,1573474608640,2019-11-11T12:16:48.640Z,sell,5.857e-05,257.0,0.01505249
BCD/BTC,1573474623911,2019-11-11T12:17:03.911Z,sell,5.857e-05,168.0,0.00983976
BCD/BTC,1573474623911,2019-11-11T12:17:03.911Z,sell,5.856e-05,1146.0,0.06710976
BCD/BTC,1573474623911,2019-11-11T12:17:03.911Z,sell,5.857e-05,168.0,0.00983976
BCD/BTC,1573474623911,2019-11-11T12:17:03.911Z,sell,5.856e-05,1146.0,0.06710976
BCD/BTC,1573474825948,2019-11-11T12:20:25.948Z,buy,5.858e-05,2.0,0.00011716
BCD/BTC,1573475522905,2019-11-11T12:32:02.905Z,sell,5.856e-05,27.0,0.00158112
BCD/BTC,1573475527677,2019-11-11T12:32:07.677Z,buy,5.857e-05,341.0,0.01997237
BCD/BTC,1573475527677,2019-11-11T12:32:07.677Z,buy,5.858e-05,88.0,0.00515504
BCD/BTC,1573476120094,2019-11-11T12:42:00.094Z,buy,5.855e-05,82.0,0.0048011
BCD/BTC,1573476120094,2019-11-11T12:42:00.094Z,buy,5.856e-05,88.0,0.00515328
BCD/BTC,1573476237210,2019-11-11T12:43:57.210Z,buy,5.855e-05,1.0,5.855e-05
BCD/BTC,1573476619654,2019-11-11T12:50:19.654Z,buy,5.851e-05,42.0,0.00245742
BCD/BTC,1573477420497,2019-11-11T13:03:40.497Z,buy,5.856e-05,52.0,0.00304512
BCD/BTC,1573478169790,2019-11-11T13:16:09.790Z,buy,5.856e-05,4.0,0.00023424
BCD/BTC,1573478169790,2019-11-11T13:16:09.790Z,buy,5.856e-05,4.0,0.00023424
BCD/BTC,1573478368335,2019-11-11T13:19:28.335Z,sell,5.855e-05,36.0,0.0021078
BCD/BTC,1573479623432,2019-11-11T13:40:23.432Z,buy,5.855e-05,54.0,0.0031617
BCD/BTC,1573479627985,2019-11-11T13:40:27.985Z,buy,5.855e-05,108.0,0.0063234
BCD/BTC,1573479814831,2019-11-11T13:43:34.831Z,buy,5.856e-05,809.0,0.04737504
BCD/BTC,1573479814831,2019-11-11T13:43:34.831Z,buy,5.858e-05,952.0,0.05576816
BCD/BTC,1573479818277,2019-11-11T13:43:38.277Z,buy,5.859e-05,139.0,0.00814401
BCD/BTC,1573479831161,2019-11-11T13:43:51.161Z,buy,5.864e-05,18.0,0.00105552
BCD/BTC,1573480046531,2019-11-11T13:47:26.531Z,buy,5.861e-05,2.0,0.00011722
BCD/BTC,1573480316227,2019-11-11T13:51:56.227Z,buy,5.864e-05,22.0,0.00129008
BCD/BTC,1573480349441,2019-11-11T13:52:29.441Z,sell,5.863e-05,781.0,0.04579003
BCD/BTC,1573480349441,2019-11-11T13:52:29.441Z,sell,5.857e-05,62.0,0.00363134
BCD/BTC,1573480446407,2019-11-11T13:54:06.407Z,sell,5.857e-05,279.0,0.01634103
BCD/BTC,1573480446407,2019-11-11T13:54:06.407Z,sell,5.855e-05,279.0,0.01633545
BCD/BTC,1573480446407,2019-11-11T13:54:06.407Z,sell,5.854e-05,294.0,0.01721076
BCD/BTC,1573480555092,2019-11-11T13:55:55.092Z,sell,5.854e-05,258.0,0.01510332
BCD/BTC,1573480660403,2019-11-11T13:57:40.403Z,buy,5.863e-05,115.0,0.00674245
BCD/BTC,1573480660403,2019-11-11T13:57:40.403Z,buy,5.865e-05,449.0,0.02633385
BCD/BTC,1573480660403,2019-11-11T13:57:40.403Z,buy,5.866e-05,13.0,0.00076258
BCD/BTC,1573480660403,2019-11-11T13:57:40.403Z,buy,5.87e-05,705.0,0.0413835
BCD/BTC,1573480660403,2019-11-11T13:57:40.403Z,buy,5.871e-05,451.0,0.02647821
BCD/BTC,1573480660403,2019-11-11T13:57:40.403Z,buy,5.873e-05,2.0,0.00011746
BCD/BTC,1573480660403,2019-11-11T13:57:40.403Z,buy,5.876e-05,5.0,0.0002938
BCD/BTC,1573480660403,2019-11-11T13:57:40.403Z,buy,5.877e-05,374.0,0.02197998
BCD/BTC,1573480660403,2019-11-11T13:57:40.403Z,buy,5.88e-05,256.0,0.0150528
BCD/BTC,1573480660770,2019-11-11T13:57:40.770Z,buy,5.879e-05,157.0,0.00923003
BCD/BTC,1573480661220,2019-11-11T13:57:41.220Z,buy,5.879e-05,22.0,0.00129338
BCD/BTC,1573480661316,2019-11-11T13:57:41.316Z,buy,5.879e-05,33.0,0.00194007
BCD/BTC,1573480661396,2019-11-11T13:57:41.396Z,buy,5.879e-05,29.0,0.00170491
BCD/BTC,1573480661804,2019-11-11T13:57:41.804Z,buy,5.879e-05,38.0,0.0022340199999999
BCD/BTC,1573480661804,2019-11-11T13:57:41.804Z,buy,5.88e-05,142.0,0.0083496
BCD/BTC,1573480663822,2019-11-11T13:57:43.822Z,buy,5.88e-05,71.0,0.0041748
BCD/BTC,1573480664965,2019-11-11T13:57:44.965Z,buy,5.88e-05,30.0,0.001764
BCD/BTC,1573480705105,2019-11-11T13:58:25.105Z,buy,5.879e-05,31.0,0.00182249
BCD/BTC,1573480706165,2019-11-11T13:58:26.165Z,buy,5.879e-05,13.0,0.0007642699999999
BCD/BTC,1573480722484,2019-11-11T13:58:42.484Z,sell,5.862e-05,43.0,0.00252066
BCD/BTC,1573480956752,2019-11-11T14:02:36.752Z,buy,5.878e-05,69.0,0.00405582
BCD/BTC,1573480956752,2019-11-11T14:02:36.752Z,buy,5.879e-05,12.0,0.00070548
BCD/BTC,1573481029715,2019-11-11T14:03:49.715Z,buy,5.879e-05,2.0,0.00011758
BCD/BTC,1573481038954,2019-11-11T14:03:58.954Z,buy,5.879e-05,10.0,0.0005878999999999
BCD/BTC,1573481039128,2019-11-11T14:03:59.128Z,buy,5.88e-05,16.0,0.0009408
BCD/BTC,1573481039351,2019-11-11T14:03:59.351Z,buy,5.88e-05,9.0,0.0005292
BCD/BTC,1573481039465,2019-11-11T14:03:59.465Z,sell,5.88e-05,167.0,0.0098196
BCD/BTC,1573481066272,2019-11-11T14:04:26.272Z,sell,5.879e-05,83.0,0.00487957
BCD/BTC,1573481505221,2019-11-11T14:11:45.221Z,sell,5.879e-05,34.0,0.00199886
BCD/BTC,1573481670901,2019-11-11T14:14:30.901Z,sell,5.879e-05,258.0,0.01516782
BCD/BTC,1573481674959,2019-11-11T14:14:34.959Z,sell,5.879e-05,240.0,0.0141096
BCD/BTC,1573481676233,2019-11-11T14:14:36.233Z,sell,5.879e-05,94.0,0.00552626
BCD/BTC,1573481676233,2019-11-11T14:14:36.233Z,sell,5.879e-05,94.0,0.00552626
BCD/BTC,1573481805844,2019-11-11T14:16:45.844Z,sell,5.88e-05,419.0,0.0246372
BCD/BTC,1573481806366,2019-11-11T14:16:46.366Z,sell,5.88e-05,62.0,0.0036456
BCD/BTC,1573481950168,2019-11-11T14:19:10.168Z,buy,5.879e-05,131.0,0.00770149
BCD/BTC,1573481950168,2019-11-11T14:19:10.168Z,buy,5.88e-05,2.0,0.0001176
BCD/BTC,1573481950168,2019-11-11T14:19:10.168Z,buy,5.882e-05,3.0,0.00017646
BCD/BTC,1573481950168,2019-11-11T14:19:10.168Z,buy,5.884e-05,36.0,0.00211824
BCD/BTC,1573481950168,2019-11-11T14:19:10.168Z,buy,5.885e-05,68.0,0.0040018
BCD/BTC,1573481950168,2019-11-11T14:19:10.168Z,buy,5.886e-05,167.0,0.00982962
BCD/BTC,1573481950215,2019-11-11T14:19:10.215Z,buy,5.886e-05,78.0,0.00459108
BCD/BTC,1573481950252,2019-11-11T14:19:10.252Z,buy,5.886e-05,96.0,0.00565056
BCD/BTC,1573481950306,2019-11-11T14:19:10.306Z,buy,5.886e-05,38.0,0.00223668
BCD/BTC,1573481950543,2019-11-11T14:19:10.543Z,buy,5.886e-05,4.0,0.00023544
BCD/BTC,1573481950543,2019-11-11T14:19:10.543Z,buy,5.888e-05,37.0,0.00217856
BCD/BTC,1573481950550,2019-11-11T14:19:10.550Z,buy,5.888e-05,37.0,0.00217856
BCD/BTC,1573481952378,2019-11-11T14:19:12.378Z,buy,5.888e-05,113.0,0.00665344
BCD/BTC,1573481954114,2019-11-11T14:19:14.114Z,buy,5.888e-05,61.0,0.00359168
BCD/BTC,1573481956804,2019-11-11T14:19:16.804Z,buy,5.888e-05,19.0,0.00111872
BCD/BTC,1573481956866,2019-11-11T14:19:16.866Z,buy,5.888e-05,30.0,0.0017664
BCD/BTC,1573482401896,2019-11-11T14:26:41.896Z,sell,5.873e-05,100.0,0.005873
BCD/BTC,1573482455728,2019-11-11T14:27:35.728Z,buy,5.888e-05,26.0,0.0015308799999999
BCD/BTC,1573482455728,2019-11-11T14:27:35.728Z,buy,5.896e-05,43.0,0.00253528
BCD/BTC,1573482455728,2019-11-11T14:27:35.728Z,buy,5.897e-05,230.0,0.0135631
BCD/BTC,1573482455728,2019-11-11T14:27:35.728Z,buy,5.898e-05,241.0,0.01421418
BCD/BTC,1573482512756,2019-11-11T14:28:32.756Z,sell,5.876e-05,234.0,0.01374984
BCD/BTC,1573482512756,2019-11-11T14:28:32.756Z,sell,5.875e-05,283.0,0.01662625
BCD/BTC,1573482512756,2019-11-11T14:28:32.756Z,sell,5.874e-05,340.0,0.0199716
BCD/BTC,1573482512756,2019-11-11T14:28:32.756Z,sell,5.873e-05,143.0,0.00839839
BCD/BTC,1573482651727,2019-11-11T14:30:51.727Z,buy,5.879e-05,20.0,0.0011757999999999
BCD/BTC,1573482651727,2019-11-11T14:30:51.727Z,buy,5.885e-05,34.0,0.0020009
BCD/BTC,1573482667017,2019-11-11T14:31:07.017Z,buy,5.886e-05,78.0,0.00459108
BCD/BTC,1573482667959,2019-11-11T14:31:07.959Z,sell,5.886e-05,25.0,0.0014715
BCD/BTC,1573482745660,2019-11-11T14:32:25.660Z,sell,5.886e-05,162.0,0.00953532
BCD/BTC,1573483179905,2019-11-11T14:39:39.905Z,buy,5.888e-05,2.0,0.00011776
BCD/BTC,1573483329493,2019-11-11T14:42:09.493Z,buy,5.881e-05,340.0,0.0199954
BCD/BTC,1573483329722,2019-11-11T14:42:09.722Z,sell,5.881e-05,70.0,0.0041167
BCD/BTC,1573483884849,2019-11-11T14:51:24.849Z,sell,5.873e-05,2.0,0.00011746
BCD/BTC,1573483884849,2019-11-11T14:51:24.849Z,sell,5.871e-05,231.0,0.01356201
BCD/BTC,1573483885026,2019-11-11T14:51:25.026Z,sell,5.87e-05,154.0,0.0090397999999999
BCD/BTC,1573483896060,2019-11-11T14:51:36.060Z,sell,5.862e-05,29.0,0.00169998
BCD/BTC,1573483903821,2019-11-11T14:51:43.821Z,sell,5.861e-05,184.0,0.01078424
BCD/BTC,1573483917796,2019-11-11T14:51:57.796Z,sell,5.862e-05,182.0,0.0106688399999999
BCD/BTC,1573484125165,2019-11-11T14:55:25.165Z,sell,5.869e-05,2.0,0.00011738
BCD/BTC,1573484125165,2019-11-11T14:55:25.165Z,sell,5.862e-05,121.0,0.0070930199999999
BCD/BTC,1573484153309,2019-11-11T14:55:53.309Z,buy,5.862e-05,53.0,0.00310686
BCD/BTC,1573484153309,2019-11-11T14:55:53.309Z,buy,5.862e-05,53.0,0.00310686
BCD/BTC,1573485352189,2019-11-11T15:15:52.189Z,buy,5.882e-05,2.0,0.00011764
BCD/BTC,1573485586953,2019-11-11T15:19:46.953Z,sell,5.882e-05,20.0,0.0011764
BCD/BTC,1573485586953,2019-11-11T15:19:46.953Z,sell,5.863e-05,81.0,0.00474903
BCD/BTC,1573485586953,2019-11-11T15:19:46.953Z,sell,5.862e-05,266.0,0.01559292
BCD/BTC,1573485586953,2019-11-11T15:19:46.953Z,sell,5.861e-05,247.0,0.01447667
BCD/BTC,1573485838450,2019-11-11T15:23:58.450Z,buy,5.886e-05,548.0,0.03225528
BCD/BTC,1573485838450,2019-11-11T15:23:58.450Z,buy,5.894e-05,180.0,0.0106092
BCD/BTC,1573485838450,2019-11-11T15:23:58.450Z,buy,5.895e-05,96.0,0.0056592
BCD/BTC,1573485838450,2019-11-11T15:23:58.450Z,buy,5.898e-05,18.0,0.00106164
BCD/BTC,1573485838450,2019-11-11T15:23:58.450Z,buy,5.9e-05,858.0,0.050622
BCD/BTC,1573485903495,2019-11-11T15:25:03.495Z,buy,5.897e-05,119.0,0.00701743
BCD/BTC,1573485903495,2019-11-11T15:25:03.495Z,buy,5.898e-05,69.0,0.00406962
BCD/BTC,1573485903495,2019-11-11T15:25:03.495Z,buy,5.9e-05,67.0,0.003953
BCD/BTC,1573485918376,2019-11-11T15:25:18.376Z,sell,5.885e-05,5.0,0.00029425
BCD/BTC,1573485918376,2019-11-11T15:25:18.376Z,sell,5.875e-05,147.0,0.00863625
BCD/BTC,1573485921466,2019-11-11T15:25:21.466Z,sell,5.872e-05,154.0,0.00904288
BCD/BTC,1573485933611,2019-11-11T15:25:33.611Z,sell,5.872e-05,53.0,0.00311216
BCD/BTC,1573486051614,2019-11-11T15:27:31.614Z,sell,5.873e-05,341.0,0.02002693
BCD/BTC,1573486937153,2019-11-11T15:42:17.153Z,buy,5.875e-05,53.0,0.0031137499999999
BCD/BTC,1573486937153,2019-11-11T15:42:17.153Z,buy,5.898e-05,340.0,0.0200532
BCD/BTC,1573486937153,2019-11-11T15:42:17.153Z,buy,5.899e-05,107.0,0.00631193
BCD/BTC,1573487053592,2019-11-11T15:44:13.592Z,sell,5.88e-05,72.0,0.0042336
BCD/BTC,1573487056768,2019-11-11T15:44:16.768Z,sell,5.88e-05,71.0,0.0041748
BCD/BTC,1573487060963,2019-11-11T15:44:20.963Z,sell,5.878e-05,95.0,0.0055841
BCD/BTC,1573487069055,2019-11-11T15:44:29.055Z,buy,5.898e-05,96.0,0.00566208
BCD/BTC,1573487069055,2019-11-11T15:44:29.055Z,buy,5.899e-05,191.0,0.01126709
BCD/BTC,1573487069086,2019-11-11T15:44:29.086Z,sell,5.9e-05,97.0,0.005723
BCD/BTC,1573487069092,2019-11-11T15:44:29.092Z,sell,5.9e-05,116.0,0.0068439999999999
BCD/BTC,1573487069610,2019-11-11T15:44:29.610Z,sell,5.881e-05,402.0,0.02364162
BCD/BTC,1573487071684,2019-11-11T15:44:31.684Z,sell,5.881e-05,30.0,0.0017643
BCD/BTC,1573487072058,2019-11-11T15:44:32.058Z,sell,5.881e-05,212.0,0.01246772
BCD/BTC,1573487073130,2019-11-11T15:44:33.130Z,sell,5.881e-05,74.0,0.00435194
BCD/BTC,1573487073452,2019-11-11T15:44:33.452Z,sell,5.881e-05,95.0,0.00558695
BCD/BTC,1573487073735,2019-11-11T15:44:33.735Z,sell,5.881e-05,39.0,0.00229359
BCD/BTC,1573487074696,2019-11-11T15:44:34.696Z,sell,5.881e-05,54.0,0.00317574
BCD/BTC,1573487075753,2019-11-11T15:44:35.753Z,sell,5.881e-05,76.0,0.00446956
BCD/BTC,1573487076964,2019-11-11T15:44:36.964Z,buy,5.899e-05,171.0,0.01008729
BCD/BTC,1573487076964,2019-11-11T15:44:36.964Z,buy,5.9e-05,426.0,0.025134
BCD/BTC,1573487077016,2019-11-11T15:44:37.016Z,sell,5.9e-05,355.0,0.020945
BCD/BTC,1573487077049,2019-11-11T15:44:37.049Z,sell,5.9e-05,48.0,0.002832
BCD/BTC,1573487077070,2019-11-11T15:44:37.070Z,sell,5.88e-05,21.0,0.0012348
BCD/BTC,1573487078212,2019-11-11T15:44:38.212Z,sell,5.88e-05,136.0,0.0079968
BCD/BTC,1573487081247,2019-11-11T15:44:41.247Z,sell,5.88e-05,171.0,0.0100548
BCD/BTC,1573487081247,2019-11-11T15:44:41.247Z,sell,5.879e-05,61.0,0.00358619
BCD/BTC,1573487081247,2019-11-11T15:44:41.247Z,sell,5.878e-05,171.0,0.01005138
BCD/BTC,1573487082073,2019-11-11T15:44:42.073Z,sell,5.878e-05,73.0,0.00429094
BCD/BTC,1573487082073,2019-11-11T15:44:42.073Z,sell,5.874e-05,80.0,0.0046992
BCD/BTC,1573487082240,2019-11-11T15:44:42.240Z,buy,5.899e-05,402.0,0.02371398
BCD/BTC,1573487082282,2019-11-11T15:44:42.282Z,sell,5.9e-05,174.0,0.0102659999999999
BCD/BTC,1573487083644,2019-11-11T15:44:43.644Z,sell,5.9e-05,24.0,0.001416
BCD/BTC,1573487096419,2019-11-11T15:44:56.419Z,buy,5.9e-05,24.0,0.001416
BCD/BTC,1573487096460,2019-11-11T15:44:56.460Z,sell,5.9e-05,861.0,0.050799
BCD/BTC,1573487096480,2019-11-11T15:44:56.480Z,sell,5.9e-05,92.0,0.005428
BCD/BTC,1573487096579,2019-11-11T15:44:56.579Z,sell,5.9e-05,23.0,0.001357
BCD/BTC,1573487097757,2019-11-11T15:44:57.757Z,sell,5.874e-05,177.0,0.01039698
BCD/BTC,1573487103339,2019-11-11T15:45:03.339Z,buy,5.899e-05,340.0,0.0200566
BCD/BTC,1573487103339,2019-11-11T15:45:03.339Z,buy,5.9e-05,175.0,0.0103249999999999
BCD/BTC,1573487105501,2019-11-11T15:45:05.501Z,sell,5.9e-05,485.0,0.0286149999999999
BCD/BTC,1573487112471,2019-11-11T15:45:12.471Z,sell,5.9e-05,500.0,0.0295
BCD/BTC,1573487114736,2019-11-11T15:45:14.736Z,sell,5.9e-05,18.0,0.001062
BCD/BTC,1573487115607,2019-11-11T15:45:15.607Z,sell,5.9e-05,482.0,0.0284379999999999
BCD/BTC,1573487143607,2019-11-11T15:45:43.607Z,sell,5.874e-05,776.0,0.0455822399999999
BCD/BTC,1573487143607,2019-11-11T15:45:43.607Z,sell,5.873e-05,1224.0,0.07188552
BCD/BTC,1573487145736,2019-11-11T15:45:45.736Z,buy,5.879e-05,234.0,0.01375686
BCD/BTC,1573487145736,2019-11-11T15:45:45.736Z,buy,5.88e-05,3500.0,0.2058
BCD/BTC,1573487173694,2019-11-11T15:46:13.694Z,buy,5.892e-05,16.0,0.00094272
BCD/BTC,1573487206714,2019-11-11T15:46:46.714Z,buy,5.892e-05,2.0,0.00011784
BCD/BTC,1573487206714,2019-11-11T15:46:46.714Z,buy,5.901e-05,50.0,0.0029505
BCD/BTC,1573487287888,2019-11-11T15:48:07.888Z,sell,5.882e-05,68.0,0.00399976
BCD/BTC,1573487287888,2019-11-11T15:48:07.888Z,sell,5.881e-05,966.0,0.05681046
BCD/BTC,1573487287888,2019-11-11T15:48:07.888Z,sell,5.879e-05,19.0,0.0011170099999999
BCD/BTC,1573487287888,2019-11-11T15:48:07.888Z,sell,5.873e-05,70.0,0.0041111
BCD/BTC,1573487287888,2019-11-11T15:48:07.888Z,sell,5.862e-05,96.0,0.00562752
BCD/BTC,1573487287888,2019-11-11T15:48:07.888Z,sell,5.861e-05,74.0,0.00433714
BCD/BTC,1573487287888,2019-11-11T15:48:07.888Z,sell,5.855e-05,206.0,0.0120613
BCD/BTC,1573487287888,2019-11-11T15:48:07.888Z,sell,5.854e-05,103.0,0.0060296199999999
BCD/BTC,1573487287888,2019-11-11T15:48:07.888Z,sell,5.854e-05,356.0,0.02084024
BCD/BTC,1573487287913,2019-11-11T15:48:07.913Z,buy,5.854e-05,86.0,0.00503444
BCD/BTC,1573487287926,2019-11-11T15:48:07.926Z,buy,5.854e-05,301.0,0.01762054
BCD/BTC,1573487287972,2019-11-11T15:48:07.972Z,buy,5.854e-05,106.0,0.00620524
BCD/BTC,1573487288402,2019-11-11T15:48:08.402Z,buy,5.854e-05,9.0,0.00052686
BCD/BTC,1573487289913,2019-11-11T15:48:09.913Z,sell,5.882e-05,1.0,5.882e-05
BCD/BTC,1573487289913,2019-11-11T15:48:09.913Z,sell,5.861e-05,17.0,0.00099637
BCD/BTC,1573487320116,2019-11-11T15:48:40.116Z,buy,5.886e-05,9.0,0.00052974
BCD/BTC,1573487363747,2019-11-11T15:49:23.747Z,buy,5.882e-05,9.0,0.00052938
BCD/BTC,1573487382048,2019-11-11T15:49:42.048Z,sell,5.852e-05,42.0,0.00245784
BCD/BTC,1573487382048,2019-11-11T15:49:42.048Z,sell,5.851e-05,109.0,0.00637759
BCD/BTC,1573487382048,2019-11-11T15:49:42.048Z,sell,5.85e-05,23.0,0.0013455
BCD/BTC,1573487382048,2019-11-11T15:49:42.048Z,sell,5.85e-05,257.0,0.0150345
BCD/BTC,1573487382048,2019-11-11T15:49:42.048Z,sell,5.852e-05,42.0,0.00245784
BCD/BTC,1573487382048,2019-11-11T15:49:42.048Z,sell,5.851e-05,109.0,0.00637759
BCD/BTC,1573487382048,2019-11-11T15:49:42.048Z,sell,5.85e-05,23.0,0.0013455
BCD/BTC,1573487382048,2019-11-11T15:49:42.048Z,sell,5.85e-05,257.0,0.0150345
BCD/BTC,1573487876686,2019-11-11T15:57:56.686Z,buy,5.871e-05,156.0,0.00915876
BCD/BTC,1573487876686,2019-11-11T15:57:56.686Z,buy,5.872e-05,341.0,0.02002352
BCD/BTC,1573487877259,2019-11-11T15:57:57.259Z,sell,5.88e-05,177.0,0.0104076
BCD/BTC,1573488085157,2019-11-11T16:01:25.157Z,buy,5.886e-05,4.0,0.00023544
BCD/BTC,1573488105376,2019-11-11T16:01:45.376Z,sell,5.871e-05,25.0,0.0014677499999999
BCD/BTC,1573488829257,2019-11-11T16:13:49.257Z,sell,5.872e-05,61.0,0.00358192
BCD/BTC,1573489258284,2019-11-11T16:20:58.284Z,buy,5.886e-05,1.0,5.886e-05
BCD/BTC,1573489293598,2019-11-11T16:21:33.598Z,sell,5.874e-05,52.0,0.00305448
BCD/BTC,1573489293598,2019-11-11T16:21:33.598Z,sell,5.873e-05,54.0,0.00317142
BCD/BTC,1573489293598,2019-11-11T16:21:33.598Z,sell,5.872e-05,55.0,0.0032296
BCD/BTC,1573489293598,2019-11-11T16:21:33.598Z,sell,5.871e-05,300.0,0.017613
BCD/BTC,1573489633969,2019-11-11T16:27:13.969Z,sell,5.859e-05,112.0,0.00656208
BCD/BTC,1573489633969,2019-11-11T16:27:13.969Z,sell,5.858e-05,68.0,0.0039834399999999
BCD/BTC,1573489633969,2019-11-11T16:27:13.969Z,sell,5.856e-05,743.0,0.04351008
BCD/BTC,1573489938820,2019-11-11T16:32:18.820Z,buy,5.876e-05,2.0,0.00011752
BCD/BTC,1573490571916,2019-11-11T16:42:51.916Z,buy,5.876e-05,1.0,5.876e-05
BCD/BTC,1573490571916,2019-11-11T16:42:51.916Z,buy,5.886e-05,73.0,0.00429678
BCD/BTC,1573490571916,2019-11-11T16:42:51.916Z,buy,5.889e-05,159.0,0.00936351
BCD/BTC,1573490571916,2019-11-11T16:42:51.916Z,buy,5.898e-05,340.0,0.0200532
BCD/BTC,1573490571916,2019-11-11T16:42:51.916Z,buy,5.899e-05,735.0,0.04335765
BCD/BTC,1573490572197,2019-11-11T16:42:52.197Z,sell,5.899e-05,190.0,0.0112081
BCD/BTC,1573490572280,2019-11-11T16:42:52.280Z,sell,5.899e-05,1197.0,0.07061103
BCD/BTC,1573490647034,2019-11-11T16:44:07.034Z,buy,5.89e-05,2.0,0.0001178
BCD/BTC,1573490675434,2019-11-11T16:44:35.434Z,buy,5.89e-05,103.0,0.0060667
BCD/BTC,1573490702109,2019-11-11T16:45:02.109Z,buy,5.89e-05,70.0,0.004123
BCD/BTC,1573490702109,2019-11-11T16:45:02.109Z,buy,5.891e-05,830.0,0.0488952999999999
BCD/BTC,1573490732055,2019-11-11T16:45:32.055Z,buy,5.891e-05,618.0,0.0364063799999999
BCD/BTC,1573490783161,2019-11-11T16:46:23.161Z,buy,5.897e-05,1105.0,0.06516185
BCD/BTC,1573490790415,2019-11-11T16:46:30.415Z,sell,5.882e-05,239.0,0.01405798
BCD/BTC,1573490790415,2019-11-11T16:46:30.415Z,sell,5.874e-05,423.0,0.0248470199999999
BCD/BTC,1573490791899,2019-11-11T16:46:31.899Z,sell,5.857e-05,250.0,0.0146425
BCD/BTC,1573490791899,2019-11-11T16:46:31.899Z,sell,5.856e-05,412.0,0.02412672
BCD/BTC,1573490851987,2019-11-11T16:47:31.987Z,buy,5.89e-05,1.0,5.89e-05
BCD/BTC,1573490855268,2019-11-11T16:47:35.268Z,buy,5.887e-05,1.0,5.887e-05
BCD/BTC,1573490873042,2019-11-11T16:47:53.042Z,sell,5.878e-05,3.0,0.00017634
BCD/BTC,1573490956713,2019-11-11T16:49:16.713Z,sell,5.868e-05,27.0,0.00158436
BCD/BTC,1573490956713,2019-11-11T16:49:16.713Z,sell,5.868e-05,27.0,0.00158436
BCD/BTC,1573491121035,2019-11-11T16:52:01.035Z,buy,5.879e-05,2.0,0.00011758
BCD/BTC,1573491121035,2019-11-11T16:52:01.035Z,buy,5.905e-05,131.0,0.00773555
BCD/BTC,1573491121035,2019-11-11T16:52:01.035Z,buy,5.906e-05,169.0,0.00998114
BCD/BTC,1573491207094,2019-11-11T16:53:27.094Z,buy,5.905e-05,250.0,0.0147625
BCD/BTC,1573491207751,2019-11-11T16:53:27.751Z,buy,5.879e-05,2.0,0.00011758
BCD/BTC,1573491249721,2019-11-11T16:54:09.721Z,sell,5.888e-05,52.0,0.0030617599999999
BCD/BTC,1573491301371,2019-11-11T16:55:01.371Z,sell,5.893e-05,17.0,0.00100181
BCD/BTC,1573491308185,2019-11-11T16:55:08.185Z,sell,5.887e-05,143.0,0.00841841
BCD/BTC,1573491308185,2019-11-11T16:55:08.185Z,sell,5.885e-05,143.0,0.00841555
BCD/BTC,1573491308185,2019-11-11T16:55:08.185Z,sell,5.882e-05,147.0,0.00864654
BCD/BTC,1573491308185,2019-11-11T16:55:08.185Z,sell,5.88e-05,249.0,0.0146412
BCD/BTC,1573491404894,2019-11-11T16:56:44.894Z,buy,5.88e-05,859.0,0.0505092
BCD/BTC,1573491437755,2019-11-11T16:57:17.755Z,buy,5.88e-05,691.0,0.0406308
BCD/BTC,1573491437755,2019-11-11T16:57:17.755Z,buy,5.907e-05,159.0,0.00939213
BCD/BTC,1573491437755,2019-11-11T16:57:17.755Z,buy,5.908e-05,2.0,0.00011816
BCD/BTC,1573491437755,2019-11-11T16:57:17.755Z,buy,5.91e-05,2.0,0.0001182
BCD/BTC,1573491437755,2019-11-11T16:57:17.755Z,buy,5.912e-05,5.0,0.0002956
BCD/BTC,1573491437755,2019-11-11T16:57:17.755Z,buy,5.913e-05,13.0,0.0007686899999999
BCD/BTC,1573491437755,2019-11-11T16:57:17.755Z,buy,5.914e-05,4.0,0.00023656
BCD/BTC,1573491437755,2019-11-11T16:57:17.755Z,buy,5.915e-05,2.0,0.0001183
BCD/BTC,1573491437755,2019-11-11T16:57:17.755Z,buy,5.917e-05,3.0,0.00017751
BCD/BTC,1573491437755,2019-11-11T16:57:17.755Z,buy,5.919e-05,169.0,0.01000311
BCD/BTC,1573491437755,2019-11-11T16:57:17.755Z,buy,5.92e-05,128.0,0.0075776
BCD/BTC,1573491437755,2019-11-11T16:57:17.755Z,buy,5.921e-05,73.0,0.00432233
BCD/BTC,1573491437755,2019-11-11T16:57:17.755Z,buy,5.927e-05,88.0,0.00521576
BCD/BTC,1573491437755,2019-11-11T16:57:17.755Z,buy,5.928e-05,51.0,0.00302328
BCD/BTC,1573491437755,2019-11-11T16:57:17.755Z,buy,5.936e-05,905.0,0.0537208
BCD/BTC,1573491437755,2019-11-11T16:57:17.755Z,buy,5.937e-05,278.0,0.01650486
BCD/BTC,1573491437755,2019-11-11T16:57:17.755Z,buy,5.938e-05,18.0,0.00106884
BCD/BTC,1573491437755,2019-11-11T16:57:17.755Z,buy,5.942e-05,267.0,0.01586514
BCD/BTC,1573491437755,2019-11-11T16:57:17.755Z,buy,5.943e-05,200.0,0.0118859999999999
BCD/BTC,1573491437755,2019-11-11T16:57:17.755Z,buy,5.945e-05,7.0,0.00041615
BCD/BTC,1573491437755,2019-11-11T16:57:17.755Z,buy,5.946e-05,87.0,0.00517302
BCD/BTC,1573491437755,2019-11-11T16:57:17.755Z,buy,5.948e-05,121.0,0.00719708
BCD/BTC,1573491437755,2019-11-11T16:57:17.755Z,buy,5.95e-05,294.0,0.017493
BCD/BTC,1573491437755,2019-11-11T16:57:17.755Z,buy,5.951e-05,255.0,0.0151750499999999
BCD/BTC,1573491437755,2019-11-11T16:57:17.755Z,buy,5.952e-05,3.0,0.00017856
BCD/BTC,1573491437755,2019-11-11T16:57:17.755Z,buy,5.956e-05,1038.0,0.06182328
BCD/BTC,1573491437755,2019-11-11T16:57:17.755Z,buy,5.96e-05,1040.0,0.061984
BCD/BTC,1573491437755,2019-11-11T16:57:17.755Z,buy,5.963e-05,19.0,0.00113297
BCD/BTC,1573491437755,2019-11-11T16:57:17.755Z,buy,5.964e-05,5982.0,0.35676648
BCD/BTC,1573491438443,2019-11-11T16:57:18.443Z,sell,5.896e-05,27.0,0.00159192
BCD/BTC,1573491438710,2019-11-11T16:57:18.710Z,sell,5.897e-05,27.0,0.00159219
BCD/BTC,1573491438875,2019-11-11T16:57:18.875Z,sell,5.897e-05,17.0,0.00100249
BCD/BTC,1573491438880,2019-11-11T16:57:18.880Z,sell,5.897e-05,86.0,0.00507142
BCD/BTC,1573491438880,2019-11-11T16:57:18.880Z,sell,5.889e-05,44.0,0.00259116
BCD/BTC,1573491438950,2019-11-11T16:57:18.950Z,buy,5.907e-05,130.0,0.0076791
BCD/BTC,1573491438950,2019-11-11T16:57:18.950Z,buy,5.944e-05,304.0,0.01806976
BCD/BTC,1573491438950,2019-11-11T16:57:18.950Z,buy,5.963e-05,174.0,0.01037562
BCD/BTC,1573491438950,2019-11-11T16:57:18.950Z,buy,5.964e-05,1345.0,0.0802158
BCD/BTC,1573491438950,2019-11-11T16:57:18.950Z,buy,5.965e-05,268.0,0.0159862
BCD/BTC,1573491438950,2019-11-11T16:57:18.950Z,buy,5.972e-05,286.0,0.01707992
BCD/BTC,1573491438950,2019-11-11T16:57:18.950Z,buy,5.975e-05,653.0,0.03901675
BCD/BTC,1573491438950,2019-11-11T16:57:18.950Z,buy,5.976e-05,138.0,0.00824688
BCD/BTC,1573491438950,2019-11-11T16:57:18.950Z,buy,5.98e-05,285.0,0.017043
BCD/BTC,1573491438950,2019-11-11T16:57:18.950Z,buy,5.983e-05,117.0,0.00700011
BCD/BTC,1573491438950,2019-11-11T16:57:18.950Z,buy,5.984e-05,5.0,0.0002992
BCD/BTC,1573491438950,2019-11-11T16:57:18.950Z,buy,5.987e-05,3.0,0.00017961
BCD/BTC,1573491438950,2019-11-11T16:57:18.950Z,buy,5.988e-05,55.0,0.0032934
BCD/BTC,1573491438950,2019-11-11T16:57:18.950Z,buy,5.992e-05,22.0,0.00131824
BCD/BTC,1573491438950,2019-11-11T16:57:18.950Z,buy,5.998e-05,49.0,0.00293902
BCD/BTC,1573491438950,2019-11-11T16:57:18.950Z,buy,5.999e-05,446.0,0.02675554
BCD/BTC,1573491438950,2019-11-11T16:57:18.950Z,buy,6e-05,2861.0,0.17166
BCD/BTC,1573491438950,2019-11-11T16:57:18.950Z,buy,6.005e-05,168.0,0.0100884
BCD/BTC,1573491438950,2019-11-11T16:57:18.950Z,buy,6.006e-05,13.0,0.00078078
BCD/BTC,1573491438950,2019-11-11T16:57:18.950Z,buy,6.021e-05,167.0,0.01005507
BCD/BTC,1573491438950,2019-11-11T16:57:18.950Z,buy,6.024e-05,1330.0,0.0801192
BCD/BTC,1573491438950,2019-11-11T16:57:18.950Z,buy,6.036e-05,824.0,0.04973664
BCD/BTC,1573491438950,2019-11-11T16:57:18.950Z,buy,6.04e-05,71.0,0.0042883999999999
BCD/BTC,1573491438950,2019-11-11T16:57:18.950Z,buy,6.049e-05,38.0,0.00229862
BCD/BTC,1573491438950,2019-11-11T16:57:18.950Z,buy,6.05e-05,25.0,0.0015125
BCD/BTC,1573491438950,2019-11-11T16:57:18.950Z,buy,6.053e-05,13.0,0.0007868899999999
BCD/BTC,1573491438950,2019-11-11T16:57:18.950Z,buy,6.056e-05,3.0,0.00018168
BCD/BTC,1573491438950,2019-11-11T16:57:18.950Z,buy,6.06e-05,50.0,0.00303
BCD/BTC,1573491438950,2019-11-11T16:57:18.950Z,buy,6.08e-05,169.0,0.0102752
BCD/BTC,1573491438950,2019-11-11T16:57:18.950Z,buy,6.085e-05,208.0,0.0126568
BCD/BTC,1573491438950,2019-11-11T16:57:18.950Z,buy,6.086e-05,173.0,0.01052878
BCD/BTC,1573491438950,2019-11-11T16:57:18.950Z,buy,6.09e-05,150.0,0.009135
BCD/BTC,1573491438950,2019-11-11T16:57:18.950Z,buy,6.091e-05,3.0,0.0001827299999999
BCD/BTC,1573491438950,2019-11-11T16:57:18.950Z,buy,6.1e-05,58.0,0.003538
BCD/BTC,1573491438950,2019-11-11T16:57:18.950Z,buy,6.109e-05,941.0,0.05748569
BCD/BTC,1573491438950,2019-11-11T16:57:18.950Z,buy,6.11e-05,1693.0,0.1034422999999999
BCD/BTC,1573491438950,2019-11-11T16:57:18.950Z,buy,6.118e-05,126.0,0.0077086799999999
BCD/BTC,1573491438950,2019-11-11T16:57:18.950Z,buy,6.126e-05,3.0,0.00018378
BCD/BTC,1573491438950,2019-11-11T16:57:18.950Z,buy,6.145e-05,289.0,0.01775905
BCD/BTC,1573491438950,2019-11-11T16:57:18.950Z,buy,6.147e-05,13.0,0.00079911
BCD/BTC,1573491438950,2019-11-11T16:57:18.950Z,buy,6.151e-05,442.0,0.02718742
BCD/BTC,1573491438950,2019-11-11T16:57:18.950Z,buy,6.16e-05,4.0,0.0002464
BCD/BTC,1573491438950,2019-11-11T16:57:18.950Z,buy,6.161e-05,3.0,0.00018483
BCD/BTC,1573491438950,2019-11-11T16:57:18.950Z,buy,6.162e-05,35.0,0.0021566999999999
BCD/BTC,1573491438950,2019-11-11T16:57:18.950Z,buy,6.175e-05,353.0,0.0217977499999999
BCD/BTC,1573491438950,2019-11-11T16:57:18.950Z,buy,6.18e-05,159.0,0.0098262
BCD/BTC,1573491438950,2019-11-11T16:57:18.950Z,buy,6.188e-05,298.0,0.01844024
BCD/BTC,1573491438950,2019-11-11T16:57:18.950Z,buy,6.193e-05,13.0,0.00080509
BCD/BTC,1573491438950,2019-11-11T16:57:18.950Z,buy,6.196e-05,3.0,0.0001858799999999
BCD/BTC,1573491438950,2019-11-11T16:57:18.950Z,buy,6.198e-05,1950.0,0.120861
BCD/BTC,1573491438950,2019-11-11T16:57:18.950Z,buy,5.98e-05,1469.0,0.0878462
BCD/BTC,1573491439028,2019-11-11T16:57:19.028Z,sell,5.897e-05,15.0,0.00088455
BCD/BTC,1573491439090,2019-11-11T16:57:19.090Z,sell,5.921e-05,72.0,0.00426312
BCD/BTC,1573491439165,2019-11-11T16:57:19.165Z,sell,5.921e-05,683.0,0.04044043
BCD/BTC,1573491439260,2019-11-11T16:57:19.260Z,sell,5.921e-05,367.0,0.02173007
BCD/BTC,1573491439277,2019-11-11T16:57:19.277Z,buy,5.943e-05,130.0,0.0077259
BCD/BTC,1573491439277,2019-11-11T16:57:19.277Z,buy,5.98e-05,198.0,0.0118404
BCD/BTC,1573491439291,2019-11-11T16:57:19.291Z,sell,5.921e-05,182.0,0.01077622
BCD/BTC,1573491439324,2019-11-11T16:57:19.324Z,sell,5.933e-05,242.0,0.01435786
BCD/BTC,1573491439325,2019-11-11T16:57:19.325Z,sell,5.933e-05,82.0,0.00486506
BCD/BTC,1573491439329,2019-11-11T16:57:19.329Z,sell,5.933e-05,27.0,0.00160191
BCD/BTC,1573491439336,2019-11-11T16:57:19.336Z,sell,5.933e-05,385.0,0.02284205
BCD/BTC,1573491439376,2019-11-11T16:57:19.376Z,sell,5.933e-05,30.0,0.0017799
BCD/BTC,1573491439392,2019-11-11T16:57:19.392Z,sell,5.933e-05,20.0,0.0011866
BCD/BTC,1573491439415,2019-11-11T16:57:19.415Z,buy,5.943e-05,76.0,0.0045166799999999
BCD/BTC,1573491439438,2019-11-11T16:57:19.438Z,sell,5.933e-05,43.0,0.00255119
BCD/BTC,1573491439448,2019-11-11T16:57:19.448Z,sell,5.933e-05,12.0,0.00071196
BCD/BTC,1573491439448,2019-11-11T16:57:19.448Z,sell,5.921e-05,18.0,0.00106578
BCD/BTC,1573491439452,2019-11-11T16:57:19.452Z,sell,5.921e-05,183.0,0.01083543
BCD/BTC,1573491439491,2019-11-11T16:57:19.491Z,sell,5.921e-05,572.0,0.03386812
BCD/BTC,1573491439500,2019-11-11T16:57:19.500Z,sell,5.921e-05,98.0,0.00580258
BCD/BTC,1573491439500,2019-11-11T16:57:19.500Z,sell,5.918e-05,285.0,0.0168663
BCD/BTC,1573491439506,2019-11-11T16:57:19.506Z,sell,5.918e-05,177.0,0.0104748599999999
BCD/BTC,1573491439506,2019-11-11T16:57:19.506Z,sell,5.917e-05,77.0,0.00455609
BCD/BTC,1573491439506,2019-11-11T16:57:19.506Z,sell,5.915e-05,246.0,0.0145509
BCD/BTC,1573491439506,2019-11-11T16:57:19.506Z,sell,5.915e-05,270.0,0.0159705
BCD/BTC,1573491439589,2019-11-11T16:57:19.589Z,buy,5.942e-05,75.0,0.0044564999999999
BCD/BTC,1573491439604,2019-11-11T16:57:19.604Z,sell,5.916e-05,100.0,0.005916
BCD/BTC,1573491439621,2019-11-11T16:57:19.621Z,sell,5.916e-05,30.0,0.0017748
BCD/BTC,1573491439626,2019-11-11T16:57:19.626Z,buy,5.942e-05,53.0,0.0031492599999999
BCD/BTC,1573491439626,2019-11-11T16:57:19.626Z,buy,5.943e-05,13.0,0.00077259
BCD/BTC,1573491439635,2019-11-11T16:57:19.635Z,sell,5.916e-05,28.0,0.00165648
BCD/BTC,1573491439635,2019-11-11T16:57:19.635Z,sell,5.915e-05,48.0,0.0028392
BCD/BTC,1573491439662,2019-11-11T16:57:19.662Z,sell,5.917e-05,228.0,0.01349076
BCD/BTC,1573491439662,2019-11-11T16:57:19.662Z,sell,5.915e-05,206.0,0.0121849
BCD/BTC,1573491439681,2019-11-11T16:57:19.681Z,buy,5.915e-05,75.0,0.00443625
BCD/BTC,1573491439686,2019-11-11T16:57:19.686Z,buy,5.915e-05,67.0,0.00396305
BCD/BTC,1573491439761,2019-11-11T16:57:19.761Z,sell,5.921e-05,500.0,0.029605
BCD/BTC,1573491439765,2019-11-11T16:57:19.765Z,buy,5.927e-05,5.0,0.00029635
BCD/BTC,1573491439789,2019-11-11T16:57:19.789Z,sell,5.921e-05,5.0,0.0002960499999999
BCD/BTC,1573491439789,2019-11-11T16:57:19.789Z,sell,5.918e-05,77.0,0.00455686
BCD/BTC,1573491439789,2019-11-11T16:57:19.789Z,sell,5.913e-05,90.0,0.0053216999999999
BCD/BTC,1573491439789,2019-11-11T16:57:19.789Z,sell,5.912e-05,346.0,0.02045552
BCD/BTC,1573491439808,2019-11-11T16:57:19.808Z,sell,5.912e-05,387.0,0.02287944
BCD/BTC,1573491439918,2019-11-11T16:57:19.918Z,sell,5.912e-05,122.0,0.00721264
BCD/BTC,1573491439961,2019-11-11T16:57:19.961Z,sell,5.912e-05,135.0,0.0079812
BCD/BTC,1573491439993,2019-11-11T16:57:19.993Z,sell,5.912e-05,75.0,0.004434
BCD/BTC,1573491439993,2019-11-11T16:57:19.993Z,sell,5.911e-05,77.0,0.00455147
BCD/BTC,1573491439993,2019-11-11T16:57:19.993Z,sell,5.91e-05,77.0,0.0045507
BCD/BTC,1573491439993,2019-11-11T16:57:19.993Z,sell,5.909e-05,271.0,0.01601339
BCD/BTC,1573491440145,2019-11-11T16:57:20.145Z,sell,5.909e-05,231.0,0.01364979
BCD/BTC,1573491440171,2019-11-11T16:57:20.171Z,buy,5.908e-05,36.0,0.00212688
BCD/BTC,1573491440346,2019-11-11T16:57:20.346Z,buy,5.908e-05,5.0,0.0002953999999999
BCD/BTC,1573491440388,2019-11-11T16:57:20.388Z,buy,5.908e-05,22.0,0.0012997599999999
BCD/BTC,1573491440475,2019-11-11T16:57:20.475Z,buy,5.908e-05,3.0,0.00017724
BCD/BTC,1573491440475,2019-11-11T16:57:20.475Z,buy,5.912e-05,42.0,0.00248304
BCD/BTC,1573491440475,2019-11-11T16:57:20.475Z,buy,5.915e-05,629.0,0.03720535
BCD/BTC,1573491440490,2019-11-11T16:57:20.490Z,buy,5.915e-05,65.0,0.00384475
BCD/BTC,1573491440490,2019-11-11T16:57:20.490Z,buy,5.921e-05,249.0,0.01474329
BCD/BTC,1573491440490,2019-11-11T16:57:20.490Z,buy,5.927e-05,58.0,0.00343766
BCD/BTC,1573491440562,2019-11-11T16:57:20.562Z,sell,5.939e-05,88.0,0.00522632
BCD/BTC,1573491440660,2019-11-11T16:57:20.660Z,sell,5.939e-05,363.0,0.02155857
BCD/BTC,1573491440670,2019-11-11T16:57:20.670Z,sell,5.899e-05,120.0,0.0070788
BCD/BTC,1573491440670,2019-11-11T16:57:20.670Z,sell,5.898e-05,243.0,0.01433214
BCD/BTC,1573491440962,2019-11-11T16:57:20.962Z,buy,5.925e-05,74.0,0.0043844999999999
BCD/BTC,1573491440962,2019-11-11T16:57:20.962Z,buy,5.933e-05,762.0,0.04520946
BCD/BTC,1573491441243,2019-11-11T16:57:21.243Z,buy,5.924e-05,662.0,0.03921688
BCD/BTC,1573491441243,2019-11-11T16:57:21.243Z,buy,5.925e-05,33.0,0.00195525
BCD/BTC,1573491441243,2019-11-11T16:57:21.243Z,buy,5.933e-05,199.0,0.01180667
BCD/BTC,1573491441243,2019-11-11T16:57:21.243Z,buy,5.942e-05,225.0,0.0133695
BCD/BTC,1573491441243,2019-11-11T16:57:21.243Z,buy,5.943e-05,3.0,0.00017829
BCD/BTC,1573491441243,2019-11-11T16:57:21.243Z,buy,5.945e-05,77.0,0.00457765
BCD/BTC,1573491441243,2019-11-11T16:57:21.243Z,buy,5.948e-05,5.0,0.0002974
BCD/BTC,1573491441243,2019-11-11T16:57:21.243Z,buy,5.974e-05,77.0,0.00459998
BCD/BTC,1573491441259,2019-11-11T16:57:21.259Z,sell,5.978e-05,167.0,0.00998326
BCD/BTC,1573491441260,2019-11-11T16:57:21.260Z,sell,5.978e-05,71.0,0.00424438
BCD/BTC,1573491441260,2019-11-11T16:57:21.260Z,sell,5.978e-05,150.0,0.008967
BCD/BTC,1573491441289,2019-11-11T16:57:21.289Z,buy,5.969e-05,72.0,0.00429768
BCD/BTC,1573491441289,2019-11-11T16:57:21.289Z,buy,5.979e-05,78.0,0.00466362
BCD/BTC,1573491441665,2019-11-11T16:57:21.665Z,buy,5.973e-05,3.0,0.00017919
BCD/BTC,1573491441684,2019-11-11T16:57:21.684Z,sell,5.905e-05,62.0,0.0036611
BCD/BTC,1573491441684,2019-11-11T16:57:21.684Z,sell,5.899e-05,24.0,0.00141576
BCD/BTC,1573491441853,2019-11-11T16:57:21.853Z,sell,5.9e-05,156.0,0.009204
BCD/BTC,1573491441853,2019-11-11T16:57:21.853Z,sell,5.899e-05,62.0,0.00365738
BCD/BTC,1573491441853,2019-11-11T16:57:21.853Z,sell,5.898e-05,439.0,0.02589222
BCD/BTC,1573491442096,2019-11-11T16:57:22.096Z,sell,5.954e-05,272.0,0.01619488
BCD/BTC,1573491442100,2019-11-11T16:57:22.100Z,sell,5.954e-05,272.0,0.01619488
BCD/BTC,1573491442134,2019-11-11T16:57:22.134Z,sell,5.954e-05,294.0,0.01750476
BCD/BTC,1573491442144,2019-11-11T16:57:22.144Z,buy,5.953e-05,239.0,0.01422767
BCD/BTC,1573491442144,2019-11-11T16:57:22.144Z,buy,5.972e-05,32.0,0.00191104
BCD/BTC,1573491442354,2019-11-11T16:57:22.354Z,buy,5.972e-05,148.0,0.0088385599999999
BCD/BTC,1573491442354,2019-11-11T16:57:22.354Z,buy,5.973e-05,174.0,0.01039302
BCD/BTC,1573491442354,2019-11-11T16:57:22.354Z,buy,5.979e-05,258.0,0.01542582
BCD/BTC,1573491442354,2019-11-11T16:57:22.354Z,buy,5.98e-05,430.0,0.0257139999999999
BCD/BTC,1573491442354,2019-11-11T16:57:22.354Z,buy,6.009e-05,502.0,0.03016518
BCD/BTC,1573491442354,2019-11-11T16:57:22.354Z,buy,6.02e-05,1037.0,0.0624274
BCD/BTC,1573491442354,2019-11-11T16:57:22.354Z,buy,6.021e-05,5.0,0.00030105
BCD/BTC,1573491442354,2019-11-11T16:57:22.354Z,buy,6.039e-05,1703.0,0.10284417
BCD/BTC,1573491442354,2019-11-11T16:57:22.354Z,buy,6.092e-05,3.0,0.00018276
BCD/BTC,1573491442354,2019-11-11T16:57:22.354Z,buy,6.099e-05,505.0,0.03079995
BCD/BTC,1573491442354,2019-11-11T16:57:22.354Z,buy,6.131e-05,2.0,0.00012262
BCD/BTC,1573491442354,2019-11-11T16:57:22.354Z,buy,6.145e-05,168.0,0.0103236
BCD/BTC,1573491442354,2019-11-11T16:57:22.354Z,buy,6.148e-05,675.0,0.041499
BCD/BTC,1573491442354,2019-11-11T16:57:22.354Z,buy,6.151e-05,28.0,0.00172228
BCD/BTC,1573491442553,2019-11-11T16:57:22.553Z,buy,5.948e-05,1430.0,0.0850564
BCD/BTC,1573491442553,2019-11-11T16:57:22.553Z,buy,5.978e-05,159.0,0.00950502
BCD/BTC,1573491442553,2019-11-11T16:57:22.553Z,buy,5.998e-05,5.0,0.0002998999999999
BCD/BTC,1573491442553,2019-11-11T16:57:22.553Z,buy,6.062e-05,1358.0,0.08232196
BCD/BTC,1573491442678,2019-11-11T16:57:22.678Z,buy,5.932e-05,61.0,0.00361852
BCD/BTC,1573491442678,2019-11-11T16:57:22.678Z,buy,5.948e-05,566.0,0.0336656799999999
BCD/BTC,1573491442701,2019-11-11T16:57:22.701Z,sell,5.967e-05,200.0,0.011934
BCD/BTC,1573491442729,2019-11-11T16:57:22.729Z,sell,5.967e-05,193.0,0.01151631
BCD/BTC,1573491442735,2019-11-11T16:57:22.735Z,sell,5.967e-05,45.0,0.00268515
BCD/BTC,1573491442748,2019-11-11T16:57:22.748Z,sell,5.905e-05,74.0,0.0043697
BCD/BTC,1573491442748,2019-11-11T16:57:22.748Z,sell,5.895e-05,73.0,0.00430335
BCD/BTC,1573491442762,2019-11-11T16:57:22.762Z,buy,5.897e-05,38.0,0.00224086
BCD/BTC,1573491442763,2019-11-11T16:57:22.763Z,buy,5.897e-05,1.0,5.897e-05
BCD/BTC,1573491442946,2019-11-11T16:57:22.946Z,sell,5.946e-05,473.0,0.02812458
BCD/BTC,1573491442988,2019-11-11T16:57:22.988Z,buy,5.961e-05,2.0,0.00011922
BCD/BTC,1573491443014,2019-11-11T16:57:23.014Z,buy,5.956e-05,22.0,0.00131032
BCD/BTC,1573491443014,2019-11-11T16:57:23.014Z,buy,5.961e-05,712.0,0.04244232
BCD/BTC,1573491443018,2019-11-11T16:57:23.018Z,buy,5.978e-05,106.0,0.00633668
BCD/BTC,1573491443018,2019-11-11T16:57:23.018Z,buy,6.037e-05,305.0,0.01841285
BCD/BTC,1573491443018,2019-11-11T16:57:23.018Z,buy,6.045e-05,677.0,0.04092465
BCD/BTC,1573491443018,2019-11-11T16:57:23.018Z,buy,6.062e-05,311.0,0.01885282
BCD/BTC,1573491443018,2019-11-11T16:57:23.018Z,buy,6.073e-05,838.0,0.05089174
BCD/BTC,1573491443018,2019-11-11T16:57:23.018Z,buy,6.144e-05,114.0,0.00700416
BCD/BTC,1573491443018,2019-11-11T16:57:23.018Z,buy,6.151e-05,684.0,0.04207284
BCD/BTC,1573491443018,2019-11-11T16:57:23.018Z,buy,6.193e-05,13.0,0.00080509
BCD/BTC,1573491443018,2019-11-11T16:57:23.018Z,buy,6.198e-05,2112.0,0.13090176
BCD/BTC,1573491443018,2019-11-11T16:57:23.018Z,buy,6.2e-05,724.0,0.044888
BCD/BTC,1573491443071,2019-11-11T16:57:23.071Z,sell,5.971e-05,93.0,0.00555303
BCD/BTC,1573491443153,2019-11-11T16:57:23.153Z,sell,5.971e-05,97.0,0.00579187
BCD/BTC,1573491443183,2019-11-11T16:57:23.183Z,sell,5.971e-05,81.0,0.00483651
BCD/BTC,1573491443280,2019-11-11T16:57:23.280Z,sell,5.971e-05,45.0,0.00268695
BCD/BTC,1573491443299,2019-11-11T16:57:23.299Z,sell,5.971e-05,112.0,0.00668752
BCD/BTC,1573491443325,2019-11-11T16:57:23.325Z,sell,5.971e-05,18.0,0.00107478
BCD/BTC,1573491443335,2019-11-11T16:57:23.335Z,sell,5.971e-05,290.0,0.0173159
BCD/BTC,1573491443335,2019-11-11T16:57:23.335Z,sell,5.946e-05,30.0,0.0017838
BCD/BTC,1573491443374,2019-11-11T16:57:23.374Z,sell,5.937e-05,85.0,0.00504645
BCD/BTC,1573491443386,2019-11-11T16:57:23.386Z,sell,5.937e-05,11.0,0.00065307
BCD/BTC,1573491443426,2019-11-11T16:57:23.426Z,buy,5.94e-05,3.0,0.0001782
BCD/BTC,1573491443461,2019-11-11T16:57:23.461Z,buy,5.94e-05,13.0,0.0007722
BCD/BTC,1573491443506,2019-11-11T16:57:23.506Z,sell,5.937e-05,497.0,0.02950689
BCD/BTC,1573491443559,2019-11-11T16:57:23.559Z,buy,5.94e-05,131.0,0.0077814
BCD/BTC,1573491443618,2019-11-11T16:57:23.618Z,buy,5.94e-05,3.0,0.0001782
BCD/BTC,1573491443712,2019-11-11T16:57:23.712Z,sell,5.938e-05,134.0,0.00795692
BCD/BTC,1573491443826,2019-11-11T16:57:23.826Z,buy,5.94e-05,299.0,0.0177606
BCD/BTC,1573491443826,2019-11-11T16:57:23.826Z,buy,5.976e-05,96.0,0.0057369599999999
BCD/BTC,1573491443882,2019-11-11T16:57:23.882Z,buy,5.977e-05,5.0,0.0002988499999999
BCD/BTC,1573491443929,2019-11-11T16:57:23.929Z,sell,5.976e-05,81.0,0.00484056
BCD/BTC,1573491443957,2019-11-11T16:57:23.957Z,buy,5.977e-05,13.0,0.00077701
BCD/BTC,1573491443968,2019-11-11T16:57:23.968Z,sell,5.976e-05,102.0,0.00609552
BCD/BTC,1573491443982,2019-11-11T16:57:23.982Z,sell,5.976e-05,56.0,0.0033465599999999
BCD/BTC,1573491443998,2019-11-11T16:57:23.998Z,sell,5.976e-05,68.0,0.00406368
BCD/BTC,1573491443999,2019-11-11T16:57:23.999Z,sell,5.976e-05,67.0,0.00400392
BCD/BTC,1573491444003,2019-11-11T16:57:24.003Z,sell,5.976e-05,67.0,0.00400392
BCD/BTC,1573491444003,2019-11-11T16:57:24.003Z,sell,5.976e-05,68.0,0.00406368
BCD/BTC,1573491444008,2019-11-11T16:57:24.008Z,sell,5.976e-05,67.0,0.00400392
BCD/BTC,1573491444008,2019-11-11T16:57:24.008Z,sell,5.976e-05,67.0,0.00400392
BCD/BTC,1573491444014,2019-11-11T16:57:24.014Z,sell,5.976e-05,195.0,0.0116531999999999
BCD/BTC,1573491444014,2019-11-11T16:57:24.014Z,sell,5.976e-05,195.0,0.0116531999999999
BCD/BTC,1573491444015,2019-11-11T16:57:24.015Z,sell,5.976e-05,195.0,0.0116531999999999
BCD/BTC,1573491444015,2019-11-11T16:57:24.015Z,sell,5.976e-05,195.0,0.0116531999999999
BCD/BTC,1573491444015,2019-11-11T16:57:24.015Z,sell,5.976e-05,195.0,0.0116531999999999
BCD/BTC,1573491444015,2019-11-11T16:57:24.015Z,sell,5.976e-05,195.0,0.0116531999999999
BCD/BTC,1573491444017,2019-11-11T16:57:24.017Z,sell,5.976e-05,195.0,0.0116531999999999
BCD/BTC,1573491444020,2019-11-11T16:57:24.020Z,sell,5.976e-05,102.0,0.00609552
BCD/BTC,1573491444043,2019-11-11T16:57:24.043Z,buy,5.973e-05,200.0,0.011946
BCD/BTC,1573491444043,2019-11-11T16:57:24.043Z,buy,5.977e-05,29.0,0.00173333
BCD/BTC,1573491444043,2019-11-11T16:57:24.043Z,buy,5.984e-05,5.0,0.0002992
BCD/BTC,1573491444043,2019-11-11T16:57:24.043Z,buy,6.074e-05,996.0,0.0604970399999999
BCD/BTC,1573491444048,2019-11-11T16:57:24.048Z,buy,5.952e-05,121.0,0.00720192
BCD/BTC,1573491444082,2019-11-11T16:57:24.082Z,buy,6.074e-05,192.0,0.01166208
BCD/BTC,1573491444103,2019-11-11T16:57:24.103Z,sell,6.024e-05,3.0,0.00018072
BCD/BTC,1573491444103,2019-11-11T16:57:24.103Z,sell,5.979e-05,87.0,0.00520173
BCD/BTC,1573491444188,2019-11-11T16:57:24.188Z,buy,6.074e-05,3.0,0.00018222
BCD/BTC,1573491444232,2019-11-11T16:57:24.232Z,sell,6.006e-05,13.0,0.00078078
BCD/BTC,1573491444249,2019-11-11T16:57:24.249Z,sell,5.982e-05,49.0,0.00293118
BCD/BTC,1573491444286,2019-11-11T16:57:24.286Z,sell,5.982e-05,84.0,0.00502488
BCD/BTC,1573491444286,2019-11-11T16:57:24.286Z,sell,5.98e-05,76.0,0.0045448
BCD/BTC,1573491444307,2019-11-11T16:57:24.307Z,sell,5.98e-05,75.0,0.0044849999999999
BCD/BTC,1573491444307,2019-11-11T16:57:24.307Z,sell,5.979e-05,106.0,0.00633774
BCD/BTC,1573491444313,2019-11-11T16:57:24.313Z,sell,5.979e-05,74.0,0.00442446
BCD/BTC,1573491444314,2019-11-11T16:57:24.314Z,sell,5.979e-05,74.0,0.00442446
BCD/BTC,1573491444315,2019-11-11T16:57:24.315Z,sell,5.979e-05,212.0,0.01267548
BCD/BTC,1573491444315,2019-11-11T16:57:24.315Z,sell,5.979e-05,212.0,0.01267548
BCD/BTC,1573491444317,2019-11-11T16:57:24.317Z,sell,5.979e-05,212.0,0.01267548
BCD/BTC,1573491444317,2019-11-11T16:57:24.317Z,sell,5.979e-05,212.0,0.01267548
BCD/BTC,1573491444317,2019-11-11T16:57:24.317Z,sell,5.979e-05,212.0,0.01267548
BCD/BTC,1573491444318,2019-11-11T16:57:24.318Z,sell,5.979e-05,212.0,0.01267548
BCD/BTC,1573491444320,2019-11-11T16:57:24.320Z,sell,5.979e-05,102.0,0.00609858
BCD/BTC,1573491444321,2019-11-11T16:57:24.321Z,sell,5.979e-05,212.0,0.01267548
BCD/BTC,1573491444321,2019-11-11T16:57:24.321Z,sell,5.979e-05,212.0,0.01267548
BCD/BTC,1573491444321,2019-11-11T16:57:24.321Z,sell,5.979e-05,212.0,0.01267548
BCD/BTC,1573491444322,2019-11-11T16:57:24.322Z,sell,5.979e-05,212.0,0.01267548
BCD/BTC,1573491444323,2019-11-11T16:57:24.323Z,sell,5.979e-05,212.0,0.01267548
BCD/BTC,1573491444328,2019-11-11T16:57:24.328Z,sell,5.979e-05,212.0,0.01267548
BCD/BTC,1573491444329,2019-11-11T16:57:24.329Z,sell,5.979e-05,199.0,0.01189821
BCD/BTC,1573491444331,2019-11-11T16:57:24.331Z,sell,5.979e-05,88.0,0.00526152
BCD/BTC,1573491444347,2019-11-11T16:57:24.347Z,buy,6.073e-05,151.0,0.00917023
BCD/BTC,1573491444347,2019-11-11T16:57:24.347Z,buy,6.074e-05,21.0,0.00127554
BCD/BTC,1573491444347,2019-11-11T16:57:24.347Z,buy,6.079e-05,2096.0,0.12741584
BCD/BTC,1573491444504,2019-11-11T16:57:24.504Z,sell,6.056e-05,3.0,0.00018168
BCD/BTC,1573491444504,2019-11-11T16:57:24.504Z,sell,5.98e-05,154.0,0.0092091999999999
BCD/BTC,1573491444504,2019-11-11T16:57:24.504Z,sell,5.979e-05,343.0,0.02050797
BCD/BTC,1573491444508,2019-11-11T16:57:24.508Z,sell,5.979e-05,25.0,0.00149475
BCD/BTC,1573491444513,2019-11-11T16:57:24.513Z,sell,5.979e-05,155.0,0.00926745
BCD/BTC,1573491444518,2019-11-11T16:57:24.518Z,buy,5.972e-05,58.0,0.0034637599999999
BCD/BTC,1573491444528,2019-11-11T16:57:24.528Z,sell,6.048e-05,53.0,0.00320544
BCD/BTC,1573491444534,2019-11-11T16:57:24.534Z,sell,6.048e-05,215.0,0.0130032
BCD/BTC,1573491444535,2019-11-11T16:57:24.535Z,sell,6.048e-05,215.0,0.0130032
BCD/BTC,1573491444535,2019-11-11T16:57:24.535Z,sell,6.048e-05,215.0,0.0130032
BCD/BTC,1573491444535,2019-11-11T16:57:24.535Z,sell,6.048e-05,215.0,0.0130032
BCD/BTC,1573491444535,2019-11-11T16:57:24.535Z,sell,6.048e-05,215.0,0.0130032
BCD/BTC,1573491444536,2019-11-11T16:57:24.536Z,sell,6.048e-05,215.0,0.0130032
BCD/BTC,1573491444538,2019-11-11T16:57:24.538Z,sell,6.048e-05,215.0,0.0130032
BCD/BTC,1573491444538,2019-11-11T16:57:24.538Z,sell,6.048e-05,215.0,0.0130032
BCD/BTC,1573491444538,2019-11-11T16:57:24.538Z,sell,6.048e-05,215.0,0.0130032
BCD/BTC,1573491444540,2019-11-11T16:57:24.540Z,sell,6.048e-05,99.0,0.00598752
BCD/BTC,1573491444561,2019-11-11T16:57:24.561Z,buy,6.078e-05,154.0,0.00936012
BCD/BTC,1573491444561,2019-11-11T16:57:24.561Z,buy,6.079e-05,409.0,0.02486311
BCD/BTC,1573491444561,2019-11-11T16:57:24.561Z,buy,6.086e-05,7.0,0.00042602
BCD/BTC,1573491444561,2019-11-11T16:57:24.561Z,buy,6.089e-05,116.0,0.00706324
BCD/BTC,1573491444561,2019-11-11T16:57:24.561Z,buy,6.09e-05,48.0,0.0029232
BCD/BTC,1573491444561,2019-11-11T16:57:24.561Z,buy,6.131e-05,2.0,0.00012262
BCD/BTC,1573491444561,2019-11-11T16:57:24.561Z,buy,6.134e-05,1057.0,0.06483638
BCD/BTC,1573491444569,2019-11-11T16:57:24.569Z,sell,5.97e-05,71.0,0.0042387
BCD/BTC,1573491444641,2019-11-11T16:57:24.641Z,sell,5.97e-05,223.0,0.0133131
BCD/BTC,1573491444684,2019-11-11T16:57:24.684Z,sell,6.021e-05,3.0,0.00018063
BCD/BTC,1573491444684,2019-11-11T16:57:24.684Z,sell,5.971e-05,405.0,0.02418255
BCD/BTC,1573491444684,2019-11-11T16:57:24.684Z,sell,5.97e-05,1394.0,0.0832218
BCD/BTC,1573491444684,2019-11-11T16:57:24.684Z,sell,5.96e-05,13.0,0.0007748
BCD/BTC,1573491444684,2019-11-11T16:57:24.684Z,sell,5.951e-05,797.0,0.04742947
BCD/BTC,1573491444684,2019-11-11T16:57:24.684Z,sell,5.951e-05,202.0,0.01202102
BCD/BTC,1573491444684,2019-11-11T16:57:24.684Z,sell,5.951e-05,258.0,0.0153535799999999
BCD/BTC,1573491444684,2019-11-11T16:57:24.684Z,sell,5.947e-05,204.0,0.01213188
BCD/BTC,1573491444707,2019-11-11T16:57:24.707Z,sell,5.947e-05,500.0,0.0297349999999999
BCD/BTC,1573491444709,2019-11-11T16:57:24.709Z,sell,5.947e-05,45.0,0.00267615
BCD/BTC,1573491444847,2019-11-11T16:57:24.847Z,sell,5.972e-05,49.0,0.00292628
BCD/BTC,1573491444954,2019-11-11T16:57:24.954Z,sell,5.972e-05,119.0,0.00710668
BCD/BTC,1573491444954,2019-11-11T16:57:24.954Z,sell,5.971e-05,151.0,0.00901621
BCD/BTC,1573491444959,2019-11-11T16:57:24.959Z,buy,6.019e-05,49.0,0.0029493099999999
BCD/BTC,1573491444959,2019-11-11T16:57:24.959Z,buy,6.02e-05,215.0,0.012943
BCD/BTC,1573491444972,2019-11-11T16:57:24.972Z,sell,5.971e-05,129.0,0.00770259
BCD/BTC,1573491444980,2019-11-11T16:57:24.980Z,sell,5.971e-05,17.0,0.00101507
BCD/BTC,1573491444983,2019-11-11T16:57:24.983Z,buy,6.019e-05,119.0,0.00716261
BCD/BTC,1573491444983,2019-11-11T16:57:24.983Z,buy,6.02e-05,288.0,0.0173376
BCD/BTC,1573491444983,2019-11-11T16:57:24.983Z,buy,6.029e-05,108.0,0.00651132
BCD/BTC,1573491444983,2019-11-11T16:57:24.983Z,buy,6.037e-05,153.0,0.00923661
BCD/BTC,1573491444983,2019-11-11T16:57:24.983Z,buy,6.038e-05,199.0,0.01201562
BCD/BTC,1573491444983,2019-11-11T16:57:24.983Z,buy,6.042e-05,50.0,0.003021
BCD/BTC,1573491444983,2019-11-11T16:57:24.983Z,buy,6.07e-05,754.0,0.0457678
BCD/BTC,1573491444983,2019-11-11T16:57:24.983Z,buy,6.133e-05,108.0,0.00662364
BCD/BTC,1573491444983,2019-11-11T16:57:24.983Z,buy,6.134e-05,8.0,0.00049072
BCD/BTC,1573491444983,2019-11-11T16:57:24.983Z,buy,6.143e-05,258.0,0.01584894
BCD/BTC,1573491444983,2019-11-11T16:57:24.983Z,buy,6.144e-05,3.0,0.0001843199999999
BCD/BTC,1573491444983,2019-11-11T16:57:24.983Z,buy,6.149e-05,1672.0,0.1028112799999999
BCD/BTC,1573491444983,2019-11-11T16:57:24.983Z,buy,6.15e-05,836.0,0.051414
BCD/BTC,1573491444983,2019-11-11T16:57:24.983Z,buy,6.2e-05,12006.0,0.744372
BCD/BTC,1573491445057,2019-11-11T16:57:25.057Z,sell,5.972e-05,173.0,0.01033156
BCD/BTC,1573491445057,2019-11-11T16:57:25.057Z,sell,5.971e-05,200.0,0.011942
BCD/BTC,1573491445057,2019-11-11T16:57:25.057Z,sell,5.969e-05,254.0,0.01516126
BCD/BTC,1573491445137,2019-11-11T16:57:25.137Z,sell,6.005e-05,18.0,0.0010809
BCD/BTC,1573491445299,2019-11-11T16:57:25.299Z,buy,6.092e-05,306.0,0.0186415199999999
BCD/BTC,1573491445299,2019-11-11T16:57:25.299Z,buy,6.133e-05,420.0,0.0257586
BCD/BTC,1573491445299,2019-11-11T16:57:25.299Z,buy,6.191e-05,44.0,0.0027240399999999
BCD/BTC,1573491445299,2019-11-11T16:57:25.299Z,buy,6.199e-05,173.0,0.01072427
BCD/BTC,1573491445299,2019-11-11T16:57:25.299Z,buy,6.2e-05,1102.0,0.068324
BCD/BTC,1573491445309,2019-11-11T16:57:25.309Z,sell,6.213e-05,700.0,0.043491
BCD/BTC,1573491445309,2019-11-11T16:57:25.309Z,sell,6.213e-05,82.0,0.00509466
BCD/BTC,1573491445316,2019-11-11T16:57:25.316Z,sell,6.213e-05,1038.0,0.06449094
BCD/BTC,1573491445316,2019-11-11T16:57:25.316Z,sell,6.213e-05,1038.0,0.06449094
BCD/BTC,1573491445316,2019-11-11T16:57:25.316Z,sell,6.213e-05,1038.0,0.06449094
BCD/BTC,1573491445324,2019-11-11T16:57:25.324Z,sell,6.213e-05,497.0,0.03087861
BCD/BTC,1573491445348,2019-11-11T16:57:25.348Z,sell,6.213e-05,87.0,0.00540531
BCD/BTC,1573491445351,2019-11-11T16:57:25.351Z,sell,6.213e-05,13.0,0.00080769
BCD/BTC,1573491445370,2019-11-11T16:57:25.370Z,sell,6.213e-05,126.0,0.00782838
BCD/BTC,1573491445377,2019-11-11T16:57:25.377Z,sell,6.213e-05,841.0,0.05225133
BCD/BTC,1573491445383,2019-11-11T16:57:25.383Z,buy,6.222e-05,135.0,0.0083997
BCD/BTC,1573491445383,2019-11-11T16:57:25.383Z,buy,6.228e-05,66.0,0.00411048
BCD/BTC,1573491445383,2019-11-11T16:57:25.383Z,buy,6.23e-05,3.0,0.0001869
BCD/BTC,1573491445383,2019-11-11T16:57:25.383Z,buy,6.24e-05,13.0,0.0008112
BCD/BTC,1573491445383,2019-11-11T16:57:25.383Z,buy,6.247e-05,16.0,0.00099952
BCD/BTC,1573491445383,2019-11-11T16:57:25.383Z,buy,6.25e-05,102.0,0.006375
BCD/BTC,1573491445383,2019-11-11T16:57:25.383Z,buy,6.26e-05,2.0,0.0001252
BCD/BTC,1573491445383,2019-11-11T16:57:25.383Z,buy,6.265e-05,3.0,0.00018795
BCD/BTC,1573491445383,2019-11-11T16:57:25.383Z,buy,6.275e-05,80.0,0.0050199999999999
BCD/BTC,1573491445383,2019-11-11T16:57:25.383Z,buy,6.277e-05,24.0,0.00150648
BCD/BTC,1573491445383,2019-11-11T16:57:25.383Z,buy,6.28e-05,190.0,0.011932
BCD/BTC,1573491445383,2019-11-11T16:57:25.383Z,buy,6.287e-05,13.0,0.00081731
BCD/BTC,1573491445383,2019-11-11T16:57:25.383Z,buy,6.296e-05,2.0,0.00012592
BCD/BTC,1573491445383,2019-11-11T16:57:25.383Z,buy,6.3e-05,1402.0,0.088326
BCD/BTC,1573491445383,2019-11-11T16:57:25.383Z,sell,6.213e-05,3.0,0.00018639
BCD/BTC,1573491445401,2019-11-11T16:57:25.401Z,sell,6.213e-05,100.0,0.006213
BCD/BTC,1573491445417,2019-11-11T16:57:25.417Z,buy,6.3e-05,23.0,0.001449
BCD/BTC,1573491445444,2019-11-11T16:57:25.444Z,sell,6.213e-05,25.0,0.00155325
BCD/BTC,1573491445459,2019-11-11T16:57:25.459Z,sell,6.213e-05,114.0,0.00708282
BCD/BTC,1573491445464,2019-11-11T16:57:25.464Z,sell,6.213e-05,121.0,0.00751773
BCD/BTC,1573491445503,2019-11-11T16:57:25.503Z,sell,6.213e-05,373.0,0.02317449
BCD/BTC,1573491445509,2019-11-11T16:57:25.509Z,sell,6.213e-05,72.0,0.00447336
BCD/BTC,1573491445533,2019-11-11T16:57:25.533Z,sell,6.213e-05,2750.0,0.1708575
BCD/BTC,1573491445581,2019-11-11T16:57:25.581Z,sell,6.213e-05,22.0,0.00136686
BCD/BTC,1573491445586,2019-11-11T16:57:25.586Z,buy,6.3e-05,47.0,0.002961
BCD/BTC,1573491445589,2019-11-11T16:57:25.589Z,sell,6.213e-05,107.0,0.00664791
BCD/BTC,1573491445605,2019-11-11T16:57:25.605Z,sell,6.213e-05,16.0,0.00099408
BCD/BTC,1573491445637,2019-11-11T16:57:25.637Z,sell,6.213e-05,879.0,0.05461227
BCD/BTC,1573491445676,2019-11-11T16:57:25.676Z,sell,6.213e-05,503.0,0.03125139
BCD/BTC,1573491445699,2019-11-11T16:57:25.699Z,sell,6.213e-05,187.0,0.01161831
BCD/BTC,1573491445703,2019-11-11T16:57:25.703Z,sell,6.213e-05,77.0,0.00478401
BCD/BTC,1573491445704,2019-11-11T16:57:25.704Z,sell,6.213e-05,5.0,0.00031065
BCD/BTC,1573491445718,2019-11-11T16:57:25.718Z,buy,6.299e-05,40.0,0.0025196
BCD/BTC,1573491445718,2019-11-11T16:57:25.718Z,sell,6.213e-05,42.0,0.00260946
BCD/BTC,1573491445720,2019-11-11T16:57:25.720Z,sell,6.213e-05,37.0,0.00229881
BCD/BTC,1573491445723,2019-11-11T16:57:25.723Z,sell,6.213e-05,37.0,0.00229881
BCD/BTC,1573491445740,2019-11-11T16:57:25.740Z,sell,6.213e-05,198.0,0.01230174
BCD/BTC,1573491445743,2019-11-11T16:57:25.743Z,sell,6.213e-05,588.0,0.03653244
BCD/BTC,1573491445746,2019-11-11T16:57:25.746Z,sell,6.213e-05,54.0,0.00335502
BCD/BTC,1573491445770,2019-11-11T16:57:25.770Z,sell,6.214e-05,199.0,0.01236586
BCD/BTC,1573491445770,2019-11-11T16:57:25.770Z,sell,6.213e-05,1946.0,0.12090498
BCD/BTC,1573491445843,2019-11-11T16:57:25.843Z,sell,6.213e-05,745.0,0.04628685
BCD/BTC,1573491445855,2019-11-11T16:57:25.855Z,sell,6.213e-05,54.0,0.00335502
BCD/BTC,1573491445863,2019-11-11T16:57:25.863Z,sell,6.214e-05,66.0,0.00410124
BCD/BTC,1573491445876,2019-11-11T16:57:25.876Z,sell,6.214e-05,143.0,0.00888602
BCD/BTC,1573491445876,2019-11-11T16:57:25.876Z,sell,6.213e-05,198.0,0.01230174
BCD/BTC,1573491445923,2019-11-11T16:57:25.923Z,sell,6.213e-05,11.0,0.00068343
BCD/BTC,1573491445937,2019-11-11T16:57:25.937Z,sell,6.213e-05,262.0,0.01627806
BCD/BTC,1573491445950,2019-11-11T16:57:25.950Z,sell,6.044e-05,100.0,0.006044
BCD/BTC,1573491445951,2019-11-11T16:57:25.951Z,buy,6.158e-05,238.0,0.01465604
BCD/BTC,1573491446163,2019-11-11T16:57:26.163Z,sell,6.102e-05,700.0,0.042714
BCD/BTC,1573491446170,2019-11-11T16:57:26.170Z,sell,6.102e-05,35.0,0.0021357
BCD/BTC,1573491446170,2019-11-11T16:57:26.170Z,sell,6.101e-05,92.0,0.00561292
BCD/BTC,1573491446223,2019-11-11T16:57:26.223Z,buy,6.16e-05,488.0,0.0300608
BCD/BTC,1573491446230,2019-11-11T16:57:26.230Z,sell,6.102e-05,35.0,0.0021357
BCD/BTC,1573491446230,2019-11-11T16:57:26.230Z,sell,6.101e-05,145.0,0.00884645
BCD/BTC,1573491446247,2019-11-11T16:57:26.247Z,sell,6.101e-05,27.0,0.00164727
BCD/BTC,1573491446260,2019-11-11T16:57:26.260Z,sell,6.101e-05,83.0,0.00506383
BCD/BTC,1573491446260,2019-11-11T16:57:26.260Z,sell,6.073e-05,1251.0,0.07597323
BCD/BTC,1573491446469,2019-11-11T16:57:26.469Z,sell,6.074e-05,25.0,0.0015184999999999
BCD/BTC,1573491446719,2019-11-11T16:57:26.719Z,sell,6.144e-05,3.0,0.0001843199999999
BCD/BTC,1573491446719,2019-11-11T16:57:26.719Z,sell,6.078e-05,24.0,0.00145872
BCD/BTC,1573491446725,2019-11-11T16:57:26.725Z,sell,6.077e-05,48.0,0.00291696
BCD/BTC,1573491446725,2019-11-11T16:57:26.725Z,sell,6.075e-05,140.0,0.008505
BCD/BTC,1573491446725,2019-11-11T16:57:26.725Z,sell,6.074e-05,36.0,0.00218664
BCD/BTC,1573491446725,2019-11-11T16:57:26.725Z,sell,6.073e-05,195.0,0.01184235
BCD/BTC,1573491446725,2019-11-11T16:57:26.725Z,sell,6.047e-05,36.0,0.00217692
BCD/BTC,1573491446754,2019-11-11T16:57:26.754Z,buy,6.159e-05,140.0,0.0086226
BCD/BTC,1573491446754,2019-11-11T16:57:26.754Z,buy,6.16e-05,105.0,0.006468
BCD/BTC,1573491446754,2019-11-11T16:57:26.754Z,buy,6.161e-05,480.0,0.0295728
BCD/BTC,1573491446754,2019-11-11T16:57:26.754Z,buy,6.169e-05,823.0,0.05077087
BCD/BTC,1573491446754,2019-11-11T16:57:26.754Z,buy,6.183e-05,36.0,0.00222588
BCD/BTC,1573491446754,2019-11-11T16:57:26.754Z,buy,6.184e-05,131.0,0.00810104
BCD/BTC,1573491446754,2019-11-11T16:57:26.754Z,buy,6.205e-05,451.0,0.02798455
BCD/BTC,1573491446754,2019-11-11T16:57:26.754Z,buy,6.206e-05,36.0,0.00223416
BCD/BTC,1573491446754,2019-11-11T16:57:26.754Z,buy,6.207e-05,1007.0,0.06250449
BCD/BTC,1573491446754,2019-11-11T16:57:26.754Z,buy,6.208e-05,780.0,0.0484224
BCD/BTC,1573491446846,2019-11-11T16:57:26.846Z,sell,6.078e-05,60.0,0.0036468
BCD/BTC,1573491446858,2019-11-11T16:57:26.858Z,sell,6.078e-05,106.0,0.00644268
BCD/BTC,1573491446858,2019-11-11T16:57:26.858Z,sell,6.074e-05,237.0,0.01439538
BCD/BTC,1573491446860,2019-11-11T16:57:26.860Z,sell,6.074e-05,106.0,0.00643844
BCD/BTC,1573491446869,2019-11-11T16:57:26.869Z,sell,6.079e-05,141.0,0.00857139
BCD/BTC,1573491446869,2019-11-11T16:57:26.869Z,sell,6.074e-05,25.0,0.0015184999999999
BCD/BTC,1573491446958,2019-11-11T16:57:26.958Z,sell,6.078e-05,54.0,0.00328212
BCD/BTC,1573491446958,2019-11-11T16:57:26.958Z,sell,6.074e-05,446.0,0.02709004
BCD/BTC,1573491446988,2019-11-11T16:57:26.988Z,sell,6.074e-05,23.0,0.00139702
BCD/BTC,1573491447077,2019-11-11T16:57:27.077Z,sell,6.074e-05,110.0,0.0066814
BCD/BTC,1573491447077,2019-11-11T16:57:27.077Z,sell,6.073e-05,36.0,0.00218628
BCD/BTC,1573491447077,2019-11-11T16:57:27.077Z,sell,6.053e-05,3.0,0.00018159
BCD/BTC,1573491447077,2019-11-11T16:57:27.077Z,sell,6.047e-05,129.0,0.00780063
BCD/BTC,1573491447077,2019-11-11T16:57:27.077Z,sell,6.043e-05,258.0,0.01559094
BCD/BTC,1573491447077,2019-11-11T16:57:27.077Z,sell,6.041e-05,464.0,0.0280302399999999
BCD/BTC,1573491447138,2019-11-11T16:57:27.138Z,buy,6.159e-05,8.0,0.00049272
BCD/BTC,1573491447191,2019-11-11T16:57:27.191Z,buy,6.159e-05,73.0,0.00449607
BCD/BTC,1573491447263,2019-11-11T16:57:27.263Z,sell,6.072e-05,36.0,0.00218592
BCD/BTC,1573491447263,2019-11-11T16:57:27.263Z,sell,6.041e-05,64.0,0.00386624
BCD/BTC,1573491447271,2019-11-11T16:57:27.271Z,sell,6.073e-05,62.0,0.00376526
BCD/BTC,1573491447271,2019-11-11T16:57:27.271Z,sell,6.041e-05,1207.0,0.0729148699999999
BCD/BTC,1573491447324,2019-11-11T16:57:27.324Z,sell,6.079e-05,28.0,0.00170212
BCD/BTC,1573491447382,2019-11-11T16:57:27.382Z,sell,6.153e-05,48.0,0.00295344
BCD/BTC,1573491447442,2019-11-11T16:57:27.442Z,sell,6.153e-05,438.0,0.02695014
BCD/BTC,1573491447442,2019-11-11T16:57:27.442Z,sell,6.113e-05,62.0,0.00379006
BCD/BTC,1573491447633,2019-11-11T16:57:27.633Z,sell,6.134e-05,3.0,0.00018402
BCD/BTC,1573491447633,2019-11-11T16:57:27.633Z,buy,6.158e-05,196.0,0.01206968
BCD/BTC,1573491447633,2019-11-11T16:57:27.633Z,buy,6.159e-05,122.0,0.00751398
BCD/BTC,1573491447633,2019-11-11T16:57:27.633Z,buy,6.16e-05,52.0,0.0032032
BCD/BTC,1573491447633,2019-11-11T16:57:27.633Z,buy,6.162e-05,503.0,0.03099486
BCD/BTC,1573491447633,2019-11-11T16:57:27.633Z,buy,6.183e-05,24.0,0.00148392
BCD/BTC,1573491447633,2019-11-11T16:57:27.633Z,buy,6.184e-05,1315.0,0.0813196
BCD/BTC,1573491447633,2019-11-11T16:57:27.633Z,buy,6.208e-05,382.0,0.02371456
BCD/BTC,1573491447633,2019-11-11T16:57:27.633Z,buy,6.213e-05,247.0,0.01534611
BCD/BTC,1573491447638,2019-11-11T16:57:27.638Z,sell,6.134e-05,25.0,0.0015335
BCD/BTC,1573491447649,2019-11-11T16:57:27.649Z,sell,6.134e-05,85.0,0.0052139
BCD/BTC,1573491447689,2019-11-11T16:57:27.689Z,sell,6.135e-05,2.0,0.0001227
BCD/BTC,1573491447708,2019-11-11T16:57:27.708Z,sell,6.135e-05,25.0,0.00153375
BCD/BTC,1573491447714,2019-11-11T16:57:27.714Z,sell,6.135e-05,2.0,0.0001227
BCD/BTC,1573491447729,2019-11-11T16:57:27.729Z,buy,6.157e-05,477.0,0.0293688899999999
BCD/BTC,1573491447729,2019-11-11T16:57:27.729Z,buy,6.158e-05,40.0,0.0024632
BCD/BTC,1573491447729,2019-11-11T16:57:27.729Z,buy,6.212e-05,27.0,0.0016772399999999
BCD/BTC,1573491447729,2019-11-11T16:57:27.729Z,buy,6.213e-05,688.0,0.04274544
BCD/BTC,1573491447737,2019-11-11T16:57:27.737Z,sell,6.23e-05,2.0,0.0001246
BCD/BTC,1573491447748,2019-11-11T16:57:27.748Z,sell,6.23e-05,1000.0,0.0622999999999999
BCD/BTC,1573491447753,2019-11-11T16:57:27.753Z,sell,6.23e-05,71.0,0.0044233
BCD/BTC,1573491447760,2019-11-11T16:57:27.760Z,sell,6.23e-05,278.0,0.0173194
BCD/BTC,1573491447760,2019-11-11T16:57:27.760Z,sell,6.23e-05,278.0,0.0173194
BCD/BTC,1573491447762,2019-11-11T16:57:27.762Z,sell,6.23e-05,85.0,0.0052955
BCD/BTC,1573491447783,2019-11-11T16:57:27.783Z,sell,6.23e-05,71.0,0.0044233
BCD/BTC,1573491447792,2019-11-11T16:57:27.792Z,sell,6.23e-05,138.0,0.0085974
BCD/BTC,1573491447797,2019-11-11T16:57:27.797Z,sell,6.23e-05,500.0,0.0311499999999999
BCD/BTC,1573491447799,2019-11-11T16:57:27.799Z,buy,6.267e-05,3.0,0.0001880099999999
BCD/BTC,1573491447799,2019-11-11T16:57:27.799Z,buy,6.289e-05,68.0,0.00427652
BCD/BTC,1573491447818,2019-11-11T16:57:27.818Z,sell,6.23e-05,66.0,0.0041118
BCD/BTC,1573491447957,2019-11-11T16:57:27.957Z,sell,6.23e-05,517.0,0.0322091
BCD/BTC,1573491447984,2019-11-11T16:57:27.984Z,sell,6.23e-05,45.0,0.0028035
BCD/BTC,1573491448028,2019-11-11T16:57:28.028Z,sell,6.135e-05,111.0,0.00680985
BCD/BTC,1573491448028,2019-11-11T16:57:28.028Z,sell,6.134e-05,22.0,0.00134948
BCD/BTC,1573491448042,2019-11-11T16:57:28.042Z,sell,6.134e-05,47.0,0.00288298
BCD/BTC,1573491448085,2019-11-11T16:57:28.085Z,sell,6.134e-05,89.0,0.00545926
BCD/BTC,1573491448085,2019-11-11T16:57:28.085Z,sell,6.134e-05,500.0,0.03067
BCD/BTC,1573491448196,2019-11-11T16:57:28.196Z,sell,6.134e-05,42.0,0.00257628
BCD/BTC,1573491448196,2019-11-11T16:57:28.196Z,sell,6.113e-05,76.0,0.00464588
BCD/BTC,1573491448270,2019-11-11T16:57:28.270Z,sell,6.113e-05,700.0,0.042791
BCD/BTC,1573491448279,2019-11-11T16:57:28.279Z,sell,6.114e-05,2.0,0.00012228
BCD/BTC,1573491448332,2019-11-11T16:57:28.332Z,sell,6.114e-05,82.0,0.00501348
BCD/BTC,1573491448332,2019-11-11T16:57:28.332Z,sell,6.113e-05,18.0,0.00110034
BCD/BTC,1573491448380,2019-11-11T16:57:28.380Z,sell,6.114e-05,4.0,0.00024456
BCD/BTC,1573491448380,2019-11-11T16:57:28.380Z,sell,6.113e-05,96.0,0.00586848
BCD/BTC,1573491448391,2019-11-11T16:57:28.391Z,buy,6.163e-05,24.0,0.00147912
BCD/BTC,1573491448420,2019-11-11T16:57:28.420Z,buy,6.163e-05,4.0,0.00024652
BCD/BTC,1573491448449,2019-11-11T16:57:28.449Z,buy,6.163e-05,24.0,0.00147912
BCD/BTC,1573491448460,2019-11-11T16:57:28.460Z,sell,6.113e-05,452.0,0.02763076
BCD/BTC,1573491448465,2019-11-11T16:57:28.465Z,sell,6.113e-05,4.0,0.00024452
BCD/BTC,1573491448532,2019-11-11T16:57:28.532Z,sell,6.114e-05,11.0,0.00067254
BCD/BTC,1573491448532,2019-11-11T16:57:28.532Z,sell,6.113e-05,989.0,0.06045757
BCD/BTC,1573491448558,2019-11-11T16:57:28.558Z,sell,6.113e-05,32.0,0.00195616
BCD/BTC,1573491448558,2019-11-11T16:57:28.558Z,sell,6.108e-05,68.0,0.00415344
BCD/BTC,1573491448602,2019-11-11T16:57:28.602Z,sell,6.114e-05,25.0,0.0015285
BCD/BTC,1573491448625,2019-11-11T16:57:28.625Z,sell,6.14e-05,14.0,0.0008596
BCD/BTC,1573491448630,2019-11-11T16:57:28.630Z,sell,6.14e-05,108.0,0.0066312
BCD/BTC,1573491448702,2019-11-11T16:57:28.702Z,buy,6.162e-05,24.0,0.00147888
BCD/BTC,1573491448713,2019-11-11T16:57:28.713Z,buy,6.162e-05,40.0,0.0024647999999999
BCD/BTC,1573491448713,2019-11-11T16:57:28.713Z,buy,6.163e-05,68.0,0.00419084
BCD/BTC,1573491448713,2019-11-11T16:57:28.713Z,buy,6.164e-05,4.0,0.00024656
BCD/BTC,1573491448713,2019-11-11T16:57:28.713Z,buy,6.165e-05,3.0,0.0001849499999999
BCD/BTC,1573491448729,2019-11-11T16:57:28.729Z,sell,6.177e-05,500.0,0.030885
BCD/BTC,1573491448762,2019-11-11T16:57:28.762Z,sell,6.177e-05,239.0,0.01476303
BCD/BTC,1573491448808,2019-11-11T16:57:28.808Z,sell,6.177e-05,7.0,0.00043239
BCD/BTC,1573491448906,2019-11-11T16:57:28.906Z,sell,6.177e-05,48.0,0.00296496
BCD/BTC,1573491448957,2019-11-11T16:57:28.957Z,sell,6.177e-05,46.0,0.00284142
BCD/BTC,1573491449006,2019-11-11T16:57:29.006Z,buy,6.229e-05,40.0,0.0024916
BCD/BTC,1573491449065,2019-11-11T16:57:29.065Z,sell,6.177e-05,100.0,0.006177
BCD/BTC,1573491449068,2019-11-11T16:57:29.068Z,sell,6.177e-05,287.0,0.01772799
BCD/BTC,1573491449169,2019-11-11T16:57:29.169Z,sell,6.178e-05,84.0,0.0051895199999999
BCD/BTC,1573491449169,2019-11-11T16:57:29.169Z,sell,6.177e-05,416.0,0.02569632
BCD/BTC,1573491449183,2019-11-11T16:57:29.183Z,sell,6.177e-05,153.0,0.00945081
BCD/BTC,1573491449225,2019-11-11T16:57:29.225Z,sell,6.177e-05,153.0,0.00945081
BCD/BTC,1573491449236,2019-11-11T16:57:29.236Z,sell,6.177e-05,500.0,0.030885
BCD/BTC,1573491449368,2019-11-11T16:57:29.368Z,sell,6.177e-05,78.0,0.00481806
BCD/BTC,1573491449385,2019-11-11T16:57:29.385Z,sell,6.177e-05,700.0,0.043239
BCD/BTC,1573491449470,2019-11-11T16:57:29.470Z,sell,6.177e-05,100.0,0.006177
BCD/BTC,1573491449480,2019-11-11T16:57:29.480Z,sell,6.177e-05,500.0,0.030885
BCD/BTC,1573491449545,2019-11-11T16:57:29.545Z,sell,6.177e-05,25.0,0.00154425
BCD/BTC,1573491449632,2019-11-11T16:57:29.632Z,sell,6.177e-05,7.0,0.00043239
BCD/BTC,1573491449637,2019-11-11T16:57:29.637Z,sell,6.177e-05,260.0,0.0160602
BCD/BTC,1573491449668,2019-11-11T16:57:29.668Z,sell,6.177e-05,48.0,0.00296496
BCD/BTC,1573491449669,2019-11-11T16:57:29.669Z,sell,6.177e-05,48.0,0.00296496
BCD/BTC,1573491449670,2019-11-11T16:57:29.670Z,sell,6.177e-05,18.0,0.00111186
BCD/BTC,1573491449677,2019-11-11T16:57:29.677Z,sell,6.177e-05,500.0,0.030885
BCD/BTC,1573491449689,2019-11-11T16:57:29.689Z,sell,6.14e-05,2.0,0.0001228
BCD/BTC,1573491449749,2019-11-11T16:57:29.749Z,sell,6.14e-05,1306.0,0.0801884
BCD/BTC,1573491449749,2019-11-11T16:57:29.749Z,sell,6.108e-05,749.0,0.04574892
BCD/BTC,1573491449749,2019-11-11T16:57:29.749Z,sell,6.106e-05,897.0,0.05477082
BCD/BTC,1573491449752,2019-11-11T16:57:29.752Z,sell,6.106e-05,737.0,0.04500122
BCD/BTC,1573491449752,2019-11-11T16:57:29.752Z,sell,6.103e-05,263.0,0.0160508899999999
BCD/BTC,1573491449782,2019-11-11T16:57:29.782Z,sell,6.103e-05,417.0,0.0254495099999999
BCD/BTC,1573491449875,2019-11-11T16:57:29.875Z,sell,6.122e-05,260.0,0.0159172
BCD/BTC,1573491449875,2019-11-11T16:57:29.875Z,sell,6.103e-05,108.0,0.00659124
BCD/BTC,1573491449878,2019-11-11T16:57:29.878Z,sell,6.103e-05,100.0,0.006103
BCD/BTC,1573491449923,2019-11-11T16:57:29.923Z,sell,6.103e-05,172.0,0.01049716
BCD/BTC,1573491449926,2019-11-11T16:57:29.926Z,sell,6.103e-05,82.0,0.00500446
BCD/BTC,1573491450055,2019-11-11T16:57:30.055Z,sell,6.103e-05,4.0,0.00024412
BCD/BTC,1573491450135,2019-11-11T16:57:30.135Z,sell,6.103e-05,1000.0,0.0610299999999999
BCD/BTC,1573491450187,2019-11-11T16:57:30.187Z,buy,6.192e-05,3.0,0.00018576
BCD/BTC,1573491450207,2019-11-11T16:57:30.207Z,sell,6.116e-05,100.0,0.006116
BCD/BTC,1573491450237,2019-11-11T16:57:30.237Z,sell,6.116e-05,500.0,0.03058
BCD/BTC,1573491450278,2019-11-11T16:57:30.278Z,sell,6.116e-05,7.0,0.00042812
BCD/BTC,1573491450473,2019-11-11T16:57:30.473Z,sell,6.116e-05,89.0,0.00544324
BCD/BTC,1573491450509,2019-11-11T16:57:30.509Z,sell,6.116e-05,480.0,0.0293568
BCD/BTC,1573491450591,2019-11-11T16:57:30.591Z,sell,6.116e-05,115.0,0.0070334
BCD/BTC,1573491450591,2019-11-11T16:57:30.591Z,sell,6.116e-05,115.0,0.0070334
BCD/BTC,1573491450591,2019-11-11T16:57:30.591Z,sell,6.116e-05,115.0,0.0070334
BCD/BTC,1573491450591,2019-11-11T16:57:30.591Z,sell,6.116e-05,97.0,0.00593252
BCD/BTC,1573491450592,2019-11-11T16:57:30.592Z,sell,6.103e-05,25.0,0.00152575
BCD/BTC,1573491450594,2019-11-11T16:57:30.594Z,sell,6.103e-05,115.0,0.00701845
BCD/BTC,1573491450619,2019-11-11T16:57:30.619Z,buy,6.147e-05,13.0,0.00079911
BCD/BTC,1573491450619,2019-11-11T16:57:30.619Z,buy,6.165e-05,53.0,0.00326745
BCD/BTC,1573491450619,2019-11-11T16:57:30.619Z,buy,6.192e-05,256.0,0.01585152
BCD/BTC,1573491450662,2019-11-11T16:57:30.662Z,buy,6.192e-05,114.0,0.00705888
BCD/BTC,1573491450687,2019-11-11T16:57:30.687Z,sell,6.104e-05,95.0,0.0057988
BCD/BTC,1573491450701,2019-11-11T16:57:30.701Z,sell,6.104e-05,40.0,0.0024416
BCD/BTC,1573491450701,2019-11-11T16:57:30.701Z,sell,6.103e-05,243.0,0.01483029
BCD/BTC,1573491450701,2019-11-11T16:57:30.701Z,sell,6.083e-05,717.0,0.04361511
BCD/BTC,1573491450755,2019-11-11T16:57:30.755Z,sell,6.104e-05,107.0,0.0065312799999999
BCD/BTC,1573491450800,2019-11-11T16:57:30.800Z,buy,6.103e-05,136.0,0.00830008
BCD/BTC,1573491450829,2019-11-11T16:57:30.829Z,buy,6.146e-05,135.0,0.0082971
BCD/BTC,1573491450839,2019-11-11T16:57:30.839Z,buy,6.191e-05,2.0,0.00012382
BCD/BTC,1573491450839,2019-11-11T16:57:30.839Z,buy,6.193e-05,13.0,0.00080509
BCD/BTC,1573491450839,2019-11-11T16:57:30.839Z,buy,6.227e-05,260.0,0.0161902
BCD/BTC,1573491450839,2019-11-11T16:57:30.839Z,buy,6.228e-05,1718.0,0.1069970399999999
BCD/BTC,1573491450839,2019-11-11T16:57:30.839Z,buy,6.229e-05,5.0,0.00031145
BCD/BTC,1573491450853,2019-11-11T16:57:30.853Z,sell,6.184e-05,125.0,0.00773
BCD/BTC,1573491450867,2019-11-11T16:57:30.867Z,sell,6.184e-05,54.0,0.00333936
BCD/BTC,1573491450945,2019-11-11T16:57:30.945Z,sell,6.184e-05,31.0,0.00191704
BCD/BTC,1573491450947,2019-11-11T16:57:30.947Z,sell,6.184e-05,138.0,0.00853392
BCD/BTC,1573491450947,2019-11-11T16:57:30.947Z,sell,6.184e-05,30.0,0.0018552
BCD/BTC,1573491450948,2019-11-11T16:57:30.948Z,sell,6.184e-05,138.0,0.00853392
BCD/BTC,1573491450948,2019-11-11T16:57:30.948Z,sell,6.184e-05,138.0,0.00853392
BCD/BTC,1573491450949,2019-11-11T16:57:30.949Z,sell,6.184e-05,138.0,0.00853392
BCD/BTC,1573491450950,2019-11-11T16:57:30.950Z,sell,6.184e-05,138.0,0.00853392
BCD/BTC,1573491450951,2019-11-11T16:57:30.951Z,sell,6.184e-05,30.0,0.0018552
BCD/BTC,1573491450951,2019-11-11T16:57:30.951Z,sell,6.184e-05,138.0,0.00853392
BCD/BTC,1573491450952,2019-11-11T16:57:30.952Z,sell,6.184e-05,138.0,0.00853392
BCD/BTC,1573491450952,2019-11-11T16:57:30.952Z,sell,6.184e-05,138.0,0.00853392
BCD/BTC,1573491450952,2019-11-11T16:57:30.952Z,sell,6.184e-05,138.0,0.00853392
BCD/BTC,1573491450952,2019-11-11T16:57:30.952Z,sell,6.184e-05,138.0,0.00853392
BCD/BTC,1573491450952,2019-11-11T16:57:30.952Z,sell,6.184e-05,138.0,0.00853392
BCD/BTC,1573491450955,2019-11-11T16:57:30.955Z,sell,6.184e-05,138.0,0.00853392
BCD/BTC,1573491450962,2019-11-11T16:57:30.962Z,sell,6.184e-05,37.0,0.00228808
BCD/BTC,1573491450962,2019-11-11T16:57:30.962Z,sell,6.104e-05,63.0,0.00384552
BCD/BTC,1573491450974,2019-11-11T16:57:30.974Z,buy,6.229e-05,1493.0,0.09299897
BCD/BTC,1573491450975,2019-11-11T16:57:30.975Z,sell,6.104e-05,44.0,0.0026857599999999
BCD/BTC,1573491451026,2019-11-11T16:57:31.026Z,sell,6.105e-05,85.0,0.00518925
BCD/BTC,1573491451026,2019-11-11T16:57:31.026Z,sell,6.104e-05,107.0,0.0065312799999999
BCD/BTC,1573491451026,2019-11-11T16:57:31.026Z,sell,6.079e-05,47.0,0.00285713
BCD/BTC,1573491451026,2019-11-11T16:57:31.026Z,sell,6.075e-05,290.0,0.0176175
BCD/BTC,1573491451030,2019-11-11T16:57:31.030Z,sell,6.075e-05,500.0,0.030375
BCD/BTC,1573491451042,2019-11-11T16:57:31.042Z,sell,6.075e-05,50.0,0.0030375
BCD/BTC,1573491451058,2019-11-11T16:57:31.058Z,sell,6.104e-05,84.0,0.00512736
BCD/BTC,1573491451074,2019-11-11T16:57:31.074Z,buy,6.145e-05,92.0,0.0056534
BCD/BTC,1573491451074,2019-11-11T16:57:31.074Z,buy,6.146e-05,71.0,0.00436366
BCD/BTC,1573491451095,2019-11-11T16:57:31.095Z,sell,6.154e-05,157.0,0.00966178
BCD/BTC,1573491451149,2019-11-11T16:57:31.149Z,sell,6.154e-05,346.0,0.02129284
BCD/BTC,1573491451162,2019-11-11T16:57:31.162Z,sell,6.154e-05,601.0,0.03698554
BCD/BTC,1573491451278,2019-11-11T16:57:31.278Z,sell,6.154e-05,341.0,0.02098514
BCD/BTC,1573491451278,2019-11-11T16:57:31.278Z,sell,6.104e-05,109.0,0.00665336
BCD/BTC,1573491451278,2019-11-11T16:57:31.278Z,sell,6.076e-05,16.0,0.00097216
BCD/BTC,1573491451278,2019-11-11T16:57:31.278Z,sell,6.075e-05,10.0,0.0006075
BCD/BTC,1573491451288,2019-11-11T16:57:31.288Z,sell,6.075e-05,85.0,0.00516375
BCD/BTC,1573491451288,2019-11-11T16:57:31.288Z,sell,6.072e-05,274.0,0.01663728
BCD/BTC,1573491451288,2019-11-11T16:57:31.288Z,sell,6.071e-05,36.0,0.00218556
BCD/BTC,1573491451323,2019-11-11T16:57:31.323Z,buy,6.128e-05,23.0,0.0014094399999999
BCD/BTC,1573491451323,2019-11-11T16:57:31.323Z,buy,6.146e-05,119.0,0.00731374
BCD/BTC,1573491451323,2019-11-11T16:57:31.323Z,buy,6.178e-05,31.0,0.0019151799999999
BCD/BTC,1573491451323,2019-11-11T16:57:31.323Z,buy,6.201e-05,75.0,0.0046507499999999
BCD/BTC,1573491451323,2019-11-11T16:57:31.323Z,buy,6.228e-05,125.0,0.0077849999999999
BCD/BTC,1573491451323,2019-11-11T16:57:31.323Z,buy,6.229e-05,92.0,0.00573068
BCD/BTC,1573491451374,2019-11-11T16:57:31.374Z,sell,6.104e-05,107.0,0.0065312799999999
BCD/BTC,1573491451374,2019-11-11T16:57:31.374Z,sell,6.066e-05,393.0,0.02383938
BCD/BTC,1573491451411,2019-11-11T16:57:31.411Z,sell,6.104e-05,30.0,0.0018311999999999
BCD/BTC,1573491451445,2019-11-11T16:57:31.445Z,sell,6.104e-05,2.0,0.00012208
BCD/BTC,1573491451461,2019-11-11T16:57:31.461Z,sell,6.104e-05,75.0,0.004578
BCD/BTC,1573491451461,2019-11-11T16:57:31.461Z,sell,6.067e-05,86.0,0.00521762
BCD/BTC,1573491451461,2019-11-11T16:57:31.461Z,sell,6.066e-05,429.0,0.02602314
BCD/BTC,1573491451461,2019-11-11T16:57:31.461Z,sell,6.053e-05,13.0,0.0007868899999999
BCD/BTC,1573491451461,2019-11-11T16:57:31.461Z,sell,6.038e-05,290.0,0.0175102
BCD/BTC,1573491451461,2019-11-11T16:57:31.461Z,sell,6.031e-05,496.0,0.0299137599999999
BCD/BTC,1573491451461,2019-11-11T16:57:31.461Z,sell,6.024e-05,76.0,0.00457824
BCD/BTC,1573491451461,2019-11-11T16:57:31.461Z,sell,6.006e-05,13.0,0.00078078
BCD/BTC,1573491451461,2019-11-11T16:57:31.461Z,sell,6e-05,76.0,0.00456
BCD/BTC,1573491451461,2019-11-11T16:57:31.461Z,sell,5.997e-05,1036.0,0.06212892
BCD/BTC,1573491451501,2019-11-11T16:57:31.501Z,sell,6.104e-05,62.0,0.00378448
BCD/BTC,1573491451506,2019-11-11T16:57:31.506Z,buy,6.111e-05,86.0,0.00525546
BCD/BTC,1573491451506,2019-11-11T16:57:31.506Z,buy,6.112e-05,238.0,0.01454656
BCD/BTC,1573491451663,2019-11-11T16:57:31.663Z,sell,6.104e-05,21.0,0.00128184
BCD/BTC,1573491451671,2019-11-11T16:57:31.671Z,sell,5.997e-05,25.0,0.00149925
BCD/BTC,1573491451686,2019-11-11T16:57:31.686Z,buy,6.025e-05,29.0,0.00174725
BCD/BTC,1573491451701,2019-11-11T16:57:31.701Z,buy,6.025e-05,24.0,0.001446
BCD/BTC,1573491451763,2019-11-11T16:57:31.763Z,buy,6.025e-05,130.0,0.0078325
BCD/BTC,1573491451946,2019-11-11T16:57:31.946Z,buy,6.025e-05,40.0,0.00241
BCD/BTC,1573491452125,2019-11-11T16:57:32.125Z,buy,6.025e-05,4.0,0.000241
BCD/BTC,1573491452265,2019-11-11T16:57:32.265Z,buy,6.007e-05,77.0,0.00462539
BCD/BTC,1573491452528,2019-11-11T16:57:32.528Z,sell,6.01e-05,77.0,0.0046277
BCD/BTC,1573491452568,2019-11-11T16:57:32.568Z,sell,6.01e-05,73.0,0.0043873
BCD/BTC,1573491452568,2019-11-11T16:57:32.568Z,sell,6.007e-05,4.0,0.00024028
BCD/BTC,1573491452578,2019-11-11T16:57:32.578Z,buy,6.025e-05,3.0,0.00018075
BCD/BTC,1573491452667,2019-11-11T16:57:32.667Z,sell,6.007e-05,73.0,0.00438511
BCD/BTC,1573491452689,2019-11-11T16:57:32.689Z,sell,5.998e-05,55.0,0.0032989
BCD/BTC,1573491452689,2019-11-11T16:57:32.689Z,sell,5.997e-05,22.0,0.00131934
BCD/BTC,1573491452801,2019-11-11T16:57:32.801Z,buy,6.001e-05,4.0,0.00024004
BCD/BTC,1573491452801,2019-11-11T16:57:32.801Z,buy,6.025e-05,14.0,0.0008435
BCD/BTC,1573491452921,2019-11-11T16:57:32.921Z,sell,5.997e-05,77.0,0.00461769
BCD/BTC,1573491452945,2019-11-11T16:57:32.945Z,buy,6.025e-05,235.0,0.01415875
BCD/BTC,1573491452945,2019-11-11T16:57:32.945Z,buy,6.083e-05,228.0,0.01386924
BCD/BTC,1573491452945,2019-11-11T16:57:32.945Z,buy,6.084e-05,16.0,0.00097344
BCD/BTC,1573491452945,2019-11-11T16:57:32.945Z,buy,6.085e-05,66.0,0.0040161
BCD/BTC,1573491452945,2019-11-11T16:57:32.945Z,buy,6.094e-05,168.0,0.01023792
BCD/BTC,1573491452945,2019-11-11T16:57:32.945Z,buy,6.111e-05,132.0,0.00806652
BCD/BTC,1573491452945,2019-11-11T16:57:32.945Z,buy,6.112e-05,36.0,0.00220032
BCD/BTC,1573491452945,2019-11-11T16:57:32.945Z,buy,6.144e-05,75.0,0.0046079999999999
BCD/BTC,1573491452945,2019-11-11T16:57:32.945Z,buy,6.145e-05,90.0,0.0055305
BCD/BTC,1573491452945,2019-11-11T16:57:32.945Z,buy,6.146e-05,79.0,0.00485534
BCD/BTC,1573491452945,2019-11-11T16:57:32.945Z,buy,6.152e-05,345.0,0.0212243999999999
BCD/BTC,1573491453030,2019-11-11T16:57:33.030Z,sell,6.056e-05,3.0,0.00018168
BCD/BTC,1573491453030,2019-11-11T16:57:33.030Z,sell,5.998e-05,74.0,0.00443852
BCD/BTC,1573491453037,2019-11-11T16:57:33.037Z,sell,5.998e-05,13.0,0.00077974
BCD/BTC,1573491453037,2019-11-11T16:57:33.037Z,sell,5.997e-05,12.0,0.0007196399999999
BCD/BTC,1573491453058,2019-11-11T16:57:33.058Z,buy,6.083e-05,94.0,0.00571802
BCD/BTC,1573491453122,2019-11-11T16:57:33.122Z,sell,6.111e-05,467.0,0.02853837
BCD/BTC,1573491453197,2019-11-11T16:57:33.197Z,sell,6.111e-05,29.0,0.00177219
BCD/BTC,1573491453796,2019-11-11T16:57:33.796Z,sell,6.084e-05,21.0,0.00127764
BCD/BTC,1573491453898,2019-11-11T16:57:33.898Z,sell,6.084e-05,165.0,0.0100386
BCD/BTC,1573491454111,2019-11-11T16:57:34.111Z,sell,6.084e-05,25.0,0.001521
BCD/BTC,1573491454195,2019-11-11T16:57:34.195Z,buy,6.104e-05,63.0,0.00384552
BCD/BTC,1573491454195,2019-11-11T16:57:34.195Z,buy,6.105e-05,1304.0,0.0796092
BCD/BTC,1573491454195,2019-11-11T16:57:34.195Z,buy,6.134e-05,77.0,0.00472318
BCD/BTC,1573491454195,2019-11-11T16:57:34.195Z,buy,6.143e-05,426.0,0.02616918
BCD/BTC,1573491454295,2019-11-11T16:57:34.295Z,sell,6.084e-05,144.0,0.00876096
BCD/BTC,1573491454320,2019-11-11T16:57:34.320Z,sell,6.084e-05,110.0,0.0066924
BCD/BTC,1573491454400,2019-11-11T16:57:34.400Z,sell,6.084e-05,92.0,0.00559728
BCD/BTC,1573491454404,2019-11-11T16:57:34.404Z,sell,6.084e-05,33.0,0.00200772
BCD/BTC,1573491454461,2019-11-11T16:57:34.461Z,sell,6.084e-05,70.0,0.0042588
BCD/BTC,1573491454486,2019-11-11T16:57:34.486Z,sell,6.084e-05,100.0,0.006084
BCD/BTC,1573491454541,2019-11-11T16:57:34.541Z,sell,6.084e-05,53.0,0.00322452
BCD/BTC,1573491454578,2019-11-11T16:57:34.578Z,sell,6.084e-05,140.0,0.0085176
BCD/BTC,1573491454692,2019-11-11T16:57:34.692Z,sell,6.084e-05,103.0,0.00626652
BCD/BTC,1573491454783,2019-11-11T16:57:34.783Z,sell,6.084e-05,65.0,0.0039546
BCD/BTC,1573491454825,2019-11-11T16:57:34.825Z,sell,6.084e-05,65.0,0.0039546
BCD/BTC,1573491454891,2019-11-11T16:57:34.891Z,sell,6.084e-05,37.0,0.00225108
BCD/BTC,1573491454997,2019-11-11T16:57:34.997Z,sell,6.084e-05,99.0,0.00602316
BCD/BTC,1573491455135,2019-11-11T16:57:35.135Z,sell,6.084e-05,34.0,0.00206856
BCD/BTC,1573491455186,2019-11-11T16:57:35.186Z,sell,6.084e-05,31.0,0.00188604
BCD/BTC,1573491455202,2019-11-11T16:57:35.202Z,sell,6.084e-05,25.0,0.001521
BCD/BTC,1573491455312,2019-11-11T16:57:35.312Z,sell,6.084e-05,97.0,0.00590148
BCD/BTC,1573491455397,2019-11-11T16:57:35.397Z,sell,6.084e-05,131.0,0.00797004
BCD/BTC,1573491455397,2019-11-11T16:57:35.397Z,sell,6.054e-05,2.0,0.00012108
BCD/BTC,1573491455397,2019-11-11T16:57:35.397Z,sell,6.054e-05,27.0,0.00163458
BCD/BTC,1573491455701,2019-11-11T16:57:35.701Z,buy,6.08e-05,16.0,0.0009728
BCD/BTC,1573491455701,2019-11-11T16:57:35.701Z,buy,6.096e-05,947.0,0.05772912
BCD/BTC,1573491455701,2019-11-11T16:57:35.701Z,buy,6.104e-05,126.0,0.00769104
BCD/BTC,1573491455701,2019-11-11T16:57:35.701Z,buy,6.128e-05,794.0,0.0486563199999999
BCD/BTC,1573491455701,2019-11-11T16:57:35.701Z,buy,6.137e-05,799.0,0.04903463
BCD/BTC,1573491455701,2019-11-11T16:57:35.701Z,buy,6.143e-05,343.0,0.02107049
BCD/BTC,1573491456306,2019-11-11T16:57:36.306Z,sell,6.056e-05,25.0,0.001514
BCD/BTC,1573491456563,2019-11-11T16:57:36.563Z,sell,6.056e-05,500.0,0.03028
BCD/BTC,1573491456879,2019-11-11T16:57:36.879Z,sell,6.057e-05,237.0,0.01435509
BCD/BTC,1573491456879,2019-11-11T16:57:36.879Z,sell,6.056e-05,429.0,0.02598024
BCD/BTC,1573491456879,2019-11-11T16:57:36.879Z,sell,6.055e-05,264.0,0.0159852
BCD/BTC,1573491456879,2019-11-11T16:57:36.879Z,sell,6.053e-05,13.0,0.0007868899999999
BCD/BTC,1573491456879,2019-11-11T16:57:36.879Z,sell,6.038e-05,43.0,0.00259634
BCD/BTC,1573491456966,2019-11-11T16:57:36.966Z,sell,6.057e-05,31.0,0.00187767
BCD/BTC,1573491457007,2019-11-11T16:57:37.007Z,sell,6.057e-05,35.0,0.00211995
BCD/BTC,1573491457327,2019-11-11T16:57:37.327Z,sell,6.038e-05,25.0,0.0015095
BCD/BTC,1573491457458,2019-11-11T16:57:37.458Z,sell,6.038e-05,77.0,0.00464926
BCD/BTC,1573491457469,2019-11-11T16:57:37.469Z,sell,6.038e-05,77.0,0.00464926
BCD/BTC,1573491457509,2019-11-11T16:57:37.509Z,sell,6.038e-05,77.0,0.00464926
BCD/BTC,1573491457615,2019-11-11T16:57:37.615Z,sell,6.038e-05,77.0,0.00464926
BCD/BTC,1573491457661,2019-11-11T16:57:37.661Z,sell,6.038e-05,77.0,0.00464926
BCD/BTC,1573491457764,2019-11-11T16:57:37.764Z,sell,6.038e-05,42.0,0.00253596
BCD/BTC,1573491457764,2019-11-11T16:57:37.764Z,sell,6.032e-05,35.0,0.0021112
BCD/BTC,1573491457764,2019-11-11T16:57:37.764Z,sell,6.032e-05,29.0,0.00174928
BCD/BTC,1573491458290,2019-11-11T16:57:38.290Z,sell,6.032e-05,11.0,0.00066352
BCD/BTC,1573491458290,2019-11-11T16:57:38.290Z,sell,6.024e-05,14.0,0.00084336
BCD/BTC,1573491458589,2019-11-11T16:57:38.589Z,sell,6.025e-05,7.0,0.00042175
BCD/BTC,1573491459175,2019-11-11T16:57:39.175Z,buy,6.029e-05,77.0,0.00464233
BCD/BTC,1573491459175,2019-11-11T16:57:39.175Z,buy,6.047e-05,465.0,0.02811855
BCD/BTC,1573491459180,2019-11-11T16:57:39.180Z,sell,6.07e-05,306.0,0.0185742
BCD/BTC,1573491459192,2019-11-11T16:57:39.192Z,sell,6.07e-05,313.0,0.0189990999999999
BCD/BTC,1573491459240,2019-11-11T16:57:39.240Z,sell,6.025e-05,77.0,0.00463925
BCD/BTC,1573491459263,2019-11-11T16:57:39.263Z,sell,6.025e-05,77.0,0.00463925
BCD/BTC,1573491459350,2019-11-11T16:57:39.350Z,sell,6.025e-05,25.0,0.00150625
BCD/BTC,1573491459413,2019-11-11T16:57:39.413Z,sell,6.025e-05,486.0,0.0292815
BCD/BTC,1573491459462,2019-11-11T16:57:39.462Z,sell,6.025e-05,992.0,0.059768
BCD/BTC,1573491459462,2019-11-11T16:57:39.462Z,sell,6.022e-05,134.0,0.00806948
BCD/BTC,1573491459462,2019-11-11T16:57:39.462Z,sell,6.021e-05,3.0,0.00018063
BCD/BTC,1573491459462,2019-11-11T16:57:39.462Z,sell,6.008e-05,47.0,0.00282376
BCD/BTC,1573491459462,2019-11-11T16:57:39.462Z,sell,6.006e-05,13.0,0.00078078
BCD/BTC,1573491459462,2019-11-11T16:57:39.462Z,sell,5.993e-05,314.0,0.0188180199999999
BCD/BTC,1573491459597,2019-11-11T16:57:39.597Z,buy,6.002e-05,84.0,0.00504168
BCD/BTC,1573491459675,2019-11-11T16:57:39.675Z,buy,6.011e-05,24.0,0.00144264
BCD/BTC,1573491459735,2019-11-11T16:57:39.735Z,buy,6.011e-05,24.0,0.00144264
BCD/BTC,1573491460206,2019-11-11T16:57:40.206Z,sell,5.997e-05,77.0,0.00461769
BCD/BTC,1573491460245,2019-11-11T16:57:40.245Z,sell,5.997e-05,15.0,0.0008995499999999
BCD/BTC,1573491460245,2019-11-11T16:57:40.245Z,sell,5.993e-05,62.0,0.00371566
BCD/BTC,1573491460302,2019-11-11T16:57:40.302Z,sell,5.993e-05,77.0,0.00461461
BCD/BTC,1573491460365,2019-11-11T16:57:40.365Z,buy,6.011e-05,82.0,0.00492902
BCD/BTC,1573491460479,2019-11-11T16:57:40.479Z,sell,6.025e-05,25.0,0.00150625
BCD/BTC,1573491460488,2019-11-11T16:57:40.488Z,sell,6.025e-05,77.0,0.00463925
BCD/BTC,1573491460593,2019-11-11T16:57:40.593Z,buy,6.027e-05,4.0,0.00024108
BCD/BTC,1573491460593,2019-11-11T16:57:40.593Z,sell,6.025e-05,1175.0,0.07079375
BCD/BTC,1573491460687,2019-11-11T16:57:40.687Z,buy,6.027e-05,224.0,0.0135004799999999
BCD/BTC,1573491460687,2019-11-11T16:57:40.687Z,buy,6.028e-05,16.0,0.00096448
BCD/BTC,1573491460687,2019-11-11T16:57:40.687Z,buy,6.029e-05,154.0,0.00928466
BCD/BTC,1573491460687,2019-11-11T16:57:40.687Z,buy,6.065e-05,159.0,0.00964335
BCD/BTC,1573491460998,2019-11-11T16:57:40.998Z,sell,6.025e-05,109.0,0.00656725
BCD/BTC,1573491461231,2019-11-11T16:57:41.231Z,buy,6.053e-05,13.0,0.0007868899999999
BCD/BTC,1573491461231,2019-11-11T16:57:41.231Z,buy,6.065e-05,462.0,0.0280202999999999
BCD/BTC,1573491461231,2019-11-11T16:57:41.231Z,buy,6.077e-05,495.0,0.03008115
BCD/BTC,1573491461231,2019-11-11T16:57:41.231Z,buy,6.09e-05,157.0,0.0095613
BCD/BTC,1573491461231,2019-11-11T16:57:41.231Z,buy,6.091e-05,3.0,0.0001827299999999
BCD/BTC,1573491461231,2019-11-11T16:57:41.231Z,buy,6.096e-05,29.0,0.00176784
BCD/BTC,1573491461231,2019-11-11T16:57:41.231Z,buy,6.1e-05,164.0,0.0100039999999999
BCD/BTC,1573491461231,2019-11-11T16:57:41.231Z,buy,6.104e-05,14.0,0.00085456
BCD/BTC,1573491461231,2019-11-11T16:57:41.231Z,buy,6.111e-05,1430.0,0.0873873
BCD/BTC,1573491461231,2019-11-11T16:57:41.231Z,buy,6.126e-05,3.0,0.00018378
BCD/BTC,1573491461231,2019-11-11T16:57:41.231Z,buy,6.131e-05,650.0,0.0398515
BCD/BTC,1573491461247,2019-11-11T16:57:41.247Z,sell,6.025e-05,826.0,0.0497665
BCD/BTC,1573491461628,2019-11-11T16:57:41.628Z,buy,5.995e-05,8.0,0.0004796
BCD/BTC,1573491461654,2019-11-11T16:57:41.654Z,buy,5.995e-05,25.0,0.00149875
BCD/BTC,1573491461678,2019-11-11T16:57:41.678Z,buy,5.995e-05,31.0,0.00185845
BCD/BTC,1573491461792,2019-11-11T16:57:41.792Z,buy,5.995e-05,111.0,0.00665445
BCD/BTC,1573491461835,2019-11-11T16:57:41.835Z,buy,5.995e-05,19.0,0.00113905
BCD/BTC,1573491461861,2019-11-11T16:57:41.861Z,buy,5.995e-05,99.0,0.00593505
BCD/BTC,1573491461861,2019-11-11T16:57:41.861Z,buy,6.004e-05,12.0,0.00072048
BCD/BTC,1573491461870,2019-11-11T16:57:41.870Z,buy,6.004e-05,111.0,0.00666444
BCD/BTC,1573491462063,2019-11-11T16:57:42.063Z,sell,5.995e-05,2.0,0.0001199
BCD/BTC,1573491462121,2019-11-11T16:57:42.121Z,buy,6.004e-05,4.0,0.00024016
BCD/BTC,1573491462137,2019-11-11T16:57:42.137Z,sell,5.995e-05,25.0,0.00149875
BCD/BTC,1573491462270,2019-11-11T16:57:42.270Z,buy,6.004e-05,394.0,0.02365576
BCD/BTC,1573491462501,2019-11-11T16:57:42.501Z,buy,6.004e-05,23.0,0.00138092
BCD/BTC,1573491462547,2019-11-11T16:57:42.547Z,buy,6.004e-05,273.0,0.01639092
BCD/BTC,1573491462547,2019-11-11T16:57:42.547Z,buy,6.056e-05,3.0,0.00018168
BCD/BTC,1573491462547,2019-11-11T16:57:42.547Z,buy,6.09e-05,105.0,0.0063945
BCD/BTC,1573491462547,2019-11-11T16:57:42.547Z,buy,6.131e-05,163.0,0.0099935299999999
BCD/BTC,1573491462547,2019-11-11T16:57:42.547Z,buy,6.136e-05,231.0,0.0141741599999999
BCD/BTC,1573491463110,2019-11-11T16:57:43.110Z,sell,6.026e-05,25.0,0.0015065
BCD/BTC,1573491463175,2019-11-11T16:57:43.175Z,sell,6.026e-05,31.0,0.00186806
BCD/BTC,1573491463191,2019-11-11T16:57:43.191Z,sell,6.026e-05,19.0,0.00114494
BCD/BTC,1573491463191,2019-11-11T16:57:43.191Z,sell,6.004e-05,74.0,0.00444296
BCD/BTC,1573491463365,2019-11-11T16:57:43.365Z,buy,6.038e-05,13.0,0.00078494
BCD/BTC,1573491463560,2019-11-11T16:57:43.560Z,buy,6.038e-05,17757.0,1.07216766
BCD/BTC,1573491463560,2019-11-11T16:57:43.560Z,buy,6.098e-05,75.0,0.0045735
BCD/BTC,1573491463560,2019-11-11T16:57:43.560Z,buy,6.106e-05,76.0,0.00464056
BCD/BTC,1573491463560,2019-11-11T16:57:43.560Z,buy,6.124e-05,4.0,0.00024496
BCD/BTC,1573491463560,2019-11-11T16:57:43.560Z,buy,6.129e-05,981.0,0.06012549
BCD/BTC,1573491463560,2019-11-11T16:57:43.560Z,buy,6.13e-05,70.0,0.004291
BCD/BTC,1573491463560,2019-11-11T16:57:43.560Z,buy,6.136e-05,1895.0,0.1162772
BCD/BTC,1573491463560,2019-11-11T16:57:43.560Z,buy,6.142e-05,852.0,0.05232984
BCD/BTC,1573491463560,2019-11-11T16:57:43.560Z,buy,6.143e-05,1528.0,0.09386504
BCD/BTC,1573491463560,2019-11-11T16:57:43.560Z,buy,6.145e-05,2294.0,0.1409663
BCD/BTC,1573491463560,2019-11-11T16:57:43.560Z,buy,6.147e-05,13.0,0.00079911
BCD/BTC,1573491463560,2019-11-11T16:57:43.560Z,buy,6.15e-05,324.0,0.019926
BCD/BTC,1573491463560,2019-11-11T16:57:43.560Z,buy,6.151e-05,87.0,0.00535137
BCD/BTC,1573491463560,2019-11-11T16:57:43.560Z,buy,6.158e-05,4.0,0.00024632
BCD/BTC,1573491463560,2019-11-11T16:57:43.560Z,buy,6.16e-05,2.0,0.0001232
BCD/BTC,1573491463560,2019-11-11T16:57:43.560Z,buy,6.161e-05,3.0,0.00018483
BCD/BTC,1573491463560,2019-11-11T16:57:43.560Z,buy,6.174e-05,2812.0,0.17361288
BCD/BTC,1573491463560,2019-11-11T16:57:43.560Z,buy,6.182e-05,1618.0,0.10002476
BCD/BTC,1573491463560,2019-11-11T16:57:43.560Z,buy,6.193e-05,1621.0,0.10038853
BCD/BTC,1573491463560,2019-11-11T16:57:43.560Z,buy,6.196e-05,3.0,0.0001858799999999
BCD/BTC,1573491463560,2019-11-11T16:57:43.560Z,buy,6.228e-05,36.0,0.0022420799999999
BCD/BTC,1573491463560,2019-11-11T16:57:43.560Z,buy,6.23e-05,3.0,0.0001869
BCD/BTC,1573491463560,2019-11-11T16:57:43.560Z,buy,6.24e-05,13.0,0.0008112
BCD/BTC,1573491463560,2019-11-11T16:57:43.560Z,buy,6.265e-05,3.0,0.00018795
BCD/BTC,1573491463560,2019-11-11T16:57:43.560Z,buy,6.267e-05,165.0,0.0103405499999999
BCD/BTC,1573491463560,2019-11-11T16:57:43.560Z,buy,6.282e-05,4306.0,0.27050292
BCD/BTC,1573491463670,2019-11-11T16:57:43.670Z,buy,6.135e-05,3.0,0.00018405
BCD/BTC,1573491463702,2019-11-11T16:57:43.702Z,sell,6.093e-05,24.0,0.00146232
BCD/BTC,1573491463731,2019-11-11T16:57:43.731Z,sell,6.093e-05,96.0,0.00584928
BCD/BTC,1573491463973,2019-11-11T16:57:43.973Z,sell,6.093e-05,254.0,0.01547622
BCD/BTC,1573491463975,2019-11-11T16:57:43.975Z,sell,6.093e-05,33.0,0.00201069
BCD/BTC,1573491463975,2019-11-11T16:57:43.975Z,sell,6.092e-05,67.0,0.00408164
BCD/BTC,1573491463976,2019-11-11T16:57:43.976Z,sell,6.092e-05,95.0,0.0057874
BCD/BTC,1573491464030,2019-11-11T16:57:44.030Z,sell,6.092e-05,13.0,0.00079196
BCD/BTC,1573491464032,2019-11-11T16:57:44.032Z,sell,6.092e-05,1.0,6.092e-05
BCD/BTC,1573491464032,2019-11-11T16:57:44.032Z,sell,6.091e-05,3.0,0.0001827299999999
BCD/BTC,1573491464032,2019-11-11T16:57:44.032Z,sell,6.089e-05,10.0,0.0006089
BCD/BTC,1573491464034,2019-11-11T16:57:44.034Z,sell,6.089e-05,184.0,0.01120376
BCD/BTC,1573491464038,2019-11-11T16:57:44.038Z,sell,6.089e-05,13.0,0.00079157
BCD/BTC,1573491464042,2019-11-11T16:57:44.042Z,sell,6.089e-05,13.0,0.00079157
BCD/BTC,1573491464043,2019-11-11T16:57:44.043Z,sell,6.089e-05,13.0,0.00079157
BCD/BTC,1573491464058,2019-11-11T16:57:44.058Z,sell,6.089e-05,329.0,0.02003281
BCD/BTC,1573491464083,2019-11-11T16:57:44.083Z,sell,6.089e-05,93.0,0.00566277
BCD/BTC,1573491464089,2019-11-11T16:57:44.089Z,buy,6.085e-05,8.0,0.0004868
BCD/BTC,1573491464143,2019-11-11T16:57:44.143Z,sell,6.083e-05,25.0,0.00152075
BCD/BTC,1573491464153,2019-11-11T16:57:44.153Z,sell,6.083e-05,125.0,0.0076037499999999
BCD/BTC,1573491464153,2019-11-11T16:57:44.153Z,sell,6.081e-05,75.0,0.00456075
BCD/BTC,1573491464153,2019-11-11T16:57:44.153Z,sell,6.08e-05,75.0,0.00456
BCD/BTC,1573491464153,2019-11-11T16:57:44.153Z,sell,6.077e-05,225.0,0.01367325
BCD/BTC,1573491464354,2019-11-11T16:57:44.354Z,sell,6.077e-05,39.0,0.00237003
BCD/BTC,1573491464374,2019-11-11T16:57:44.374Z,sell,6.077e-05,95.0,0.00577315
BCD/BTC,1573491464378,2019-11-11T16:57:44.378Z,sell,6.077e-05,66.0,0.00401082
BCD/BTC,1573491464391,2019-11-11T16:57:44.391Z,sell,6.077e-05,90.0,0.0054693
BCD/BTC,1573491464397,2019-11-11T16:57:44.397Z,sell,6.077e-05,24.0,0.00145848
BCD/BTC,1573491464404,2019-11-11T16:57:44.404Z,sell,6.077e-05,37.0,0.00224849
BCD/BTC,1573491464428,2019-11-11T16:57:44.428Z,sell,6.077e-05,37.0,0.00224849
BCD/BTC,1573491464454,2019-11-11T16:57:44.454Z,sell,6.077e-05,18.0,0.00109386
BCD/BTC,1573491464456,2019-11-11T16:57:44.456Z,sell,6.077e-05,26.0,0.00158002
BCD/BTC,1573491464520,2019-11-11T16:57:44.520Z,buy,6.071e-05,359.0,0.02179489
BCD/BTC,1573491464520,2019-11-11T16:57:44.520Z,buy,6.085e-05,54.0,0.0032859
BCD/BTC,1573491464520,2019-11-11T16:57:44.520Z,buy,6.133e-05,8.0,0.00049064
BCD/BTC,1573491464520,2019-11-11T16:57:44.520Z,buy,6.134e-05,86.0,0.00527524
BCD/BTC,1573491464520,2019-11-11T16:57:44.520Z,buy,6.135e-05,138.0,0.0084663
BCD/BTC,1573491464520,2019-11-11T16:57:44.520Z,buy,6.278e-05,114.0,0.00715692
BCD/BTC,1573491464520,2019-11-11T16:57:44.520Z,buy,6.279e-05,9983.0,0.62683257
BCD/BTC,1573491464520,2019-11-11T16:57:44.520Z,buy,6.282e-05,542.0,0.03404844
BCD/BTC,1573491464520,2019-11-11T16:57:44.520Z,buy,6.287e-05,13.0,0.00081731
BCD/BTC,1573491464520,2019-11-11T16:57:44.520Z,buy,6.289e-05,252.0,0.01584828
BCD/BTC,1573491464520,2019-11-11T16:57:44.520Z,buy,6.29e-05,8.0,0.0005032
BCD/BTC,1573491464520,2019-11-11T16:57:44.520Z,buy,6.298e-05,199.0,0.0125330199999999
BCD/BTC,1573491464520,2019-11-11T16:57:44.520Z,buy,6.3e-05,154.0,0.009702
BCD/BTC,1573491464520,2019-11-11T16:57:44.520Z,buy,6.305e-05,583.0,0.03675815
BCD/BTC,1573491464533,2019-11-11T16:57:44.533Z,sell,6.066e-05,225.0,0.0136485
BCD/BTC,1573491464533,2019-11-11T16:57:44.533Z,sell,6.065e-05,75.0,0.00454875
BCD/BTC,1573491464533,2019-11-11T16:57:44.533Z,sell,6.06e-05,75.0,0.004545
BCD/BTC,1573491464533,2019-11-11T16:57:44.533Z,sell,6.059e-05,72.0,0.00436248
BCD/BTC,1573491464793,2019-11-11T16:57:44.793Z,sell,6.093e-05,109.0,0.00664137
BCD/BTC,1573491464867,2019-11-11T16:57:44.867Z,sell,6.094e-05,159.0,0.00968946
BCD/BTC,1573491464903,2019-11-11T16:57:44.903Z,sell,6.12e-05,159.0,0.0097308
BCD/BTC,1573491464923,2019-11-11T16:57:44.923Z,sell,6.12e-05,254.0,0.0155448
BCD/BTC,1573491465099,2019-11-11T16:57:45.099Z,sell,6.12e-05,25.0,0.00153
BCD/BTC,1573491465102,2019-11-11T16:57:45.102Z,sell,6.12e-05,100.0,0.00612
BCD/BTC,1573491465183,2019-11-11T16:57:45.183Z,sell,6.12e-05,695.0,0.0425339999999999
BCD/BTC,1573491465183,2019-11-11T16:57:45.183Z,sell,6.094e-05,305.0,0.0185867
BCD/BTC,1573491465221,2019-11-11T16:57:45.221Z,sell,6.151e-05,606.0,0.03727506
BCD/BTC,1573491465282,2019-11-11T16:57:45.282Z,sell,6.151e-05,697.0,0.0428724699999999
BCD/BTC,1573491465288,2019-11-11T16:57:45.288Z,sell,6.151e-05,46.0,0.00282946
BCD/BTC,1573491465288,2019-11-11T16:57:45.288Z,sell,6.151e-05,45.0,0.00276795
BCD/BTC,1573491465288,2019-11-11T16:57:45.288Z,sell,6.151e-05,46.0,0.00282946
BCD/BTC,1573491465288,2019-11-11T16:57:45.288Z,sell,6.151e-05,46.0,0.00282946
BCD/BTC,1573491465289,2019-11-11T16:57:45.289Z,sell,6.151e-05,46.0,0.00282946
BCD/BTC,1573491465292,2019-11-11T16:57:45.292Z,sell,6.151e-05,46.0,0.00282946
BCD/BTC,1573491465292,2019-11-11T16:57:45.292Z,sell,6.151e-05,44.0,0.00270644
BCD/BTC,1573491465325,2019-11-11T16:57:45.325Z,sell,6.152e-05,51.0,0.0031375199999999
BCD/BTC,1573491465329,2019-11-11T16:57:45.329Z,sell,6.152e-05,131.0,0.00805912
BCD/BTC,1573491465329,2019-11-11T16:57:45.329Z,sell,6.121e-05,358.0,0.02191318
BCD/BTC,1573491465336,2019-11-11T16:57:45.336Z,sell,6.121e-05,177.0,0.01083417
BCD/BTC,1573491465336,2019-11-11T16:57:45.336Z,sell,6.094e-05,323.0,0.01968362
BCD/BTC,1573491465399,2019-11-11T16:57:45.399Z,sell,6.094e-05,145.0,0.0088363
BCD/BTC,1573491465413,2019-11-11T16:57:45.413Z,buy,6.11e-05,78.0,0.0047658
BCD/BTC,1573491465430,2019-11-11T16:57:45.430Z,sell,6.136e-05,84.0,0.0051542399999999
BCD/BTC,1573491465430,2019-11-11T16:57:45.430Z,sell,6.095e-05,180.0,0.010971
BCD/BTC,1573491465430,2019-11-11T16:57:45.430Z,sell,6.092e-05,159.0,0.00968628
BCD/BTC,1573491465430,2019-11-11T16:57:45.430Z,sell,6.087e-05,277.0,0.01686099
BCD/BTC,1573491465559,2019-11-11T16:57:45.559Z,buy,6.11e-05,579.0,0.0353768999999999
BCD/BTC,1573491465585,2019-11-11T16:57:45.585Z,sell,6.16e-05,677.0,0.0417032
BCD/BTC,1573491465638,2019-11-11T16:57:45.638Z,sell,6.161e-05,64.0,0.00394304
BCD/BTC,1573491465638,2019-11-11T16:57:45.638Z,sell,6.16e-05,273.0,0.0168168
BCD/BTC,1573491465668,2019-11-11T16:57:45.668Z,sell,6.161e-05,122.0,0.00751642
BCD/BTC,1573491465668,2019-11-11T16:57:45.668Z,sell,6.16e-05,232.0,0.0142912
BCD/BTC,1573491465671,2019-11-11T16:57:45.671Z,sell,6.16e-05,46.0,0.0028336
BCD/BTC,1573491465701,2019-11-11T16:57:45.701Z,sell,6.16e-05,5.0,0.000308
BCD/BTC,1573491465701,2019-11-11T16:57:45.701Z,sell,6.128e-05,25.0,0.001532
BCD/BTC,1573491465762,2019-11-11T16:57:45.762Z,sell,6.128e-05,3.0,0.00018384
BCD/BTC,1573491465836,2019-11-11T16:57:45.836Z,sell,6.181e-05,8.0,0.00049448
BCD/BTC,1573491465836,2019-11-11T16:57:45.836Z,sell,6.155e-05,66.0,0.0040623
BCD/BTC,1573491465917,2019-11-11T16:57:45.917Z,sell,6.155e-05,420.0,0.025851
BCD/BTC,1573491465917,2019-11-11T16:57:45.917Z,sell,6.128e-05,280.0,0.0171583999999999
BCD/BTC,1573491465944,2019-11-11T16:57:45.944Z,sell,6.128e-05,237.0,0.0145233599999999
BCD/BTC,1573491466226,2019-11-11T16:57:46.226Z,sell,6.186e-05,7.0,0.0004330199999999
BCD/BTC,1573491466226,2019-11-11T16:57:46.226Z,sell,6.13e-05,4.0,0.0002452
BCD/BTC,1573491466226,2019-11-11T16:57:46.226Z,sell,6.129e-05,14.0,0.00085806
BCD/BTC,1573491466263,2019-11-11T16:57:46.263Z,sell,6.129e-05,288.0,0.01765152
BCD/BTC,1573491466365,2019-11-11T16:57:46.365Z,sell,6.133e-05,4.0,0.00024532
BCD/BTC,1573491466365,2019-11-11T16:57:46.365Z,sell,6.129e-05,1130.0,0.0692577
BCD/BTC,1573491466365,2019-11-11T16:57:46.365Z,sell,6.128e-05,2622.0,0.1606761599999999
BCD/BTC,1573491466365,2019-11-11T16:57:46.365Z,sell,6.109e-05,326.0,0.01991534
BCD/BTC,1573491466365,2019-11-11T16:57:46.365Z,sell,6.103e-05,163.0,0.00994789
BCD/BTC,1573491466365,2019-11-11T16:57:46.365Z,sell,6.095e-05,75.0,0.00457125
BCD/BTC,1573491466365,2019-11-11T16:57:46.365Z,sell,6.093e-05,2457.0,0.14970501
BCD/BTC,1573491466365,2019-11-11T16:57:46.365Z,sell,6.087e-05,214.0,0.01302618
BCD/BTC,1573491466365,2019-11-11T16:57:46.365Z,sell,6.085e-05,1640.0,0.099794
BCD/BTC,1573491466365,2019-11-11T16:57:46.365Z,sell,6.074e-05,4.0,0.00024296
BCD/BTC,1573491466393,2019-11-11T16:57:46.393Z,buy,6.074e-05,689.0,0.0418498599999999
BCD/BTC,1573491466397,2019-11-11T16:57:46.397Z,buy,6.074e-05,101.0,0.00613474
BCD/BTC,1573491466399,2019-11-11T16:57:46.399Z,buy,6.074e-05,24.0,0.00145776
BCD/BTC,1573491466408,2019-11-11T16:57:46.408Z,buy,6.074e-05,947.0,0.05752078
BCD/BTC,1573491466410,2019-11-11T16:57:46.410Z,buy,6.074e-05,13.0,0.00078962
BCD/BTC,1573491466475,2019-11-11T16:57:46.475Z,buy,6.074e-05,36.0,0.00218664
BCD/BTC,1573491466475,2019-11-11T16:57:46.475Z,buy,6.074e-05,129.0,0.0078354599999999
BCD/BTC,1573491466586,2019-11-11T16:57:46.586Z,buy,6.074e-05,13.0,0.00078962
BCD/BTC,1573491466630,2019-11-11T16:57:46.630Z,buy,6.074e-05,4096.0,0.24879104
BCD/BTC,1573491466709,2019-11-11T16:57:46.709Z,buy,6.074e-05,36.0,0.00218664
BCD/BTC,1573491466750,2019-11-11T16:57:46.750Z,buy,6.074e-05,74.0,0.0044947599999999
BCD/BTC,1573491466814,2019-11-11T16:57:46.814Z,buy,6.074e-05,3.0,0.00018222
BCD/BTC,1573491466870,2019-11-11T16:57:46.870Z,sell,6.069e-05,71.0,0.00430899
BCD/BTC,1573491466929,2019-11-11T16:57:46.929Z,buy,6.074e-05,64.0,0.00388736
BCD/BTC,1573491466938,2019-11-11T16:57:46.938Z,buy,6.074e-05,36.0,0.00218664
BCD/BTC,1573491466958,2019-11-11T16:57:46.958Z,buy,6.074e-05,4.0,0.00024296
BCD/BTC,1573491466983,2019-11-11T16:57:46.983Z,buy,6.074e-05,3.0,0.00018222
BCD/BTC,1573491467032,2019-11-11T16:57:47.032Z,buy,6.074e-05,16.0,0.00097184
BCD/BTC,1573491467064,2019-11-11T16:57:47.064Z,buy,6.074e-05,1993.0,0.12105482
BCD/BTC,1573491467064,2019-11-11T16:57:47.064Z,buy,6.101e-05,671.0,0.04093771
BCD/BTC,1573491467064,2019-11-11T16:57:47.064Z,buy,6.103e-05,482.0,0.02941646
BCD/BTC,1573491467064,2019-11-11T16:57:47.064Z,buy,6.119e-05,14.0,0.00085666
BCD/BTC,1573491467064,2019-11-11T16:57:47.064Z,buy,6.122e-05,297.0,0.01818234
BCD/BTC,1573491467064,2019-11-11T16:57:47.064Z,buy,6.18e-05,2172.0,0.1342296
BCD/BTC,1573491467282,2019-11-11T16:57:47.282Z,sell,6.126e-05,39.0,0.00238914
BCD/BTC,1573491467325,2019-11-11T16:57:47.325Z,sell,6.086e-05,25.0,0.0015214999999999
BCD/BTC,1573491467952,2019-11-11T16:57:47.952Z,buy,6.128e-05,64.0,0.00392192
BCD/BTC,1573491468044,2019-11-11T16:57:48.044Z,sell,6.092e-05,61.0,0.00371612
BCD/BTC,1573491468044,2019-11-11T16:57:48.044Z,sell,6.091e-05,3.0,0.0001827299999999
BCD/BTC,1573491468044,2019-11-11T16:57:48.044Z,sell,6.086e-05,28.0,0.00170408
BCD/BTC,1573491468336,2019-11-11T16:57:48.336Z,buy,6.128e-05,863.0,0.05288464
BCD/BTC,1573491468523,2019-11-11T16:57:48.523Z,sell,6.1e-05,25.0,0.0015249999999999
BCD/BTC,1573491468547,2019-11-11T16:57:48.547Z,sell,6.1e-05,63.0,0.003843
BCD/BTC,1573491468572,2019-11-11T16:57:48.572Z,buy,6.129e-05,64.0,0.00392256
BCD/BTC,1573491468572,2019-11-11T16:57:48.572Z,buy,6.171e-05,64.0,0.00394944
BCD/BTC,1573491468572,2019-11-11T16:57:48.572Z,buy,6.179e-05,58.0,0.00358382
BCD/BTC,1573491468572,2019-11-11T16:57:48.572Z,buy,6.18e-05,154.0,0.0095172
BCD/BTC,1573491468626,2019-11-11T16:57:48.626Z,sell,6.1e-05,2.0,0.000122
BCD/BTC,1573491468673,2019-11-11T16:57:48.673Z,sell,6.101e-05,90.0,0.0054909
BCD/BTC,1573491468673,2019-11-11T16:57:48.673Z,sell,6.1e-05,30.0,0.00183
BCD/BTC,1573491469482,2019-11-11T16:57:49.482Z,sell,6.123e-05,19.0,0.00116337
BCD/BTC,1573491469521,2019-11-11T16:57:49.521Z,sell,6.123e-05,25.0,0.0015307499999999
BCD/BTC,1573491469521,2019-11-11T16:57:49.521Z,sell,6.123e-05,25.0,0.0015307499999999
BCD/BTC,1573491469713,2019-11-11T16:57:49.713Z,sell,6.123e-05,201.0,0.0123072299999999
BCD/BTC,1573491469763,2019-11-11T16:57:49.763Z,sell,6.123e-05,30.0,0.0018368999999999
BCD/BTC,1573491469812,2019-11-11T16:57:49.812Z,sell,6.123e-05,7.0,0.0004286099999999
BCD/BTC,1573491469841,2019-11-11T16:57:49.841Z,sell,6.123e-05,174.0,0.0106540199999999
BCD/BTC,1573491470084,2019-11-11T16:57:50.084Z,buy,6.148e-05,13.0,0.00079924
BCD/BTC,1573491470209,2019-11-11T16:57:50.209Z,sell,6.123e-05,34.0,0.00208182
BCD/BTC,1573491470262,2019-11-11T16:57:50.262Z,sell,6.124e-05,34.0,0.00208216
BCD/BTC,1573491470439,2019-11-11T16:57:50.439Z,sell,6.124e-05,25.0,0.001531
BCD/BTC,1573491470592,2019-11-11T16:57:50.592Z,sell,6.124e-05,62.0,0.00379688
BCD/BTC,1573491470657,2019-11-11T16:57:50.657Z,sell,6.125e-05,214.0,0.0131075
BCD/BTC,1573491470657,2019-11-11T16:57:50.657Z,sell,6.124e-05,414.0,0.02535336
BCD/BTC,1573491470657,2019-11-11T16:57:50.657Z,sell,6.123e-05,109.0,0.00667407
BCD/BTC,1573491470744,2019-11-11T16:57:50.744Z,sell,6.123e-05,500.0,0.0306149999999999
BCD/BTC,1573491470755,2019-11-11T16:57:50.755Z,sell,6.123e-05,136.0,0.00832728
BCD/BTC,1573491470924,2019-11-11T16:57:50.924Z,buy,6.131e-05,3.0,0.0001839299999999
BCD/BTC,1573491470975,2019-11-11T16:57:50.975Z,sell,6.123e-05,61.0,0.00373503
BCD/BTC,1573491471287,2019-11-11T16:57:51.287Z,buy,6.117e-05,235.0,0.01437495
BCD/BTC,1573491471293,2019-11-11T16:57:51.293Z,buy,6.131e-05,72.0,0.0044143199999999
BCD/BTC,1573491471670,2019-11-11T16:57:51.670Z,sell,6.102e-05,25.0,0.0015255
BCD/BTC,1573491471927,2019-11-11T16:57:51.927Z,sell,6.104e-05,6.0,0.00036624
BCD/BTC,1573491472243,2019-11-11T16:57:52.243Z,sell,6.104e-05,163.0,0.00994952
BCD/BTC,1573491472415,2019-11-11T16:57:52.415Z,buy,6.106e-05,2.0,0.00012212
BCD/BTC,1573491472860,2019-11-11T16:57:52.860Z,sell,6.104e-05,25.0,0.001526
BCD/BTC,1573491473099,2019-11-11T16:57:53.099Z,sell,6.104e-05,132.0,0.00805728
BCD/BTC,1573491473573,2019-11-11T16:57:53.573Z,sell,6.104e-05,452.0,0.02759008
BCD/BTC,1573491473878,2019-11-11T16:57:53.878Z,sell,6.104e-05,25.0,0.001526
BCD/BTC,1573491473930,2019-11-11T16:57:53.930Z,buy,6.105e-05,535.0,0.03266175
BCD/BTC,1573491474381,2019-11-11T16:57:54.381Z,sell,6.104e-05,657.0,0.04010328
BCD/BTC,1573491474445,2019-11-11T16:57:54.445Z,buy,6.105e-05,544.0,0.0332112
BCD/BTC,1573491474527,2019-11-11T16:57:54.527Z,buy,6.105e-05,386.0,0.0235653
BCD/BTC,1573491474592,2019-11-11T16:57:54.592Z,buy,6.106e-05,1.0,6.106e-05
BCD/BTC,1573491474626,2019-11-11T16:57:54.626Z,buy,6.106e-05,85.0,0.0051901
BCD/BTC,1573491474626,2019-11-11T16:57:54.626Z,buy,6.107e-05,655.0,0.04000085
BCD/BTC,1573491474726,2019-11-11T16:57:54.726Z,sell,6.112e-05,198.0,0.01210176
BCD/BTC,1573491474886,2019-11-11T16:57:54.886Z,sell,6.113e-05,95.0,0.00580735
BCD/BTC,1573491474940,2019-11-11T16:57:54.940Z,sell,6.113e-05,119.0,0.00727447
BCD/BTC,1573491474940,2019-11-11T16:57:54.940Z,sell,6.112e-05,222.0,0.01356864
BCD/BTC,1573491474999,2019-11-11T16:57:54.999Z,sell,6.112e-05,25.0,0.0015279999999999
BCD/BTC,1573491475129,2019-11-11T16:57:55.129Z,sell,6.112e-05,436.0,0.02664832
BCD/BTC,1573491475197,2019-11-11T16:57:55.197Z,sell,6.112e-05,429.0,0.0262204799999999
BCD/BTC,1573491475430,2019-11-11T16:57:55.430Z,buy,6.125e-05,323.0,0.01978375
BCD/BTC,1573491475430,2019-11-11T16:57:55.430Z,buy,6.126e-05,3.0,0.00018378
BCD/BTC,1573491475430,2019-11-11T16:57:55.430Z,buy,6.13e-05,152.0,0.0093176
BCD/BTC,1573491475430,2019-11-11T16:57:55.430Z,buy,6.131e-05,419.0,0.02568889
BCD/BTC,1573491475430,2019-11-11T16:57:55.430Z,buy,6.145e-05,222.0,0.0136419
BCD/BTC,1573491475798,2019-11-11T16:57:55.798Z,buy,6.13e-05,35.0,0.0021455
BCD/BTC,1573491476709,2019-11-11T16:57:56.709Z,sell,6.116e-05,25.0,0.001529
BCD/BTC,1573491476733,2019-11-11T16:57:56.733Z,buy,6.125e-05,163.0,0.00998375
BCD/BTC,1573491476733,2019-11-11T16:57:56.733Z,buy,6.13e-05,97.0,0.0059461
BCD/BTC,1573491477029,2019-11-11T16:57:57.029Z,sell,6.116e-05,115.0,0.0070334
BCD/BTC,1573491477637,2019-11-11T16:57:57.637Z,sell,6.13e-05,48.0,0.0029424
BCD/BTC,1573491477637,2019-11-11T16:57:57.637Z,sell,6.116e-05,2.0,0.00012232
BCD/BTC,1573491477637,2019-11-11T16:57:57.637Z,sell,6.115e-05,163.0,0.00996745
BCD/BTC,1573491477637,2019-11-11T16:57:57.637Z,sell,6.113e-05,106.0,0.00647978
BCD/BTC,1573491477637,2019-11-11T16:57:57.637Z,sell,6.1e-05,181.0,0.011041
BCD/BTC,1573491477817,2019-11-11T16:57:57.817Z,sell,6.117e-05,62.0,0.00379254
BCD/BTC,1573491477817,2019-11-11T16:57:57.817Z,sell,6.1e-05,12.0,0.000732
BCD/BTC,1573491477973,2019-11-11T16:57:57.973Z,sell,6.117e-05,25.0,0.00152925
BCD/BTC,1573491477998,2019-11-11T16:57:57.998Z,buy,6.12e-05,62.0,0.0037944
BCD/BTC,1573491477998,2019-11-11T16:57:57.998Z,buy,6.126e-05,75.0,0.0045945
BCD/BTC,1573491478922,2019-11-11T16:57:58.922Z,buy,6.144e-05,38.0,0.0023347199999999
BCD/BTC,1573491478986,2019-11-11T16:57:58.986Z,sell,6.118e-05,25.0,0.0015294999999999
BCD/BTC,1573491479031,2019-11-11T16:57:59.031Z,sell,6.118e-05,617.0,0.0377480599999999
BCD/BTC,1573491479031,2019-11-11T16:57:59.031Z,sell,6.117e-05,100.0,0.006117
BCD/BTC,1573491479031,2019-11-11T16:57:59.031Z,sell,6.101e-05,321.0,0.01958421
BCD/BTC,1573491479031,2019-11-11T16:57:59.031Z,sell,6.1e-05,153.0,0.009333
BCD/BTC,1573491479031,2019-11-11T16:57:59.031Z,sell,6.091e-05,3.0,0.0001827299999999
BCD/BTC,1573491479031,2019-11-11T16:57:59.031Z,sell,6.087e-05,87.0,0.00529569
BCD/BTC,1573491479031,2019-11-11T16:57:59.031Z,sell,6.056e-05,3.0,0.00018168
BCD/BTC,1573491479031,2019-11-11T16:57:59.031Z,sell,6.053e-05,13.0,0.0007868899999999
BCD/BTC,1573491479031,2019-11-11T16:57:59.031Z,sell,6.048e-05,4.0,0.00024192
BCD/BTC,1573491479031,2019-11-11T16:57:59.031Z,sell,6.047e-05,9.0,0.00054423
BCD/BTC,1573491479031,2019-11-11T16:57:59.031Z,sell,6.046e-05,215.0,0.0129989
BCD/BTC,1573491479031,2019-11-11T16:57:59.031Z,sell,6.041e-05,473.0,0.02857393
BCD/BTC,1573491479031,2019-11-11T16:57:59.031Z,sell,6.038e-05,65.0,0.0039247
BCD/BTC,1573491479031,2019-11-11T16:57:59.031Z,sell,6.032e-05,136.0,0.00820352
BCD/BTC,1573491479031,2019-11-11T16:57:59.031Z,sell,6.028e-05,327.0,0.01971156
BCD/BTC,1573491479031,2019-11-11T16:57:59.031Z,sell,6.027e-05,65.0,0.00391755
BCD/BTC,1573491479031,2019-11-11T16:57:59.031Z,sell,6.025e-05,434.0,0.0261485
BCD/BTC,1573491479031,2019-11-11T16:57:59.031Z,sell,6.025e-05,869.0,0.05235725
BCD/BTC,1573491479049,2019-11-11T16:57:59.049Z,buy,6.044e-05,12.0,0.00072528
BCD/BTC,1573491479049,2019-11-11T16:57:59.049Z,buy,6.045e-05,231.0,0.01396395
BCD/BTC,1573491479049,2019-11-11T16:57:59.049Z,buy,6.048e-05,12.0,0.00072576
BCD/BTC,1573491479051,2019-11-11T16:57:59.051Z,buy,6.048e-05,89.0,0.00538272
BCD/BTC,1573491479051,2019-11-11T16:57:59.051Z,buy,6.069e-05,166.0,0.01007454
BCD/BTC,1573491479052,2019-11-11T16:57:59.052Z,buy,6.069e-05,90.0,0.0054621
BCD/BTC,1573491479078,2019-11-11T16:57:59.078Z,sell,6.119e-05,38.0,0.00232522
BCD/BTC,1573491479102,2019-11-11T16:57:59.102Z,sell,6.073e-05,86.0,0.00522278
BCD/BTC,1573491479280,2019-11-11T16:57:59.280Z,sell,6.073e-05,111.0,0.00674103
BCD/BTC,1573491479598,2019-11-11T16:57:59.598Z,sell,6.03e-05,24.0,0.0014472
BCD/BTC,1573491479935,2019-11-11T16:57:59.935Z,sell,6.033e-05,25.0,0.00150825
BCD/BTC,1573491480241,2019-11-11T16:58:00.241Z,buy,6.086e-05,65.0,0.0039559
BCD/BTC,1573491480241,2019-11-11T16:58:00.241Z,buy,6.095e-05,352.0,0.0214544
BCD/BTC,1573491480241,2019-11-11T16:58:00.241Z,buy,6.096e-05,321.0,0.01956816
BCD/BTC,1573491480241,2019-11-11T16:58:00.241Z,buy,6.097e-05,342.0,0.02085174
BCD/BTC,1573491480241,2019-11-11T16:58:00.241Z,buy,6.1e-05,1284.0,0.078324
BCD/BTC,1573491480241,2019-11-11T16:58:00.241Z,buy,6.12e-05,1233.0,0.0754596
BCD/BTC,1573491480252,2019-11-11T16:58:00.252Z,sell,6.13e-05,65.0,0.0039845
BCD/BTC,1573491480266,2019-11-11T16:58:00.266Z,sell,6.13e-05,50.0,0.003065
BCD/BTC,1573491480268,2019-11-11T16:58:00.268Z,sell,6.13e-05,1182.0,0.0724566
BCD/BTC,1573491480272,2019-11-11T16:58:00.272Z,sell,6.13e-05,65.0,0.0039845
BCD/BTC,1573491480273,2019-11-11T16:58:00.273Z,sell,6.13e-05,52.0,0.0031876
BCD/BTC,1573491480315,2019-11-11T16:58:00.315Z,sell,6.131e-05,321.0,0.01968051
BCD/BTC,1573491480315,2019-11-11T16:58:00.315Z,sell,6.13e-05,1301.0,0.0797513
BCD/BTC,1573491480345,2019-11-11T16:58:00.345Z,sell,6.13e-05,10.0,0.000613
BCD/BTC,1573491480409,2019-11-11T16:58:00.409Z,sell,6.13e-05,187.0,0.0114631
BCD/BTC,1573491480424,2019-11-11T16:58:00.424Z,sell,6.13e-05,71.0,0.0043523
BCD/BTC,1573491480458,2019-11-11T16:58:00.458Z,sell,6.13e-05,238.0,0.0145894
BCD/BTC,1573491480583,2019-11-11T16:58:00.583Z,sell,6.13e-05,1774.0,0.1087462
BCD/BTC,1573491480592,2019-11-11T16:58:00.592Z,sell,6.13e-05,2360.0,0.144668
BCD/BTC,1573491480605,2019-11-11T16:58:00.605Z,sell,6.13e-05,805.0,0.0493465
BCD/BTC,1573491480637,2019-11-11T16:58:00.637Z,buy,6.08e-05,83.0,0.0050464
BCD/BTC,1573491480639,2019-11-11T16:58:00.639Z,buy,6.08e-05,54.0,0.0032832
BCD/BTC,1573491480650,2019-11-11T16:58:00.650Z,buy,6.073e-05,2.0,0.00012146
BCD/BTC,1573491480650,2019-11-11T16:58:00.650Z,buy,6.08e-05,263.0,0.0159904
BCD/BTC,1573491480652,2019-11-11T16:58:00.652Z,buy,6.08e-05,28.0,0.0017024
BCD/BTC,1573491480656,2019-11-11T16:58:00.656Z,sell,6.035e-05,157.0,0.00947495
BCD/BTC,1573491480656,2019-11-11T16:58:00.656Z,sell,6.034e-05,12.0,0.00072408
BCD/BTC,1573491480699,2019-11-11T16:58:00.699Z,sell,6.035e-05,11.0,0.00066385
BCD/BTC,1573491481052,2019-11-11T16:58:01.052Z,sell,6.036e-05,25.0,0.001509
BCD/BTC,1573491482005,2019-11-11T16:58:02.005Z,sell,6.054e-05,25.0,0.0015135
BCD/BTC,1573491482318,2019-11-11T16:58:02.318Z,buy,6.082e-05,86.0,0.00523052
BCD/BTC,1573491482410,2019-11-11T16:58:02.410Z,sell,6.054e-05,44.0,0.00266376
BCD/BTC,1573491482410,2019-11-11T16:58:02.410Z,sell,6.053e-05,107.0,0.00647671
BCD/BTC,1573491482410,2019-11-11T16:58:02.410Z,sell,6.048e-05,37.0,0.00223776
BCD/BTC,1573491482661,2019-11-11T16:58:02.661Z,sell,6.048e-05,25.0,0.0015119999999999
BCD/BTC,1573491483253,2019-11-11T16:58:03.253Z,sell,6.048e-05,106.0,0.00641088
BCD/BTC,1573491483262,2019-11-11T16:58:03.262Z,sell,6.048e-05,25.0,0.0015119999999999
BCD/BTC,1573491483305,2019-11-11T16:58:03.305Z,sell,6.048e-05,342.0,0.02068416
BCD/BTC,1573491483305,2019-11-11T16:58:03.305Z,sell,6.037e-05,711.0,0.04292307
BCD/BTC,1573491483480,2019-11-11T16:58:03.480Z,sell,6.037e-05,115.0,0.00694255
BCD/BTC,1573491483480,2019-11-11T16:58:03.480Z,sell,6.036e-05,330.0,0.0199188
BCD/BTC,1573491483480,2019-11-11T16:58:03.480Z,sell,6.035e-05,96.0,0.0057936
BCD/BTC,1573491483480,2019-11-11T16:58:03.480Z,sell,6.033e-05,185.0,0.01116105
BCD/BTC,1573491483480,2019-11-11T16:58:03.480Z,sell,6.027e-05,2155.0,0.12988185
BCD/BTC,1573491483480,2019-11-11T16:58:03.480Z,sell,6.025e-05,568.0,0.034222
BCD/BTC,1573491483480,2019-11-11T16:58:03.480Z,sell,6.024e-05,3.0,0.00018072
BCD/BTC,1573491483480,2019-11-11T16:58:03.480Z,sell,6.021e-05,8.0,0.00048168
BCD/BTC,1573491483480,2019-11-11T16:58:03.480Z,sell,6.017e-05,66.0,0.00397122
BCD/BTC,1573491483480,2019-11-11T16:58:03.480Z,sell,6.013e-05,67.0,0.00402871
BCD/BTC,1573491483480,2019-11-11T16:58:03.480Z,sell,6.007e-05,48.0,0.0028833599999999
BCD/BTC,1573491483480,2019-11-11T16:58:03.480Z,sell,6.006e-05,13.0,0.00078078
BCD/BTC,1573491483480,2019-11-11T16:58:03.480Z,sell,5.997e-05,47.0,0.0028185899999999
BCD/BTC,1573491483480,2019-11-11T16:58:03.480Z,sell,5.993e-05,65.0,0.00389545
BCD/BTC,1573491483480,2019-11-11T16:58:03.480Z,sell,5.991e-05,66.0,0.00395406
BCD/BTC,1573491483480,2019-11-11T16:58:03.480Z,sell,5.989e-05,19.0,0.00113791
BCD/BTC,1573491483480,2019-11-11T16:58:03.480Z,sell,5.987e-05,3.0,0.00017961
BCD/BTC,1573491483480,2019-11-11T16:58:03.480Z,sell,5.985e-05,76.0,0.0045486
BCD/BTC,1573491483480,2019-11-11T16:58:03.480Z,sell,5.984e-05,5.0,0.0002992
BCD/BTC,1573491483480,2019-11-11T16:58:03.480Z,sell,5.982e-05,66.0,0.00394812
BCD/BTC,1573491483480,2019-11-11T16:58:03.480Z,sell,5.979e-05,66.0,0.00394614
BCD/BTC,1573491483480,2019-11-11T16:58:03.480Z,sell,5.974e-05,116.0,0.00692984
BCD/BTC,1573491483480,2019-11-11T16:58:03.480Z,sell,5.97e-05,5.0,0.0002985
BCD/BTC,1573491483480,2019-11-11T16:58:03.480Z,sell,5.962e-05,167.0,0.00995654
BCD/BTC,1573491483480,2019-11-11T16:58:03.480Z,sell,5.96e-05,13.0,0.0007748
BCD/BTC,1573491483480,2019-11-11T16:58:03.480Z,sell,5.956e-05,22.0,0.00131032
BCD/BTC,1573491483480,2019-11-11T16:58:03.480Z,sell,5.952e-05,3.0,0.00017856
BCD/BTC,1573491483480,2019-11-11T16:58:03.480Z,sell,5.95e-05,140.0,0.00833
BCD/BTC,1573491483480,2019-11-11T16:58:03.480Z,sell,5.948e-05,5.0,0.0002974
BCD/BTC,1573491483480,2019-11-11T16:58:03.480Z,sell,5.947e-05,22.0,0.0013083399999999
BCD/BTC,1573491483530,2019-11-11T16:58:03.530Z,sell,6.049e-05,46.0,0.00278254
BCD/BTC,1573491483631,2019-11-11T16:58:03.631Z,buy,6.057e-05,76.0,0.00460332
BCD/BTC,1573491483631,2019-11-11T16:58:03.631Z,buy,6.081e-05,132.0,0.00802692
BCD/BTC,1573491483631,2019-11-11T16:58:03.631Z,buy,6.082e-05,770.0,0.0468313999999999
BCD/BTC,1573491483631,2019-11-11T16:58:03.631Z,buy,6.083e-05,491.0,0.02986753
BCD/BTC,1573491483631,2019-11-11T16:58:03.631Z,buy,6.084e-05,25.0,0.001521
BCD/BTC,1573491483631,2019-11-11T16:58:03.631Z,buy,6.085e-05,1460.0,0.088841
BCD/BTC,1573491483631,2019-11-11T16:58:03.631Z,buy,6.091e-05,3.0,0.0001827299999999
BCD/BTC,1573491483631,2019-11-11T16:58:03.631Z,buy,6.094e-05,2457.0,0.14972958
BCD/BTC,1573491483631,2019-11-11T16:58:03.631Z,buy,6.099e-05,16.0,0.00097584
BCD/BTC,1573491483631,2019-11-11T16:58:03.631Z,buy,6.1e-05,13.0,0.000793
BCD/BTC,1573491483631,2019-11-11T16:58:03.631Z,buy,6.106e-05,1640.0,0.1001384
BCD/BTC,1573491483631,2019-11-11T16:58:03.631Z,buy,6.12e-05,736.0,0.0450432
BCD/BTC,1573491483631,2019-11-11T16:58:03.631Z,buy,6.124e-05,9.0,0.00055116
BCD/BTC,1573491483631,2019-11-11T16:58:03.631Z,buy,6.126e-05,3.0,0.00018378
BCD/BTC,1573491483631,2019-11-11T16:58:03.631Z,buy,6.142e-05,41.0,0.00251822
BCD/BTC,1573491483662,2019-11-11T16:58:03.662Z,sell,6.143e-05,496.0,0.03046928
BCD/BTC,1573491483663,2019-11-11T16:58:03.663Z,sell,6.143e-05,83.0,0.00509869
BCD/BTC,1573491483685,2019-11-11T16:58:03.685Z,sell,6.143e-05,136.0,0.00835448
BCD/BTC,1573491483714,2019-11-11T16:58:03.714Z,sell,6.143e-05,148.0,0.00909164
BCD/BTC,1573491483726,2019-11-11T16:58:03.726Z,sell,6.143e-05,167.0,0.01025881
BCD/BTC,1573491483728,2019-11-11T16:58:03.728Z,buy,6.144e-05,4.0,0.00024576
BCD/BTC,1573491483728,2019-11-11T16:58:03.728Z,buy,6.147e-05,13.0,0.00079911
BCD/BTC,1573491483728,2019-11-11T16:58:03.728Z,buy,6.148e-05,162.0,0.00995976
BCD/BTC,1573491483728,2019-11-11T16:58:03.728Z,buy,6.149e-05,289.0,0.01777061
BCD/BTC,1573491483785,2019-11-11T16:58:03.785Z,sell,6.143e-05,5.0,0.00030715
BCD/BTC,1573491483792,2019-11-11T16:58:03.792Z,buy,6.149e-05,381.0,0.0234276899999999
BCD/BTC,1573491483803,2019-11-11T16:58:03.803Z,sell,6.143e-05,44.0,0.00270292
BCD/BTC,1573491483814,2019-11-11T16:58:03.814Z,sell,6.143e-05,185.0,0.01136455
BCD/BTC,1573491483952,2019-11-11T16:58:03.952Z,sell,6.144e-05,47.0,0.0028876799999999
BCD/BTC,1573491483952,2019-11-11T16:58:03.952Z,sell,6.144e-05,488.0,0.0299827199999999
BCD/BTC,1573491483952,2019-11-11T16:58:03.952Z,sell,6.143e-05,212.0,0.01302316
BCD/BTC,1573491483994,2019-11-11T16:58:03.994Z,sell,6.143e-05,925.0,0.05682275
BCD/BTC,1573491484002,2019-11-11T16:58:04.002Z,sell,6.143e-05,100.0,0.006143
BCD/BTC,1573491484002,2019-11-11T16:58:04.002Z,buy,6.149e-05,491.0,0.0301915899999999
BCD/BTC,1573491484002,2019-11-11T16:58:04.002Z,buy,6.158e-05,826.0,0.05086508
BCD/BTC,1573491484002,2019-11-11T16:58:04.002Z,buy,6.161e-05,3.0,0.00018483
BCD/BTC,1573491484002,2019-11-11T16:58:04.002Z,buy,6.162e-05,72.0,0.0044366399999999
BCD/BTC,1573491484002,2019-11-11T16:58:04.002Z,buy,6.181e-05,53.0,0.00327593
BCD/BTC,1573491484002,2019-11-11T16:58:04.002Z,buy,6.193e-05,13.0,0.00080509
BCD/BTC,1573491484002,2019-11-11T16:58:04.002Z,buy,6.195e-05,4.0,0.0002478
BCD/BTC,1573491484002,2019-11-11T16:58:04.002Z,buy,6.196e-05,3.0,0.0001858799999999
BCD/BTC,1573491484002,2019-11-11T16:58:04.002Z,buy,6.199e-05,325.0,0.0201467499999999
BCD/BTC,1573491484002,2019-11-11T16:58:04.002Z,buy,6.2e-05,5638.0,0.349556
BCD/BTC,1573491484002,2019-11-11T16:58:04.002Z,buy,6.221e-05,2050.0,0.1275305
BCD/BTC,1573491484002,2019-11-11T16:58:04.002Z,buy,6.222e-05,120.0,0.0074664
BCD/BTC,1573491484002,2019-11-11T16:58:04.002Z,buy,6.23e-05,3.0,0.0001869
BCD/BTC,1573491484002,2019-11-11T16:58:04.002Z,buy,6.24e-05,13.0,0.0008112
BCD/BTC,1573491484002,2019-11-11T16:58:04.002Z,buy,6.252e-05,1432.0,0.08952864
BCD/BTC,1573491484002,2019-11-11T16:58:04.002Z,buy,6.253e-05,163.0,0.0101923899999999
BCD/BTC,1573491484002,2019-11-11T16:58:04.002Z,buy,6.261e-05,53.0,0.00331833
BCD/BTC,1573491484002,2019-11-11T16:58:04.002Z,buy,6.262e-05,1588.0,0.0994405599999999
BCD/BTC,1573491484002,2019-11-11T16:58:04.002Z,buy,6.263e-05,478.0,0.02993714
BCD/BTC,1573491484002,2019-11-11T16:58:04.002Z,buy,6.265e-05,3.0,0.00018795
BCD/BTC,1573491484002,2019-11-11T16:58:04.002Z,buy,6.267e-05,18.0,0.00112806
BCD/BTC,1573491484002,2019-11-11T16:58:04.002Z,buy,6.273e-05,326.0,0.02044998
BCD/BTC,1573491484002,2019-11-11T16:58:04.002Z,buy,6.276e-05,421.0,0.02642196
BCD/BTC,1573491484010,2019-11-11T16:58:04.010Z,sell,6.143e-05,1000.0,0.06143
BCD/BTC,1573491484109,2019-11-11T16:58:04.109Z,sell,6.143e-05,12.0,0.0007371599999999
BCD/BTC,1573491484171,2019-11-11T16:58:04.171Z,sell,6.143e-05,982.0,0.06032426
BCD/BTC,1573491484256,2019-11-11T16:58:04.256Z,sell,6.145e-05,38.0,0.0023351
BCD/BTC,1573491484256,2019-11-11T16:58:04.256Z,sell,6.144e-05,44.0,0.0027033599999999
BCD/BTC,1573491484284,2019-11-11T16:58:04.284Z,buy,6.149e-05,74.0,0.0045502599999999
BCD/BTC,1573491484287,2019-11-11T16:58:04.287Z,sell,6.144e-05,66.0,0.0040550399999999
BCD/BTC,1573491484385,2019-11-11T16:58:04.385Z,sell,6.144e-05,25.0,0.0015359999999999
BCD/BTC,1573491484441,2019-11-11T16:58:04.441Z,sell,6.144e-05,5.0,0.0003072
BCD/BTC,1573491484481,2019-11-11T16:58:04.481Z,sell,6.144e-05,5.0,0.0003072
BCD/BTC,1573491484503,2019-11-11T16:58:04.503Z,sell,6.144e-05,48.0,0.0029491199999999
BCD/BTC,1573491484505,2019-11-11T16:58:04.505Z,sell,6.144e-05,74.0,0.00454656
BCD/BTC,1573491484577,2019-11-11T16:58:04.577Z,sell,6.144e-05,19.0,0.0011673599999999
BCD/BTC,1573491484583,2019-11-11T16:58:04.583Z,sell,6.144e-05,5.0,0.0003072
BCD/BTC,1573491484672,2019-11-11T16:58:04.672Z,sell,6.145e-05,66.0,0.0040557
BCD/BTC,1573491484703,2019-11-11T16:58:04.703Z,sell,6.145e-05,34.0,0.0020893
BCD/BTC,1573491484703,2019-11-11T16:58:04.703Z,sell,6.144e-05,30.0,0.0018432
BCD/BTC,1573491484703,2019-11-11T16:58:04.703Z,sell,6.143e-05,2.0,0.00012286
BCD/BTC,1573491484744,2019-11-11T16:58:04.744Z,sell,6.143e-05,49.0,0.00301007
BCD/BTC,1573491484744,2019-11-11T16:58:04.744Z,sell,6.143e-05,30.0,0.0018429
BCD/BTC,1573491484784,2019-11-11T16:58:04.784Z,sell,6.143e-05,500.0,0.030715
BCD/BTC,1573491484856,2019-11-11T16:58:04.856Z,sell,6.143e-05,3.0,0.0001842899999999
BCD/BTC,1573491484893,2019-11-11T16:58:04.893Z,sell,6.143e-05,66.0,0.00405438
BCD/BTC,1573491485015,2019-11-11T16:58:05.015Z,sell,6.143e-05,75.0,0.00460725
BCD/BTC,1573491485188,2019-11-11T16:58:05.188Z,sell,6.143e-05,30.0,0.0018429
BCD/BTC,1573491485213,2019-11-11T16:58:05.213Z,sell,6.143e-05,65.0,0.00399295
BCD/BTC,1573491485394,2019-11-11T16:58:05.394Z,sell,6.144e-05,25.0,0.0015359999999999
BCD/BTC,1573491485428,2019-11-11T16:58:05.428Z,sell,6.144e-05,75.0,0.0046079999999999
BCD/BTC,1573491485481,2019-11-11T16:58:05.481Z,sell,6.144e-05,22.0,0.0013516799999999
BCD/BTC,1573491485636,2019-11-11T16:58:05.636Z,sell,6.144e-05,75.0,0.0046079999999999
BCD/BTC,1573491485965,2019-11-11T16:58:05.965Z,sell,6.145e-05,50.0,0.0030725
BCD/BTC,1573491485965,2019-11-11T16:58:05.965Z,sell,6.144e-05,285.0,0.0175104
BCD/BTC,1573491486029,2019-11-11T16:58:06.029Z,sell,6.145e-05,50.0,0.0030725
BCD/BTC,1573491486029,2019-11-11T16:58:06.029Z,sell,6.144e-05,21.0,0.0012902399999999
BCD/BTC,1573491486179,2019-11-11T16:58:06.179Z,buy,6.148e-05,21.0,0.00129108
BCD/BTC,1573491486179,2019-11-11T16:58:06.179Z,buy,6.149e-05,1.0,6.149e-05
BCD/BTC,1573491486298,2019-11-11T16:58:06.298Z,sell,6.152e-05,75.0,0.0046139999999999
BCD/BTC,1573491486310,2019-11-11T16:58:06.310Z,sell,6.152e-05,65.0,0.0039987999999999
BCD/BTC,1573491486310,2019-11-11T16:58:06.310Z,sell,6.145e-05,61.0,0.00374845
BCD/BTC,1573491486310,2019-11-11T16:58:06.310Z,sell,6.144e-05,671.0,0.04122624
BCD/BTC,1573491486310,2019-11-11T16:58:06.310Z,sell,6.143e-05,78.0,0.00479154
BCD/BTC,1573491486362,2019-11-11T16:58:06.362Z,sell,6.143e-05,173.0,0.01062739
BCD/BTC,1573491486439,2019-11-11T16:58:06.439Z,sell,6.143e-05,25.0,0.00153575
BCD/BTC,1573491486439,2019-11-11T16:58:06.439Z,sell,6.143e-05,500.0,0.030715
BCD/BTC,1573491486442,2019-11-11T16:58:06.442Z,sell,6.143e-05,331.0,0.02033333
BCD/BTC,1573491486548,2019-11-11T16:58:06.548Z,sell,6.143e-05,55.0,0.00337865
BCD/BTC,1573491486771,2019-11-11T16:58:06.771Z,buy,6.167e-05,38.0,0.00234346
BCD/BTC,1573491486771,2019-11-11T16:58:06.771Z,buy,6.168e-05,50.0,0.003084
BCD/BTC,1573491486776,2019-11-11T16:58:06.776Z,buy,6.168e-05,88.0,0.00542784
BCD/BTC,1573491486834,2019-11-11T16:58:06.834Z,sell,6.143e-05,340.0,0.0208862
BCD/BTC,1573491486895,2019-11-11T16:58:06.895Z,sell,6.144e-05,38.0,0.0023347199999999
BCD/BTC,1573491486895,2019-11-11T16:58:06.895Z,sell,6.143e-05,37.0,0.00227291
BCD/BTC,1573491487425,2019-11-11T16:58:07.425Z,sell,6.145e-05,2.0,0.0001229
BCD/BTC,1573491487449,2019-11-11T16:58:07.449Z,sell,6.145e-05,84.0,0.0051618
BCD/BTC,1573491487449,2019-11-11T16:58:07.449Z,sell,6.144e-05,7.0,0.0004300799999999
BCD/BTC,1573491487449,2019-11-11T16:58:07.449Z,sell,6.143e-05,254.0,0.01560322
BCD/BTC,1573491487496,2019-11-11T16:58:07.496Z,buy,6.167e-05,45.0,0.0027751499999999
BCD/BTC,1573491487496,2019-11-11T16:58:07.496Z,buy,6.168e-05,353.0,0.02177304
BCD/BTC,1573491487496,2019-11-11T16:58:07.496Z,buy,6.218e-05,5.0,0.0003109
BCD/BTC,1573491487496,2019-11-11T16:58:07.496Z,buy,6.219e-05,277.0,0.01722663
BCD/BTC,1573491487496,2019-11-11T16:58:07.496Z,buy,6.22e-05,116.0,0.0072152
BCD/BTC,1573491487562,2019-11-11T16:58:07.562Z,sell,6.144e-05,57.0,0.00350208
BCD/BTC,1573491487668,2019-11-11T16:58:07.668Z,sell,6.146e-05,25.0,0.0015364999999999
BCD/BTC,1573491488208,2019-11-11T16:58:08.208Z,buy,6.193e-05,13.0,0.00080509
BCD/BTC,1573491488208,2019-11-11T16:58:08.208Z,buy,6.218e-05,54.0,0.00335772
BCD/BTC,1573491488208,2019-11-11T16:58:08.208Z,buy,6.219e-05,139.0,0.00864441
BCD/BTC,1573491488208,2019-11-11T16:58:08.208Z,buy,6.22e-05,410.0,0.0255019999999999
BCD/BTC,1573491488208,2019-11-11T16:58:08.208Z,buy,6.24e-05,13.0,0.0008112
BCD/BTC,1573491488208,2019-11-11T16:58:08.208Z,buy,6.255e-05,67.0,0.00419085
BCD/BTC,1573491488208,2019-11-11T16:58:08.208Z,buy,6.265e-05,3.0,0.00018795
BCD/BTC,1573491488227,2019-11-11T16:58:08.227Z,sell,6.274e-05,97.0,0.00608578
BCD/BTC,1573491488272,2019-11-11T16:58:08.272Z,buy,6.219e-05,16.0,0.00099504
BCD/BTC,1573491488278,2019-11-11T16:58:08.278Z,buy,6.219e-05,18.0,0.0011194199999999
BCD/BTC,1573491488284,2019-11-11T16:58:08.284Z,buy,6.219e-05,24.0,0.00149256
BCD/BTC,1573491488349,2019-11-11T16:58:08.349Z,sell,6.188e-05,41.0,0.0025370799999999
BCD/BTC,1573491488351,2019-11-11T16:58:08.351Z,sell,6.188e-05,17.0,0.00105196
BCD/BTC,1573491488380,2019-11-11T16:58:08.380Z,sell,6.188e-05,15.0,0.0009281999999999
BCD/BTC,1573491488380,2019-11-11T16:58:08.380Z,sell,6.15e-05,485.0,0.0298275
BCD/BTC,1573491488558,2019-11-11T16:58:08.558Z,sell,6.15e-05,157.0,0.0096555
BCD/BTC,1573491488558,2019-11-11T16:58:08.558Z,sell,6.149e-05,57.0,0.00350493
BCD/BTC,1573491488558,2019-11-11T16:58:08.558Z,sell,6.148e-05,15.0,0.0009222
BCD/BTC,1573491488558,2019-11-11T16:58:08.558Z,sell,6.147e-05,116.0,0.00713052
BCD/BTC,1573491488637,2019-11-11T16:58:08.637Z,sell,6.147e-05,25.0,0.00153675
BCD/BTC,1573491488748,2019-11-11T16:58:08.748Z,sell,6.147e-05,500.0,0.030735
BCD/BTC,1573491489046,2019-11-11T16:58:09.046Z,buy,6.195e-05,15.0,0.00092925
BCD/BTC,1573491489046,2019-11-11T16:58:09.046Z,buy,6.196e-05,3.0,0.0001858799999999
BCD/BTC,1573491489138,2019-11-11T16:58:09.138Z,sell,6.196e-05,55.0,0.0034078
BCD/BTC,1573491489138,2019-11-11T16:58:09.138Z,sell,6.148e-05,20.0,0.0012296
BCD/BTC,1573491489152,2019-11-11T16:58:09.152Z,sell,6.148e-05,75.0,0.004611
BCD/BTC,1573491489287,2019-11-11T16:58:09.287Z,sell,6.148e-05,195.0,0.0119886
BCD/BTC,1573491489287,2019-11-11T16:58:09.287Z,sell,6.147e-05,1.0,6.147e-05
BCD/BTC,1573491489287,2019-11-11T16:58:09.287Z,sell,6.146e-05,67.0,0.0041178199999999
BCD/BTC,1573491489287,2019-11-11T16:58:09.287Z,sell,6.144e-05,35.0,0.0021504
BCD/BTC,1573491489287,2019-11-11T16:58:09.287Z,sell,6.143e-05,202.0,0.01240886
BCD/BTC,1573491489377,2019-11-11T16:58:09.377Z,sell,6.143e-05,1659.0,0.10191237
BCD/BTC,1573491489539,2019-11-11T16:58:09.539Z,buy,6.19e-05,40.0,0.002476
BCD/BTC,1573491489559,2019-11-11T16:58:09.559Z,sell,6.143e-05,25.0,0.00153575
BCD/BTC,1573491490137,2019-11-11T16:58:10.137Z,sell,6.167e-05,161.0,0.00992887
BCD/BTC,1573491490402,2019-11-11T16:58:10.402Z,sell,6.143e-05,465.0,0.02856495
BCD/BTC,1573491490509,2019-11-11T16:58:10.509Z,sell,6.143e-05,25.0,0.00153575
BCD/BTC,1573491490513,2019-11-11T16:58:10.513Z,buy,6.161e-05,161.0,0.00991921
BCD/BTC,1573491490743,2019-11-11T16:58:10.743Z,sell,6.144e-05,493.0,0.0302899199999999
BCD/BTC,1573491490743,2019-11-11T16:58:10.743Z,sell,6.143e-05,1222.0,0.07506746
BCD/BTC,1573491490902,2019-11-11T16:58:10.902Z,sell,6.143e-05,5.0,0.00030715
BCD/BTC,1573491491452,2019-11-11T16:58:11.452Z,sell,6.144e-05,4.0,0.00024576
BCD/BTC,1573491491452,2019-11-11T16:58:11.452Z,sell,6.143e-05,21.0,0.00129003
BCD/BTC,1573491491758,2019-11-11T16:58:11.758Z,buy,6.187e-05,13.0,0.00080431
BCD/BTC,1573491491904,2019-11-11T16:58:11.904Z,sell,6.143e-05,366.0,0.02248338
BCD/BTC,1573491492131,2019-11-11T16:58:12.131Z,sell,6.143e-05,48.0,0.0029486399999999
BCD/BTC,1573491492182,2019-11-11T16:58:12.182Z,buy,6.187e-05,3.0,0.00018561
BCD/BTC,1573491493100,2019-11-11T16:58:13.100Z,sell,6.161e-05,3.0,0.00018483
BCD/BTC,1573491493100,2019-11-11T16:58:13.100Z,sell,6.147e-05,13.0,0.00079911
BCD/BTC,1573491493100,2019-11-11T16:58:13.100Z,sell,6.143e-05,9.0,0.00055287
BCD/BTC,1573491493304,2019-11-11T16:58:13.304Z,sell,6.13e-05,86.0,0.0052718
BCD/BTC,1573491493304,2019-11-11T16:58:13.304Z,sell,6.126e-05,3.0,0.00018378
BCD/BTC,1573491493304,2019-11-11T16:58:13.304Z,sell,6.118e-05,4.0,0.00024472
BCD/BTC,1573491493304,2019-11-11T16:58:13.304Z,sell,6.117e-05,8.0,0.00048936
BCD/BTC,1573491493810,2019-11-11T16:58:13.810Z,sell,6.108e-05,64.0,0.00390912
BCD/BTC,1573491493810,2019-11-11T16:58:13.810Z,sell,6.102e-05,3.0,0.00018306
BCD/BTC,1573491493810,2019-11-11T16:58:13.810Z,sell,6.1e-05,13.0,0.000793
BCD/BTC,1573491493810,2019-11-11T16:58:13.810Z,sell,6.097e-05,64.0,0.00390208
BCD/BTC,1573491493810,2019-11-11T16:58:13.810Z,sell,6.091e-05,67.0,0.00408097
BCD/BTC,1573491493810,2019-11-11T16:58:13.810Z,sell,6.09e-05,11.0,0.0006699
BCD/BTC,1573491494117,2019-11-11T16:58:14.117Z,sell,6.109e-05,25.0,0.00152725
BCD/BTC,1573491494134,2019-11-11T16:58:14.134Z,sell,6.109e-05,29.0,0.00177161
BCD/BTC,1573491494134,2019-11-11T16:58:14.134Z,sell,6.091e-05,35.0,0.00213185
BCD/BTC,1573491494283,2019-11-11T16:58:14.283Z,buy,6.164e-05,321.0,0.01978644
BCD/BTC,1573491494283,2019-11-11T16:58:14.283Z,buy,6.165e-05,75.0,0.0046237499999999
BCD/BTC,1573491494410,2019-11-11T16:58:14.410Z,sell,6.167e-05,299.0,0.01843933
BCD/BTC,1573491494612,2019-11-11T16:58:14.612Z,sell,6.167e-05,206.0,0.01270402
BCD/BTC,1573491494702,2019-11-11T16:58:14.702Z,sell,6.167e-05,391.0,0.0241129699999999
BCD/BTC,1573491494744,2019-11-11T16:58:14.744Z,sell,6.167e-05,442.0,0.02725814
BCD/BTC,1573491494800,2019-11-11T16:58:14.800Z,sell,6.167e-05,241.0,0.01486247
BCD/BTC,1573491494873,2019-11-11T16:58:14.873Z,buy,6.178e-05,75.0,0.0046335
BCD/BTC,1573491494873,2019-11-11T16:58:14.873Z,buy,6.18e-05,86.0,0.0053148
BCD/BTC,1573491495200,2019-11-11T16:58:15.200Z,sell,6.103e-05,25.0,0.00152575
BCD/BTC,1573491495340,2019-11-11T16:58:15.340Z,buy,6.147e-05,13.0,0.00079911
BCD/BTC,1573491495638,2019-11-11T16:58:15.638Z,sell,6.114e-05,34.0,0.00207876
BCD/BTC,1573491495638,2019-11-11T16:58:15.638Z,sell,6.103e-05,724.0,0.04418572
BCD/BTC,1573491495638,2019-11-11T16:58:15.638Z,sell,6.102e-05,7.0,0.00042714
BCD/BTC,1573491495638,2019-11-11T16:58:15.638Z,sell,6.098e-05,97.0,0.00591506
BCD/BTC,1573491495638,2019-11-11T16:58:15.638Z,sell,6.091e-05,22.0,0.00134002
BCD/BTC,1573491496300,2019-11-11T16:58:16.300Z,sell,6.091e-05,25.0,0.00152275
BCD/BTC,1573491496683,2019-11-11T16:58:16.683Z,sell,6.091e-05,55.0,0.00335005
BCD/BTC,1573491497392,2019-11-11T16:58:17.392Z,sell,6.093e-05,25.0,0.00152325
BCD/BTC,1573491497678,2019-11-11T16:58:17.678Z,buy,6.143e-05,19.0,0.00116717
BCD/BTC,1573491497826,2019-11-11T16:58:17.826Z,buy,6.143e-05,281.0,0.01726183
BCD/BTC,1573491497826,2019-11-11T16:58:17.826Z,buy,6.144e-05,21.0,0.0012902399999999
BCD/BTC,1573491497826,2019-11-11T16:58:17.826Z,buy,6.145e-05,85.0,0.00522325
BCD/BTC,1573491497826,2019-11-11T16:58:17.826Z,buy,6.146e-05,128.0,0.00786688
BCD/BTC,1573491497826,2019-11-11T16:58:17.826Z,buy,6.148e-05,11.0,0.00067628
BCD/BTC,1573491497826,2019-11-11T16:58:17.826Z,buy,6.161e-05,3.0,0.00018483
BCD/BTC,1573491497826,2019-11-11T16:58:17.826Z,buy,6.177e-05,97.0,0.00599169
BCD/BTC,1573491497826,2019-11-11T16:58:17.826Z,buy,6.18e-05,75.0,0.004635
BCD/BTC,1573491497826,2019-11-11T16:58:17.826Z,buy,6.182e-05,8.0,0.00049456
BCD/BTC,1573491497826,2019-11-11T16:58:17.826Z,buy,6.187e-05,110.0,0.0068057
BCD/BTC,1573491497826,2019-11-11T16:58:17.826Z,buy,6.189e-05,3.0,0.00018567
BCD/BTC,1573491497826,2019-11-11T16:58:17.826Z,buy,6.19e-05,61.0,0.0037759
BCD/BTC,1573491497826,2019-11-11T16:58:17.826Z,buy,6.193e-05,13.0,0.00080509
BCD/BTC,1573491497826,2019-11-11T16:58:17.826Z,buy,6.196e-05,3.0,0.0001858799999999
BCD/BTC,1573491497826,2019-11-11T16:58:17.826Z,buy,6.198e-05,162.0,0.01004076
BCD/BTC,1573491497826,2019-11-11T16:58:17.826Z,buy,6.217e-05,57.0,0.00354369
BCD/BTC,1573491497826,2019-11-11T16:58:17.826Z,buy,6.23e-05,3.0,0.0001869
BCD/BTC,1573491497826,2019-11-11T16:58:17.826Z,buy,6.24e-05,13.0,0.0008112
BCD/BTC,1573491497826,2019-11-11T16:58:17.826Z,buy,6.253e-05,35.0,0.00218855
BCD/BTC,1573491497826,2019-11-11T16:58:17.826Z,buy,6.265e-05,3.0,0.00018795
BCD/BTC,1573491497826,2019-11-11T16:58:17.826Z,buy,6.274e-05,97.0,0.00608578
BCD/BTC,1573491497826,2019-11-11T16:58:17.826Z,buy,6.281e-05,542.0,0.03404302
BCD/BTC,1573491497826,2019-11-11T16:58:17.826Z,buy,6.282e-05,8.0,0.00050256
BCD/BTC,1573491497826,2019-11-11T16:58:17.826Z,buy,6.287e-05,13.0,0.00081731
BCD/BTC,1573491497826,2019-11-11T16:58:17.826Z,buy,6.3e-05,3.0,0.0001889999999999
BCD/BTC,1573491497826,2019-11-11T16:58:17.826Z,buy,6.307e-05,1935.0,0.12204045
BCD/BTC,1573491497826,2019-11-11T16:58:17.826Z,buy,6.314e-05,2.0,0.00012628
BCD/BTC,1573491497826,2019-11-11T16:58:17.826Z,buy,6.333e-05,139.0,0.00880287
BCD/BTC,1573491497826,2019-11-11T16:58:17.826Z,buy,6.335e-05,3.0,0.0001900499999999
BCD/BTC,1573491497826,2019-11-11T16:58:17.826Z,buy,6.349e-05,114.0,0.00723786
BCD/BTC,1573491497826,2019-11-11T16:58:17.826Z,buy,6.356e-05,2008.0,0.12762848
BCD/BTC,1573491497826,2019-11-11T16:58:17.826Z,buy,6.36e-05,2.0,0.0001272
BCD/BTC,1573491497826,2019-11-11T16:58:17.826Z,buy,6.363e-05,123.0,0.00782649
BCD/BTC,1573491497826,2019-11-11T16:58:17.826Z,buy,6.366e-05,24.0,0.00152784
BCD/BTC,1573491497826,2019-11-11T16:58:17.826Z,buy,6.37e-05,3.0,0.0001911
BCD/BTC,1573491497826,2019-11-11T16:58:17.826Z,buy,6.373e-05,43.0,0.00274039
BCD/BTC,1573491497826,2019-11-11T16:58:17.826Z,buy,6.38e-05,13.0,0.0008294
BCD/BTC,1573491497826,2019-11-11T16:58:17.826Z,buy,6.389e-05,163.0,0.01041407
BCD/BTC,1573491497826,2019-11-11T16:58:17.826Z,buy,6.395e-05,36.0,0.0023022
BCD/BTC,1573491497826,2019-11-11T16:58:17.826Z,buy,6.4e-05,4273.0,0.273472
BCD/BTC,1573491497826,2019-11-11T16:58:17.826Z,buy,6.405e-05,3.0,0.0001921499999999
BCD/BTC,1573491497826,2019-11-11T16:58:17.826Z,buy,6.406e-05,6046.0,0.38730676
BCD/BTC,1573491497826,2019-11-11T16:58:17.826Z,buy,6.248e-05,2.0,0.00012496
BCD/BTC,1573491497947,2019-11-11T16:58:17.947Z,buy,6.143e-05,74.0,0.00454582
BCD/BTC,1573491497950,2019-11-11T16:58:17.950Z,buy,6.143e-05,26.0,0.00159718
BCD/BTC,1573491497968,2019-11-11T16:58:17.968Z,sell,6.19e-05,11.0,0.0006809
BCD/BTC,1573491497968,2019-11-11T16:58:17.968Z,sell,6.19e-05,62.0,0.0038378
BCD/BTC,1573491497968,2019-11-11T16:58:17.968Z,sell,6.188e-05,24.0,0.00148512
BCD/BTC,1573491497974,2019-11-11T16:58:17.974Z,sell,6.188e-05,50.0,0.003094
BCD/BTC,1573491497978,2019-11-11T16:58:17.978Z,sell,6.187e-05,42.0,0.00259854
BCD/BTC,1573491497986,2019-11-11T16:58:17.986Z,sell,6.187e-05,180.0,0.0111366
BCD/BTC,1573491497986,2019-11-11T16:58:17.986Z,sell,6.185e-05,74.0,0.0045769
BCD/BTC,1573491497986,2019-11-11T16:58:17.986Z,sell,6.184e-05,16.0,0.00098944
BCD/BTC,1573491497987,2019-11-11T16:58:17.987Z,sell,6.184e-05,32.0,0.00197888
BCD/BTC,1573491497993,2019-11-11T16:58:17.993Z,sell,6.181e-05,74.0,0.00457394
BCD/BTC,1573491497993,2019-11-11T16:58:17.993Z,sell,6.179e-05,74.0,0.00457246
BCD/BTC,1573491497993,2019-11-11T16:58:17.993Z,sell,6.178e-05,74.0,0.00457172
BCD/BTC,1573491498055,2019-11-11T16:58:18.055Z,buy,6.154e-05,74.0,0.00455396
BCD/BTC,1573491498059,2019-11-11T16:58:18.059Z,buy,6.154e-05,29.0,0.00178466
BCD/BTC,1573491498075,2019-11-11T16:58:18.075Z,sell,6.185e-05,45.0,0.00278325
BCD/BTC,1573491498373,2019-11-11T16:58:18.373Z,sell,6.181e-05,148.0,0.00914788
BCD/BTC,1573491498373,2019-11-11T16:58:18.373Z,sell,6.18e-05,222.0,0.0137196
BCD/BTC,1573491498373,2019-11-11T16:58:18.373Z,sell,6.179e-05,74.0,0.00457246
BCD/BTC,1573491498373,2019-11-11T16:58:18.373Z,sell,6.178e-05,74.0,0.00457172
BCD/BTC,1573491498373,2019-11-11T16:58:18.373Z,sell,6.142e-05,796.0,0.04889032
BCD/BTC,1573491498373,2019-11-11T16:58:18.373Z,sell,6.139e-05,813.0,0.0499100699999999
BCD/BTC,1573491498373,2019-11-11T16:58:18.373Z,sell,6.107e-05,653.0,0.03987871
BCD/BTC,1573491498373,2019-11-11T16:58:18.373Z,sell,6.101e-05,261.0,0.01592361
BCD/BTC,1573491498373,2019-11-11T16:58:18.373Z,sell,6.1e-05,13.0,0.000793
BCD/BTC,1573491498373,2019-11-11T16:58:18.373Z,sell,6.093e-05,907.0,0.05526351
BCD/BTC,1573491498373,2019-11-11T16:58:18.373Z,sell,6.087e-05,65.0,0.00395655
BCD/BTC,1573491498373,2019-11-11T16:58:18.373Z,sell,6.084e-05,70.0,0.0042588
BCD/BTC,1573491498428,2019-11-11T16:58:18.428Z,buy,6.143e-05,82.0,0.00503726
BCD/BTC,1573491498434,2019-11-11T16:58:18.434Z,buy,6.143e-05,19.0,0.00116717
BCD/BTC,1573491498477,2019-11-11T16:58:18.477Z,buy,6.143e-05,68.0,0.00417724
BCD/BTC,1573491498501,2019-11-11T16:58:18.501Z,buy,6.143e-05,24.0,0.0014743199999999
BCD/BTC,1573491498532,2019-11-11T16:58:18.532Z,sell,6.108e-05,25.0,0.001527
BCD/BTC,1573491499187,2019-11-11T16:58:19.187Z,buy,6.143e-05,112.0,0.00688016
BCD/BTC,1573491499187,2019-11-11T16:58:19.187Z,buy,6.161e-05,3.0,0.00018483
BCD/BTC,1573491499187,2019-11-11T16:58:19.187Z,buy,6.172e-05,192.0,0.01185024
BCD/BTC,1573491499187,2019-11-11T16:58:19.187Z,buy,6.182e-05,30.0,0.0018546
BCD/BTC,1573491499187,2019-11-11T16:58:19.187Z,buy,6.19e-05,4501.0,0.2786119
BCD/BTC,1573491499230,2019-11-11T16:58:19.230Z,buy,6.19e-05,31.0,0.0019189
BCD/BTC,1573491499471,2019-11-11T16:58:19.471Z,buy,6.167e-05,1.0,6.167e-05
BCD/BTC,1573491499536,2019-11-11T16:58:19.536Z,sell,6.14e-05,25.0,0.001535
BCD/BTC,1573491499709,2019-11-11T16:58:19.709Z,sell,6.15e-05,4.0,0.000246
BCD/BTC,1573491499709,2019-11-11T16:58:19.709Z,sell,6.141e-05,139.0,0.00853599
BCD/BTC,1573491500005,2019-11-11T16:58:20.005Z,buy,6.167e-05,368.0,0.02269456
BCD/BTC,1573491500005,2019-11-11T16:58:20.005Z,buy,6.19e-05,1240.0,0.076756
BCD/BTC,1573491500068,2019-11-11T16:58:20.068Z,sell,6.165e-05,30.0,0.0018494999999999
BCD/BTC,1573491500243,2019-11-11T16:58:20.243Z,sell,6.165e-05,21.0,0.0012946499999999
BCD/BTC,1573491500243,2019-11-11T16:58:20.243Z,sell,6.163e-05,34.0,0.00209542
BCD/BTC,1573491500307,2019-11-11T16:58:20.307Z,sell,6.163e-05,75.0,0.00462225
BCD/BTC,1573491500458,2019-11-11T16:58:20.458Z,sell,6.163e-05,72.0,0.00443736
BCD/BTC,1573491500458,2019-11-11T16:58:20.458Z,sell,6.15e-05,274.0,0.016851
BCD/BTC,1573491500463,2019-11-11T16:58:20.463Z,sell,6.15e-05,47.0,0.0028905
BCD/BTC,1573491500463,2019-11-11T16:58:20.463Z,sell,6.141e-05,202.0,0.0124048199999999
BCD/BTC,1573491500463,2019-11-11T16:58:20.463Z,sell,6.14e-05,1208.0,0.0741712
BCD/BTC,1573491500463,2019-11-11T16:58:20.463Z,sell,6.132e-05,206.0,0.01263192
BCD/BTC,1573491500568,2019-11-11T16:58:20.568Z,sell,6.133e-05,25.0,0.0015332499999999
BCD/BTC,1573491500730,2019-11-11T16:58:20.730Z,buy,6.155e-05,13.0,0.00080015
BCD/BTC,1573491500916,2019-11-11T16:58:20.916Z,buy,6.155e-05,13.0,0.00080015
BCD/BTC,1573491500975,2019-11-11T16:58:20.975Z,sell,6.151e-05,162.0,0.00996462
BCD/BTC,1573491500975,2019-11-11T16:58:20.975Z,sell,6.142e-05,135.0,0.0082917
BCD/BTC,1573491501293,2019-11-11T16:58:21.293Z,buy,6.151e-05,13.0,0.00079963
BCD/BTC,1573491501547,2019-11-11T16:58:21.547Z,buy,6.151e-05,51.0,0.00313701
BCD/BTC,1573491501547,2019-11-11T16:58:21.547Z,buy,6.155e-05,50.0,0.0030775
BCD/BTC,1573491501605,2019-11-11T16:58:21.605Z,sell,6.156e-05,50.0,0.003078
BCD/BTC,1573491501605,2019-11-11T16:58:21.605Z,sell,6.147e-05,13.0,0.00079911
BCD/BTC,1573491501605,2019-11-11T16:58:21.605Z,sell,6.142e-05,187.0,0.01148554
BCD/BTC,1573491501719,2019-11-11T16:58:21.719Z,sell,6.142e-05,25.0,0.0015355
BCD/BTC,1573491501724,2019-11-11T16:58:21.724Z,sell,6.142e-05,295.0,0.0181189
BCD/BTC,1573491502406,2019-11-11T16:58:22.406Z,buy,6.164e-05,34.0,0.00209576
BCD/BTC,1573491502406,2019-11-11T16:58:22.406Z,buy,6.165e-05,57.0,0.0035140499999999
BCD/BTC,1573491502643,2019-11-11T16:58:22.643Z,buy,6.165e-05,3.0,0.0001849499999999
BCD/BTC,1573491502809,2019-11-11T16:58:22.809Z,sell,6.143e-05,25.0,0.00153575
BCD/BTC,1573491503024,2019-11-11T16:58:23.024Z,buy,6.163e-05,3.0,0.00018489
BCD/BTC,1573491503553,2019-11-11T16:58:23.553Z,sell,6.143e-05,41.0,0.00251863
BCD/BTC,1573491503553,2019-11-11T16:58:23.553Z,sell,6.138e-05,296.0,0.01816848
BCD/BTC,1573491503561,2019-11-11T16:58:23.561Z,sell,6.138e-05,204.0,0.01252152
BCD/BTC,1573491503564,2019-11-11T16:58:23.564Z,sell,6.138e-05,204.0,0.01252152
BCD/BTC,1573491503647,2019-11-11T16:58:23.647Z,buy,6.163e-05,3.0,0.00018489
BCD/BTC,1573491504004,2019-11-11T16:58:24.004Z,sell,6.139e-05,25.0,0.0015347499999999
BCD/BTC,1573491504025,2019-11-11T16:58:24.025Z,buy,6.162e-05,3.0,0.00018486
BCD/BTC,1573491504055,2019-11-11T16:58:24.055Z,sell,6.139e-05,73.0,0.0044814699999999
BCD/BTC,1573491504055,2019-11-11T16:58:24.055Z,sell,6.138e-05,922.0,0.05659236
BCD/BTC,1573491504055,2019-11-11T16:58:24.055Z,sell,6.137e-05,1329.0,0.08156073
BCD/BTC,1573491504055,2019-11-11T16:58:24.055Z,sell,6.127e-05,2957.0,0.18117539
BCD/BTC,1573491504213,2019-11-11T16:58:24.213Z,buy,6.162e-05,3.0,0.00018486
BCD/BTC,1573491504397,2019-11-11T16:58:24.397Z,buy,6.162e-05,3.0,0.00018486
BCD/BTC,1573491504613,2019-11-11T16:58:24.613Z,buy,6.162e-05,137.0,0.00844194
BCD/BTC,1573491504613,2019-11-11T16:58:24.613Z,buy,6.163e-05,360.0,0.0221868
BCD/BTC,1573491504683,2019-11-11T16:58:24.683Z,sell,6.138e-05,73.0,0.0044807399999999
BCD/BTC,1573491504683,2019-11-11T16:58:24.683Z,sell,6.127e-05,1535.0,0.09404945
BCD/BTC,1573491504917,2019-11-11T16:58:24.917Z,sell,6.161e-05,3.0,0.00018483
BCD/BTC,1573491504917,2019-11-11T16:58:24.917Z,sell,6.127e-05,22.0,0.00134794
BCD/BTC,1573491504917,2019-11-11T16:58:24.917Z,sell,6.161e-05,3.0,0.00018483
BCD/BTC,1573491504917,2019-11-11T16:58:24.917Z,sell,6.127e-05,22.0,0.00134794
BCD/BTC,1573491504984,2019-11-11T16:58:24.984Z,buy,6.162e-05,746.0,0.04596852
BCD/BTC,1573491505583,2019-11-11T16:58:25.583Z,sell,6.127e-05,1188.0,0.07278876
BCD/BTC,1573491505583,2019-11-11T16:58:25.583Z,sell,6.126e-05,3.0,0.00018378
BCD/BTC,1573491505583,2019-11-11T16:58:25.583Z,sell,6.112e-05,36.0,0.00220032
BCD/BTC,1573491505583,2019-11-11T16:58:25.583Z,sell,6.111e-05,6.0,0.00036666
BCD/BTC,1573491505984,2019-11-11T16:58:25.984Z,sell,6.112e-05,25.0,0.0015279999999999
BCD/BTC,1573491505984,2019-11-11T16:58:25.984Z,sell,6.111e-05,60.0,0.0036666
BCD/BTC,1573491505984,2019-11-11T16:58:25.984Z,sell,6.109e-05,704.0,0.04300736
BCD/BTC,1573491506018,2019-11-11T16:58:26.018Z,sell,6.11e-05,25.0,0.0015274999999999
BCD/BTC,1573491506306,2019-11-11T16:58:26.306Z,sell,6.11e-05,7.0,0.0004276999999999
BCD/BTC,1573491506653,2019-11-11T16:58:26.653Z,buy,6.142e-05,74.0,0.00454508
BCD/BTC,1573491506653,2019-11-11T16:58:26.653Z,buy,6.158e-05,206.0,0.01268548
BCD/BTC,1573491506653,2019-11-11T16:58:26.653Z,buy,6.16e-05,64.0,0.0039424
BCD/BTC,1573491506653,2019-11-11T16:58:26.653Z,buy,6.161e-05,856.0,0.05273816
BCD/BTC,1573491506653,2019-11-11T16:58:26.653Z,buy,6.162e-05,65.0,0.0040053
BCD/BTC,1573491506690,2019-11-11T16:58:26.690Z,sell,6.162e-05,121.0,0.00745602
BCD/BTC,1573491506709,2019-11-11T16:58:26.709Z,sell,6.162e-05,612.0,0.03771144
BCD/BTC,1573491506709,2019-11-11T16:58:26.709Z,sell,6.162e-05,436.0,0.02686632
BCD/BTC,1573491507101,2019-11-11T16:58:27.101Z,sell,6.111e-05,25.0,0.00152775
BCD/BTC,1573491507219,2019-11-11T16:58:27.219Z,buy,6.113e-05,75.0,0.00458475
BCD/BTC,1573491507219,2019-11-11T16:58:27.219Z,buy,6.129e-05,25.0,0.00153225
BCD/BTC,1573491507219,2019-11-11T16:58:27.219Z,buy,6.13e-05,93.0,0.0057009
BCD/BTC,1573491507766,2019-11-11T16:58:27.766Z,sell,6.11e-05,74.0,0.0045213999999999
BCD/BTC,1573491507858,2019-11-11T16:58:27.858Z,sell,6.11e-05,26.0,0.0015886
BCD/BTC,1573491507858,2019-11-11T16:58:27.858Z,sell,6.109e-05,916.0,0.05595844
BCD/BTC,1573491507858,2019-11-11T16:58:27.858Z,sell,6.104e-05,6.0,0.00036624
BCD/BTC,1573491507858,2019-11-11T16:58:27.858Z,sell,6.103e-05,33.0,0.00201399
BCD/BTC,1573491507858,2019-11-11T16:58:27.858Z,sell,6.1e-05,13.0,0.000793
BCD/BTC,1573491507858,2019-11-11T16:58:27.858Z,sell,6.097e-05,7.0,0.00042679
BCD/BTC,1573491507858,2019-11-11T16:58:27.858Z,sell,6.094e-05,5.0,0.0003047
BCD/BTC,1573491507858,2019-11-11T16:58:27.858Z,sell,6.091e-05,3.0,0.0001827299999999
BCD/BTC,1573491507858,2019-11-11T16:58:27.858Z,sell,6.089e-05,327.0,0.01991103
BCD/BTC,1573491507858,2019-11-11T16:58:27.858Z,sell,6.084e-05,177.0,0.01076868
BCD/BTC,1573491507858,2019-11-11T16:58:27.858Z,sell,6.082e-05,65.0,0.0039533
BCD/BTC,1573491507858,2019-11-11T16:58:27.858Z,sell,6.077e-05,74.0,0.00449698
BCD/BTC,1573491507858,2019-11-11T16:58:27.858Z,sell,6.073e-05,1138.0,0.06911074
BCD/BTC,1573491507858,2019-11-11T16:58:27.858Z,sell,6.071e-05,165.0,0.01001715
BCD/BTC,1573491507858,2019-11-11T16:58:27.858Z,sell,6.059e-05,65.0,0.00393835
BCD/BTC,1573491507858,2019-11-11T16:58:27.858Z,sell,6.056e-05,3.0,0.00018168
BCD/BTC,1573491507858,2019-11-11T16:58:27.858Z,sell,6.053e-05,60.0,0.0036317999999999
BCD/BTC,1573491507858,2019-11-11T16:58:27.858Z,sell,6.05e-05,47.0,0.0028435
BCD/BTC,1573491507858,2019-11-11T16:58:27.858Z,sell,6.048e-05,165.0,0.0099791999999999
BCD/BTC,1573491507858,2019-11-11T16:58:27.858Z,sell,6.047e-05,73.0,0.00441431
BCD/BTC,1573491507858,2019-11-11T16:58:27.858Z,sell,6.045e-05,2405.0,0.14538225
BCD/BTC,1573491507858,2019-11-11T16:58:27.858Z,sell,6.044e-05,2149.0,0.1298855599999999
BCD/BTC,1573491507880,2019-11-11T16:58:27.880Z,buy,6.053e-05,54.0,0.00326862
BCD/BTC,1573491507898,2019-11-11T16:58:27.898Z,sell,6.105e-05,54.0,0.0032967
BCD/BTC,1573491507905,2019-11-11T16:58:27.905Z,buy,6.13e-05,44.0,0.0026972
BCD/BTC,1573491507905,2019-11-11T16:58:27.905Z,buy,6.131e-05,10.0,0.0006130999999999
BCD/BTC,1573491507911,2019-11-11T16:58:27.911Z,sell,6.105e-05,54.0,0.0032967
BCD/BTC,1573491507919,2019-11-11T16:58:27.919Z,sell,6.105e-05,2.0,0.0001221
BCD/BTC,1573491508060,2019-11-11T16:58:28.060Z,sell,6.09e-05,25.0,0.0015225
BCD/BTC,1573491508273,2019-11-11T16:58:28.273Z,sell,6.09e-05,73.0,0.0044457
BCD/BTC,1573491508597,2019-11-11T16:58:28.597Z,sell,6.09e-05,77.0,0.0046893
BCD/BTC,1573491508749,2019-11-11T16:58:28.749Z,buy,6.102e-05,63.0,0.00384426
BCD/BTC,1573491508749,2019-11-11T16:58:28.749Z,buy,6.105e-05,768.0,0.0468864
BCD/BTC,1573491508754,2019-11-11T16:58:28.754Z,sell,6.11e-05,74.0,0.0045213999999999
BCD/BTC,1573491508921,2019-11-11T16:58:28.921Z,sell,6.11e-05,47.0,0.0028716999999999
BCD/BTC,1573491508956,2019-11-11T16:58:28.956Z,sell,6.11e-05,74.0,0.0045213999999999
BCD/BTC,1573491508972,2019-11-11T16:58:28.972Z,buy,6.13e-05,73.0,0.0044748999999999
BCD/BTC,1573491509060,2019-11-11T16:58:29.060Z,sell,6.11e-05,52.0,0.0031772
BCD/BTC,1573491509114,2019-11-11T16:58:29.114Z,sell,6.09e-05,25.0,0.0015225
BCD/BTC,1573491509522,2019-11-11T16:58:29.522Z,sell,6.09e-05,74.0,0.0045066
BCD/BTC,1573491509820,2019-11-11T16:58:29.820Z,buy,6.1e-05,13.0,0.000793
BCD/BTC,1573491509820,2019-11-11T16:58:29.820Z,buy,6.107e-05,78.0,0.00476346
BCD/BTC,1573491509820,2019-11-11T16:58:29.820Z,buy,6.124e-05,5.0,0.0003062
BCD/BTC,1573491510168,2019-11-11T16:58:30.168Z,sell,6.091e-05,25.0,0.00152275
BCD/BTC,1573491510893,2019-11-11T16:58:30.893Z,sell,6.121e-05,4.0,0.00024484
BCD/BTC,1573491511208,2019-11-11T16:58:31.208Z,buy,6.123e-05,1.0,6.123e-05
BCD/BTC,1573491511226,2019-11-11T16:58:31.226Z,sell,6.121e-05,25.0,0.00153025
BCD/BTC,1573491511386,2019-11-11T16:58:31.386Z,sell,6.121e-05,21.0,0.00128541
BCD/BTC,1573491511446,2019-11-11T16:58:31.446Z,buy,6.105e-05,53.0,0.00323565
BCD/BTC,1573491511446,2019-11-11T16:58:31.446Z,buy,6.123e-05,109.0,0.00667407
BCD/BTC,1573491512193,2019-11-11T16:58:32.193Z,buy,6.105e-05,73.0,0.00445665
BCD/BTC,1573491512193,2019-11-11T16:58:32.193Z,buy,6.122e-05,29.0,0.00177538
BCD/BTC,1573491512199,2019-11-11T16:58:32.199Z,buy,6.122e-05,19.0,0.00116318
BCD/BTC,1573491512332,2019-11-11T16:58:32.332Z,buy,6.122e-05,67.0,0.00410174
BCD/BTC,1573491512332,2019-11-11T16:58:32.332Z,buy,6.123e-05,746.0,0.0456775799999999
BCD/BTC,1573491512332,2019-11-11T16:58:32.332Z,buy,6.124e-05,191.0,0.01169684
BCD/BTC,1573491512332,2019-11-11T16:58:32.332Z,buy,6.125e-05,65.0,0.0039812499999999
BCD/BTC,1573491512332,2019-11-11T16:58:32.332Z,buy,6.131e-05,265.0,0.01624715
BCD/BTC,1573491512332,2019-11-11T16:58:32.332Z,buy,6.146e-05,73.0,0.0044865799999999
BCD/BTC,1573491512332,2019-11-11T16:58:32.332Z,buy,6.147e-05,13.0,0.00079911
BCD/BTC,1573491512332,2019-11-11T16:58:32.332Z,buy,6.152e-05,103.0,0.00633656
BCD/BTC,1573491512334,2019-11-11T16:58:32.334Z,sell,6.093e-05,25.0,0.00152325
BCD/BTC,1573491512633,2019-11-11T16:58:32.633Z,sell,6.094e-05,186.0,0.01133484
BCD/BTC,1573491512633,2019-11-11T16:58:32.633Z,sell,6.093e-05,90.0,0.0054837
BCD/BTC,1573491512633,2019-11-11T16:58:32.633Z,sell,6.092e-05,110.0,0.0067012
BCD/BTC,1573491513225,2019-11-11T16:58:33.225Z,sell,6.109e-05,171.0,0.01044639
BCD/BTC,1573491513357,2019-11-11T16:58:33.357Z,buy,6.121e-05,89.0,0.00544769
BCD/BTC,1573491513388,2019-11-11T16:58:33.388Z,sell,6.109e-05,25.0,0.00152725
BCD/BTC,1573491513663,2019-11-11T16:58:33.663Z,buy,6.121e-05,4.0,0.00024484
BCD/BTC,1573491513961,2019-11-11T16:58:33.961Z,sell,6.11e-05,3.0,0.0001832999999999
BCD/BTC,1573491514472,2019-11-11T16:58:34.472Z,sell,6.11e-05,25.0,0.0015274999999999
BCD/BTC,1573491514492,2019-11-11T16:58:34.492Z,buy,6.121e-05,25.0,0.00153025
BCD/BTC,1573491514530,2019-11-11T16:58:34.530Z,sell,6.11e-05,18.0,0.0010998
BCD/BTC,1573491515267,2019-11-11T16:58:35.267Z,buy,6.121e-05,68.0,0.00416228
BCD/BTC,1573491515493,2019-11-11T16:58:35.493Z,buy,6.122e-05,49.0,0.00299978
BCD/BTC,1573491515645,2019-11-11T16:58:35.645Z,sell,6.122e-05,25.0,0.0015305
BCD/BTC,1573491515928,2019-11-11T16:58:35.928Z,sell,6.123e-05,281.0,0.01720563
BCD/BTC,1573491516615,2019-11-11T16:58:36.615Z,sell,6.122e-05,25.0,0.0015305
BCD/BTC,1573491517321,2019-11-11T16:58:37.321Z,sell,6.122e-05,436.0,0.02669192
BCD/BTC,1573491517321,2019-11-11T16:58:37.321Z,sell,6.121e-05,84.0,0.00514164
BCD/BTC,1573491517495,2019-11-11T16:58:37.495Z,sell,6.121e-05,390.0,0.0238719
BCD/BTC,1573491517588,2019-11-11T16:58:37.588Z,buy,6.123e-05,4.0,0.00024492
BCD/BTC,1573491517649,2019-11-11T16:58:37.649Z,buy,6.122e-05,1628.0,0.09966616
BCD/BTC,1573491517649,2019-11-11T16:58:37.649Z,buy,6.123e-05,2127.0,0.13023621
BCD/BTC,1573491517649,2019-11-11T16:58:37.649Z,buy,6.126e-05,3.0,0.00018378
BCD/BTC,1573491517649,2019-11-11T16:58:37.649Z,buy,6.129e-05,74.0,0.00453546
BCD/BTC,1573491517649,2019-11-11T16:58:37.649Z,buy,6.151e-05,63.0,0.00387513
BCD/BTC,1573491517649,2019-11-11T16:58:37.649Z,buy,6.152e-05,1288.0,0.0792377599999999
BCD/BTC,1573491517649,2019-11-11T16:58:37.649Z,buy,6.153e-05,25.0,0.00153825
BCD/BTC,1573491517649,2019-11-11T16:58:37.649Z,buy,6.156e-05,1671.0,0.10286676
BCD/BTC,1573491517649,2019-11-11T16:58:37.649Z,buy,6.16e-05,6.0,0.0003696
BCD/BTC,1573491517649,2019-11-11T16:58:37.649Z,buy,6.161e-05,10.0,0.0006161
BCD/BTC,1573491517649,2019-11-11T16:58:37.649Z,buy,6.162e-05,55.0,0.0033891
BCD/BTC,1573491517649,2019-11-11T16:58:37.649Z,buy,6.164e-05,502.0,0.03094328
BCD/BTC,1573491517649,2019-11-11T16:58:37.649Z,buy,6.165e-05,1140.0,0.070281
BCD/BTC,1573491517649,2019-11-11T16:58:37.649Z,buy,6.166e-05,196.0,0.01208536
BCD/BTC,1573491517649,2019-11-11T16:58:37.649Z,buy,6.176e-05,33.0,0.00203808
BCD/BTC,1573491517649,2019-11-11T16:58:37.649Z,buy,6.181e-05,25.0,0.00154525
BCD/BTC,1573491517649,2019-11-11T16:58:37.649Z,buy,6.182e-05,51.0,0.00315282
BCD/BTC,1573491517649,2019-11-11T16:58:37.649Z,buy,6.186e-05,823.0,0.0509107799999999
BCD/BTC,1573491517782,2019-11-11T16:58:37.782Z,buy,6.121e-05,428.0,0.02619788
BCD/BTC,1573491517791,2019-11-11T16:58:37.791Z,sell,6.113e-05,25.0,0.00152825
BCD/BTC,1573491518741,2019-11-11T16:58:38.741Z,sell,6.12e-05,25.0,0.00153
BCD/BTC,1573491519467,2019-11-11T16:58:39.467Z,sell,6.122e-05,195.0,0.0119379
BCD/BTC,1573491519467,2019-11-11T16:58:39.467Z,sell,6.121e-05,33.0,0.00201993
BCD/BTC,1573491519467,2019-11-11T16:58:39.467Z,sell,6.12e-05,296.0,0.0181151999999999
BCD/BTC,1573491519467,2019-11-11T16:58:39.467Z,sell,6.118e-05,37.0,0.00226366
BCD/BTC,1573491519467,2019-11-11T16:58:39.467Z,sell,6.116e-05,428.0,0.02617648
BCD/BTC,1573491519467,2019-11-11T16:58:39.467Z,sell,6.115e-05,140.0,0.008561
BCD/BTC,1573491519602,2019-11-11T16:58:39.602Z,buy,6.183e-05,25.0,0.0015457499999999
BCD/BTC,1573491519817,2019-11-11T16:58:39.817Z,sell,6.12e-05,55.0,0.0033659999999999
BCD/BTC,1573491519870,2019-11-11T16:58:39.870Z,sell,6.12e-05,25.0,0.00153
BCD/BTC,1573491520437,2019-11-11T16:58:40.437Z,sell,6.133e-05,73.0,0.0044770899999999
BCD/BTC,1573491520720,2019-11-11T16:58:40.720Z,sell,6.136e-05,99.0,0.0060746399999999
BCD/BTC,1573491520827,2019-11-11T16:58:40.827Z,sell,6.137e-05,25.0,0.00153425
BCD/BTC,1573491520892,2019-11-11T16:58:40.892Z,sell,6.137e-05,66.0,0.00405042
BCD/BTC,1573491521137,2019-11-11T16:58:41.137Z,buy,6.18e-05,91.0,0.0056238
BCD/BTC,1573491521137,2019-11-11T16:58:41.137Z,buy,6.181e-05,187.0,0.01155847
BCD/BTC,1573491521137,2019-11-11T16:58:41.137Z,buy,6.182e-05,146.0,0.00902572
BCD/BTC,1573491521137,2019-11-11T16:58:41.137Z,buy,6.183e-05,170.0,0.0105110999999999
BCD/BTC,1573491521137,2019-11-11T16:58:41.137Z,buy,6.184e-05,161.0,0.00995624
BCD/BTC,1573491521137,2019-11-11T16:58:41.137Z,buy,6.186e-05,30.0,0.0018558
BCD/BTC,1573491521137,2019-11-11T16:58:41.137Z,buy,6.187e-05,25.0,0.00154675
BCD/BTC,1573491521137,2019-11-11T16:58:41.137Z,buy,6.193e-05,13.0,0.00080509
BCD/BTC,1573491521137,2019-11-11T16:58:41.137Z,buy,6.194e-05,33.0,0.00204402
BCD/BTC,1573491521137,2019-11-11T16:58:41.137Z,buy,6.196e-05,3.0,0.0001858799999999
BCD/BTC,1573491521137,2019-11-11T16:58:41.137Z,buy,6.199e-05,747.0,0.04630653
BCD/BTC,1573491521201,2019-11-11T16:58:41.201Z,sell,6.137e-05,50.0,0.0030685
BCD/BTC,1573491521370,2019-11-11T16:58:41.370Z,sell,6.138e-05,535.0,0.0328383
BCD/BTC,1573491521370,2019-11-11T16:58:41.370Z,sell,6.137e-05,52.0,0.00319124
BCD/BTC,1573491521370,2019-11-11T16:58:41.370Z,sell,6.136e-05,1527.0,0.09369672
BCD/BTC,1573491521370,2019-11-11T16:58:41.370Z,sell,6.134e-05,109.0,0.00668606
BCD/BTC,1573491521370,2019-11-11T16:58:41.370Z,sell,6.133e-05,1554.0,0.09530682
BCD/BTC,1573491521370,2019-11-11T16:58:41.370Z,sell,6.127e-05,856.0,0.05244712
BCD/BTC,1573491521370,2019-11-11T16:58:41.370Z,sell,6.126e-05,142.0,0.00869892
BCD/BTC,1573491521370,2019-11-11T16:58:41.370Z,sell,6.122e-05,428.0,0.02620216
BCD/BTC,1573491521370,2019-11-11T16:58:41.370Z,sell,6.12e-05,81.0,0.0049572
BCD/BTC,1573491521370,2019-11-11T16:58:41.370Z,sell,6.105e-05,8.0,0.0004884
BCD/BTC,1573491521370,2019-11-11T16:58:41.370Z,sell,6.104e-05,64.0,0.00390656
BCD/BTC,1573491521370,2019-11-11T16:58:41.370Z,sell,6.1e-05,20.0,0.00122
BCD/BTC,1573491521370,2019-11-11T16:58:41.370Z,sell,6.098e-05,1299.0,0.07921302
BCD/BTC,1573491521370,2019-11-11T16:58:41.370Z,sell,6.095e-05,1247.0,0.0760046499999999
BCD/BTC,1573491521378,2019-11-11T16:58:41.378Z,buy,6.18e-05,50.0,0.00309
BCD/BTC,1573491521399,2019-11-11T16:58:41.399Z,sell,6.183e-05,83.0,0.00513189
BCD/BTC,1573491521425,2019-11-11T16:58:41.425Z,sell,6.183e-05,87.0,0.00537921
BCD/BTC,1573491521448,2019-11-11T16:58:41.448Z,sell,6.183e-05,5.0,0.00030915
BCD/BTC,1573491521474,2019-11-11T16:58:41.474Z,sell,6.134e-05,5.0,0.0003067
BCD/BTC,1573491522050,2019-11-11T16:58:42.050Z,buy,6.147e-05,64.0,0.00393408
BCD/BTC,1573491522050,2019-11-11T16:58:42.050Z,buy,6.177e-05,203.0,0.01253931
BCD/BTC,1573491522050,2019-11-11T16:58:42.050Z,buy,6.196e-05,65.0,0.0040273999999999
BCD/BTC,1573491522050,2019-11-11T16:58:42.050Z,buy,6.197e-05,3018.0,0.18702546
BCD/BTC,1573491522050,2019-11-11T16:58:42.050Z,buy,6.198e-05,359.0,0.02225082
BCD/BTC,1573491522050,2019-11-11T16:58:42.050Z,buy,6.199e-05,879.0,0.0544892099999999
BCD/BTC,1573491522050,2019-11-11T16:58:42.050Z,buy,6.2e-05,3452.0,0.214024
BCD/BTC,1573491522179,2019-11-11T16:58:42.179Z,sell,6.136e-05,25.0,0.0015339999999999
BCD/BTC,1573491522314,2019-11-11T16:58:42.314Z,sell,6.191e-05,233.0,0.0144250299999999
BCD/BTC,1573491522318,2019-11-11T16:58:42.318Z,sell,6.191e-05,19.0,0.00117629
BCD/BTC,1573491522390,2019-11-11T16:58:42.390Z,sell,6.191e-05,63.0,0.0039003299999999
BCD/BTC,1573491522560,2019-11-11T16:58:42.560Z,sell,6.191e-05,17.0,0.00105247
BCD/BTC,1573491523252,2019-11-11T16:58:43.252Z,sell,6.139e-05,25.0,0.0015347499999999
BCD/BTC,1573491523393,2019-11-11T16:58:43.393Z,buy,6.178e-05,25.0,0.0015444999999999
BCD/BTC,1573491523393,2019-11-11T16:58:43.393Z,buy,6.179e-05,164.0,0.01013356
BCD/BTC,1573491523393,2019-11-11T16:58:43.393Z,buy,6.185e-05,47.0,0.00290695
BCD/BTC,1573491523393,2019-11-11T16:58:43.393Z,buy,6.195e-05,246.0,0.0152397
BCD/BTC,1573491523627,2019-11-11T16:58:43.627Z,sell,6.139e-05,176.0,0.0108046399999999
BCD/BTC,1573491523627,2019-11-11T16:58:43.627Z,sell,6.138e-05,203.0,0.01246014
BCD/BTC,1573491523627,2019-11-11T16:58:43.627Z,sell,6.136e-05,882.0,0.05411952
BCD/BTC,1573491524381,2019-11-11T16:58:44.381Z,sell,6.141e-05,25.0,0.00153525
BCD/BTC,1573491524695,2019-11-11T16:58:44.695Z,buy,6.182e-05,102.0,0.00630564
BCD/BTC,1573491524822,2019-11-11T16:58:44.822Z,sell,6.182e-05,249.0,0.01539318
BCD/BTC,1573491524947,2019-11-11T16:58:44.947Z,sell,6.182e-05,329.0,0.02033878
BCD/BTC,1573491525131,2019-11-11T16:58:45.131Z,sell,6.182e-05,1.0,6.182e-05
BCD/BTC,1573491525498,2019-11-11T16:58:45.498Z,buy,6.176e-05,985.0,0.0608336
BCD/BTC,1573491525498,2019-11-11T16:58:45.498Z,buy,6.182e-05,24.0,0.00148368
BCD/BTC,1573491525498,2019-11-11T16:58:45.498Z,buy,6.183e-05,820.0,0.0507006
BCD/BTC,1573491525747,2019-11-11T16:58:45.747Z,sell,6.148e-05,25.0,0.001537
BCD/BTC,1573491526895,2019-11-11T16:58:46.895Z,buy,6.18e-05,4.0,0.0002472
BCD/BTC,1573491526927,2019-11-11T16:58:46.927Z,sell,6.15e-05,25.0,0.0015375
BCD/BTC,1573491527164,2019-11-11T16:58:47.164Z,sell,6.15e-05,76.0,0.004674
BCD/BTC,1573491527164,2019-11-11T16:58:47.164Z,sell,6.149e-05,13.0,0.00079937
BCD/BTC,1573491527297,2019-11-11T16:58:47.297Z,buy,6.18e-05,179.0,0.0110622
BCD/BTC,1573491527297,2019-11-11T16:58:47.297Z,buy,6.181e-05,428.0,0.02645468
BCD/BTC,1573491527297,2019-11-11T16:58:47.297Z,buy,6.182e-05,65.0,0.0040183
BCD/BTC,1573491527297,2019-11-11T16:58:47.297Z,buy,6.183e-05,127.0,0.0078524099999999
BCD/BTC,1573491527535,2019-11-11T16:58:47.535Z,buy,6.19e-05,8.0,0.0004952
BCD/BTC,1573491527535,2019-11-11T16:58:47.535Z,buy,6.191e-05,474.0,0.0293453399999999
BCD/BTC,1573491527635,2019-11-11T16:58:47.635Z,buy,6.191e-05,24.0,0.00148584
BCD/BTC,1573491527700,2019-11-11T16:58:47.700Z,buy,6.191e-05,32.0,0.00198112
BCD/BTC,1573491527701,2019-11-11T16:58:47.701Z,buy,6.191e-05,20.0,0.0012381999999999
BCD/BTC,1573491527762,2019-11-11T16:58:47.762Z,sell,6.183e-05,397.0,0.0245465099999999
BCD/BTC,1573491527786,2019-11-11T16:58:47.786Z,buy,6.191e-05,8.0,0.00049528
BCD/BTC,1573491527793,2019-11-11T16:58:47.793Z,buy,6.191e-05,19.0,0.00117629
BCD/BTC,1573491527847,2019-11-11T16:58:47.847Z,buy,6.191e-05,8.0,0.00049528
BCD/BTC,1573491527855,2019-11-11T16:58:47.855Z,sell,6.179e-05,8.0,0.00049432
BCD/BTC,1573491527958,2019-11-11T16:58:47.958Z,buy,6.177e-05,70.0,0.0043239
BCD/BTC,1573491527966,2019-11-11T16:58:47.966Z,buy,6.177e-05,160.0,0.0098832
BCD/BTC,1573491528139,2019-11-11T16:58:48.139Z,buy,6.177e-05,159.0,0.00982143
BCD/BTC,1573491528139,2019-11-11T16:58:48.139Z,buy,6.191e-05,68.0,0.00420988
BCD/BTC,1573491528139,2019-11-11T16:58:48.139Z,buy,6.193e-05,13.0,0.00080509
BCD/BTC,1573491528139,2019-11-11T16:58:48.139Z,buy,6.194e-05,250.0,0.015485
BCD/BTC,1573491528169,2019-11-11T16:58:48.169Z,buy,6.196e-05,3.0,0.0001858799999999
BCD/BTC,1573491528169,2019-11-11T16:58:48.169Z,buy,6.197e-05,67.0,0.00415199
BCD/BTC,1573491528169,2019-11-11T16:58:48.169Z,buy,6.198e-05,3.0,0.00018594
BCD/BTC,1573491528192,2019-11-11T16:58:48.192Z,sell,6.194e-05,25.0,0.0015485
BCD/BTC,1573491528468,2019-11-11T16:58:48.468Z,sell,6.194e-05,129.0,0.00799026
BCD/BTC,1573491528856,2019-11-11T16:58:48.856Z,buy,6.188e-05,315.0,0.0194921999999999
BCD/BTC,1573491528856,2019-11-11T16:58:48.856Z,buy,6.197e-05,135.0,0.00836595
BCD/BTC,1573491528856,2019-11-11T16:58:48.856Z,buy,6.199e-05,836.0,0.05182364
BCD/BTC,1573491528931,2019-11-11T16:58:48.931Z,buy,6.199e-05,128.0,0.00793472
BCD/BTC,1573491529074,2019-11-11T16:58:49.074Z,sell,6.155e-05,25.0,0.00153875
BCD/BTC,1573491529229,2019-11-11T16:58:49.229Z,buy,6.188e-05,140.0,0.0086632
BCD/BTC,1573491529229,2019-11-11T16:58:49.229Z,buy,6.198e-05,343.0,0.02125914
BCD/BTC,1573491529229,2019-11-11T16:58:49.229Z,buy,6.199e-05,750.0,0.0464925
BCD/BTC,1573491529444,2019-11-11T16:58:49.444Z,buy,6.199e-05,266.0,0.0164893399999999
BCD/BTC,1573491529444,2019-11-11T16:58:49.444Z,buy,6.2e-05,1338.0,0.082956
BCD/BTC,1573491530202,2019-11-11T16:58:50.202Z,sell,6.158e-05,25.0,0.0015395
BCD/BTC,1573491530278,2019-11-11T16:58:50.278Z,buy,6.18e-05,1.0,6.18e-05
BCD/BTC,1573491530413,2019-11-11T16:58:50.413Z,buy,6.179e-05,2.0,0.00012358
BCD/BTC,1573491530413,2019-11-11T16:58:50.413Z,buy,6.18e-05,1598.0,0.0987564
BCD/BTC,1573491530733,2019-11-11T16:58:50.733Z,buy,6.18e-05,4.0,0.0002472
BCD/BTC,1573491530811,2019-11-11T16:58:50.811Z,buy,6.18e-05,992.0,0.0613055999999999
BCD/BTC,1573491530889,2019-11-11T16:58:50.889Z,sell,6.161e-05,22.0,0.00135542
BCD/BTC,1573491531125,2019-11-11T16:58:51.125Z,sell,6.162e-05,25.0,0.0015405
BCD/BTC,1573491532168,2019-11-11T16:58:52.168Z,sell,6.163e-05,25.0,0.00154075
BCD/BTC,1573491532617,2019-11-11T16:58:52.617Z,buy,6.18e-05,2457.0,0.1518426
BCD/BTC,1573491533252,2019-11-11T16:58:53.252Z,sell,6.163e-05,25.0,0.00154075
BCD/BTC,1573491533611,2019-11-11T16:58:53.611Z,sell,6.163e-05,30.0,0.0018489
BCD/BTC,1573491533632,2019-11-11T16:58:53.632Z,sell,6.163e-05,10.0,0.0006163
BCD/BTC,1573491534392,2019-11-11T16:58:54.392Z,sell,6.164e-05,144.0,0.00887616
BCD/BTC,1573491534643,2019-11-11T16:58:54.643Z,buy,6.18e-05,25.0,0.001545
BCD/BTC,1573491535024,2019-11-11T16:58:55.024Z,buy,6.18e-05,1301.0,0.0804018
BCD/BTC,1573491535028,2019-11-11T16:58:55.028Z,sell,6.165e-05,50.0,0.0030824999999999
BCD/BTC,1573491536075,2019-11-11T16:58:56.075Z,buy,6.18e-05,612.0,0.0378216
BCD/BTC,1573491536081,2019-11-11T16:58:56.081Z,buy,6.18e-05,1025.0,0.063345
BCD/BTC,1573491536133,2019-11-11T16:58:56.133Z,sell,6.165e-05,485.0,0.0299002499999999
BCD/BTC,1573491536133,2019-11-11T16:58:56.133Z,sell,6.164e-05,1996.0,0.12303344
BCD/BTC,1573491536133,2019-11-11T16:58:56.133Z,sell,6.161e-05,3.0,0.00018483
BCD/BTC,1573491536207,2019-11-11T16:58:56.207Z,buy,6.16e-05,357.0,0.0219912
BCD/BTC,1573491536438,2019-11-11T16:58:56.438Z,buy,6.18e-05,163.0,0.0100734
BCD/BTC,1573491536701,2019-11-11T16:58:56.701Z,buy,6.179e-05,25.0,0.00154475
BCD/BTC,1573491536800,2019-11-11T16:58:56.800Z,sell,6.163e-05,15.0,0.00092445
BCD/BTC,1573491536800,2019-11-11T16:58:56.800Z,sell,6.151e-05,8.0,0.00049208
BCD/BTC,1573491537315,2019-11-11T16:58:57.315Z,buy,6.179e-05,403.0,0.02490137
BCD/BTC,1573491537315,2019-11-11T16:58:57.315Z,buy,6.18e-05,449.0,0.0277482
BCD/BTC,1573491539169,2019-11-11T16:58:59.169Z,buy,6.159e-05,4.0,0.00024636
BCD/BTC,1573491539169,2019-11-11T16:58:59.169Z,buy,6.161e-05,164.0,0.01010404
BCD/BTC,1573491539169,2019-11-11T16:58:59.169Z,buy,6.164e-05,162.0,0.00998568
BCD/BTC,1573491539300,2019-11-11T16:58:59.300Z,buy,6.164e-05,317.0,0.01953988
BCD/BTC,1573491539541,2019-11-11T16:58:59.541Z,sell,6.154e-05,332.0,0.02043128
BCD/BTC,1573491539967,2019-11-11T16:58:59.967Z,buy,6.164e-05,12.0,0.0007396799999999
BCD/BTC,1573491540041,2019-11-11T16:59:00.041Z,buy,6.164e-05,811.0,0.04999004
BCD/BTC,1573491540330,2019-11-11T16:59:00.330Z,buy,6.164e-05,318.0,0.01960152
BCD/BTC,1573491540330,2019-11-11T16:59:00.330Z,buy,6.165e-05,2.0,0.0001233
BCD/BTC,1573491541021,2019-11-11T16:59:01.021Z,sell,6.165e-05,162.0,0.0099873
BCD/BTC,1573491541923,2019-11-11T16:59:01.923Z,buy,6.18e-05,1129.0,0.0697721999999999
BCD/BTC,1573491542527,2019-11-11T16:59:02.527Z,sell,6.166e-05,2140.0,0.1319524
BCD/BTC,1573491542527,2019-11-11T16:59:02.527Z,sell,6.165e-05,38.0,0.0023426999999999
BCD/BTC,1573491543889,2019-11-11T16:59:03.889Z,buy,6.178e-05,1063.0,0.0656721399999999
BCD/BTC,1573491543946,2019-11-11T16:59:03.946Z,buy,6.178e-05,158.0,0.00976124
BCD/BTC,1573491543962,2019-11-11T16:59:03.962Z,sell,6.165e-05,1233.0,0.07601445
BCD/BTC,1573491544319,2019-11-11T16:59:04.319Z,sell,6.165e-05,2522.0,0.1554813
BCD/BTC,1573491544331,2019-11-11T16:59:04.331Z,sell,6.165e-05,20.0,0.001233
BCD/BTC,1573491544711,2019-11-11T16:59:04.711Z,sell,6.165e-05,146.0,0.0090009
BCD/BTC,1573491544815,2019-11-11T16:59:04.815Z,sell,6.165e-05,33.0,0.0020344499999999
BCD/BTC,1573491546168,2019-11-11T16:59:06.168Z,sell,6.165e-05,369.0,0.0227488499999999
BCD/BTC,1573491546168,2019-11-11T16:59:06.168Z,sell,6.163e-05,89.0,0.00548507
BCD/BTC,1573491546168,2019-11-11T16:59:06.168Z,sell,6.162e-05,162.0,0.0099824399999999
BCD/BTC,1573491546552,2019-11-11T16:59:06.552Z,buy,6.162e-05,139.0,0.0085651799999999
BCD/BTC,1573491547389,2019-11-11T16:59:07.389Z,sell,6.155e-05,176.0,0.0108328
BCD/BTC,1573491547389,2019-11-11T16:59:07.389Z,sell,6.154e-05,792.0,0.04873968
BCD/BTC,1573491547389,2019-11-11T16:59:07.389Z,sell,6.149e-05,216.0,0.01328184
BCD/BTC,1573491547389,2019-11-11T16:59:07.389Z,sell,6.148e-05,8.0,0.00049184
BCD/BTC,1573491547389,2019-11-11T16:59:07.389Z,sell,6.147e-05,13.0,0.00079911
BCD/BTC,1573491547389,2019-11-11T16:59:07.389Z,sell,6.144e-05,429.0,0.0263577599999999
BCD/BTC,1573491547516,2019-11-11T16:59:07.516Z,buy,6.161e-05,231.0,0.01423191
BCD/BTC,1573491547828,2019-11-11T16:59:07.828Z,buy,6.161e-05,11.0,0.00067771
BCD/BTC,1573491548354,2019-11-11T16:59:08.354Z,buy,6.161e-05,183.0,0.01127463
BCD/BTC,1573491548483,2019-11-11T16:59:08.483Z,buy,6.151e-05,17.0,0.00104567
BCD/BTC,1573491548578,2019-11-11T16:59:08.578Z,buy,6.151e-05,146.0,0.00898046
BCD/BTC,1573491548578,2019-11-11T16:59:08.578Z,buy,6.161e-05,3.0,0.00018483
BCD/BTC,1573491548578,2019-11-11T16:59:08.578Z,buy,6.162e-05,131.0,0.00807222
BCD/BTC,1573491548674,2019-11-11T16:59:08.674Z,sell,6.146e-05,856.0,0.05260976
BCD/BTC,1573491548674,2019-11-11T16:59:08.674Z,sell,6.145e-05,159.0,0.00977055
BCD/BTC,1573491548674,2019-11-11T16:59:08.674Z,sell,6.144e-05,589.0,0.03618816
BCD/BTC,1573491548844,2019-11-11T16:59:08.844Z,sell,6.145e-05,106.0,0.0065137
BCD/BTC,1573491548844,2019-11-11T16:59:08.844Z,sell,6.144e-05,493.0,0.0302899199999999
BCD/BTC,1573491548844,2019-11-11T16:59:08.844Z,sell,6.141e-05,1007.0,0.06183987
BCD/BTC,1573491549839,2019-11-11T16:59:09.839Z,sell,6.145e-05,70.0,0.0043015
BCD/BTC,1573491549839,2019-11-11T16:59:09.839Z,sell,6.141e-05,58.0,0.0035617799999999
BCD/BTC,1573491549877,2019-11-11T16:59:09.877Z,sell,6.141e-05,1286.0,0.0789732599999999
BCD/BTC,1573491549917,2019-11-11T16:59:09.917Z,sell,6.141e-05,487.0,0.02990667
BCD/BTC,1573491550022,2019-11-11T16:59:10.022Z,sell,6.141e-05,877.0,0.05385657
BCD/BTC,1573491550433,2019-11-11T16:59:10.433Z,sell,6.134e-05,583.0,0.03576122
BCD/BTC,1573491550846,2019-11-11T16:59:10.846Z,sell,6.134e-05,557.0,0.03416638
BCD/BTC,1573491550846,2019-11-11T16:59:10.846Z,sell,6.131e-05,5.0,0.0003065499999999
BCD/BTC,1573491550846,2019-11-11T16:59:10.846Z,sell,6.128e-05,142.0,0.00870176
BCD/BTC,1573491550846,2019-11-11T16:59:10.846Z,sell,6.127e-05,40.0,0.0024508
BCD/BTC,1573491550846,2019-11-11T16:59:10.846Z,sell,6.126e-05,3.0,0.00018378
BCD/BTC,1573491550846,2019-11-11T16:59:10.846Z,sell,6.11e-05,163.0,0.0099592999999999
BCD/BTC,1573491550846,2019-11-11T16:59:10.846Z,sell,6.102e-05,54.0,0.00329508
BCD/BTC,1573491550846,2019-11-11T16:59:10.846Z,sell,6.101e-05,1300.0,0.079313
BCD/BTC,1573491550846,2019-11-11T16:59:10.846Z,sell,6.1e-05,712.0,0.043432
BCD/BTC,1573491550846,2019-11-11T16:59:10.846Z,sell,6.096e-05,942.0,0.05742432
BCD/BTC,1573491550943,2019-11-11T16:59:10.943Z,sell,6.097e-05,249.0,0.01518153
BCD/BTC,1573491550943,2019-11-11T16:59:10.943Z,sell,6.096e-05,682.0,0.04157472
BCD/BTC,1573491550943,2019-11-11T16:59:10.943Z,sell,6.094e-05,5.0,0.0003047
BCD/BTC,1573491550943,2019-11-11T16:59:10.943Z,sell,6.091e-05,818.0,0.04982438
BCD/BTC,1573491550943,2019-11-11T16:59:10.943Z,sell,6.09e-05,697.0,0.0424473
BCD/BTC,1573491551305,2019-11-11T16:59:11.305Z,buy,6.138e-05,58.0,0.00356004
BCD/BTC,1573491552176,2019-11-11T16:59:12.176Z,buy,6.107e-05,4.0,0.00024428
BCD/BTC,1573491553044,2019-11-11T16:59:13.044Z,buy,6.106e-05,21.0,0.00128226
BCD/BTC,1573491553046,2019-11-11T16:59:13.046Z,buy,6.106e-05,65.0,0.0039689
BCD/BTC,1573491553054,2019-11-11T16:59:13.054Z,buy,6.106e-05,24.0,0.00146544
BCD/BTC,1573491553094,2019-11-11T16:59:13.094Z,sell,6.092e-05,491.0,0.02991172
BCD/BTC,1573491553094,2019-11-11T16:59:13.094Z,sell,6.09e-05,9.0,0.0005481
BCD/BTC,1573491553094,2019-11-11T16:59:13.094Z,sell,6.087e-05,33.0,0.00200871
BCD/BTC,1573491553094,2019-11-11T16:59:13.094Z,sell,6.084e-05,9.0,0.00054756
BCD/BTC,1573491553094,2019-11-11T16:59:13.094Z,sell,6.082e-05,173.0,0.01052186
BCD/BTC,1573491553145,2019-11-11T16:59:13.145Z,sell,6.082e-05,612.0,0.03722184
BCD/BTC,1573491553182,2019-11-11T16:59:13.182Z,sell,6.082e-05,856.0,0.05206192
BCD/BTC,1573491553182,2019-11-11T16:59:13.182Z,sell,6.081e-05,8.0,0.00048648
BCD/BTC,1573491553182,2019-11-11T16:59:13.182Z,sell,6.08e-05,6.0,0.0003648
BCD/BTC,1573491553182,2019-11-11T16:59:13.182Z,sell,6.077e-05,88.0,0.00534776
BCD/BTC,1573491553182,2019-11-11T16:59:13.182Z,sell,6.076e-05,105.0,0.0063798
BCD/BTC,1573491553182,2019-11-11T16:59:13.182Z,sell,6.074e-05,43.0,0.00261182
BCD/BTC,1573491553182,2019-11-11T16:59:13.182Z,sell,6.068e-05,244.0,0.01480592
BCD/BTC,1573491553182,2019-11-11T16:59:13.182Z,sell,6.063e-05,368.0,0.02231184
BCD/BTC,1573491553182,2019-11-11T16:59:13.182Z,sell,6.058e-05,6.0,0.00036348
BCD/BTC,1573491553182,2019-11-11T16:59:13.182Z,sell,6.056e-05,85.0,0.0051476
BCD/BTC,1573491553182,2019-11-11T16:59:13.182Z,sell,6.055e-05,4.0,0.0002422
BCD/BTC,1573491553182,2019-11-11T16:59:13.182Z,sell,6.053e-05,13.0,0.0007868899999999
BCD/BTC,1573491553182,2019-11-11T16:59:13.182Z,sell,6.051e-05,626.0,0.03787926
BCD/BTC,1573491553182,2019-11-11T16:59:13.182Z,sell,6.051e-05,15.0,0.00090765
BCD/BTC,1573491553720,2019-11-11T16:59:13.720Z,buy,6.104e-05,242.0,0.0147716799999999
BCD/BTC,1573491553720,2019-11-11T16:59:13.720Z,buy,6.105e-05,535.0,0.03266175
BCD/BTC,1573491553720,2019-11-11T16:59:13.720Z,buy,6.106e-05,1923.0,0.11741838
BCD/BTC,1573491553720,2019-11-11T16:59:13.720Z,buy,6.107e-05,640.0,0.0390847999999999
BCD/BTC,1573491553720,2019-11-11T16:59:13.720Z,buy,6.122e-05,1428.0,0.08742216
BCD/BTC,1573491554597,2019-11-11T16:59:14.597Z,sell,6.056e-05,43.0,0.00260408
BCD/BTC,1573491554597,2019-11-11T16:59:14.597Z,sell,6.055e-05,1204.0,0.0729022
BCD/BTC,1573491554597,2019-11-11T16:59:14.597Z,sell,6.053e-05,134.0,0.00811102
BCD/BTC,1573491554597,2019-11-11T16:59:14.597Z,sell,6.052e-05,8.0,0.00048416
BCD/BTC,1573491554597,2019-11-11T16:59:14.597Z,sell,6.051e-05,3543.0,0.21438693
BCD/BTC,1573491554597,2019-11-11T16:59:14.597Z,sell,6.05e-05,51.0,0.0030855
BCD/BTC,1573491554597,2019-11-11T16:59:14.597Z,sell,6.049e-05,2292.0,0.13864308
BCD/BTC,1573491555383,2019-11-11T16:59:15.383Z,buy,6.076e-05,30.0,0.0018228
BCD/BTC,1573491555496,2019-11-11T16:59:15.496Z,buy,6.076e-05,38.0,0.00230888
BCD/BTC,1573491555774,2019-11-11T16:59:15.774Z,sell,6.068e-05,54.0,0.00327672
BCD/BTC,1573491556002,2019-11-11T16:59:16.002Z,sell,6.067e-05,142.0,0.00861514
BCD/BTC,1573491556099,2019-11-11T16:59:16.099Z,buy,6.068e-05,132.0,0.00800976
BCD/BTC,1573491556575,2019-11-11T16:59:16.575Z,buy,6.068e-05,39.0,0.00236652
BCD/BTC,1573491556575,2019-11-11T16:59:16.575Z,buy,6.076e-05,7.0,0.00042532
BCD/BTC,1573491556575,2019-11-11T16:59:16.575Z,buy,6.089e-05,47.0,0.00286183
BCD/BTC,1573491556700,2019-11-11T16:59:16.700Z,sell,6.09e-05,1025.0,0.0624225
BCD/BTC,1573491556730,2019-11-11T16:59:16.730Z,sell,6.09e-05,173.0,0.0105357
BCD/BTC,1573491556804,2019-11-11T16:59:16.804Z,sell,6.09e-05,612.0,0.0372708
BCD/BTC,1573491556896,2019-11-11T16:59:16.896Z,sell,6.09e-05,535.0,0.0325815
BCD/BTC,1573491557362,2019-11-11T16:59:17.362Z,buy,6.091e-05,3.0,0.0001827299999999
BCD/BTC,1573491557362,2019-11-11T16:59:17.362Z,buy,6.098e-05,85.0,0.0051833
BCD/BTC,1573491557890,2019-11-11T16:59:17.890Z,sell,6.09e-05,39.0,0.0023751
BCD/BTC,1573491557981,2019-11-11T16:59:17.981Z,sell,6.09e-05,74.0,0.0045066
BCD/BTC,1573491558460,2019-11-11T16:59:18.460Z,buy,6.097e-05,535.0,0.03261895
BCD/BTC,1573491558460,2019-11-11T16:59:18.460Z,buy,6.098e-05,119.0,0.00725662
BCD/BTC,1573491558575,2019-11-11T16:59:18.575Z,sell,6.091e-05,4.0,0.00024364
BCD/BTC,1573491558575,2019-11-11T16:59:18.575Z,sell,6.09e-05,77.0,0.0046893
BCD/BTC,1573491559051,2019-11-11T16:59:19.051Z,sell,6.09e-05,4.0,0.0002436
BCD/BTC,1573491559456,2019-11-11T16:59:19.456Z,sell,6.09e-05,74.0,0.0045066
BCD/BTC,1573491559738,2019-11-11T16:59:19.738Z,sell,6.09e-05,361.0,0.0219849
BCD/BTC,1573491559845,2019-11-11T16:59:19.845Z,sell,6.09e-05,215.0,0.0130935
BCD/BTC,1573491560583,2019-11-11T16:59:20.583Z,buy,6.075e-05,74.0,0.0044955
BCD/BTC,1573491560583,2019-11-11T16:59:20.583Z,buy,6.099e-05,2.0,0.00012198
BCD/BTC,1573491560583,2019-11-11T16:59:20.583Z,buy,6.1e-05,13.0,0.000793
BCD/BTC,1573491560583,2019-11-11T16:59:20.583Z,buy,6.102e-05,99.0,0.00604098
BCD/BTC,1573491560583,2019-11-11T16:59:20.583Z,buy,6.103e-05,266.0,0.01623398
BCD/BTC,1573491560583,2019-11-11T16:59:20.583Z,buy,6.105e-05,117.0,0.00714285
BCD/BTC,1573491560823,2019-11-11T16:59:20.823Z,sell,6.068e-05,113.0,0.00685684
BCD/BTC,1573491560823,2019-11-11T16:59:20.823Z,sell,6.067e-05,1503.0,0.09118701
BCD/BTC,1573491560823,2019-11-11T16:59:20.823Z,sell,6.056e-05,3.0,0.00018168
BCD/BTC,1573491560823,2019-11-11T16:59:20.823Z,sell,6.049e-05,723.0,0.04373427
BCD/BTC,1573491560860,2019-11-11T16:59:20.860Z,sell,6.068e-05,93.0,0.00564324
BCD/BTC,1573491561594,2019-11-11T16:59:21.594Z,sell,6.068e-05,6.0,0.00036408
BCD/BTC,1573491562350,2019-11-11T16:59:22.350Z,sell,6.053e-05,13.0,0.0007868899999999
BCD/BTC,1573491562350,2019-11-11T16:59:22.350Z,sell,6.052e-05,4.0,0.00024208
BCD/BTC,1573491562350,2019-11-11T16:59:22.350Z,sell,6.05e-05,56.0,0.003388
BCD/BTC,1573491562463,2019-11-11T16:59:22.463Z,buy,6.068e-05,142.0,0.00861656
BCD/BTC,1573491562463,2019-11-11T16:59:22.463Z,buy,6.086e-05,74.0,0.00450364
BCD/BTC,1573491562463,2019-11-11T16:59:22.463Z,buy,6.104e-05,113.0,0.00689752
BCD/BTC,1573491562463,2019-11-11T16:59:22.463Z,buy,6.105e-05,373.0,0.02277165
BCD/BTC,1573491562463,2019-11-11T16:59:22.463Z,buy,6.109e-05,1624.0,0.09921016
BCD/BTC,1573491562463,2019-11-11T16:59:22.463Z,buy,6.111e-05,274.0,0.01674414
BCD/BTC,1573491562477,2019-11-11T16:59:22.477Z,sell,6.098e-05,9.0,0.00054882
BCD/BTC,1573491562477,2019-11-11T16:59:22.477Z,sell,6.051e-05,65.0,0.00393315
BCD/BTC,1573491562495,2019-11-11T16:59:22.495Z,sell,6.051e-05,26.0,0.00157326
BCD/BTC,1573491562704,2019-11-11T16:59:22.704Z,buy,6.09e-05,148.0,0.0090132
BCD/BTC,1573491562704,2019-11-11T16:59:22.704Z,buy,6.091e-05,3.0,0.0001827299999999
BCD/BTC,1573491562704,2019-11-11T16:59:22.704Z,buy,6.104e-05,148.0,0.0090339199999999
BCD/BTC,1573491562704,2019-11-11T16:59:22.704Z,buy,6.11e-05,9.0,0.0005499
BCD/BTC,1573491562704,2019-11-11T16:59:22.704Z,buy,6.111e-05,19.0,0.00116109
BCD/BTC,1573491562704,2019-11-11T16:59:22.704Z,buy,6.116e-05,244.0,0.01492304
BCD/BTC,1573491562704,2019-11-11T16:59:22.704Z,buy,6.119e-05,2149.0,0.13149731
BCD/BTC,1573491562704,2019-11-11T16:59:22.704Z,buy,6.12e-05,4428.0,0.2709936
BCD/BTC,1573491563507,2019-11-11T16:59:23.507Z,sell,6.077e-05,74.0,0.00449698
BCD/BTC,1573491563945,2019-11-11T16:59:23.945Z,sell,6.086e-05,74.0,0.00450364
BCD/BTC,1573491564030,2019-11-11T16:59:24.030Z,sell,6.086e-05,195.0,0.0118677
BCD/BTC,1573491564340,2019-11-11T16:59:24.340Z,sell,6.086e-05,4.0,0.00024344
BCD/BTC,1573491564425,2019-11-11T16:59:24.425Z,buy,6.09e-05,1065.0,0.0648585
BCD/BTC,1573491564425,2019-11-11T16:59:24.425Z,buy,6.1e-05,228.0,0.013908
BCD/BTC,1573491565469,2019-11-11T16:59:25.469Z,buy,6.1e-05,45.0,0.002745
BCD/BTC,1573491565808,2019-11-11T16:59:25.808Z,buy,6.1e-05,110.0,0.00671
BCD/BTC,1573491566044,2019-11-11T16:59:26.044Z,buy,6.1e-05,632.0,0.0385519999999999
BCD/BTC,1573491567495,2019-11-11T16:59:27.495Z,sell,6.092e-05,1638.0,0.09978696
BCD/BTC,1573491567495,2019-11-11T16:59:27.495Z,sell,6.086e-05,418.0,0.0254394799999999
BCD/BTC,1573491567495,2019-11-11T16:59:27.495Z,sell,6.077e-05,157.0,0.00954089
BCD/BTC,1573491567495,2019-11-11T16:59:27.495Z,sell,6.06e-05,59.0,0.0035754
BCD/BTC,1573491567495,2019-11-11T16:59:27.495Z,sell,6.059e-05,1647.0,0.09979173
BCD/BTC,1573491567495,2019-11-11T16:59:27.495Z,sell,6.058e-05,277.0,0.01678066
BCD/BTC,1573491567495,2019-11-11T16:59:27.495Z,sell,6.056e-05,3.0,0.00018168
BCD/BTC,1573491567495,2019-11-11T16:59:27.495Z,sell,6.053e-05,13.0,0.0007868899999999
BCD/BTC,1573491567495,2019-11-11T16:59:27.495Z,sell,6.051e-05,582.0,0.03521682
BCD/BTC,1573491567495,2019-11-11T16:59:27.495Z,sell,6.05e-05,4159.0,0.2516195
BCD/BTC,1573491567495,2019-11-11T16:59:27.495Z,sell,6.049e-05,2713.0,0.16410937
BCD/BTC,1573491567495,2019-11-11T16:59:27.495Z,sell,6.043e-05,99.0,0.00598257
BCD/BTC,1573491567495,2019-11-11T16:59:27.495Z,sell,6.035e-05,5203.0,0.31400105
BCD/BTC,1573491567495,2019-11-11T16:59:27.495Z,sell,6.027e-05,1679.0,0.10119333
BCD/BTC,1573491567495,2019-11-11T16:59:27.495Z,sell,6.022e-05,588.0,0.03540936
BCD/BTC,1573491567495,2019-11-11T16:59:27.495Z,sell,6.021e-05,8.0,0.00048168
BCD/BTC,1573491567495,2019-11-11T16:59:27.495Z,sell,6.02e-05,463.0,0.0278726
BCD/BTC,1573491567922,2019-11-11T16:59:27.922Z,buy,6.062e-05,32.0,0.00193984
BCD/BTC,1573491568352,2019-11-11T16:59:28.352Z,sell,6.06e-05,5.0,0.000303
BCD/BTC,1573491568454,2019-11-11T16:59:28.454Z,sell,6.06e-05,7.0,0.0004242
BCD/BTC,1573491568920,2019-11-11T16:59:28.920Z,sell,6.06e-05,74.0,0.0044844
BCD/BTC,1573491568967,2019-11-11T16:59:28.967Z,buy,6.062e-05,42.0,0.00254604
BCD/BTC,1573491568967,2019-11-11T16:59:28.967Z,buy,6.075e-05,112.0,0.006804
BCD/BTC,1573491569086,2019-11-11T16:59:29.086Z,sell,6.06e-05,3.0,0.0001818
BCD/BTC,1573491569102,2019-11-11T16:59:29.102Z,sell,6.06e-05,74.0,0.0044844
BCD/BTC,1573491569232,2019-11-11T16:59:29.232Z,sell,6.06e-05,17.0,0.0010302
BCD/BTC,1573491569508,2019-11-11T16:59:29.508Z,buy,6.075e-05,542.0,0.0329265
BCD/BTC,1573491569508,2019-11-11T16:59:29.508Z,buy,6.079e-05,50.0,0.0030395
BCD/BTC,1573491569508,2019-11-11T16:59:29.508Z,buy,6.091e-05,3.0,0.0001827299999999
BCD/BTC,1573491569508,2019-11-11T16:59:29.508Z,buy,6.099e-05,639.0,0.03897261
BCD/BTC,1573491570393,2019-11-11T16:59:30.393Z,sell,6.026e-05,33.0,0.00198858
BCD/BTC,1573491570457,2019-11-11T16:59:30.457Z,sell,6.026e-05,324.0,0.01952424
BCD/BTC,1573491570457,2019-11-11T16:59:30.457Z,sell,6.025e-05,2675.0,0.16116875
BCD/BTC,1573491570457,2019-11-11T16:59:30.457Z,sell,6.024e-05,197.0,0.01186728
BCD/BTC,1573491570457,2019-11-11T16:59:30.457Z,sell,6.021e-05,5.0,0.00030105
BCD/BTC,1573491570457,2019-11-11T16:59:30.457Z,sell,6.02e-05,697.0,0.0419594
BCD/BTC,1573491570457,2019-11-11T16:59:30.457Z,sell,6.017e-05,146.0,0.00878482
BCD/BTC,1573491570457,2019-11-11T16:59:30.457Z,sell,6.015e-05,67.0,0.00403005
BCD/BTC,1573491570457,2019-11-11T16:59:30.457Z,sell,6.012e-05,5.0,0.0003006
BCD/BTC,1573491570457,2019-11-11T16:59:30.457Z,sell,6.006e-05,291.0,0.01747746
BCD/BTC,1573491570457,2019-11-11T16:59:30.457Z,sell,6.004e-05,49.0,0.00294196
BCD/BTC,1573491570457,2019-11-11T16:59:30.457Z,sell,6.003e-05,47.0,0.00282141
BCD/BTC,1573491570457,2019-11-11T16:59:30.457Z,sell,6.002e-05,1997.0,0.11985994
BCD/BTC,1573491570457,2019-11-11T16:59:30.457Z,sell,6.001e-05,7.0,0.00042007
BCD/BTC,1573491570457,2019-11-11T16:59:30.457Z,sell,6e-05,356.0,0.02136
BCD/BTC,1573491570511,2019-11-11T16:59:30.511Z,buy,6e-05,259.0,0.01554
BCD/BTC,1573491570513,2019-11-11T16:59:30.513Z,buy,6e-05,270.0,0.0162
BCD/BTC,1573491570536,2019-11-11T16:59:30.536Z,buy,6e-05,25.0,0.0015
BCD/BTC,1573491570587,2019-11-11T16:59:30.587Z,buy,6e-05,199.0,0.01194
BCD/BTC,1573491570593,2019-11-11T16:59:30.593Z,buy,6e-05,1166.0,0.06996
BCD/BTC,1573491570631,2019-11-11T16:59:30.631Z,buy,6e-05,130.0,0.0078
BCD/BTC,1573491570656,2019-11-11T16:59:30.656Z,buy,6e-05,1166.0,0.06996
BCD/BTC,1573491570669,2019-11-11T16:59:30.669Z,buy,6e-05,54.0,0.00324
BCD/BTC,1573491570817,2019-11-11T16:59:30.817Z,buy,6e-05,3.0,0.00018
BCD/BTC,1573491570869,2019-11-11T16:59:30.869Z,sell,5.999e-05,4.0,0.00023996
BCD/BTC,1573491570869,2019-11-11T16:59:30.869Z,sell,5.996e-05,3.0,0.00017988
BCD/BTC,1573491570917,2019-11-11T16:59:30.917Z,buy,6e-05,410.0,0.0246
BCD/BTC,1573491570992,2019-11-11T16:59:30.992Z,buy,6e-05,3.0,0.00018
BCD/BTC,1573491571313,2019-11-11T16:59:31.313Z,buy,6e-05,90.0,0.0054
BCD/BTC,1573491571434,2019-11-11T16:59:31.434Z,buy,6e-05,7447.0,0.44682
BCD/BTC,1573491571686,2019-11-11T16:59:31.686Z,sell,5.996e-05,813.0,0.04874748
BCD/BTC,1573491571851,2019-11-11T16:59:31.851Z,buy,6e-05,564.0,0.03384
BCD/BTC,1573491572058,2019-11-11T16:59:32.058Z,sell,5.996e-05,74.0,0.00443704
BCD/BTC,1573491572090,2019-11-11T16:59:32.090Z,buy,6e-05,6.0,0.00036
BCD/BTC,1573491572211,2019-11-11T16:59:32.211Z,buy,6e-05,38.0,0.00228
BCD/BTC,1573491572211,2019-11-11T16:59:32.211Z,buy,6e-05,38.0,0.00228
BCD/BTC,1573491572234,2019-11-11T16:59:32.234Z,buy,6e-05,827.0,0.04962
BCD/BTC,1573491572335,2019-11-11T16:59:32.335Z,buy,6e-05,32.0,0.00192
BCD/BTC,1573491572695,2019-11-11T16:59:32.695Z,buy,6e-05,759.0,0.04554
BCD/BTC,1573491572825,2019-11-11T16:59:32.825Z,sell,5.996e-05,8.0,0.00047968
BCD/BTC,1573491572825,2019-11-11T16:59:32.825Z,sell,5.988e-05,76.0,0.00455088
BCD/BTC,1573491572825,2019-11-11T16:59:32.825Z,sell,5.987e-05,54.0,0.00323298
BCD/BTC,1573491572825,2019-11-11T16:59:32.825Z,sell,5.986e-05,58.0,0.00347188
BCD/BTC,1573491572825,2019-11-11T16:59:32.825Z,sell,5.984e-05,688.0,0.04116992
BCD/BTC,1573491572922,2019-11-11T16:59:32.922Z,buy,6e-05,2495.0,0.1497
BCD/BTC,1573491572998,2019-11-11T16:59:32.998Z,buy,6e-05,1330.0,0.0798
BCD/BTC,1573491573010,2019-11-11T16:59:33.010Z,sell,5.984e-05,176.0,0.01053184
BCD/BTC,1573491573108,2019-11-11T16:59:33.108Z,buy,6e-05,4.0,0.00024
BCD/BTC,1573491573238,2019-11-11T16:59:33.238Z,buy,6e-05,232.0,0.01392
BCD/BTC,1573491573440,2019-11-11T16:59:33.440Z,buy,6e-05,1663.0,0.09978
BCD/BTC,1573491573626,2019-11-11T16:59:33.626Z,buy,6e-05,3.0,0.00018
BCD/BTC,1573491573711,2019-11-11T16:59:33.711Z,sell,5.985e-05,75.0,0.00448875
BCD/BTC,1573491574168,2019-11-11T16:59:34.168Z,buy,5.996e-05,10.0,0.0005996
BCD/BTC,1573491574215,2019-11-11T16:59:34.215Z,sell,5.993e-05,174.0,0.0104278199999999
BCD/BTC,1573491574247,2019-11-11T16:59:34.247Z,sell,5.988e-05,796.0,0.04766448
BCD/BTC,1573491574255,2019-11-11T16:59:34.255Z,buy,5.989e-05,13.0,0.0007785699999999
BCD/BTC,1573491574497,2019-11-11T16:59:34.497Z,buy,5.989e-05,234.0,0.0140142599999999
BCD/BTC,1573491574605,2019-11-11T16:59:34.605Z,sell,5.988e-05,4.0,0.00023952
BCD/BTC,1573491575309,2019-11-11T16:59:35.309Z,buy,5.989e-05,108.0,0.00646812
BCD/BTC,1573491575362,2019-11-11T16:59:35.362Z,buy,5.989e-05,449.0,0.02689061
BCD/BTC,1573491575564,2019-11-11T16:59:35.564Z,buy,5.996e-05,531.0,0.03183876
BCD/BTC,1573491576082,2019-11-11T16:59:36.082Z,buy,6e-05,3.0,0.00018
BCD/BTC,1573491576748,2019-11-11T16:59:36.748Z,buy,6e-05,368.0,0.02208
BCD/BTC,1573491576758,2019-11-11T16:59:36.758Z,buy,6e-05,519.0,0.03114
BCD/BTC,1573491576816,2019-11-11T16:59:36.816Z,buy,6.02e-05,1.0,6.02e-05
BCD/BTC,1573491577511,2019-11-11T16:59:37.511Z,buy,6.02e-05,39.0,0.0023478
BCD/BTC,1573491577511,2019-11-11T16:59:37.511Z,buy,6.021e-05,3.0,0.00018063
BCD/BTC,1573491577511,2019-11-11T16:59:37.511Z,buy,6.029e-05,35.0,0.00211015
BCD/BTC,1573491577826,2019-11-11T16:59:37.826Z,buy,6.028e-05,2.0,0.00012056
BCD/BTC,1573491577826,2019-11-11T16:59:37.826Z,buy,6.029e-05,2.0,0.00012058
BCD/BTC,1573491579275,2019-11-11T16:59:39.275Z,buy,6.021e-05,5.0,0.00030105
BCD/BTC,1573491579632,2019-11-11T16:59:39.632Z,sell,6.026e-05,9.0,0.00054234
BCD/BTC,1573491579690,2019-11-11T16:59:39.690Z,sell,6.026e-05,10.0,0.0006026
BCD/BTC,1573491579821,2019-11-11T16:59:39.821Z,buy,6.029e-05,14.0,0.00084406
BCD/BTC,1573491580127,2019-11-11T16:59:40.127Z,sell,6.031e-05,16.0,0.00096496
BCD/BTC,1573491580231,2019-11-11T16:59:40.231Z,sell,6.031e-05,10.0,0.0006031
BCD/BTC,1573491580328,2019-11-11T16:59:40.328Z,buy,6.04e-05,2.0,0.0001208
BCD/BTC,1573491580328,2019-11-11T16:59:40.328Z,buy,6.041e-05,111.0,0.00670551
BCD/BTC,1573491580531,2019-11-11T16:59:40.531Z,buy,6.041e-05,1098.0,0.06633018
BCD/BTC,1573491580607,2019-11-11T16:59:40.607Z,buy,6.041e-05,121.0,0.00730961
BCD/BTC,1573491580607,2019-11-11T16:59:40.607Z,buy,6.042e-05,5.0,0.0003021
BCD/BTC,1573491580612,2019-11-11T16:59:40.612Z,buy,6.042e-05,42.0,0.00253764
BCD/BTC,1573491581692,2019-11-11T16:59:41.692Z,buy,6.041e-05,4.0,0.00024164
BCD/BTC,1573491583246,2019-11-11T16:59:43.246Z,buy,6.041e-05,18.0,0.00108738
BCD/BTC,1573491583712,2019-11-11T16:59:43.712Z,buy,6.041e-05,228.0,0.01377348
BCD/BTC,1573491583791,2019-11-11T16:59:43.791Z,buy,6.041e-05,228.0,0.01377348
BCD/BTC,1573491584249,2019-11-11T16:59:44.249Z,buy,6.041e-05,83.0,0.00501403
BCD/BTC,1573491584472,2019-11-11T16:59:44.472Z,buy,6.041e-05,525.0,0.03171525
BCD/BTC,1573491584473,2019-11-11T16:59:44.473Z,buy,6.041e-05,278.0,0.01679398
BCD/BTC,1573491584892,2019-11-11T16:59:44.892Z,sell,6.038e-05,535.0,0.0323033
BCD/BTC,1573491584892,2019-11-11T16:59:44.892Z,sell,6.037e-05,99.0,0.00597663
BCD/BTC,1573491584892,2019-11-11T16:59:44.892Z,sell,6.036e-05,166.0,0.0100197599999999
BCD/BTC,1573491586347,2019-11-11T16:59:46.347Z,sell,6.038e-05,1605.0,0.0969099
BCD/BTC,1573491587327,2019-11-11T16:59:47.327Z,buy,6.038e-05,1632.0,0.09854016
BCD/BTC,1573491587327,2019-11-11T16:59:47.327Z,buy,6.05e-05,69.0,0.0041745
BCD/BTC,1573491587327,2019-11-11T16:59:47.327Z,buy,6.053e-05,187.0,0.01131911
BCD/BTC,1573491587327,2019-11-11T16:59:47.327Z,buy,6.056e-05,360.0,0.0218016
BCD/BTC,1573491587327,2019-11-11T16:59:47.327Z,buy,6.057e-05,13.0,0.00078741
BCD/BTC,1573491587327,2019-11-11T16:59:47.327Z,buy,6.06e-05,76.0,0.0046056
BCD/BTC,1573491587327,2019-11-11T16:59:47.327Z,buy,6.061e-05,482.0,0.02921402
BCD/BTC,1573491587327,2019-11-11T16:59:47.327Z,buy,6.066e-05,278.0,0.01686348
BCD/BTC,1573491587327,2019-11-11T16:59:47.327Z,buy,6.07e-05,313.0,0.0189990999999999
BCD/BTC,1573491587578,2019-11-11T16:59:47.578Z,sell,6.038e-05,1070.0,0.0646066
BCD/BTC,1573491587578,2019-11-11T16:59:47.578Z,sell,6.037e-05,450.0,0.0271665
BCD/BTC,1573491587578,2019-11-11T16:59:47.578Z,sell,6.031e-05,197.0,0.0118810699999999
BCD/BTC,1573491587683,2019-11-11T16:59:47.683Z,sell,6.031e-05,606.0,0.03654786
BCD/BTC,1573491587683,2019-11-11T16:59:47.683Z,sell,6.03e-05,144.0,0.0086832
BCD/BTC,1573491587683,2019-11-11T16:59:47.683Z,sell,6.029e-05,12020.0,0.7246858
BCD/BTC,1573491587683,2019-11-11T16:59:47.683Z,sell,6.022e-05,70.0,0.0042154
BCD/BTC,1573491587683,2019-11-11T16:59:47.683Z,sell,6.003e-05,1662.0,0.09976986
BCD/BTC,1573491587683,2019-11-11T16:59:47.683Z,sell,5.999e-05,1650.0,0.0989835
BCD/BTC,1573491587683,2019-11-11T16:59:47.683Z,sell,5.99e-05,749.0,0.0448651
BCD/BTC,1573491587683,2019-11-11T16:59:47.683Z,sell,5.989e-05,1358.0,0.0813306199999999
BCD/BTC,1573491587683,2019-11-11T16:59:47.683Z,sell,5.988e-05,50.0,0.002994
BCD/BTC,1573491587683,2019-11-11T16:59:47.683Z,sell,5.987e-05,3.0,0.00017961
BCD/BTC,1573491587683,2019-11-11T16:59:47.683Z,sell,5.984e-05,5.0,0.0002992
BCD/BTC,1573491587683,2019-11-11T16:59:47.683Z,sell,5.97e-05,60.0,0.003582
BCD/BTC,1573491587683,2019-11-11T16:59:47.683Z,sell,5.962e-05,815.0,0.0485903
BCD/BTC,1573491587683,2019-11-11T16:59:47.683Z,sell,5.96e-05,1361.0,0.0811156
BCD/BTC,1573491587683,2019-11-11T16:59:47.683Z,sell,5.956e-05,22.0,0.00131032
BCD/BTC,1573491587683,2019-11-11T16:59:47.683Z,sell,5.955e-05,76.0,0.0045258
BCD/BTC,1573491587683,2019-11-11T16:59:47.683Z,sell,5.953e-05,588.0,0.03500364
BCD/BTC,1573491587683,2019-11-11T16:59:47.683Z,sell,5.952e-05,3.0,0.00017856
BCD/BTC,1573491587683,2019-11-11T16:59:47.683Z,sell,5.949e-05,47.0,0.00279603
BCD/BTC,1573491587683,2019-11-11T16:59:47.683Z,sell,5.948e-05,304.0,0.01808192
BCD/BTC,1573491587683,2019-11-11T16:59:47.683Z,sell,5.947e-05,76.0,0.00451972
BCD/BTC,1573491587683,2019-11-11T16:59:47.683Z,sell,5.946e-05,1131.0,0.06724926
BCD/BTC,1573491587683,2019-11-11T16:59:47.683Z,sell,5.944e-05,396.0,0.02353824
BCD/BTC,1573491587869,2019-11-11T16:59:47.869Z,buy,5.956e-05,65.0,0.0038714
BCD/BTC,1573491588088,2019-11-11T16:59:48.088Z,buy,6.031e-05,163.0,0.0098305299999999
BCD/BTC,1573491588379,2019-11-11T16:59:48.379Z,sell,6.021e-05,5.0,0.00030105
BCD/BTC,1573491588503,2019-11-11T16:59:48.503Z,sell,6e-05,5.0,0.0003
BCD/BTC,1573491588556,2019-11-11T16:59:48.556Z,sell,6e-05,17.0,0.00102
BCD/BTC,1573491588964,2019-11-11T16:59:48.964Z,buy,5.988e-05,21.0,0.00125748
BCD/BTC,1573491589281,2019-11-11T16:59:49.281Z,buy,5.988e-05,26.0,0.00155688
BCD/BTC,1573491589281,2019-11-11T16:59:49.281Z,buy,5.992e-05,5.0,0.0002996
BCD/BTC,1573491589281,2019-11-11T16:59:49.281Z,buy,6.03e-05,50.0,0.003015
BCD/BTC,1573491589404,2019-11-11T16:59:49.404Z,buy,6.03e-05,50.0,0.003015
BCD/BTC,1573491589444,2019-11-11T16:59:49.444Z,buy,6.03e-05,21.0,0.0012663
BCD/BTC,1573491589910,2019-11-11T16:59:49.910Z,buy,6.021e-05,3.0,0.00018063
BCD/BTC,1573491589910,2019-11-11T16:59:49.910Z,buy,6.029e-05,18.0,0.00108522
BCD/BTC,1573491589946,2019-11-11T16:59:49.946Z,buy,6.029e-05,373.0,0.02248817
BCD/BTC,1573491590117,2019-11-11T16:59:50.117Z,sell,5.985e-05,699.0,0.04183515
BCD/BTC,1573491590431,2019-11-11T16:59:50.431Z,sell,5.985e-05,250.0,0.0149625
BCD/BTC,1573491590431,2019-11-11T16:59:50.431Z,sell,5.984e-05,5.0,0.0002992
BCD/BTC,1573491592148,2019-11-11T16:59:52.148Z,sell,5.968e-05,40.0,0.0023872
BCD/BTC,1573491592148,2019-11-11T16:59:52.148Z,sell,5.966e-05,121.0,0.00721886
BCD/BTC,1573491592445,2019-11-11T16:59:52.445Z,sell,5.96e-05,188.0,0.0112048
BCD/BTC,1573491592445,2019-11-11T16:59:52.445Z,sell,5.957e-05,76.0,0.00452732
BCD/BTC,1573491592445,2019-11-11T16:59:52.445Z,sell,5.956e-05,22.0,0.00131032
BCD/BTC,1573491592583,2019-11-11T16:59:52.583Z,buy,5.988e-05,30.0,0.0017964
BCD/BTC,1573491592896,2019-11-11T16:59:52.896Z,buy,5.987e-05,65.0,0.00389155
BCD/BTC,1573491593187,2019-11-11T16:59:53.187Z,sell,5.952e-05,3.0,0.00017856
BCD/BTC,1573491593253,2019-11-11T16:59:53.253Z,buy,5.952e-05,3.0,0.00017856
BCD/BTC,1573491593432,2019-11-11T16:59:53.432Z,sell,5.948e-05,5.0,0.0002974
BCD/BTC,1573491593432,2019-11-11T16:59:53.432Z,sell,5.947e-05,293.0,0.01742471
BCD/BTC,1573491593593,2019-11-11T16:59:53.593Z,buy,5.952e-05,204.0,0.01214208
BCD/BTC,1573491593634,2019-11-11T16:59:53.634Z,buy,5.981e-05,43.0,0.0025718299999999
BCD/BTC,1573491593634,2019-11-11T16:59:53.634Z,buy,5.986e-05,40.0,0.0023944
BCD/BTC,1573491593634,2019-11-11T16:59:53.634Z,buy,5.987e-05,69.0,0.00413103
BCD/BTC,1573491593909,2019-11-11T16:59:53.909Z,sell,5.958e-05,33.0,0.00196614
BCD/BTC,1573491593909,2019-11-11T16:59:53.909Z,sell,5.948e-05,65.0,0.0038662
BCD/BTC,1573491593909,2019-11-11T16:59:53.909Z,sell,5.947e-05,216.0,0.01284552
BCD/BTC,1573491593909,2019-11-11T16:59:53.909Z,sell,5.943e-05,167.0,0.00992481
BCD/BTC,1573491593909,2019-11-11T16:59:53.909Z,sell,5.941e-05,10.0,0.0005941
BCD/BTC,1573491594558,2019-11-11T16:59:54.558Z,buy,5.977e-05,293.0,0.0175126099999999
BCD/BTC,1573491594775,2019-11-11T16:59:54.775Z,sell,5.953e-05,37.0,0.00220261
BCD/BTC,1573491594828,2019-11-11T16:59:54.828Z,sell,5.953e-05,328.0,0.01952584
BCD/BTC,1573491594828,2019-11-11T16:59:54.828Z,sell,5.948e-05,69.0,0.00410412
BCD/BTC,1573491594828,2019-11-11T16:59:54.828Z,sell,5.941e-05,68.0,0.00403988
BCD/BTC,1573491594828,2019-11-11T16:59:54.828Z,sell,5.94e-05,147.0,0.0087318
BCD/BTC,1573491594828,2019-11-11T16:59:54.828Z,sell,5.939e-05,333.0,0.01977687
BCD/BTC,1573491594828,2019-11-11T16:59:54.828Z,sell,5.934e-05,718.0,0.04260612
BCD/BTC,1573491594833,2019-11-11T16:59:54.833Z,sell,5.934e-05,1645.0,0.0976143
BCD/BTC,1573491594842,2019-11-11T16:59:54.842Z,sell,5.934e-05,1649.0,0.09785166
BCD/BTC,1573491595676,2019-11-11T16:59:55.676Z,sell,5.935e-05,30.0,0.0017805
BCD/BTC,1573491595676,2019-11-11T16:59:55.676Z,sell,5.934e-05,193.0,0.01145262
BCD/BTC,1573491595889,2019-11-11T16:59:55.889Z,buy,5.968e-05,29.0,0.0017307199999999
BCD/BTC,1573491596499,2019-11-11T16:59:56.499Z,buy,5.968e-05,14.0,0.00083552
BCD/BTC,1573491596499,2019-11-11T16:59:56.499Z,buy,5.973e-05,147.0,0.00878031
BCD/BTC,1573491596499,2019-11-11T16:59:56.499Z,buy,5.974e-05,54.0,0.00322596
BCD/BTC,1573491596855,2019-11-11T16:59:56.855Z,buy,5.938e-05,4.0,0.00023752
BCD/BTC,1573491597374,2019-11-11T16:59:57.374Z,buy,5.964e-05,16.0,0.00095424
BCD/BTC,1573491597867,2019-11-11T16:59:57.867Z,buy,5.962e-05,25.0,0.0014905
BCD/BTC,1573491598202,2019-11-11T16:59:58.202Z,buy,5.936e-05,411.0,0.02439696
BCD/BTC,1573491598231,2019-11-11T16:59:58.231Z,buy,5.936e-05,500.0,0.02968
BCD/BTC,1573491598302,2019-11-11T16:59:58.302Z,buy,5.936e-05,163.0,0.00967568
BCD/BTC,1573491598532,2019-11-11T16:59:58.532Z,buy,5.936e-05,199.0,0.01181264
BCD/BTC,1573491598616,2019-11-11T16:59:58.616Z,buy,5.936e-05,235.0,0.0139496
BCD/BTC,1573491598657,2019-11-11T16:59:58.657Z,buy,5.936e-05,392.0,0.02326912
BCD/BTC,1573491598689,2019-11-11T16:59:58.689Z,buy,5.936e-05,82.0,0.00486752
BCD/BTC,1573491598696,2019-11-11T16:59:58.696Z,buy,5.936e-05,166.0,0.00985376
BCD/BTC,1573491598808,2019-11-11T16:59:58.808Z,buy,5.936e-05,153.0,0.00908208
BCD/BTC,1573491598952,2019-11-11T16:59:58.952Z,buy,5.936e-05,144.0,0.00854784
BCD/BTC,1573491599326,2019-11-11T16:59:59.326Z,buy,5.936e-05,374.0,0.02220064
BCD/BTC,1573491599334,2019-11-11T16:59:59.334Z,buy,5.936e-05,9.0,0.00053424
BCD/BTC,1573491599350,2019-11-11T16:59:59.350Z,buy,5.936e-05,7.0,0.00041552
BCD/BTC,1573491599582,2019-11-11T16:59:59.582Z,buy,5.936e-05,27.0,0.00160272
BCD/BTC,1573491599704,2019-11-11T16:59:59.704Z,buy,5.936e-05,30.0,0.0017808
BCD/BTC,1573491599803,2019-11-11T16:59:59.803Z,buy,5.936e-05,9.0,0.00053424
BCD/BTC,1573491599922,2019-11-11T16:59:59.922Z,buy,5.936e-05,19.0,0.00112784
BCD/BTC,1573491600039,2019-11-11T17:00:00.039Z,buy,5.936e-05,29.0,0.00172144
BCD/BTC,1573491600169,2019-11-11T17:00:00.169Z,buy,5.935e-05,1679.0,0.09964865
BCD/BTC,1573491600206,2019-11-11T17:00:00.206Z,buy,5.935e-05,461.0,0.02736035
BCD/BTC,1573491600206,2019-11-11T17:00:00.206Z,buy,5.936e-05,57.0,0.00338352
BCD/BTC,1573491600452,2019-11-11T17:00:00.452Z,buy,5.935e-05,164.0,0.0097334
BCD/BTC,1573491600452,2019-11-11T17:00:00.452Z,buy,5.936e-05,148.0,0.00878528
BCD/BTC,1573491600452,2019-11-11T17:00:00.452Z,buy,5.936e-05,500.0,0.02968
BCD/BTC,1573491600684,2019-11-11T17:00:00.684Z,sell,5.925e-05,4.0,0.000237
BCD/BTC,1573491600888,2019-11-11T17:00:00.888Z,buy,5.928e-05,246.0,0.01458288
BCD/BTC,1573491600981,2019-11-11T17:00:00.981Z,sell,5.926e-05,54.0,0.00320004
BCD/BTC,1573491600981,2019-11-11T17:00:00.981Z,sell,5.925e-05,2136.0,0.126558
BCD/BTC,1573491600981,2019-11-11T17:00:00.981Z,sell,5.924e-05,147.0,0.00870828
BCD/BTC,1573491600981,2019-11-11T17:00:00.981Z,sell,5.923e-05,1610.0,0.0953603
BCD/BTC,1573491601078,2019-11-11T17:00:01.078Z,buy,5.928e-05,294.0,0.01742832
BCD/BTC,1573491601245,2019-11-11T17:00:01.245Z,sell,5.923e-05,4.0,0.00023692
BCD/BTC,1573491601477,2019-11-11T17:00:01.477Z,buy,5.927e-05,56.0,0.00331912
BCD/BTC,1573491601534,2019-11-11T17:00:01.534Z,buy,5.927e-05,479.0,0.02839033
BCD/BTC,1573491601534,2019-11-11T17:00:01.534Z,buy,5.928e-05,1991.0,0.11802648
BCD/BTC,1573491601563,2019-11-11T17:00:01.563Z,buy,5.928e-05,14500.0,0.85956
BCD/BTC,1573491601563,2019-11-11T17:00:01.563Z,buy,5.936e-05,2081.0,0.12352816
BCD/BTC,1573491601634,2019-11-11T17:00:01.634Z,buy,5.93e-05,7.0,0.0004151
BCD/BTC,1573491603018,2019-11-11T17:00:03.018Z,buy,5.924e-05,74.0,0.00438376
BCD/BTC,1573491603018,2019-11-11T17:00:03.018Z,buy,5.93e-05,34.0,0.0020162
BCD/BTC,1573491605577,2019-11-11T17:00:05.577Z,buy,5.93e-05,17.0,0.0010081
BCD/BTC,1573491605607,2019-11-11T17:00:05.607Z,buy,5.936e-05,5.0,0.0002968
BCD/BTC,1573491606031,2019-11-11T17:00:06.031Z,buy,5.936e-05,59.0,0.00350224
BCD/BTC,1573491606223,2019-11-11T17:00:06.223Z,sell,5.95e-05,1619.0,0.0963305
BCD/BTC,1573491607526,2019-11-11T17:00:07.526Z,buy,5.955e-05,19.0,0.00113145
BCD/BTC,1573491607986,2019-11-11T17:00:07.986Z,buy,5.955e-05,157.0,0.00934935
BCD/BTC,1573491607986,2019-11-11T17:00:07.986Z,buy,5.956e-05,1517.0,0.0903525199999999
BCD/BTC,1573491608490,2019-11-11T17:00:08.490Z,sell,5.95e-05,2.0,0.000119
BCD/BTC,1573491608490,2019-11-11T17:00:08.490Z,sell,5.937e-05,615.0,0.03651255
BCD/BTC,1573491608490,2019-11-11T17:00:08.490Z,sell,5.936e-05,1384.0,0.08215424
BCD/BTC,1573491608719,2019-11-11T17:00:08.719Z,buy,5.954e-05,166.0,0.00988364
BCD/BTC,1573491608719,2019-11-11T17:00:08.719Z,buy,5.956e-05,1372.0,0.08171632
BCD/BTC,1573491608806,2019-11-11T17:00:08.806Z,buy,5.968e-05,3.0,0.00017904
BCD/BTC,1573491608867,2019-11-11T17:00:08.867Z,buy,5.968e-05,36.0,0.00214848
BCD/BTC,1573491608886,2019-11-11T17:00:08.886Z,sell,5.96e-05,28.0,0.0016688
BCD/BTC,1573491610075,2019-11-11T17:00:10.075Z,buy,5.968e-05,72.0,0.00429696
BCD/BTC,1573491610075,2019-11-11T17:00:10.075Z,buy,5.969e-05,147.0,0.00877443
BCD/BTC,1573491610075,2019-11-11T17:00:10.075Z,buy,5.97e-05,269.0,0.0160593
BCD/BTC,1573491610075,2019-11-11T17:00:10.075Z,buy,5.974e-05,168.0,0.01003632
BCD/BTC,1573491610204,2019-11-11T17:00:10.204Z,sell,5.976e-05,100.0,0.0059759999999999
BCD/BTC,1573491610386,2019-11-11T17:00:10.386Z,sell,5.976e-05,16.0,0.00095616
BCD/BTC,1573491611303,2019-11-11T17:00:11.303Z,buy,5.98e-05,2.0,0.0001196
BCD/BTC,1573491611303,2019-11-11T17:00:11.303Z,buy,5.984e-05,474.0,0.02836416
BCD/BTC,1573491611307,2019-11-11T17:00:11.307Z,buy,5.987e-05,3.0,0.00017961
BCD/BTC,1573491611310,2019-11-11T17:00:11.310Z,buy,5.988e-05,175.0,0.010479
BCD/BTC,1573491611503,2019-11-11T17:00:11.503Z,sell,5.977e-05,167.0,0.00998159
BCD/BTC,1573491611989,2019-11-11T17:00:11.989Z,buy,5.991e-05,24.0,0.00143784
BCD/BTC,1573491611989,2019-11-11T17:00:11.989Z,buy,5.992e-05,22.0,0.00131824
BCD/BTC,1573491611989,2019-11-11T17:00:11.989Z,buy,5.993e-05,76.0,0.00455468
BCD/BTC,1573491611989,2019-11-11T17:00:11.989Z,buy,6e-05,76.0,0.00456
BCD/BTC,1573491613403,2019-11-11T17:00:13.403Z,sell,5.978e-05,535.0,0.0319823
BCD/BTC,1573491613403,2019-11-11T17:00:13.403Z,sell,5.977e-05,80.0,0.0047815999999999
BCD/BTC,1573491613932,2019-11-11T17:00:13.932Z,buy,5.998e-05,75.0,0.0044985
BCD/BTC,1573491614963,2019-11-11T17:00:14.963Z,buy,5.997e-05,233.0,0.01397301
BCD/BTC,1573491615189,2019-11-11T17:00:15.189Z,buy,5.997e-05,36.0,0.00215892
BCD/BTC,1573491615638,2019-11-11T17:00:15.638Z,buy,5.997e-05,9.0,0.00053973
BCD/BTC,1573491616786,2019-11-11T17:00:16.786Z,buy,5.997e-05,76.0,0.0045577199999999
BCD/BTC,1573491617404,2019-11-11T17:00:17.404Z,buy,5.997e-05,710.0,0.0425787
BCD/BTC,1573491619184,2019-11-11T17:00:19.184Z,buy,5.987e-05,552.0,0.03304824
BCD/BTC,1573491619415,2019-11-11T17:00:19.415Z,sell,5.982e-05,201.0,0.01202382
BCD/BTC,1573491619688,2019-11-11T17:00:19.688Z,sell,5.982e-05,92.0,0.00550344
BCD/BTC,1573491619688,2019-11-11T17:00:19.688Z,sell,5.977e-05,312.0,0.01864824
BCD/BTC,1573491619715,2019-11-11T17:00:19.715Z,buy,5.976e-05,1.0,5.976e-05
BCD/BTC,1573491620995,2019-11-11T17:00:20.995Z,sell,5.963e-05,4.0,0.00023852
BCD/BTC,1573491622407,2019-11-11T17:00:22.407Z,buy,5.976e-05,12.0,0.0007171199999999
BCD/BTC,1573491622632,2019-11-11T17:00:22.632Z,buy,5.976e-05,490.0,0.0292824
BCD/BTC,1573491623642,2019-11-11T17:00:23.642Z,buy,5.987e-05,559.0,0.03346733
BCD/BTC,1573491624171,2019-11-11T17:00:24.171Z,buy,5.987e-05,2.0,0.00011974
BCD/BTC,1573491624788,2019-11-11T17:00:24.788Z,buy,5.987e-05,915.0,0.05478105
BCD/BTC,1573491625476,2019-11-11T17:00:25.476Z,buy,5.986e-05,2.0,0.00011972
BCD/BTC,1573491625476,2019-11-11T17:00:25.476Z,buy,5.987e-05,1147.0,0.06867089
BCD/BTC,1573491625476,2019-11-11T17:00:25.476Z,buy,5.997e-05,106.0,0.00635682
BCD/BTC,1573491625654,2019-11-11T17:00:25.654Z,buy,5.998e-05,815.0,0.0488836999999999
BCD/BTC,1573491625654,2019-11-11T17:00:25.654Z,buy,6.001e-05,86.0,0.00516086
BCD/BTC,1573491625654,2019-11-11T17:00:25.654Z,buy,6.001e-05,773.0,0.04638773
BCD/BTC,1573491625736,2019-11-11T17:00:25.736Z,buy,6.004e-05,198.0,0.01188792
BCD/BTC,1573491626082,2019-11-11T17:00:26.082Z,sell,5.998e-05,1619.0,0.0971076199999999
BCD/BTC,1573491626155,2019-11-11T17:00:26.155Z,buy,6.006e-05,13.0,0.00078078
BCD/BTC,1573491626155,2019-11-11T17:00:26.155Z,buy,6.013e-05,46.0,0.00276598
BCD/BTC,1573491627821,2019-11-11T17:00:27.821Z,sell,5.999e-05,162.0,0.00971838
BCD/BTC,1573491628313,2019-11-11T17:00:28.313Z,buy,6.01e-05,33.0,0.0019833
BCD/BTC,1573491628646,2019-11-11T17:00:28.646Z,buy,6.01e-05,1590.0,0.0955589999999999
BCD/BTC,1573491629287,2019-11-11T17:00:29.287Z,buy,6.01e-05,2482.0,0.1491682
BCD/BTC,1573491629287,2019-11-11T17:00:29.287Z,buy,6.012e-05,145.0,0.0087174
BCD/BTC,1573491629287,2019-11-11T17:00:29.287Z,buy,6.013e-05,14.0,0.00084182
BCD/BTC,1573491629287,2019-11-11T17:00:29.287Z,buy,6.017e-05,76.0,0.00457292
BCD/BTC,1573491629287,2019-11-11T17:00:29.287Z,buy,6.018e-05,641.0,0.03857538
BCD/BTC,1573491629380,2019-11-11T17:00:29.380Z,sell,6.001e-05,18.0,0.00108018
BCD/BTC,1573491630100,2019-11-11T17:00:30.100Z,sell,6.003e-05,87.0,0.00522261
BCD/BTC,1573491630100,2019-11-11T17:00:30.100Z,sell,6.002e-05,921.0,0.0552784199999999
BCD/BTC,1573491630801,2019-11-11T17:00:30.801Z,buy,6.021e-05,8.0,0.00048168
BCD/BTC,1573491630801,2019-11-11T17:00:30.801Z,buy,6.022e-05,40.0,0.0024088
BCD/BTC,1573491632102,2019-11-11T17:00:32.102Z,sell,6.006e-05,558.0,0.03351348
BCD/BTC,1573491632105,2019-11-11T17:00:32.105Z,sell,6.006e-05,293.0,0.0175975799999999
BCD/BTC,1573491634288,2019-11-11T17:00:34.288Z,buy,6.021e-05,4.0,0.00024084
BCD/BTC,1573491634512,2019-11-11T17:00:34.512Z,sell,6.008e-05,67.0,0.00402536
BCD/BTC,1573491634512,2019-11-11T17:00:34.512Z,sell,6.007e-05,400.0,0.024028
BCD/BTC,1573491634521,2019-11-11T17:00:34.521Z,sell,6.007e-05,192.0,0.0115334399999999
BCD/BTC,1573491634613,2019-11-11T17:00:34.613Z,sell,6.008e-05,133.0,0.00799064
BCD/BTC,1573491634747,2019-11-11T17:00:34.747Z,sell,6e-05,99.0,0.00594
BCD/BTC,1573491634747,2019-11-11T17:00:34.747Z,sell,5.998e-05,12.0,0.00071976
BCD/BTC,1573491635111,2019-11-11T17:00:35.111Z,buy,6.003e-05,18.0,0.00108054
BCD/BTC,1573491636111,2019-11-11T17:00:36.111Z,sell,6e-05,18.0,0.00108
BCD/BTC,1573491637038,2019-11-11T17:00:37.038Z,buy,5.999e-05,2247.0,0.13479753
BCD/BTC,1573491637038,2019-11-11T17:00:37.038Z,buy,6e-05,1623.0,0.09738
BCD/BTC,1573491637189,2019-11-11T17:00:37.189Z,buy,6.003e-05,49.0,0.00294147
BCD/BTC,1573491637518,2019-11-11T17:00:37.518Z,sell,6e-05,721.0,0.04326
BCD/BTC,1573491637619,2019-11-11T17:00:37.619Z,sell,6e-05,349.0,0.02094
BCD/BTC,1573491638259,2019-11-11T17:00:38.259Z,sell,6e-05,83.0,0.00498
BCD/BTC,1573491638259,2019-11-11T17:00:38.259Z,sell,5.987e-05,282.0,0.01688334
BCD/BTC,1573491638833,2019-11-11T17:00:38.833Z,sell,5.987e-05,98.0,0.00586726
BCD/BTC,1573491638833,2019-11-11T17:00:38.833Z,sell,5.984e-05,5.0,0.0002992
BCD/BTC,1573491638833,2019-11-11T17:00:38.833Z,sell,5.974e-05,78.0,0.00465972
BCD/BTC,1573491638833,2019-11-11T17:00:38.833Z,sell,5.962e-05,62.0,0.00369644
BCD/BTC,1573491638833,2019-11-11T17:00:38.833Z,sell,5.96e-05,615.0,0.036654
BCD/BTC,1573491639123,2019-11-11T17:00:39.123Z,sell,6.003e-05,979.0,0.05876937
BCD/BTC,1573491639461,2019-11-11T17:00:39.461Z,buy,6.005e-05,828.0,0.0497214
BCD/BTC,1573491639586,2019-11-11T17:00:39.586Z,sell,6.003e-05,158.0,0.00948474
BCD/BTC,1573491639609,2019-11-11T17:00:39.609Z,buy,5.974e-05,84.0,0.00501816
BCD/BTC,1573491639609,2019-11-11T17:00:39.609Z,buy,5.974e-05,151.0,0.00902074
BCD/BTC,1573491640132,2019-11-11T17:00:40.132Z,buy,5.973e-05,21.0,0.00125433
BCD/BTC,1573491640490,2019-11-11T17:00:40.490Z,buy,5.973e-05,63.0,0.00376299
BCD/BTC,1573491640490,2019-11-11T17:00:40.490Z,buy,6.001e-05,70.0,0.0042007
BCD/BTC,1573491640490,2019-11-11T17:00:40.490Z,buy,6.005e-05,118.0,0.0070859
BCD/BTC,1573491640490,2019-11-11T17:00:40.490Z,buy,6.006e-05,110.0,0.0066066
BCD/BTC,1573491640700,2019-11-11T17:00:40.700Z,sell,5.963e-05,110.0,0.0065593
BCD/BTC,1573491640700,2019-11-11T17:00:40.700Z,sell,5.962e-05,1238.0,0.07380956
BCD/BTC,1573491640738,2019-11-11T17:00:40.738Z,sell,5.962e-05,638.0,0.03803756
BCD/BTC,1573491641074,2019-11-11T17:00:41.074Z,sell,5.962e-05,2083.0,0.12418846
BCD/BTC,1573491641074,2019-11-11T17:00:41.074Z,sell,5.961e-05,953.0,0.05680833
BCD/BTC,1573491641074,2019-11-11T17:00:41.074Z,sell,5.96e-05,676.0,0.0402896
BCD/BTC,1573491641074,2019-11-11T17:00:41.074Z,sell,5.956e-05,195.0,0.0116142
BCD/BTC,1573491641074,2019-11-11T17:00:41.074Z,sell,5.952e-05,3.0,0.00017856
BCD/BTC,1573491641074,2019-11-11T17:00:41.074Z,sell,5.948e-05,5.0,0.0002974
BCD/BTC,1573491641074,2019-11-11T17:00:41.074Z,sell,5.941e-05,147.0,0.00873327
BCD/BTC,1573491641074,2019-11-11T17:00:41.074Z,sell,5.939e-05,63.0,0.00374157
BCD/BTC,1573491641074,2019-11-11T17:00:41.074Z,sell,5.93e-05,29.0,0.0017197
BCD/BTC,1573491641074,2019-11-11T17:00:41.074Z,sell,5.929e-05,1475.0,0.08745275
BCD/BTC,1573491642397,2019-11-11T17:00:42.397Z,buy,6.001e-05,16.0,0.00096016
BCD/BTC,1573491642776,2019-11-11T17:00:42.776Z,sell,5.964e-05,513.0,0.03059532
BCD/BTC,1573491642868,2019-11-11T17:00:42.868Z,sell,5.964e-05,439.0,0.02618196
BCD/BTC,1573491644690,2019-11-11T17:00:44.690Z,buy,5.986e-05,535.0,0.0320251
BCD/BTC,1573491644690,2019-11-11T17:00:44.690Z,buy,5.987e-05,3.0,0.00017961
BCD/BTC,1573491644690,2019-11-11T17:00:44.690Z,buy,5.993e-05,207.0,0.01240551
BCD/BTC,1573491644690,2019-11-11T17:00:44.690Z,buy,5.994e-05,2354.0,0.14109876
BCD/BTC,1573491644690,2019-11-11T17:00:44.690Z,buy,5.995e-05,39.0,0.00233805
BCD/BTC,1573491644690,2019-11-11T17:00:44.690Z,buy,5.998e-05,206.0,0.01235588
BCD/BTC,1573491644690,2019-11-11T17:00:44.690Z,buy,5.999e-05,1356.0,0.08134644
BCD/BTC,1573491645634,2019-11-11T17:00:45.634Z,sell,5.974e-05,437.0,0.02610638
BCD/BTC,1573491645924,2019-11-11T17:00:45.924Z,sell,5.974e-05,177.0,0.01057398
BCD/BTC,1573491646527,2019-11-11T17:00:46.527Z,sell,5.964e-05,501.0,0.02987964
BCD/BTC,1573491648455,2019-11-11T17:00:48.455Z,buy,5.987e-05,2030.0,0.1215361
BCD/BTC,1573491648455,2019-11-11T17:00:48.455Z,buy,5.99e-05,96.0,0.0057504
BCD/BTC,1573491648455,2019-11-11T17:00:48.455Z,buy,5.991e-05,546.0,0.03271086
BCD/BTC,1573491649402,2019-11-11T17:00:49.402Z,sell,5.964e-05,100.0,0.005964
BCD/BTC,1573491649416,2019-11-11T17:00:49.416Z,sell,5.964e-05,41.0,0.00244524
BCD/BTC,1573491649571,2019-11-11T17:00:49.571Z,sell,5.964e-05,90.0,0.0053676
BCD/BTC,1573491650830,2019-11-11T17:00:50.830Z,buy,5.979e-05,631.0,0.03772749
BCD/BTC,1573491650830,2019-11-11T17:00:50.830Z,buy,5.98e-05,455.0,0.0272089999999999
BCD/BTC,1573491651789,2019-11-11T17:00:51.789Z,buy,5.978e-05,96.0,0.00573888
BCD/BTC,1573491651789,2019-11-11T17:00:51.789Z,buy,5.979e-05,31.0,0.00185349
BCD/BTC,1573491652438,2019-11-11T17:00:52.438Z,sell,5.96e-05,608.0,0.0362368
BCD/BTC,1573491652938,2019-11-11T17:00:52.938Z,buy,5.978e-05,20.0,0.0011956
BCD/BTC,1573491654665,2019-11-11T17:00:54.665Z,buy,5.977e-05,169.0,0.01010113
BCD/BTC,1573491655788,2019-11-11T17:00:55.788Z,buy,5.976e-05,950.0,0.0567719999999999
BCD/BTC,1573491655788,2019-11-11T17:00:55.788Z,buy,5.977e-05,1008.0,0.06024816
BCD/BTC,1573491655788,2019-11-11T17:00:55.788Z,buy,5.982e-05,3847.0,0.23012754
BCD/BTC,1573491655788,2019-11-11T17:00:55.788Z,buy,5.984e-05,5.0,0.0002992
BCD/BTC,1573491655788,2019-11-11T17:00:55.788Z,buy,5.992e-05,22.0,0.00131824
BCD/BTC,1573491655788,2019-11-11T17:00:55.788Z,buy,5.993e-05,1128.0,0.06760104
BCD/BTC,1573491656251,2019-11-11T17:00:56.251Z,buy,5.977e-05,16.0,0.00095632
BCD/BTC,1573491656560,2019-11-11T17:00:56.560Z,sell,5.96e-05,9.0,0.0005364
BCD/BTC,1573491656560,2019-11-11T17:00:56.560Z,sell,5.952e-05,3.0,0.00017856
BCD/BTC,1573491656560,2019-11-11T17:00:56.560Z,sell,5.938e-05,163.0,0.0096789399999999
BCD/BTC,1573491656560,2019-11-11T17:00:56.560Z,sell,5.937e-05,222.0,0.01318014
BCD/BTC,1573491656560,2019-11-11T17:00:56.560Z,sell,5.936e-05,4.0,0.00023744
BCD/BTC,1573491656560,2019-11-11T17:00:56.560Z,sell,5.934e-05,109.0,0.0064680599999999
BCD/BTC,1573491656560,2019-11-11T17:00:56.560Z,sell,5.931e-05,504.0,0.02989224
BCD/BTC,1573491656560,2019-11-11T17:00:56.560Z,sell,5.928e-05,176.0,0.01043328
BCD/BTC,1573491656560,2019-11-11T17:00:56.560Z,sell,5.921e-05,22.0,0.00130262
BCD/BTC,1573491656560,2019-11-11T17:00:56.560Z,sell,5.917e-05,3.0,0.00017751
BCD/BTC,1573491656560,2019-11-11T17:00:56.560Z,sell,5.916e-05,77.0,0.00455532
BCD/BTC,1573491656560,2019-11-11T17:00:56.560Z,sell,5.915e-05,43.0,0.00254345
BCD/BTC,1573491656560,2019-11-11T17:00:56.560Z,sell,5.914e-05,98.0,0.00579572
BCD/BTC,1573491656560,2019-11-11T17:00:56.560Z,sell,5.913e-05,13.0,0.0007686899999999
BCD/BTC,1573491656560,2019-11-11T17:00:56.560Z,sell,5.912e-05,5.0,0.0002956
BCD/BTC,1573491656560,2019-11-11T17:00:56.560Z,sell,5.91e-05,2765.0,0.1634115
BCD/BTC,1573491656560,2019-11-11T17:00:56.560Z,sell,5.907e-05,380.0,0.0224466
BCD/BTC,1573491656560,2019-11-11T17:00:56.560Z,sell,5.903e-05,2.0,0.00011806
BCD/BTC,1573491656560,2019-11-11T17:00:56.560Z,sell,5.902e-05,129.0,0.00761358
BCD/BTC,1573491656584,2019-11-11T17:00:56.584Z,buy,5.9e-05,386.0,0.022774
BCD/BTC,1573491656587,2019-11-11T17:00:56.587Z,buy,5.9e-05,107.0,0.006313
BCD/BTC,1573491656588,2019-11-11T17:00:56.588Z,buy,5.9e-05,8.0,0.000472
BCD/BTC,1573491656623,2019-11-11T17:00:56.623Z,buy,5.9e-05,132.0,0.007788
BCD/BTC,1573491656624,2019-11-11T17:00:56.624Z,buy,5.9e-05,4.0,0.000236
BCD/BTC,1573491656655,2019-11-11T17:00:56.655Z,buy,5.9e-05,2951.0,0.1741089999999999
BCD/BTC,1573491656674,2019-11-11T17:00:56.674Z,buy,5.9e-05,50.0,0.00295
BCD/BTC,1573491656697,2019-11-11T17:00:56.697Z,buy,5.9e-05,1220.0,0.07198
BCD/BTC,1573491656697,2019-11-11T17:00:56.697Z,buy,5.9e-05,602.0,0.035518
BCD/BTC,1573491656699,2019-11-11T17:00:56.699Z,buy,5.9e-05,209.0,0.012331
BCD/BTC,1573491657033,2019-11-11T17:00:57.033Z,buy,5.931e-05,130.0,0.0077103
BCD/BTC,1573491657050,2019-11-11T17:00:57.050Z,buy,5.931e-05,21.0,0.00124551
BCD/BTC,1573491657184,2019-11-11T17:00:57.184Z,buy,5.931e-05,5.0,0.00029655
BCD/BTC,1573491657274,2019-11-11T17:00:57.274Z,buy,5.931e-05,22.0,0.00130482
BCD/BTC,1573491657322,2019-11-11T17:00:57.322Z,buy,5.931e-05,199.0,0.01180269
BCD/BTC,1573491657357,2019-11-11T17:00:57.357Z,buy,5.967e-05,5.0,0.00029835
BCD/BTC,1573491657416,2019-11-11T17:00:57.416Z,sell,5.952e-05,775.0,0.046128
BCD/BTC,1573491657417,2019-11-11T17:00:57.417Z,buy,5.966e-05,535.0,0.0319181
BCD/BTC,1573491657419,2019-11-11T17:00:57.419Z,sell,5.966e-05,112.0,0.00668192
BCD/BTC,1573491657419,2019-11-11T17:00:57.419Z,sell,5.952e-05,174.0,0.01035648
BCD/BTC,1573491657538,2019-11-11T17:00:57.538Z,sell,5.952e-05,131.0,0.00779712
BCD/BTC,1573491657634,2019-11-11T17:00:57.634Z,sell,5.952e-05,317.0,0.01886784
BCD/BTC,1573491657639,2019-11-11T17:00:57.639Z,sell,5.952e-05,5.0,0.0002975999999999
BCD/BTC,1573491657768,2019-11-11T17:00:57.768Z,buy,5.965e-05,107.0,0.00638255
BCD/BTC,1573491657768,2019-11-11T17:00:57.768Z,buy,5.966e-05,67.0,0.00399722
BCD/BTC,1573491658031,2019-11-11T17:00:58.031Z,buy,5.966e-05,196.0,0.01169336
BCD/BTC,1573491658340,2019-11-11T17:00:58.340Z,sell,5.96e-05,22.0,0.0013112
BCD/BTC,1573491658509,2019-11-11T17:00:58.509Z,sell,5.96e-05,13.0,0.0007748
BCD/BTC,1573491658840,2019-11-11T17:00:58.840Z,sell,5.96e-05,3.0,0.0001788
BCD/BTC,1573491659031,2019-11-11T17:00:59.031Z,buy,5.966e-05,37.0,0.00220742
BCD/BTC,1573491660096,2019-11-11T17:01:00.096Z,buy,5.966e-05,67.0,0.00399722
BCD/BTC,1573491660196,2019-11-11T17:01:00.196Z,sell,5.966e-05,99.0,0.00590634
BCD/BTC,1573491660279,2019-11-11T17:01:00.279Z,sell,5.966e-05,48.0,0.00286368
BCD/BTC,1573491660308,2019-11-11T17:01:00.308Z,sell,5.96e-05,8.0,0.0004768
BCD/BTC,1573491660550,2019-11-11T17:01:00.550Z,buy,5.965e-05,128.0,0.0076352
BCD/BTC,1573491660550,2019-11-11T17:01:00.550Z,buy,5.967e-05,499.0,0.02977533
BCD/BTC,1573491660550,2019-11-11T17:01:00.550Z,buy,5.968e-05,1056.0,0.06302208
BCD/BTC,1573491660773,2019-11-11T17:01:00.773Z,buy,5.967e-05,20.0,0.0011934
BCD/BTC,1573491661253,2019-11-11T17:01:01.253Z,buy,5.967e-05,41.0,0.00244647
BCD/BTC,1573491661331,2019-11-11T17:01:01.331Z,buy,5.967e-05,131.0,0.00781677
BCD/BTC,1573491661349,2019-11-11T17:01:01.349Z,sell,5.96e-05,479.0,0.0285483999999999
BCD/BTC,1573491661366,2019-11-11T17:01:01.366Z,buy,5.956e-05,2319.0,0.13811964
BCD/BTC,1573491661430,2019-11-11T17:01:01.430Z,buy,5.956e-05,1093.0,0.06509908
BCD/BTC,1573491661678,2019-11-11T17:01:01.678Z,buy,5.956e-05,314.0,0.01870184
BCD/BTC,1573491661678,2019-11-11T17:01:01.678Z,buy,5.967e-05,343.0,0.02046681
BCD/BTC,1573491661678,2019-11-11T17:01:01.678Z,buy,5.968e-05,370.0,0.0220816
BCD/BTC,1573491661678,2019-11-11T17:01:01.678Z,buy,5.973e-05,77.0,0.00459921
BCD/BTC,1573491661678,2019-11-11T17:01:01.678Z,buy,5.976e-05,77.0,0.00460152
BCD/BTC,1573491661678,2019-11-11T17:01:01.678Z,buy,5.977e-05,151.0,0.00902527
BCD/BTC,1573491661678,2019-11-11T17:01:01.678Z,buy,5.978e-05,391.0,0.02337398
BCD/BTC,1573491662205,2019-11-11T17:01:02.205Z,sell,5.952e-05,367.0,0.02184384
BCD/BTC,1573491662612,2019-11-11T17:01:02.612Z,sell,5.935e-05,159.0,0.00943665
BCD/BTC,1573491662612,2019-11-11T17:01:02.612Z,sell,5.934e-05,551.0,0.03269634
BCD/BTC,1573491662979,2019-11-11T17:01:02.979Z,buy,5.951e-05,36.0,0.00214236
BCD/BTC,1573491663454,2019-11-11T17:01:03.454Z,sell,5.935e-05,104.0,0.0061724
BCD/BTC,1573491663482,2019-11-11T17:01:03.482Z,buy,5.951e-05,37.0,0.00220187
BCD/BTC,1573491663516,2019-11-11T17:01:03.516Z,sell,5.935e-05,2.0,0.0001187
BCD/BTC,1573491663549,2019-11-11T17:01:03.549Z,buy,5.951e-05,108.0,0.00642708
BCD/BTC,1573491663664,2019-11-11T17:01:03.664Z,buy,5.95e-05,37.0,0.0022015
BCD/BTC,1573491664162,2019-11-11T17:01:04.162Z,buy,5.95e-05,37.0,0.0022015
BCD/BTC,1573491664383,2019-11-11T17:01:04.383Z,buy,5.95e-05,37.0,0.0022015
BCD/BTC,1573491664896,2019-11-11T17:01:04.896Z,buy,5.95e-05,37.0,0.0022015
BCD/BTC,1573491665163,2019-11-11T17:01:05.163Z,sell,5.935e-05,71.0,0.00421385
BCD/BTC,1573491665163,2019-11-11T17:01:05.163Z,sell,5.934e-05,56.0,0.0033230399999999
BCD/BTC,1573491665391,2019-11-11T17:01:05.391Z,buy,5.949e-05,37.0,0.00220113
BCD/BTC,1573491665895,2019-11-11T17:01:05.895Z,buy,5.948e-05,37.0,0.00220076
BCD/BTC,1573491666080,2019-11-11T17:01:06.080Z,buy,5.948e-05,37.0,0.00220076
BCD/BTC,1573491666171,2019-11-11T17:01:06.171Z,buy,5.948e-05,10.0,0.0005948
BCD/BTC,1573491666225,2019-11-11T17:01:06.225Z,buy,5.948e-05,105.0,0.0062454
BCD/BTC,1573491666225,2019-11-11T17:01:06.225Z,buy,5.949e-05,921.0,0.05479029
BCD/BTC,1573491666269,2019-11-11T17:01:06.269Z,buy,5.949e-05,37.0,0.00220113
BCD/BTC,1573491667099,2019-11-11T17:01:07.099Z,buy,5.948e-05,29.0,0.00172492
BCD/BTC,1573491667489,2019-11-11T17:01:07.489Z,sell,5.94e-05,36.0,0.0021384
BCD/BTC,1573491667489,2019-11-11T17:01:07.489Z,sell,5.929e-05,81.0,0.00480249
BCD/BTC,1573491667489,2019-11-11T17:01:07.489Z,sell,5.922e-05,97.0,0.00574434
BCD/BTC,1573491667489,2019-11-11T17:01:07.489Z,sell,5.921e-05,22.0,0.00130262
BCD/BTC,1573491667489,2019-11-11T17:01:07.489Z,sell,5.917e-05,3.0,0.00017751
BCD/BTC,1573491667489,2019-11-11T17:01:07.489Z,sell,5.913e-05,13.0,0.0007686899999999
BCD/BTC,1573491667489,2019-11-11T17:01:07.489Z,sell,5.912e-05,7.0,0.00041384
BCD/BTC,1573491667489,2019-11-11T17:01:07.489Z,sell,5.91e-05,36.0,0.0021276
BCD/BTC,1573491667489,2019-11-11T17:01:07.489Z,sell,5.9e-05,83.0,0.0048969999999999
BCD/BTC,1573491667489,2019-11-11T17:01:07.489Z,sell,5.899e-05,24.0,0.00141576
BCD/BTC,1573491667489,2019-11-11T17:01:07.489Z,sell,5.896e-05,188.0,0.0110844799999999
BCD/BTC,1573491668020,2019-11-11T17:01:08.020Z,sell,5.934e-05,851.0,0.0504983399999999
BCD/BTC,1573491668324,2019-11-11T17:01:08.324Z,sell,5.934e-05,24.0,0.0014241599999999
BCD/BTC,1573491669226,2019-11-11T17:01:09.226Z,buy,5.948e-05,8.0,0.00047584
BCD/BTC,1573491669268,2019-11-11T17:01:09.268Z,sell,5.934e-05,211.0,0.0125207399999999
BCD/BTC,1573491669268,2019-11-11T17:01:09.268Z,sell,5.922e-05,137.0,0.00811314
BCD/BTC,1573491669268,2019-11-11T17:01:09.268Z,sell,5.902e-05,287.0,0.01693874
BCD/BTC,1573491669268,2019-11-11T17:01:09.268Z,sell,5.898e-05,85.0,0.0050133
BCD/BTC,1573491669268,2019-11-11T17:01:09.268Z,sell,5.897e-05,579.0,0.03414363
BCD/BTC,1573491670602,2019-11-11T17:01:10.602Z,sell,5.935e-05,44.0,0.0026114
BCD/BTC,1573491670670,2019-11-11T17:01:10.670Z,buy,5.947e-05,85.0,0.00505495
BCD/BTC,1573491670670,2019-11-11T17:01:10.670Z,buy,5.948e-05,5.0,0.0002974
BCD/BTC,1573491670670,2019-11-11T17:01:10.670Z,buy,5.95e-05,36.0,0.002142
BCD/BTC,1573491671563,2019-11-11T17:01:11.563Z,sell,5.948e-05,2.0,0.00011896
BCD/BTC,1573491671563,2019-11-11T17:01:11.563Z,sell,5.935e-05,292.0,0.0173302
BCD/BTC,1573491671581,2019-11-11T17:01:11.581Z,buy,5.95e-05,76.0,0.004522
BCD/BTC,1573491671583,2019-11-11T17:01:11.583Z,buy,5.95e-05,1.0,5.95e-05
BCD/BTC,1573491671583,2019-11-11T17:01:11.583Z,buy,5.951e-05,76.0,0.00452276
BCD/BTC,1573491671588,2019-11-11T17:01:11.588Z,buy,5.951e-05,76.0,0.00452276
BCD/BTC,1573491671592,2019-11-11T17:01:11.592Z,buy,5.951e-05,25.0,0.00148775
BCD/BTC,1573491671592,2019-11-11T17:01:11.592Z,buy,5.952e-05,3.0,0.00017856
BCD/BTC,1573491671592,2019-11-11T17:01:11.592Z,buy,5.953e-05,2.0,0.00011906
BCD/BTC,1573491671592,2019-11-11T17:01:11.592Z,buy,5.956e-05,22.0,0.00131032
BCD/BTC,1573491671592,2019-11-11T17:01:11.592Z,buy,5.96e-05,13.0,0.0007748
BCD/BTC,1573491671592,2019-11-11T17:01:11.592Z,buy,5.971e-05,12.0,0.00071652
BCD/BTC,1573491671594,2019-11-11T17:01:11.594Z,buy,5.971e-05,46.0,0.00274666
BCD/BTC,1573491671620,2019-11-11T17:01:11.620Z,buy,5.971e-05,92.0,0.00549332
BCD/BTC,1573491671963,2019-11-11T17:01:11.963Z,sell,5.957e-05,88.0,0.00524216
BCD/BTC,1573491674046,2019-11-11T17:01:14.046Z,sell,5.95e-05,292.0,0.017374
BCD/BTC,1573491674141,2019-11-11T17:01:14.141Z,buy,5.967e-05,3.0,0.00017901
BCD/BTC,1573491674214,2019-11-11T17:01:14.214Z,buy,5.967e-05,188.0,0.01121796
BCD/BTC,1573491674214,2019-11-11T17:01:14.214Z,buy,5.968e-05,57.0,0.0034017599999999
BCD/BTC,1573491674214,2019-11-11T17:01:14.214Z,buy,5.969e-05,75.0,0.00447675
BCD/BTC,1573491674427,2019-11-11T17:01:14.427Z,buy,5.967e-05,57.0,0.00340119
BCD/BTC,1573491674427,2019-11-11T17:01:14.427Z,buy,5.969e-05,4.0,0.00023876
BCD/BTC,1573491674465,2019-11-11T17:01:14.465Z,buy,5.969e-05,120.0,0.0071627999999999
BCD/BTC,1573491675391,2019-11-11T17:01:15.391Z,buy,5.969e-05,283.0,0.01689227
BCD/BTC,1573491675391,2019-11-11T17:01:15.391Z,buy,5.976e-05,1344.0,0.0803174399999999
BCD/BTC,1573491675391,2019-11-11T17:01:15.391Z,buy,5.977e-05,508.0,0.03036316
BCD/BTC,1573491676771,2019-11-11T17:01:16.771Z,sell,5.969e-05,30.0,0.0017906999999999
BCD/BTC,1573491677111,2019-11-11T17:01:17.111Z,sell,5.969e-05,123.0,0.00734187
BCD/BTC,1573491677111,2019-11-11T17:01:17.111Z,sell,5.962e-05,16.0,0.00095392
BCD/BTC,1573491677310,2019-11-11T17:01:17.310Z,buy,5.976e-05,19.0,0.00113544
BCD/BTC,1573491678093,2019-11-11T17:01:18.093Z,sell,5.971e-05,36.0,0.00214956
BCD/BTC,1573491678425,2019-11-11T17:01:18.425Z,sell,5.971e-05,188.0,0.01122548
BCD/BTC,1573491678589,2019-11-11T17:01:18.589Z,sell,5.971e-05,36.0,0.00214956
BCD/BTC,1573491679124,2019-11-11T17:01:19.124Z,sell,5.971e-05,189.0,0.01128519
BCD/BTC,1573491679346,2019-11-11T17:01:19.346Z,buy,5.97e-05,98.0,0.0058506
BCD/BTC,1573491679346,2019-11-11T17:01:19.346Z,buy,5.977e-05,40.0,0.0023907999999999
BCD/BTC,1573491679428,2019-11-11T17:01:19.428Z,buy,5.977e-05,500.0,0.029885
BCD/BTC,1573491683352,2019-11-11T17:01:23.352Z,buy,5.976e-05,492.0,0.0294019199999999
BCD/BTC,1573491683556,2019-11-11T17:01:23.556Z,buy,5.976e-05,266.0,0.01589616
BCD/BTC,1573491683556,2019-11-11T17:01:23.556Z,buy,5.977e-05,1714.0,0.10244578
BCD/BTC,1573491683580,2019-11-11T17:01:23.580Z,sell,5.977e-05,145.0,0.00866665
BCD/BTC,1573491683712,2019-11-11T17:01:23.712Z,sell,5.977e-05,77.0,0.00460229
BCD/BTC,1573491683752,2019-11-11T17:01:23.752Z,buy,5.978e-05,11.0,0.00065758
BCD/BTC,1573491683936,2019-11-11T17:01:23.936Z,sell,5.977e-05,127.0,0.00759079
BCD/BTC,1573491683936,2019-11-11T17:01:23.936Z,sell,5.952e-05,251.0,0.01493952
BCD/BTC,1573491683936,2019-11-11T17:01:23.936Z,sell,5.95e-05,55.0,0.0032725
BCD/BTC,1573491683936,2019-11-11T17:01:23.936Z,sell,5.977e-05,127.0,0.00759079
BCD/BTC,1573491683936,2019-11-11T17:01:23.936Z,sell,5.952e-05,251.0,0.01493952
BCD/BTC,1573491683936,2019-11-11T17:01:23.936Z,sell,5.95e-05,55.0,0.0032725
BCD/BTC,1573491683936,2019-11-11T17:01:23.936Z,sell,5.94e-05,186.0,0.0110484
BCD/BTC,1573491683936,2019-11-11T17:01:23.936Z,sell,5.935e-05,228.0,0.0135318
BCD/BTC,1573491683936,2019-11-11T17:01:23.936Z,sell,5.934e-05,115.0,0.0068241
BCD/BTC,1573491683936,2019-11-11T17:01:23.936Z,sell,5.927e-05,583.0,0.03455441
BCD/BTC,1573491683936,2019-11-11T17:01:23.936Z,sell,5.926e-05,102.0,0.0060445199999999
BCD/BTC,1573491683936,2019-11-11T17:01:23.936Z,sell,5.921e-05,22.0,0.00130262
BCD/BTC,1573491683936,2019-11-11T17:01:23.936Z,sell,5.917e-05,3.0,0.00017751
BCD/BTC,1573491683936,2019-11-11T17:01:23.936Z,sell,5.914e-05,131.0,0.00774734
BCD/BTC,1573491683936,2019-11-11T17:01:23.936Z,sell,5.913e-05,13.0,0.0007686899999999
BCD/BTC,1573491683936,2019-11-11T17:01:23.936Z,sell,5.912e-05,52.0,0.00307424
BCD/BTC,1573491683936,2019-11-11T17:01:23.936Z,sell,5.91e-05,36.0,0.0021276
BCD/BTC,1573491683936,2019-11-11T17:01:23.936Z,sell,5.907e-05,40.0,0.0023628
BCD/BTC,1573491683936,2019-11-11T17:01:23.936Z,sell,5.905e-05,179.0,0.01056995
BCD/BTC,1573491685238,2019-11-11T17:01:25.238Z,sell,5.952e-05,5.0,0.0002975999999999
BCD/BTC,1573491686256,2019-11-11T17:01:26.256Z,sell,5.952e-05,3.0,0.00017856
BCD/BTC,1573491686456,2019-11-11T17:01:26.456Z,sell,5.952e-05,36.0,0.00214272
BCD/BTC,1573491687364,2019-11-11T17:01:27.364Z,buy,5.955e-05,501.0,0.0298345499999999
BCD/BTC,1573491688174,2019-11-11T17:01:28.174Z,buy,5.955e-05,309.0,0.01840095
BCD/BTC,1573491688174,2019-11-11T17:01:28.174Z,buy,5.956e-05,22.0,0.00131032
BCD/BTC,1573491688174,2019-11-11T17:01:28.174Z,buy,5.96e-05,13.0,0.0007748
BCD/BTC,1573491688174,2019-11-11T17:01:28.174Z,buy,5.97e-05,36.0,0.0021492
BCD/BTC,1573491688174,2019-11-11T17:01:28.174Z,buy,5.972e-05,1092.0,0.0652142399999999
BCD/BTC,1573491688174,2019-11-11T17:01:28.174Z,buy,5.977e-05,185.0,0.01105745
BCD/BTC,1573491688174,2019-11-11T17:01:28.174Z,buy,5.978e-05,235.0,0.0140483
BCD/BTC,1573491688174,2019-11-11T17:01:28.174Z,buy,5.98e-05,43.0,0.0025713999999999
BCD/BTC,1573491688174,2019-11-11T17:01:28.174Z,buy,5.984e-05,5.0,0.0002992
BCD/BTC,1573491688174,2019-11-11T17:01:28.174Z,buy,5.987e-05,3.0,0.00017961
BCD/BTC,1573491688174,2019-11-11T17:01:28.174Z,buy,5.99e-05,177.0,0.0106023
BCD/BTC,1573491688174,2019-11-11T17:01:28.174Z,buy,5.991e-05,1900.0,0.113829
BCD/BTC,1573491690633,2019-11-11T17:01:30.633Z,buy,5.971e-05,138.0,0.00823998
BCD/BTC,1573491690633,2019-11-11T17:01:30.633Z,buy,5.991e-05,111.0,0.00665001
BCD/BTC,1573491694460,2019-11-11T17:01:34.460Z,buy,5.987e-05,17.0,0.00101779
BCD/BTC,1573491697087,2019-11-11T17:01:37.087Z,buy,5.987e-05,236.0,0.01412932
BCD/BTC,1573491697087,2019-11-11T17:01:37.087Z,buy,5.991e-05,5260.0,0.3151266
BCD/BTC,1573491698236,2019-11-11T17:01:38.236Z,buy,5.991e-05,2099.0,0.12575109
BCD/BTC,1573491702439,2019-11-11T17:01:42.439Z,sell,5.973e-05,88.0,0.00525624
BCD/BTC,1573491703483,2019-11-11T17:01:43.483Z,buy,5.991e-05,4726.0,0.28313466
BCD/BTC,1573491703519,2019-11-11T17:01:43.519Z,buy,5.992e-05,22.0,0.00131824
BCD/BTC,1573491703519,2019-11-11T17:01:43.519Z,buy,5.993e-05,213.0,0.01276509
BCD/BTC,1573491703519,2019-11-11T17:01:43.519Z,buy,5.995e-05,16.0,0.0009592
BCD/BTC,1573491703519,2019-11-11T17:01:43.519Z,buy,5.997e-05,47.0,0.0028185899999999
BCD/BTC,1573491703538,2019-11-11T17:01:43.538Z,buy,5.999e-05,583.0,0.03497417
BCD/BTC,1573491703538,2019-11-11T17:01:43.538Z,buy,6e-05,369.0,0.02214
BCD/BTC,1573491703742,2019-11-11T17:01:43.742Z,sell,5.992e-05,83.0,0.00497336
BCD/BTC,1573491703838,2019-11-11T17:01:43.838Z,sell,5.992e-05,20.0,0.0011984
BCD/BTC,1573491703891,2019-11-11T17:01:43.891Z,sell,5.992e-05,56.0,0.00335552
BCD/BTC,1573491704270,2019-11-11T17:01:44.270Z,sell,5.992e-05,26.0,0.00155792
BCD/BTC,1573491704805,2019-11-11T17:01:44.805Z,buy,6e-05,1966.0,0.11796
BCD/BTC,1573491705191,2019-11-11T17:01:45.191Z,buy,6e-05,4989.0,0.29934
BCD/BTC,1573491705236,2019-11-11T17:01:45.236Z,buy,6e-05,825.0,0.0495
BCD/BTC,1573491705247,2019-11-11T17:01:45.247Z,buy,6e-05,591.0,0.03546
BCD/BTC,1573491705685,2019-11-11T17:01:45.685Z,buy,6e-05,2494.0,0.14964
BCD/BTC,1573491705743,2019-11-11T17:01:45.743Z,buy,6e-05,1661.0,0.09966
BCD/BTC,1573491705992,2019-11-11T17:01:45.992Z,buy,6e-05,24.0,0.00144
BCD/BTC,1573491706024,2019-11-11T17:01:46.024Z,buy,6e-05,425.0,0.0255
BCD/BTC,1573491706024,2019-11-11T17:01:46.024Z,buy,6.001e-05,76.0,0.00456076
BCD/BTC,1573491706024,2019-11-11T17:01:46.024Z,buy,6.006e-05,13.0,0.00078078
BCD/BTC,1573491706170,2019-11-11T17:01:46.170Z,sell,6.007e-05,21.0,0.00126147
BCD/BTC,1573491706548,2019-11-11T17:01:46.548Z,buy,6.011e-05,258.0,0.01550838
BCD/BTC,1573491706548,2019-11-11T17:01:46.548Z,buy,6.016e-05,76.0,0.00457216
BCD/BTC,1573491706548,2019-11-11T17:01:46.548Z,buy,6.021e-05,8.0,0.00048168
BCD/BTC,1573491706548,2019-11-11T17:01:46.548Z,buy,6.025e-05,90.0,0.0054225
BCD/BTC,1573491706548,2019-11-11T17:01:46.548Z,buy,6.03e-05,36.0,0.0021708
BCD/BTC,1573491706548,2019-11-11T17:01:46.548Z,buy,6.033e-05,130.0,0.0078429
BCD/BTC,1573491706552,2019-11-11T17:01:46.552Z,buy,6.033e-05,606.0,0.03655998
BCD/BTC,1573491706820,2019-11-11T17:01:46.820Z,sell,6.007e-05,419.0,0.02516933
BCD/BTC,1573491707217,2019-11-11T17:01:47.217Z,sell,6.012e-05,9.0,0.00054108
BCD/BTC,1573491707463,2019-11-11T17:01:47.463Z,sell,6.012e-05,100.0,0.006012
BCD/BTC,1573491707495,2019-11-11T17:01:47.495Z,sell,6.012e-05,4.0,0.00024048
BCD/BTC,1573491708282,2019-11-11T17:01:48.282Z,buy,6.033e-05,650.0,0.0392145
BCD/BTC,1573491708304,2019-11-11T17:01:48.304Z,buy,6.033e-05,591.0,0.03565503
BCD/BTC,1573491708361,2019-11-11T17:01:48.361Z,sell,6.012e-05,52.0,0.00312624
BCD/BTC,1573491708517,2019-11-11T17:01:48.517Z,buy,6.033e-05,16.0,0.00096528
BCD/BTC,1573491709207,2019-11-11T17:01:49.207Z,buy,6.032e-05,390.0,0.0235248
BCD/BTC,1573491709207,2019-11-11T17:01:49.207Z,buy,6.033e-05,4927.0,0.29724591
BCD/BTC,1573491709482,2019-11-11T17:01:49.482Z,sell,6.034e-05,9.0,0.00054306
BCD/BTC,1573491709570,2019-11-11T17:01:49.570Z,buy,6.038e-05,607.0,0.03665066
BCD/BTC,1573491709580,2019-11-11T17:01:49.580Z,buy,6.038e-05,212.0,0.01280056
BCD/BTC,1573491709656,2019-11-11T17:01:49.656Z,sell,6.034e-05,152.0,0.00917168
BCD/BTC,1573491709739,2019-11-11T17:01:49.739Z,sell,6.035e-05,88.0,0.0053108
BCD/BTC,1573491709869,2019-11-11T17:01:49.869Z,sell,6.035e-05,133.0,0.00802655
BCD/BTC,1573491709890,2019-11-11T17:01:49.890Z,buy,6.042e-05,34.0,0.00205428
BCD/BTC,1573491709922,2019-11-11T17:01:49.922Z,sell,6.035e-05,14.0,0.0008449
BCD/BTC,1573491709922,2019-11-11T17:01:49.922Z,sell,6.034e-05,16.0,0.00096544
BCD/BTC,1573491710033,2019-11-11T17:01:50.033Z,sell,6.034e-05,25.0,0.0015085
BCD/BTC,1573491710749,2019-11-11T17:01:50.749Z,sell,6.034e-05,315.0,0.0190071
BCD/BTC,1573491710910,2019-11-11T17:01:50.910Z,sell,6.035e-05,173.0,0.01044055
BCD/BTC,1573491711158,2019-11-11T17:01:51.158Z,sell,6.035e-05,341.0,0.02057935
BCD/BTC,1573491711306,2019-11-11T17:01:51.306Z,buy,6.041e-05,54.0,0.00326214
BCD/BTC,1573491711306,2019-11-11T17:01:51.306Z,buy,6.042e-05,42.0,0.00253764
BCD/BTC,1573491711316,2019-11-11T17:01:51.316Z,buy,6.053e-05,15.0,0.0009079499999999
BCD/BTC,1573491711469,2019-11-11T17:01:51.469Z,buy,6.056e-05,3.0,0.00018168
BCD/BTC,1573491711469,2019-11-11T17:01:51.469Z,buy,6.057e-05,5.0,0.00030285
BCD/BTC,1573491711469,2019-11-11T17:01:51.469Z,buy,6.06e-05,54.0,0.0032724
BCD/BTC,1573491711469,2019-11-11T17:01:51.469Z,buy,6.066e-05,34.0,0.00206244
BCD/BTC,1573491711469,2019-11-11T17:01:51.469Z,buy,6.075e-05,67.0,0.00407025
BCD/BTC,1573491711469,2019-11-11T17:01:51.469Z,buy,6.076e-05,28.0,0.00170128
BCD/BTC,1573491711469,2019-11-11T17:01:51.469Z,buy,6.079e-05,8.0,0.00048632
BCD/BTC,1573491711751,2019-11-11T17:01:51.751Z,sell,6.053e-05,26.0,0.0015737799999999
BCD/BTC,1573491711751,2019-11-11T17:01:51.751Z,sell,6.042e-05,4.0,0.00024168
BCD/BTC,1573491711945,2019-11-11T17:01:51.945Z,sell,6.042e-05,35.0,0.0021147
BCD/BTC,1573491712165,2019-11-11T17:01:52.165Z,sell,6.043e-05,152.0,0.00918536
BCD/BTC,1573491712165,2019-11-11T17:01:52.165Z,sell,6.042e-05,46.0,0.00277932
BCD/BTC,1573491712165,2019-11-11T17:01:52.165Z,sell,6.041e-05,51.0,0.00308091
BCD/BTC,1573491712165,2019-11-11T17:01:52.165Z,sell,6.039e-05,165.0,0.00996435
BCD/BTC,1573491712165,2019-11-11T17:01:52.165Z,sell,6.035e-05,21.0,0.00126735
BCD/BTC,1573491712165,2019-11-11T17:01:52.165Z,sell,6.034e-05,553.0,0.03336802
BCD/BTC,1573491712165,2019-11-11T17:01:52.165Z,sell,6.033e-05,1802.0,0.10871466
BCD/BTC,1573491712165,2019-11-11T17:01:52.165Z,sell,6.014e-05,535.0,0.0321749
BCD/BTC,1573491712165,2019-11-11T17:01:52.165Z,sell,6.013e-05,61.0,0.00366793
BCD/BTC,1573491712165,2019-11-11T17:01:52.165Z,sell,6e-05,1169.0,0.07014
BCD/BTC,1573491712165,2019-11-11T17:01:52.165Z,sell,5.991e-05,1721.0,0.10310511
BCD/BTC,1573491712196,2019-11-11T17:01:52.196Z,sell,6.042e-05,85.0,0.0051357
BCD/BTC,1573491712516,2019-11-11T17:01:52.516Z,sell,6.021e-05,8.0,0.00048168
BCD/BTC,1573491712516,2019-11-11T17:01:52.516Z,sell,5.992e-05,189.0,0.01132488
BCD/BTC,1573491712516,2019-11-11T17:01:52.516Z,sell,5.991e-05,2393.0,0.14336463
BCD/BTC,1573491712754,2019-11-11T17:01:52.754Z,buy,6.033e-05,331.0,0.01996923
BCD/BTC,1573491712754,2019-11-11T17:01:52.754Z,buy,6.055e-05,117.0,0.00708435
BCD/BTC,1573491713699,2019-11-11T17:01:53.699Z,buy,6.055e-05,46.0,0.0027853
BCD/BTC,1573491713699,2019-11-11T17:01:53.699Z,buy,6.056e-05,109.0,0.00660104
BCD/BTC,1573491714203,2019-11-11T17:01:54.203Z,buy,6.054e-05,535.0,0.0323889
BCD/BTC,1573491714203,2019-11-11T17:01:54.203Z,buy,6.055e-05,1366.0,0.0827113
BCD/BTC,1573491714203,2019-11-11T17:01:54.203Z,buy,6.056e-05,80.0,0.0048448
BCD/BTC,1573491714203,2019-11-11T17:01:54.203Z,buy,6.057e-05,5.0,0.00030285
BCD/BTC,1573491714203,2019-11-11T17:01:54.203Z,buy,6.06e-05,36.0,0.0021816
BCD/BTC,1573491714203,2019-11-11T17:01:54.203Z,buy,6.064e-05,1661.0,0.10072304
BCD/BTC,1573491714203,2019-11-11T17:01:54.203Z,buy,6.074e-05,382.0,0.02320268
BCD/BTC,1573491714610,2019-11-11T17:01:54.610Z,buy,6.055e-05,53.0,0.00320915
BCD/BTC,1573491714610,2019-11-11T17:01:54.610Z,buy,6.074e-05,58.0,0.0035229199999999
BCD/BTC,1573491714610,2019-11-11T17:01:54.610Z,buy,6.076e-05,123.0,0.00747348
BCD/BTC,1573491714857,2019-11-11T17:01:54.857Z,buy,6.055e-05,107.0,0.00647885
BCD/BTC,1573491714857,2019-11-11T17:01:54.857Z,buy,6.056e-05,3.0,0.00018168
BCD/BTC,1573491714857,2019-11-11T17:01:54.857Z,buy,6.075e-05,197.0,0.01196775
BCD/BTC,1573491715290,2019-11-11T17:01:55.290Z,sell,6.033e-05,508.0,0.03064764
BCD/BTC,1573491715651,2019-11-11T17:01:55.651Z,sell,6.041e-05,108.0,0.00652428
BCD/BTC,1573491716053,2019-11-11T17:01:56.053Z,sell,6.041e-05,380.0,0.0229558
BCD/BTC,1573491716183,2019-11-11T17:01:56.183Z,sell,6.042e-05,500.0,0.03021
BCD/BTC,1573491716594,2019-11-11T17:01:56.594Z,buy,6.056e-05,53.0,0.00320968
BCD/BTC,1573491716887,2019-11-11T17:01:56.887Z,buy,6.056e-05,138.0,0.00835728
BCD/BTC,1573491717112,2019-11-11T17:01:57.112Z,sell,6.042e-05,35.0,0.0021147
BCD/BTC,1573491717112,2019-11-11T17:01:57.112Z,sell,6.041e-05,345.0,0.02084145
BCD/BTC,1573491717388,2019-11-11T17:01:57.388Z,sell,6.042e-05,18.0,0.00108756
BCD/BTC,1573491717468,2019-11-11T17:01:57.468Z,sell,6.042e-05,500.0,0.03021
BCD/BTC,1573491718410,2019-11-11T17:01:58.410Z,sell,6.043e-05,514.0,0.03106102
BCD/BTC,1573491718458,2019-11-11T17:01:58.458Z,buy,6.056e-05,39.0,0.00236184
BCD/BTC,1573491718835,2019-11-11T17:01:58.835Z,sell,6.043e-05,21.0,0.00126903
BCD/BTC,1573491718835,2019-11-11T17:01:58.835Z,sell,6.042e-05,231.0,0.01395702
BCD/BTC,1573491718835,2019-11-11T17:01:58.835Z,sell,6.041e-05,1744.0,0.10535504
BCD/BTC,1573491718888,2019-11-11T17:01:58.888Z,sell,6.041e-05,421.0,0.02543261
BCD/BTC,1573491718888,2019-11-11T17:01:58.888Z,sell,6.033e-05,29.0,0.00174957
BCD/BTC,1573491718888,2019-11-11T17:01:58.888Z,sell,6.03e-05,36.0,0.0021708
BCD/BTC,1573491718888,2019-11-11T17:01:58.888Z,sell,6.022e-05,205.0,0.0123451
BCD/BTC,1573491718888,2019-11-11T17:01:58.888Z,sell,6.021e-05,8.0,0.00048168
BCD/BTC,1573491718888,2019-11-11T17:01:58.888Z,sell,6.014e-05,493.0,0.0296490199999999
BCD/BTC,1573491718888,2019-11-11T17:01:58.888Z,sell,6.013e-05,1660.0,0.0998158
BCD/BTC,1573491718888,2019-11-11T17:01:58.888Z,sell,6.012e-05,22.0,0.00132264
BCD/BTC,1573491718888,2019-11-11T17:01:58.888Z,sell,6.006e-05,180.0,0.0108107999999999
BCD/BTC,1573491718888,2019-11-11T17:01:58.888Z,sell,6.002e-05,249.0,0.01494498
BCD/BTC,1573491718888,2019-11-11T17:01:58.888Z,sell,6e-05,36.0,0.00216
BCD/BTC,1573491718904,2019-11-11T17:01:58.904Z,buy,6e-05,109.0,0.00654
BCD/BTC,1573491718909,2019-11-11T17:01:58.909Z,buy,6e-05,421.0,0.02526
BCD/BTC,1573491718913,2019-11-11T17:01:58.913Z,buy,6e-05,199.0,0.01194
BCD/BTC,1573491718913,2019-11-11T17:01:58.913Z,buy,6e-05,421.0,0.02526
BCD/BTC,1573491718922,2019-11-11T17:01:58.922Z,buy,6e-05,252.0,0.01512
BCD/BTC,1573491719554,2019-11-11T17:01:59.554Z,sell,5.999e-05,29.0,0.00173971
BCD/BTC,1573491720083,2019-11-11T17:02:00.083Z,buy,6e-05,825.0,0.0495
BCD/BTC,1573491720295,2019-11-11T17:02:00.295Z,buy,6e-05,67.0,0.00402
BCD/BTC,1573491720347,2019-11-11T17:02:00.347Z,sell,5.999e-05,1400.0,0.083986
BCD/BTC,1573491720407,2019-11-11T17:02:00.407Z,buy,6e-05,908.0,0.05448
BCD/BTC,1573491720444,2019-11-11T17:02:00.444Z,buy,6e-05,283.0,0.01698
BCD/BTC,1573491720564,2019-11-11T17:02:00.564Z,buy,6e-05,500.0,0.03
BCD/BTC,1573491720729,2019-11-11T17:02:00.729Z,buy,6e-05,191.0,0.01146
BCD/BTC,1573491720765,2019-11-11T17:02:00.765Z,sell,5.999e-05,76.0,0.00455924
BCD/BTC,1573491720765,2019-11-11T17:02:00.765Z,sell,5.995e-05,76.0,0.0045562
BCD/BTC,1573491720765,2019-11-11T17:02:00.765Z,sell,5.993e-05,234.0,0.0140236199999999
BCD/BTC,1573491720765,2019-11-11T17:02:00.765Z,sell,5.991e-05,36.0,0.00215676
BCD/BTC,1573491720885,2019-11-11T17:02:00.885Z,sell,5.991e-05,165.0,0.00988515
BCD/BTC,1573491721014,2019-11-11T17:02:01.014Z,buy,6e-05,147.0,0.00882
BCD/BTC,1573491721288,2019-11-11T17:02:01.288Z,buy,5.999e-05,115.0,0.00689885
BCD/BTC,1573491721950,2019-11-11T17:02:01.950Z,sell,5.991e-05,592.0,0.03546672
BCD/BTC,1573491721951,2019-11-11T17:02:01.951Z,sell,5.991e-05,811.0,0.04858701
BCD/BTC,1573491722061,2019-11-11T17:02:02.061Z,sell,5.991e-05,601.0,0.03600591
BCD/BTC,1573491722083,2019-11-11T17:02:02.083Z,buy,5.998e-05,72.0,0.00431856
BCD/BTC,1573491722872,2019-11-11T17:02:02.872Z,sell,5.991e-05,132.0,0.00790812
BCD/BTC,1573491723405,2019-11-11T17:02:03.405Z,buy,5.99e-05,376.0,0.0225223999999999
BCD/BTC,1573491724178,2019-11-11T17:02:04.178Z,buy,5.989e-05,437.0,0.02617193
BCD/BTC,1573491724341,2019-11-11T17:02:04.341Z,buy,5.989e-05,30.0,0.0017967
BCD/BTC,1573491725528,2019-11-11T17:02:05.528Z,buy,5.988e-05,170.0,0.0101796
BCD/BTC,1573491725688,2019-11-11T17:02:05.688Z,sell,5.987e-05,3.0,0.00017961
BCD/BTC,1573491725688,2019-11-11T17:02:05.688Z,sell,5.984e-05,5.0,0.0002992
BCD/BTC,1573491725688,2019-11-11T17:02:05.688Z,sell,5.973e-05,66.0,0.00394218
BCD/BTC,1573491725688,2019-11-11T17:02:05.688Z,sell,5.972e-05,847.0,0.05058284
BCD/BTC,1573491726048,2019-11-11T17:02:06.048Z,buy,5.988e-05,25.0,0.001497
BCD/BTC,1573491726352,2019-11-11T17:02:06.352Z,buy,5.988e-05,213.0,0.01275444
BCD/BTC,1573491726542,2019-11-11T17:02:06.542Z,buy,5.988e-05,61.0,0.00365268
BCD/BTC,1573491728688,2019-11-11T17:02:08.688Z,buy,5.987e-05,113.0,0.00676531
BCD/BTC,1573491730959,2019-11-11T17:02:10.959Z,buy,5.987e-05,504.0,0.03017448
BCD/BTC,1573491735425,2019-11-11T17:02:15.425Z,sell,5.987e-05,518.0,0.03101266
BCD/BTC,1573491735426,2019-11-11T17:02:15.426Z,sell,5.987e-05,119.0,0.00712453
BCD/BTC,1573491738022,2019-11-11T17:02:18.022Z,buy,5.989e-05,369.0,0.02209941
BCD/BTC,1573491739071,2019-11-11T17:02:19.071Z,sell,5.98e-05,52.0,0.0031095999999999
BCD/BTC,1573491739071,2019-11-11T17:02:19.071Z,sell,5.973e-05,165.0,0.00985545
BCD/BTC,1573491739071,2019-11-11T17:02:19.071Z,sell,5.972e-05,123.0,0.00734556
BCD/BTC,1573491739141,2019-11-11T17:02:19.141Z,buy,5.99e-05,1084.0,0.0649315999999999
BCD/BTC,1573491739141,2019-11-11T17:02:19.141Z,buy,5.999e-05,68.0,0.00407932
BCD/BTC,1573491739141,2019-11-11T17:02:19.141Z,buy,6e-05,33.0,0.00198
BCD/BTC,1573491740368,2019-11-11T17:02:20.368Z,buy,5.997e-05,22.0,0.00131934
BCD/BTC,1573491743384,2019-11-11T17:02:23.384Z,buy,5.996e-05,100.0,0.005996
BCD/BTC,1573491743885,2019-11-11T17:02:23.885Z,sell,5.98e-05,2.0,0.0001196
BCD/BTC,1573491743885,2019-11-11T17:02:23.885Z,sell,5.973e-05,36.0,0.00215028
BCD/BTC,1573491744424,2019-11-11T17:02:24.424Z,buy,5.995e-05,100.0,0.005995
BCD/BTC,1573491744424,2019-11-11T17:02:24.424Z,buy,5.996e-05,114.0,0.00683544
BCD/BTC,1573491745534,2019-11-11T17:02:25.534Z,buy,5.995e-05,72.0,0.0043164
BCD/BTC,1573491745534,2019-11-11T17:02:25.534Z,buy,5.996e-05,321.0,0.01924716
BCD/BTC,1573491745534,2019-11-11T17:02:25.534Z,buy,6e-05,1676.0,0.10056
BCD/BTC,1573491745942,2019-11-11T17:02:25.942Z,buy,5.995e-05,144.0,0.0086328
BCD/BTC,1573491745942,2019-11-11T17:02:25.942Z,buy,6e-05,56.0,0.00336
BCD/BTC,1573491747446,2019-11-11T17:02:27.446Z,buy,5.997e-05,248.0,0.01487256
BCD/BTC,1573491747846,2019-11-11T17:02:27.846Z,buy,5.997e-05,7.0,0.0004197899999999
BCD/BTC,1573491748314,2019-11-11T17:02:28.314Z,buy,5.997e-05,628.0,0.03766116
BCD/BTC,1573491749188,2019-11-11T17:02:29.188Z,buy,5.997e-05,2031.0,0.12179907
BCD/BTC,1573491749188,2019-11-11T17:02:29.188Z,buy,6e-05,4672.0,0.28032
BCD/BTC,1573491751579,2019-11-11T17:02:31.579Z,sell,5.997e-05,57.0,0.0034182899999999
BCD/BTC,1573491751579,2019-11-11T17:02:31.579Z,sell,5.989e-05,19.0,0.00113791
BCD/BTC,1573491751579,2019-11-11T17:02:31.579Z,sell,5.976e-05,79.0,0.00472104
BCD/BTC,1573491751579,2019-11-11T17:02:31.579Z,sell,5.973e-05,233.0,0.01391709
BCD/BTC,1573491751579,2019-11-11T17:02:31.579Z,sell,5.972e-05,1202.0,0.0717834399999999
BCD/BTC,1573491755047,2019-11-11T17:02:35.047Z,buy,5.997e-05,13.0,0.0007796099999999
BCD/BTC,1573491755962,2019-11-11T17:02:35.962Z,buy,5.997e-05,28.0,0.0016791599999999
BCD/BTC,1573491755973,2019-11-11T17:02:35.973Z,buy,5.997e-05,2.0,0.00011994
BCD/BTC,1573491757256,2019-11-11T17:02:37.256Z,buy,5.999e-05,72.0,0.00431928
BCD/BTC,1573491757256,2019-11-11T17:02:37.256Z,buy,6e-05,612.0,0.03672
BCD/BTC,1573491757509,2019-11-11T17:02:37.509Z,buy,5.999e-05,118.0,0.0070788199999999
BCD/BTC,1573491757509,2019-11-11T17:02:37.509Z,buy,6e-05,3117.0,0.18702
BCD/BTC,1573491760061,2019-11-11T17:02:40.061Z,buy,6e-05,2069.0,0.12414
BCD/BTC,1573491760501,2019-11-11T17:02:40.501Z,sell,6.001e-05,30.0,0.0018003
BCD/BTC,1573491761232,2019-11-11T17:02:41.232Z,buy,6.021e-05,8.0,0.00048168
BCD/BTC,1573491761232,2019-11-11T17:02:41.232Z,buy,6.03e-05,21.0,0.0012663
BCD/BTC,1573491766008,2019-11-11T17:02:46.008Z,buy,6.03e-05,2.0,0.0001206
BCD/BTC,1573491768278,2019-11-11T17:02:48.278Z,sell,6.01e-05,535.0,0.0321535
BCD/BTC,1573491768278,2019-11-11T17:02:48.278Z,sell,6.009e-05,1389.0,0.08346501
BCD/BTC,1573491768278,2019-11-11T17:02:48.278Z,sell,6.008e-05,535.0,0.0321428
BCD/BTC,1573491768278,2019-11-11T17:02:48.278Z,sell,6.007e-05,914.0,0.05490398
BCD/BTC,1573491768278,2019-11-11T17:02:48.278Z,sell,6.006e-05,1177.0,0.07069062
BCD/BTC,1573491768278,2019-11-11T17:02:48.278Z,sell,6.005e-05,231.0,0.01387155
BCD/BTC,1573491768369,2019-11-11T17:02:48.369Z,buy,6e-05,75.0,0.0045
BCD/BTC,1573491770020,2019-11-11T17:02:50.020Z,buy,5.999e-05,184.0,0.01103816
BCD/BTC,1573491770130,2019-11-11T17:02:50.130Z,sell,5.991e-05,226.0,0.01353966
BCD/BTC,1573491770130,2019-11-11T17:02:50.130Z,sell,5.987e-05,3.0,0.00017961
BCD/BTC,1573491770130,2019-11-11T17:02:50.130Z,sell,5.984e-05,5.0,0.0002992
BCD/BTC,1573491770130,2019-11-11T17:02:50.130Z,sell,5.983e-05,797.0,0.04768451
BCD/BTC,1573491770130,2019-11-11T17:02:50.130Z,sell,5.978e-05,805.0,0.0481229
BCD/BTC,1573491770784,2019-11-11T17:02:50.784Z,buy,5.976e-05,158.0,0.00944208
BCD/BTC,1573491771357,2019-11-11T17:02:51.357Z,sell,5.974e-05,2.0,0.00011948
BCD/BTC,1573491771357,2019-11-11T17:02:51.357Z,sell,5.972e-05,68.0,0.00406096
BCD/BTC,1573491771357,2019-11-11T17:02:51.357Z,sell,5.971e-05,62.0,0.00370202
BCD/BTC,1573491771357,2019-11-11T17:02:51.357Z,sell,5.97e-05,126.0,0.0075222
BCD/BTC,1573491771357,2019-11-11T17:02:51.357Z,sell,5.969e-05,75.0,0.00447675
BCD/BTC,1573491773389,2019-11-11T17:02:53.389Z,sell,5.96e-05,13.0,0.0007748
BCD/BTC,1573491773389,2019-11-11T17:02:53.389Z,sell,5.959e-05,199.0,0.01185841
BCD/BTC,1573491773739,2019-11-11T17:02:53.739Z,buy,5.976e-05,26.0,0.00155376
BCD/BTC,1573491774935,2019-11-11T17:02:54.935Z,sell,5.956e-05,22.0,0.00131032
BCD/BTC,1573491774935,2019-11-11T17:02:54.935Z,sell,5.955e-05,436.0,0.0259638
BCD/BTC,1573491774935,2019-11-11T17:02:54.935Z,sell,5.954e-05,233.0,0.01387282
BCD/BTC,1573491775610,2019-11-11T17:02:55.610Z,sell,5.956e-05,167.0,0.00994652
BCD/BTC,1573491776208,2019-11-11T17:02:56.208Z,buy,5.974e-05,77.0,0.00459998
BCD/BTC,1573491776208,2019-11-11T17:02:56.208Z,buy,5.975e-05,535.0,0.03196625
BCD/BTC,1573491776208,2019-11-11T17:02:56.208Z,buy,5.976e-05,2077.0,0.12412152
BCD/BTC,1573491776222,2019-11-11T17:02:56.222Z,sell,5.952e-05,174.0,0.01035648
BCD/BTC,1573491776479,2019-11-11T17:02:56.479Z,buy,5.974e-05,52.0,0.00310648
BCD/BTC,1573491776479,2019-11-11T17:02:56.479Z,buy,5.976e-05,487.0,0.02910312
BCD/BTC,1573491777033,2019-11-11T17:02:57.033Z,buy,5.974e-05,104.0,0.00621296
BCD/BTC,1573491777033,2019-11-11T17:02:57.033Z,buy,5.976e-05,322.0,0.0192427199999999
BCD/BTC,1573491778733,2019-11-11T17:02:58.733Z,buy,5.976e-05,976.0,0.05832576
BCD/BTC,1573491779023,2019-11-11T17:02:59.023Z,buy,5.976e-05,27.0,0.00161352
BCD/BTC,1573491779200,2019-11-11T17:02:59.200Z,sell,5.959e-05,180.0,0.0107262
BCD/BTC,1573491779397,2019-11-11T17:02:59.397Z,sell,5.969e-05,348.0,0.0207721199999999
BCD/BTC,1573491779750,2019-11-11T17:02:59.750Z,buy,5.976e-05,32.0,0.00191232
BCD/BTC,1573491781111,2019-11-11T17:03:01.111Z,buy,5.976e-05,42.0,0.0025099199999999
BCD/BTC,1573491781385,2019-11-11T17:03:01.385Z,buy,5.976e-05,52.0,0.00310752
BCD/BTC,1573491781609,2019-11-11T17:03:01.609Z,buy,5.976e-05,52.0,0.00310752
BCD/BTC,1573491781912,2019-11-11T17:03:01.912Z,buy,5.976e-05,52.0,0.00310752
BCD/BTC,1573491782091,2019-11-11T17:03:02.091Z,buy,5.976e-05,52.0,0.00310752
BCD/BTC,1573491782289,2019-11-11T17:03:02.289Z,buy,5.976e-05,52.0,0.00310752
BCD/BTC,1573491782877,2019-11-11T17:03:02.877Z,buy,5.976e-05,52.0,0.00310752
BCD/BTC,1573491783302,2019-11-11T17:03:03.302Z,buy,5.976e-05,52.0,0.00310752
BCD/BTC,1573491783898,2019-11-11T17:03:03.898Z,buy,5.976e-05,52.0,0.00310752
BCD/BTC,1573491784285,2019-11-11T17:03:04.285Z,buy,5.976e-05,52.0,0.00310752
BCD/BTC,1573491785691,2019-11-11T17:03:05.691Z,buy,5.976e-05,391.0,0.02336616
BCD/BTC,1573491785992,2019-11-11T17:03:05.992Z,sell,5.97e-05,51.0,0.0030447
BCD/BTC,1573491785992,2019-11-11T17:03:05.992Z,sell,5.969e-05,167.0,0.00996823
BCD/BTC,1573491788038,2019-11-11T17:03:08.038Z,buy,5.976e-05,2.0,0.00011952
BCD/BTC,1573491791933,2019-11-11T17:03:11.933Z,buy,5.976e-05,759.0,0.0453578399999999
BCD/BTC,1573491793812,2019-11-11T17:03:13.812Z,buy,5.976e-05,177.0,0.01057752
BCD/BTC,1573491800998,2019-11-11T17:03:20.998Z,buy,5.97e-05,146.0,0.0087162
BCD/BTC,1573491800998,2019-11-11T17:03:20.998Z,buy,5.976e-05,21.0,0.0012549599999999
BCD/BTC,1573491803749,2019-11-11T17:03:23.749Z,buy,5.976e-05,354.0,0.02115504
BCD/BTC,1573491803784,2019-11-11T17:03:23.784Z,sell,5.98e-05,157.0,0.0093885999999999
BCD/BTC,1573491803803,2019-11-11T17:03:23.803Z,sell,5.98e-05,357.0,0.0213486
BCD/BTC,1573491803808,2019-11-11T17:03:23.808Z,sell,5.98e-05,342.0,0.0204516
BCD/BTC,1573491806956,2019-11-11T17:03:26.956Z,sell,5.98e-05,2371.0,0.1417858
BCD/BTC,1573491807614,2019-11-11T17:03:27.614Z,buy,5.992e-05,1.0,5.992e-05
BCD/BTC,1573491807766,2019-11-11T17:03:27.766Z,sell,5.98e-05,145.0,0.008671
BCD/BTC,1573491810668,2019-11-11T17:03:30.668Z,sell,5.976e-05,1626.0,0.09716976
BCD/BTC,1573491810712,2019-11-11T17:03:30.712Z,sell,5.976e-05,240.0,0.0143424
BCD/BTC,1573491813322,2019-11-11T17:03:33.322Z,buy,5.97e-05,933.0,0.0557001
BCD/BTC,1573491814010,2019-11-11T17:03:34.010Z,sell,5.98e-05,390.0,0.023322
BCD/BTC,1573491820285,2019-11-11T17:03:40.285Z,buy,5.982e-05,25.0,0.0014955
BCD/BTC,1573491827620,2019-11-11T17:03:47.620Z,buy,5.979e-05,34.0,0.00203286
BCD/BTC,1573491830831,2019-11-11T17:03:50.831Z,buy,5.979e-05,146.0,0.00872934
BCD/BTC,1573491830831,2019-11-11T17:03:50.831Z,buy,5.98e-05,54.0,0.0032291999999999
BCD/BTC,1573491834218,2019-11-11T17:03:54.218Z,sell,5.98e-05,602.0,0.0359996
BCD/BTC,1573491842399,2019-11-11T17:04:02.399Z,sell,5.98e-05,117.0,0.0069965999999999
BCD/BTC,1573491843868,2019-11-11T17:04:03.868Z,sell,5.976e-05,154.0,0.00920304
BCD/BTC,1573491843868,2019-11-11T17:04:03.868Z,sell,5.975e-05,75.0,0.00448125
BCD/BTC,1573491844698,2019-11-11T17:04:04.698Z,buy,5.971e-05,418.0,0.02495878
BCD/BTC,1573491854401,2019-11-11T17:04:14.401Z,sell,5.957e-05,300.0,0.017871
BCD/BTC,1573491854401,2019-11-11T17:04:14.401Z,sell,5.956e-05,283.0,0.01685548
BCD/BTC,1573491854401,2019-11-11T17:04:14.401Z,sell,5.955e-05,399.0,0.02376045
BCD/BTC,1573491854401,2019-11-11T17:04:14.401Z,sell,5.952e-05,251.0,0.01493952
BCD/BTC,1573491854401,2019-11-11T17:04:14.401Z,sell,5.95e-05,30.0,0.001785
BCD/BTC,1573491854401,2019-11-11T17:04:14.401Z,sell,5.948e-05,5.0,0.0002974
BCD/BTC,1573491854401,2019-11-11T17:04:14.401Z,sell,5.942e-05,40.0,0.0023768
BCD/BTC,1573491854401,2019-11-11T17:04:14.401Z,sell,5.941e-05,732.0,0.04348812
BCD/BTC,1573491854401,2019-11-11T17:04:14.401Z,sell,5.94e-05,265.0,0.015741
BCD/BTC,1573491854401,2019-11-11T17:04:14.401Z,sell,5.938e-05,2.0,0.00011876
BCD/BTC,1573491854401,2019-11-11T17:04:14.401Z,sell,5.937e-05,693.0,0.04114341
BCD/BTC,1573491854474,2019-11-11T17:04:14.474Z,sell,5.957e-05,156.0,0.00929292
BCD/BTC,1573491854549,2019-11-11T17:04:14.549Z,sell,5.957e-05,104.0,0.00619528
BCD/BTC,1573491856656,2019-11-11T17:04:16.656Z,sell,5.957e-05,69.0,0.00411033
BCD/BTC,1573491858846,2019-11-11T17:04:18.846Z,buy,5.942e-05,34.0,0.0020202799999999
BCD/BTC,1573491858846,2019-11-11T17:04:18.846Z,buy,5.954e-05,404.0,0.02405416
BCD/BTC,1573491859533,2019-11-11T17:04:19.533Z,buy,5.954e-05,31.0,0.00184574
BCD/BTC,1573491859590,2019-11-11T17:04:19.590Z,sell,5.938e-05,139.0,0.00825382
BCD/BTC,1573491859590,2019-11-11T17:04:19.590Z,sell,5.937e-05,348.0,0.02066076
BCD/BTC,1573491859618,2019-11-11T17:04:19.618Z,buy,5.936e-05,64.0,0.00379904
BCD/BTC,1573491860004,2019-11-11T17:04:20.004Z,buy,5.936e-05,16.0,0.00094976
BCD/BTC,1573491860005,2019-11-11T17:04:20.005Z,buy,5.936e-05,18.0,0.00106848
BCD/BTC,1573491860191,2019-11-11T17:04:20.191Z,buy,5.936e-05,49.0,0.00290864
BCD/BTC,1573491860587,2019-11-11T17:04:20.587Z,sell,5.935e-05,49.0,0.00290815
BCD/BTC,1573491862524,2019-11-11T17:04:22.524Z,sell,5.935e-05,13.0,0.00077155
BCD/BTC,1573491862524,2019-11-11T17:04:22.524Z,sell,5.925e-05,168.0,0.009954
BCD/BTC,1573491863032,2019-11-11T17:04:23.032Z,sell,5.925e-05,337.0,0.01996725
BCD/BTC,1573491863032,2019-11-11T17:04:23.032Z,sell,5.921e-05,178.0,0.01053938
BCD/BTC,1573491863032,2019-11-11T17:04:23.032Z,sell,5.92e-05,966.0,0.0571872
BCD/BTC,1573491863119,2019-11-11T17:04:23.119Z,sell,5.918e-05,24.0,0.00142032
BCD/BTC,1573491863119,2019-11-11T17:04:23.119Z,sell,5.917e-05,3.0,0.00017751
BCD/BTC,1573491863119,2019-11-11T17:04:23.119Z,sell,5.913e-05,15.0,0.00088695
BCD/BTC,1573491863119,2019-11-11T17:04:23.119Z,sell,5.912e-05,5.0,0.0002956
BCD/BTC,1573491863119,2019-11-11T17:04:23.119Z,sell,5.911e-05,108.0,0.00638388
BCD/BTC,1573491863125,2019-11-11T17:04:23.125Z,buy,5.92e-05,384.0,0.0227328
BCD/BTC,1573491863152,2019-11-11T17:04:23.152Z,buy,5.92e-05,331.0,0.0195952
BCD/BTC,1573491863804,2019-11-11T17:04:23.804Z,buy,5.92e-05,694.0,0.0410848
BCD/BTC,1573491864573,2019-11-11T17:04:24.573Z,sell,5.911e-05,394.0,0.02328934
BCD/BTC,1573491864573,2019-11-11T17:04:24.573Z,sell,5.91e-05,87.0,0.0051417
BCD/BTC,1573491864573,2019-11-11T17:04:24.573Z,sell,5.908e-05,681.0,0.0402334799999999
BCD/BTC,1573491864573,2019-11-11T17:04:24.573Z,sell,5.906e-05,1005.0,0.0593553
BCD/BTC,1573491864573,2019-11-11T17:04:24.573Z,sell,5.905e-05,1651.0,0.09749155
BCD/BTC,1573491864573,2019-11-11T17:04:24.573Z,sell,5.904e-05,16.0,0.00094464
BCD/BTC,1573491864573,2019-11-11T17:04:24.573Z,sell,5.903e-05,95.0,0.00560785
BCD/BTC,1573491864723,2019-11-11T17:04:24.723Z,sell,5.903e-05,77.0,0.00454531
BCD/BTC,1573491865943,2019-11-11T17:04:25.943Z,sell,5.918e-05,172.0,0.0101789599999999
BCD/BTC,1573491866058,2019-11-11T17:04:26.058Z,buy,5.919e-05,80.0,0.0047352
BCD/BTC,1573491866368,2019-11-11T17:04:26.368Z,sell,5.918e-05,65.0,0.0038466999999999
BCD/BTC,1573491866368,2019-11-11T17:04:26.368Z,sell,5.901e-05,2.0,0.00011802
BCD/BTC,1573491866368,2019-11-11T17:04:26.368Z,sell,5.899e-05,107.0,0.00631193
BCD/BTC,1573491868572,2019-11-11T17:04:28.572Z,sell,5.917e-05,237.0,0.0140232899999999
BCD/BTC,1573491869005,2019-11-11T17:04:29.005Z,buy,5.919e-05,618.0,0.03657942
BCD/BTC,1573491869005,2019-11-11T17:04:29.005Z,buy,5.92e-05,5.0,0.000296
BCD/BTC,1573491870866,2019-11-11T17:04:30.866Z,buy,5.918e-05,96.0,0.00568128
BCD/BTC,1573491873272,2019-11-11T17:04:33.272Z,sell,5.899e-05,60.0,0.0035394
BCD/BTC,1573491873272,2019-11-11T17:04:33.272Z,sell,5.895e-05,39.0,0.00229905
BCD/BTC,1573491873272,2019-11-11T17:04:33.272Z,sell,5.894e-05,67.0,0.00394898
BCD/BTC,1573491873272,2019-11-11T17:04:33.272Z,sell,5.891e-05,80.0,0.0047128
BCD/BTC,1573491873272,2019-11-11T17:04:33.272Z,sell,5.89e-05,16.0,0.0009424
BCD/BTC,1573491874371,2019-11-11T17:04:34.371Z,sell,5.9e-05,54.0,0.003186
BCD/BTC,1573491874427,2019-11-11T17:04:34.427Z,buy,5.9e-05,186.0,0.010974
BCD/BTC,1573491874519,2019-11-11T17:04:34.519Z,buy,5.9e-05,1290.0,0.07611
BCD/BTC,1573491874627,2019-11-11T17:04:34.627Z,buy,5.9e-05,231.0,0.0136289999999999
BCD/BTC,1573491874747,2019-11-11T17:04:34.747Z,buy,5.9e-05,100.0,0.0059
BCD/BTC,1573491875647,2019-11-11T17:04:35.647Z,buy,5.9e-05,910.0,0.0536899999999999
BCD/BTC,1573491877377,2019-11-11T17:04:37.377Z,buy,5.9e-05,224.0,0.0132159999999999
BCD/BTC,1573491878352,2019-11-11T17:04:38.352Z,sell,5.902e-05,63.0,0.00371826
BCD/BTC,1573491878352,2019-11-11T17:04:38.352Z,sell,5.896e-05,46.0,0.00271216
BCD/BTC,1573491879114,2019-11-11T17:04:39.114Z,buy,5.917e-05,3.0,0.00017751
BCD/BTC,1573491879823,2019-11-11T17:04:39.823Z,buy,5.917e-05,5.0,0.00029585
BCD/BTC,1573491881795,2019-11-11T17:04:41.795Z,sell,5.916e-05,62.0,0.00366792
BCD/BTC,1573491881795,2019-11-11T17:04:41.795Z,sell,5.896e-05,323.0,0.0190440799999999
BCD/BTC,1573491881795,2019-11-11T17:04:41.795Z,sell,5.893e-05,85.0,0.00500905
BCD/BTC,1573491881795,2019-11-11T17:04:41.795Z,sell,5.892e-05,96.0,0.0056563199999999
BCD/BTC,1573491881795,2019-11-11T17:04:41.795Z,sell,5.89e-05,255.0,0.0150195
BCD/BTC,1573491881795,2019-11-11T17:04:41.795Z,sell,5.889e-05,84.0,0.00494676
BCD/BTC,1573491881795,2019-11-11T17:04:41.795Z,sell,5.888e-05,183.0,0.01077504
BCD/BTC,1573491881795,2019-11-11T17:04:41.795Z,sell,5.886e-05,205.0,0.0120663
BCD/BTC,1573491881795,2019-11-11T17:04:41.795Z,sell,5.882e-05,3.0,0.00017646
BCD/BTC,1573491881795,2019-11-11T17:04:41.795Z,sell,5.88e-05,127.0,0.0074676
BCD/BTC,1573491881795,2019-11-11T17:04:41.795Z,sell,5.878e-05,220.0,0.0129316
BCD/BTC,1573491881795,2019-11-11T17:04:41.795Z,sell,5.876e-05,131.0,0.00769756
BCD/BTC,1573491881795,2019-11-11T17:04:41.795Z,sell,5.875e-05,37.0,0.00217375
BCD/BTC,1573491881795,2019-11-11T17:04:41.795Z,sell,5.872e-05,100.0,0.005872
BCD/BTC,1573491881795,2019-11-11T17:04:41.795Z,sell,5.871e-05,194.0,0.0113897399999999
BCD/BTC,1573491881795,2019-11-11T17:04:41.795Z,sell,5.869e-05,168.0,0.00985992
BCD/BTC,1573491881795,2019-11-11T17:04:41.795Z,sell,5.867e-05,4.0,0.00023468
BCD/BTC,1573491881795,2019-11-11T17:04:41.795Z,sell,5.866e-05,13.0,0.00076258
BCD/BTC,1573491881795,2019-11-11T17:04:41.795Z,sell,5.86e-05,396.0,0.0232056
BCD/BTC,1573491883651,2019-11-11T17:04:43.651Z,sell,5.893e-05,55.0,0.00324115
BCD/BTC,1573491883651,2019-11-11T17:04:43.651Z,sell,5.86e-05,64.0,0.0037504
BCD/BTC,1573491883725,2019-11-11T17:04:43.725Z,buy,5.906e-05,1.0,5.906e-05
BCD/BTC,1573491883942,2019-11-11T17:04:43.942Z,buy,5.906e-05,34.0,0.00200804
BCD/BTC,1573491888532,2019-11-11T17:04:48.532Z,sell,5.871e-05,535.0,0.0314098499999999
BCD/BTC,1573491888532,2019-11-11T17:04:48.532Z,sell,5.87e-05,146.0,0.0085702
BCD/BTC,1573491888532,2019-11-11T17:04:48.532Z,sell,5.869e-05,94.0,0.00551686
BCD/BTC,1573491889181,2019-11-11T17:04:49.181Z,buy,5.888e-05,30.0,0.0017664
BCD/BTC,1573491889423,2019-11-11T17:04:49.423Z,sell,5.876e-05,5.0,0.0002938
BCD/BTC,1573491890086,2019-11-11T17:04:50.086Z,buy,5.87e-05,8.0,0.0004696
BCD/BTC,1573491890198,2019-11-11T17:04:50.198Z,buy,5.87e-05,8.0,0.0004696
BCD/BTC,1573491890299,2019-11-11T17:04:50.299Z,buy,5.87e-05,8.0,0.0004696
BCD/BTC,1573491890417,2019-11-11T17:04:50.417Z,buy,5.87e-05,8.0,0.0004696
BCD/BTC,1573491890505,2019-11-11T17:04:50.505Z,buy,5.87e-05,8.0,0.0004696
BCD/BTC,1573491890617,2019-11-11T17:04:50.617Z,buy,5.87e-05,5.0,0.0002935
BCD/BTC,1573491890729,2019-11-11T17:04:50.729Z,buy,5.87e-05,5.0,0.0002935
BCD/BTC,1573491890831,2019-11-11T17:04:50.831Z,buy,5.87e-05,5.0,0.0002935
BCD/BTC,1573491891019,2019-11-11T17:04:51.019Z,buy,5.87e-05,3.0,0.0001761
BCD/BTC,1573491891019,2019-11-11T17:04:51.019Z,buy,5.892e-05,246.0,0.01449432
BCD/BTC,1573491891019,2019-11-11T17:04:51.019Z,buy,5.893e-05,78.0,0.00459654
BCD/BTC,1573491891019,2019-11-11T17:04:51.019Z,buy,5.899e-05,246.0,0.01451154
BCD/BTC,1573491891019,2019-11-11T17:04:51.019Z,buy,5.9e-05,199.0,0.011741
BCD/BTC,1573491891019,2019-11-11T17:04:51.019Z,buy,5.904e-05,4.0,0.00023616
BCD/BTC,1573491891019,2019-11-11T17:04:51.019Z,buy,5.907e-05,686.0,0.04052202
BCD/BTC,1573491891019,2019-11-11T17:04:51.019Z,buy,5.91e-05,87.0,0.0051417
BCD/BTC,1573491891019,2019-11-11T17:04:51.019Z,buy,5.912e-05,5.0,0.0002956
BCD/BTC,1573491891019,2019-11-11T17:04:51.019Z,buy,5.913e-05,13.0,0.0007686899999999
BCD/BTC,1573491891019,2019-11-11T17:04:51.019Z,buy,5.915e-05,76.0,0.0044954
BCD/BTC,1573491891019,2019-11-11T17:04:51.019Z,buy,5.916e-05,77.0,0.00455532
BCD/BTC,1573491891019,2019-11-11T17:04:51.019Z,buy,5.917e-05,80.0,0.0047336
BCD/BTC,1573491891019,2019-11-11T17:04:51.019Z,buy,5.918e-05,700.0,0.041426
BCD/BTC,1573491891193,2019-11-11T17:04:51.193Z,buy,5.892e-05,30.0,0.0017676
BCD/BTC,1573491891272,2019-11-11T17:04:51.272Z,sell,5.87e-05,19.0,0.0011152999999999
BCD/BTC,1573491891302,2019-11-11T17:04:51.302Z,buy,5.892e-05,39.0,0.00229788
BCD/BTC,1573491891314,2019-11-11T17:04:51.314Z,sell,5.87e-05,482.0,0.0282934
BCD/BTC,1573491892241,2019-11-11T17:04:52.241Z,buy,5.892e-05,30.0,0.0017676
BCD/BTC,1573491892803,2019-11-11T17:04:52.803Z,sell,5.876e-05,5.0,0.0002938
BCD/BTC,1573491892803,2019-11-11T17:04:52.803Z,sell,5.872e-05,19.0,0.00111568
BCD/BTC,1573491902228,2019-11-11T17:05:02.228Z,buy,5.896e-05,18.0,0.00106128
BCD/BTC,1573491903002,2019-11-11T17:05:03.002Z,sell,5.892e-05,28.0,0.00164976
BCD/BTC,1573491903977,2019-11-11T17:05:03.977Z,buy,5.89e-05,45.0,0.0026505
BCD/BTC,1573491903977,2019-11-11T17:05:03.977Z,buy,5.91e-05,119.0,0.0070329
BCD/BTC,1573491905665,2019-11-11T17:05:05.665Z,buy,5.91e-05,10.0,0.0005909999999999
BCD/BTC,1573491905665,2019-11-11T17:05:05.665Z,buy,5.911e-05,535.0,0.03162385
BCD/BTC,1573491905665,2019-11-11T17:05:05.665Z,buy,5.912e-05,5.0,0.0002956
BCD/BTC,1573491905665,2019-11-11T17:05:05.665Z,buy,5.916e-05,362.0,0.02141592
BCD/BTC,1573491908680,2019-11-11T17:05:08.680Z,sell,5.907e-05,14.0,0.00082698
BCD/BTC,1573491916071,2019-11-11T17:05:16.071Z,sell,5.907e-05,33.0,0.00194931
BCD/BTC,1573491916071,2019-11-11T17:05:16.071Z,sell,5.896e-05,61.0,0.00359656
BCD/BTC,1573491916071,2019-11-11T17:05:16.071Z,sell,5.883e-05,226.0,0.01329558
BCD/BTC,1573491916071,2019-11-11T17:05:16.071Z,sell,5.882e-05,3.0,0.00017646
BCD/BTC,1573491916071,2019-11-11T17:05:16.071Z,sell,5.881e-05,32.0,0.00188192
BCD/BTC,1573491916071,2019-11-11T17:05:16.071Z,sell,5.88e-05,87.0,0.0051156
BCD/BTC,1573491916071,2019-11-11T17:05:16.071Z,sell,5.876e-05,58.0,0.00340808
BCD/BTC,1573491916071,2019-11-11T17:05:16.071Z,sell,5.875e-05,970.0,0.0569874999999999
BCD/BTC,1573491916358,2019-11-11T17:05:16.358Z,sell,5.884e-05,535.0,0.0314794
BCD/BTC,1573491916358,2019-11-11T17:05:16.358Z,sell,5.883e-05,158.0,0.00929514
BCD/BTC,1573491916358,2019-11-11T17:05:16.358Z,sell,5.875e-05,283.0,0.01662625
BCD/BTC,1573491919247,2019-11-11T17:05:19.247Z,sell,5.885e-05,106.0,0.0062381
BCD/BTC,1573491919277,2019-11-11T17:05:19.277Z,sell,5.884e-05,92.0,0.0054132799999999
BCD/BTC,1573491919286,2019-11-11T17:05:19.286Z,buy,5.885e-05,113.0,0.00665005
BCD/BTC,1573491921765,2019-11-11T17:05:21.765Z,buy,5.895e-05,2.0,0.0001179
BCD/BTC,1573491921765,2019-11-11T17:05:21.765Z,buy,5.896e-05,5.0,0.0002948
BCD/BTC,1573491922648,2019-11-11T17:05:22.648Z,sell,5.89e-05,33.0,0.0019437
BCD/BTC,1573491923370,2019-11-11T17:05:23.370Z,buy,5.896e-05,21.0,0.0012381599999999
BCD/BTC,1573491923370,2019-11-11T17:05:23.370Z,buy,5.909e-05,34.0,0.00200906
BCD/BTC,1573491923370,2019-11-11T17:05:23.370Z,buy,5.91e-05,87.0,0.0051417
BCD/BTC,1573491923373,2019-11-11T17:05:23.373Z,buy,5.911e-05,168.0,0.00993048
BCD/BTC,1573491924313,2019-11-11T17:05:24.313Z,buy,5.912e-05,5.0,0.0002956
BCD/BTC,1573491924313,2019-11-11T17:05:24.313Z,buy,5.913e-05,107.0,0.00632691
BCD/BTC,1573491925290,2019-11-11T17:05:25.290Z,buy,5.914e-05,155.0,0.0091667
BCD/BTC,1573491925290,2019-11-11T17:05:25.290Z,buy,5.916e-05,80.0,0.0047328
BCD/BTC,1573491925542,2019-11-11T17:05:25.542Z,buy,5.916e-05,300.0,0.017748
BCD/BTC,1573491925935,2019-11-11T17:05:25.935Z,buy,5.916e-05,263.0,0.01555908
BCD/BTC,1573491925935,2019-11-11T17:05:25.935Z,buy,5.917e-05,3.0,0.00017751
BCD/BTC,1573491925935,2019-11-11T17:05:25.935Z,buy,5.918e-05,621.0,0.03675078
BCD/BTC,1573491925935,2019-11-11T17:05:25.935Z,buy,5.921e-05,22.0,0.00130262
BCD/BTC,1573491925955,2019-11-11T17:05:25.955Z,sell,5.924e-05,198.0,0.01172952
BCD/BTC,1573491925980,2019-11-11T17:05:25.980Z,sell,5.924e-05,119.0,0.00704956
BCD/BTC,1573491926117,2019-11-11T17:05:26.117Z,sell,5.924e-05,40.0,0.0023696
BCD/BTC,1573491926447,2019-11-11T17:05:26.447Z,buy,5.93e-05,71.0,0.0042103
BCD/BTC,1573491926447,2019-11-11T17:05:26.447Z,buy,5.931e-05,271.0,0.01607301
BCD/BTC,1573491926476,2019-11-11T17:05:26.476Z,buy,5.93e-05,144.0,0.0085392
BCD/BTC,1573491927003,2019-11-11T17:05:27.003Z,buy,5.935e-05,96.0,0.0056976
BCD/BTC,1573491927003,2019-11-11T17:05:27.003Z,buy,5.938e-05,18.0,0.00106884
BCD/BTC,1573491927003,2019-11-11T17:05:27.003Z,buy,5.939e-05,237.0,0.01407543
BCD/BTC,1573491927362,2019-11-11T17:05:27.362Z,buy,5.939e-05,102.0,0.00605778
BCD/BTC,1573491927362,2019-11-11T17:05:27.362Z,buy,5.94e-05,87.0,0.0051678
BCD/BTC,1573491928992,2019-11-11T17:05:28.992Z,buy,5.948e-05,98.0,0.00582904
BCD/BTC,1573491931198,2019-11-11T17:05:31.198Z,sell,5.929e-05,262.0,0.01553398
BCD/BTC,1573491931198,2019-11-11T17:05:31.198Z,sell,5.928e-05,1070.0,0.0634296
BCD/BTC,1573491931198,2019-11-11T17:05:31.198Z,sell,5.927e-05,77.0,0.00456379
BCD/BTC,1573491931198,2019-11-11T17:05:31.198Z,sell,5.929e-05,262.0,0.01553398
BCD/BTC,1573491931198,2019-11-11T17:05:31.198Z,sell,5.928e-05,1070.0,0.0634296
BCD/BTC,1573491931198,2019-11-11T17:05:31.198Z,sell,5.927e-05,77.0,0.00456379
BCD/BTC,1573491931198,2019-11-11T17:05:31.198Z,sell,5.925e-05,2140.0,0.126795
BCD/BTC,1573491931198,2019-11-11T17:05:31.198Z,sell,5.923e-05,3933.0,0.23295159
BCD/BTC,1573491931198,2019-11-11T17:05:31.198Z,sell,5.912e-05,5.0,0.0002956
BCD/BTC,1573491931198,2019-11-11T17:05:31.198Z,sell,5.91e-05,34.0,0.0020094
BCD/BTC,1573491932898,2019-11-11T17:05:32.898Z,sell,5.929e-05,146.0,0.00865634
BCD/BTC,1573491937477,2019-11-11T17:05:37.477Z,buy,5.933e-05,57.0,0.00338181
BCD/BTC,1573491939347,2019-11-11T17:05:39.347Z,buy,5.93e-05,38.0,0.0022534
BCD/BTC,1573491941445,2019-11-11T17:05:41.445Z,sell,5.911e-05,47.0,0.00277817
BCD/BTC,1573491942962,2019-11-11T17:05:42.962Z,buy,5.923e-05,11.0,0.00065153
BCD/BTC,1573491942962,2019-11-11T17:05:42.962Z,buy,5.928e-05,160.0,0.0094848
BCD/BTC,1573491947518,2019-11-11T17:05:47.518Z,sell,5.92e-05,98.0,0.0058016
BCD/BTC,1573491947518,2019-11-11T17:05:47.518Z,sell,5.919e-05,2996.0,0.17733324
BCD/BTC,1573491947518,2019-11-11T17:05:47.518Z,sell,5.918e-05,97.0,0.00574046
BCD/BTC,1573491947518,2019-11-11T17:05:47.518Z,sell,5.911e-05,18.0,0.00106398
BCD/BTC,1573491947518,2019-11-11T17:05:47.518Z,sell,5.91e-05,777.0,0.0459207
BCD/BTC,1573491947691,2019-11-11T17:05:47.691Z,buy,5.928e-05,1986.0,0.11773008
BCD/BTC,1573491947735,2019-11-11T17:05:47.735Z,sell,5.92e-05,86.0,0.0050912
BCD/BTC,1573491950769,2019-11-11T17:05:50.769Z,sell,5.911e-05,57.0,0.00336927
BCD/BTC,1573491950769,2019-11-11T17:05:50.769Z,sell,5.91e-05,368.0,0.0217488
BCD/BTC,1573491951816,2019-11-11T17:05:51.816Z,buy,5.909e-05,454.0,0.02682686
BCD/BTC,1573491958722,2019-11-11T17:05:58.722Z,buy,5.909e-05,812.0,0.0479810799999999
BCD/BTC,1573491961196,2019-11-11T17:06:01.196Z,sell,5.916e-05,76.0,0.00449616
BCD/BTC,1573491961196,2019-11-11T17:06:01.196Z,sell,5.909e-05,84.0,0.00496356
BCD/BTC,1573491961196,2019-11-11T17:06:01.196Z,sell,5.9e-05,457.0,0.0269629999999999
BCD/BTC,1573491961196,2019-11-11T17:06:01.196Z,sell,5.897e-05,75.0,0.00442275
BCD/BTC,1573491961196,2019-11-11T17:06:01.196Z,sell,5.892e-05,115.0,0.0067758
BCD/BTC,1573491961196,2019-11-11T17:06:01.196Z,sell,5.891e-05,521.0,0.0306921099999999
BCD/BTC,1573491963306,2019-11-11T17:06:03.306Z,buy,5.916e-05,103.0,0.00609348
BCD/BTC,1573491970038,2019-11-11T17:06:10.038Z,buy,5.917e-05,251.0,0.0148516699999999
BCD/BTC,1573491970038,2019-11-11T17:06:10.038Z,buy,5.918e-05,34.0,0.00201212
BCD/BTC,1573491972154,2019-11-11T17:06:12.154Z,buy,5.917e-05,142.0,0.0084021399999999
BCD/BTC,1573491979008,2019-11-11T17:06:19.008Z,buy,5.918e-05,2.0,0.00011836
BCD/BTC,1573491979473,2019-11-11T17:06:19.473Z,buy,5.918e-05,14.0,0.00082852
BCD/BTC,1573491980577,2019-11-11T17:06:20.577Z,buy,5.918e-05,71.0,0.00420178
BCD/BTC,1573491983249,2019-11-11T17:06:23.249Z,buy,5.917e-05,23.0,0.00136091
BCD/BTC,1573491983436,2019-11-11T17:06:23.436Z,buy,5.917e-05,36.0,0.00213012
BCD/BTC,1573491985177,2019-11-11T17:06:25.177Z,buy,5.917e-05,109.0,0.0064495299999999
BCD/BTC,1573491986302,2019-11-11T17:06:26.302Z,buy,5.917e-05,2.0,0.00011834
BCD/BTC,1573491986349,2019-11-11T17:06:26.349Z,sell,5.917e-05,109.0,0.0064495299999999
BCD/BTC,1573491990151,2019-11-11T17:06:30.151Z,buy,5.918e-05,87.0,0.00514866
BCD/BTC,1573491991135,2019-11-11T17:06:31.135Z,buy,5.918e-05,18.0,0.00106524
BCD/BTC,1573491991711,2019-11-11T17:06:31.711Z,buy,5.918e-05,9.0,0.00053262
BCD/BTC,1573491991740,2019-11-11T17:06:31.740Z,buy,5.929e-05,64.0,0.00379456
BCD/BTC,1573491991740,2019-11-11T17:06:31.740Z,buy,5.93e-05,53.0,0.0031428999999999
BCD/BTC,1573491992554,2019-11-11T17:06:32.554Z,buy,5.936e-05,18.0,0.00106848
BCD/BTC,1573491992932,2019-11-11T17:06:32.932Z,sell,5.92e-05,60.0,0.003552
BCD/BTC,1573491999811,2019-11-11T17:06:39.811Z,sell,5.924e-05,101.0,0.00598324
BCD/BTC,1573492001975,2019-11-11T17:06:41.975Z,buy,5.921e-05,150.0,0.0088814999999999
BCD/BTC,1573492001975,2019-11-11T17:06:41.975Z,buy,5.922e-05,564.0,0.03340008
BCD/BTC,1573492001975,2019-11-11T17:06:41.975Z,buy,5.926e-05,320.0,0.0189632
BCD/BTC,1573492004118,2019-11-11T17:06:44.118Z,buy,5.92e-05,39.0,0.0023088
BCD/BTC,1573492004371,2019-11-11T17:06:44.371Z,buy,5.92e-05,10.0,0.000592
BCD/BTC,1573492005489,2019-11-11T17:06:45.489Z,buy,5.921e-05,210.0,0.0124341
BCD/BTC,1573492005524,2019-11-11T17:06:45.524Z,buy,5.921e-05,210.0,0.0124341
BCD/BTC,1573492005549,2019-11-11T17:06:45.549Z,buy,5.921e-05,210.0,0.0124341
BCD/BTC,1573492005573,2019-11-11T17:06:45.573Z,buy,5.921e-05,201.0,0.0119012099999999
BCD/BTC,1573492005574,2019-11-11T17:06:45.574Z,buy,5.921e-05,210.0,0.0124341
BCD/BTC,1573492006568,2019-11-11T17:06:46.568Z,buy,5.921e-05,1052.0,0.06228892
BCD/BTC,1573492006568,2019-11-11T17:06:46.568Z,buy,5.925e-05,75.0,0.00444375
BCD/BTC,1573492009243,2019-11-11T17:06:49.243Z,buy,5.93e-05,229.0,0.0135797
BCD/BTC,1573492010208,2019-11-11T17:06:50.208Z,buy,5.93e-05,284.0,0.0168412
BCD/BTC,1573492010289,2019-11-11T17:06:50.289Z,sell,5.927e-05,7.0,0.00041489
BCD/BTC,1573492010960,2019-11-11T17:06:50.960Z,buy,5.93e-05,2000.0,0.1186
BCD/BTC,1573492011061,2019-11-11T17:06:51.061Z,buy,5.93e-05,290.0,0.017197
BCD/BTC,1573492011097,2019-11-11T17:06:51.097Z,buy,5.93e-05,731.0,0.0433483
BCD/BTC,1573492011166,2019-11-11T17:06:51.166Z,buy,5.93e-05,518.0,0.0307174
BCD/BTC,1573492011168,2019-11-11T17:06:51.168Z,buy,5.93e-05,1095.0,0.0649334999999999
BCD/BTC,1573492011273,2019-11-11T17:06:51.273Z,buy,5.93e-05,535.0,0.0317255
BCD/BTC,1573492011729,2019-11-11T17:06:51.729Z,buy,5.93e-05,142.0,0.0084206
BCD/BTC,1573492012866,2019-11-11T17:06:52.866Z,buy,5.93e-05,1697.0,0.1006321
BCD/BTC,1573492012866,2019-11-11T17:06:52.866Z,buy,5.94e-05,87.0,0.0051678
BCD/BTC,1573492012866,2019-11-11T17:06:52.866Z,buy,5.943e-05,77.0,0.0045761099999999
BCD/BTC,1573492012995,2019-11-11T17:06:52.995Z,buy,5.946e-05,194.0,0.01153524
BCD/BTC,1573492012995,2019-11-11T17:06:52.995Z,buy,5.947e-05,341.0,0.02027927
BCD/BTC,1573492013054,2019-11-11T17:06:53.054Z,buy,5.947e-05,142.0,0.00844474
BCD/BTC,1573492013103,2019-11-11T17:06:53.103Z,sell,5.945e-05,11.0,0.00065395
BCD/BTC,1573492014067,2019-11-11T17:06:54.067Z,buy,5.947e-05,107.0,0.00636329
BCD/BTC,1573492014167,2019-11-11T17:06:54.167Z,buy,5.947e-05,1095.0,0.06511965
BCD/BTC,1573492014169,2019-11-11T17:06:54.169Z,buy,5.947e-05,605.0,0.03597935
BCD/BTC,1573492015001,2019-11-11T17:06:55.001Z,buy,5.947e-05,381.0,0.02265807
BCD/BTC,1573492015001,2019-11-11T17:06:55.001Z,buy,5.948e-05,5.0,0.0002974
BCD/BTC,1573492015001,2019-11-11T17:06:55.001Z,buy,5.95e-05,149.0,0.0088655
BCD/BTC,1573492015188,2019-11-11T17:06:55.188Z,buy,5.95e-05,307.0,0.0182665
BCD/BTC,1573492015188,2019-11-11T17:06:55.188Z,buy,5.951e-05,24.0,0.0014282399999999
BCD/BTC,1573492015188,2019-11-11T17:06:55.188Z,buy,5.952e-05,296.0,0.01761792
BCD/BTC,1573492016374,2019-11-11T17:06:56.374Z,sell,5.947e-05,16.0,0.00095152
BCD/BTC,1573492017232,2019-11-11T17:06:57.232Z,buy,5.952e-05,215.0,0.0127968
BCD/BTC,1573492017240,2019-11-11T17:06:57.240Z,buy,5.952e-05,428.0,0.02547456
BCD/BTC,1573492018966,2019-11-11T17:06:58.966Z,buy,5.952e-05,642.0,0.03821184
BCD/BTC,1573492019056,2019-11-11T17:06:59.056Z,sell,5.947e-05,193.0,0.01147771
BCD/BTC,1573492020530,2019-11-11T17:07:00.530Z,buy,5.952e-05,595.0,0.0354144
BCD/BTC,1573492020913,2019-11-11T17:07:00.913Z,buy,5.952e-05,423.0,0.0251769599999999
BCD/BTC,1573492020913,2019-11-11T17:07:00.913Z,buy,5.954e-05,17.0,0.00101218
BCD/BTC,1573492024950,2019-11-11T17:07:04.950Z,sell,5.95e-05,2.0,0.000119
BCD/BTC,1573492028664,2019-11-11T17:07:08.664Z,buy,5.954e-05,66.0,0.00392964
BCD/BTC,1573492031362,2019-11-11T17:07:11.362Z,buy,5.954e-05,84.0,0.00500136
BCD/BTC,1573492031362,2019-11-11T17:07:11.362Z,buy,5.956e-05,18.0,0.00107208
BCD/BTC,1573492035151,2019-11-11T17:07:15.151Z,sell,5.954e-05,26.0,0.00154804
BCD/BTC,1573492036134,2019-11-11T17:07:16.134Z,sell,5.954e-05,18.0,0.00107172
BCD/BTC,1573492037260,2019-11-11T17:07:17.260Z,buy,5.956e-05,4.0,0.00023824
BCD/BTC,1573492037260,2019-11-11T17:07:17.260Z,buy,5.96e-05,11.0,0.0006556
BCD/BTC,1573492040557,2019-11-11T17:07:20.557Z,buy,5.96e-05,368.0,0.0219328
BCD/BTC,1573492041445,2019-11-11T17:07:21.445Z,buy,5.96e-05,50.0,0.00298
BCD/BTC,1573492043494,2019-11-11T17:07:23.494Z,buy,5.96e-05,1550.0,0.09238
BCD/BTC,1573492045163,2019-11-11T17:07:25.163Z,buy,5.967e-05,62.0,0.00369954
BCD/BTC,1573492046745,2019-11-11T17:07:26.745Z,sell,5.967e-05,9.0,0.00053703
BCD/BTC,1573492049495,2019-11-11T17:07:29.495Z,buy,5.968e-05,156.0,0.00931008
BCD/BTC,1573492049495,2019-11-11T17:07:29.495Z,buy,5.97e-05,87.0,0.0051939
BCD/BTC,1573492049495,2019-11-11T17:07:29.495Z,buy,5.971e-05,52.0,0.00310492
BCD/BTC,1573492051481,2019-11-11T17:07:31.481Z,buy,5.971e-05,2.0,0.00011942
BCD/BTC,1573492052761,2019-11-11T17:07:32.761Z,buy,5.971e-05,122.0,0.00728462
BCD/BTC,1573492052855,2019-11-11T17:07:32.855Z,sell,5.968e-05,30.0,0.0017904
BCD/BTC,1573492052907,2019-11-11T17:07:32.907Z,sell,5.968e-05,9.0,0.00053712
BCD/BTC,1573492053024,2019-11-11T17:07:33.024Z,sell,5.968e-05,6.0,0.00035808
BCD/BTC,1573492058526,2019-11-11T17:07:38.526Z,sell,5.968e-05,15.0,0.0008952
BCD/BTC,1573492062559,2019-11-11T17:07:42.559Z,buy,5.971e-05,378.0,0.02257038
BCD/BTC,1573492064761,2019-11-11T17:07:44.761Z,sell,5.968e-05,127.0,0.0075793599999999
BCD/BTC,1573492067542,2019-11-11T17:07:47.542Z,sell,5.968e-05,18.0,0.00107424
BCD/BTC,1573492067542,2019-11-11T17:07:47.542Z,sell,5.962e-05,178.0,0.01061236
BCD/BTC,1573492067542,2019-11-11T17:07:47.542Z,sell,5.961e-05,485.0,0.02891085
BCD/BTC,1573492068226,2019-11-11T17:07:48.226Z,buy,5.972e-05,39.0,0.00232908
BCD/BTC,1573492069254,2019-11-11T17:07:49.254Z,sell,5.962e-05,92.0,0.00548504
BCD/BTC,1573492069254,2019-11-11T17:07:49.254Z,sell,5.961e-05,32.0,0.00190752
BCD/BTC,1573492069254,2019-11-11T17:07:49.254Z,sell,5.96e-05,2375.0,0.14155
BCD/BTC,1573492070401,2019-11-11T17:07:50.401Z,sell,5.96e-05,4010.0,0.238996
BCD/BTC,1573492070401,2019-11-11T17:07:50.401Z,sell,5.951e-05,61.0,0.0036301099999999
BCD/BTC,1573492070401,2019-11-11T17:07:50.401Z,sell,5.95e-05,1657.0,0.0985915
BCD/BTC,1573492070725,2019-11-11T17:07:50.725Z,sell,5.951e-05,124.0,0.00737924
BCD/BTC,1573492070725,2019-11-11T17:07:50.725Z,sell,5.95e-05,1129.0,0.0671755
BCD/BTC,1573492070895,2019-11-11T17:07:50.895Z,sell,5.95e-05,3523.0,0.2096185
BCD/BTC,1573492070946,2019-11-11T17:07:50.946Z,sell,5.947e-05,690.0,0.0410342999999999
BCD/BTC,1573492070946,2019-11-11T17:07:50.946Z,sell,5.94e-05,87.0,0.0051678
BCD/BTC,1573492071124,2019-11-11T17:07:51.124Z,sell,5.933e-05,2.0,0.00011866
BCD/BTC,1573492071124,2019-11-11T17:07:51.124Z,sell,5.921e-05,22.0,0.00130262
BCD/BTC,1573492071163,2019-11-11T17:07:51.163Z,buy,5.918e-05,140.0,0.0082852
BCD/BTC,1573492071355,2019-11-11T17:07:51.355Z,sell,5.917e-05,3.0,0.00017751
BCD/BTC,1573492071355,2019-11-11T17:07:51.355Z,sell,5.913e-05,13.0,0.0007686899999999
BCD/BTC,1573492071355,2019-11-11T17:07:51.355Z,sell,5.912e-05,5.0,0.0002956
BCD/BTC,1573492071355,2019-11-11T17:07:51.355Z,sell,5.91e-05,18.0,0.0010638
BCD/BTC,1573492071955,2019-11-11T17:07:51.955Z,buy,5.918e-05,15.0,0.0008877
BCD/BTC,1573492072787,2019-11-11T17:07:52.787Z,sell,5.91e-05,76.0,0.0044916
BCD/BTC,1573492073247,2019-11-11T17:07:53.247Z,sell,5.91e-05,96.0,0.0056736
BCD/BTC,1573492073745,2019-11-11T17:07:53.745Z,buy,5.904e-05,106.0,0.00625824
BCD/BTC,1573492074009,2019-11-11T17:07:54.009Z,sell,5.9e-05,338.0,0.0199419999999999
BCD/BTC,1573492074060,2019-11-11T17:07:54.060Z,buy,5.904e-05,22.0,0.0012988799999999
BCD/BTC,1573492074994,2019-11-11T17:07:54.994Z,sell,5.894e-05,839.0,0.04945066
BCD/BTC,1573492074994,2019-11-11T17:07:54.994Z,sell,5.89e-05,177.0,0.0104253
BCD/BTC,1573492074994,2019-11-11T17:07:54.994Z,sell,5.889e-05,168.0,0.00989352
BCD/BTC,1573492074994,2019-11-11T17:07:54.994Z,sell,5.887e-05,76.0,0.00447412
BCD/BTC,1573492074994,2019-11-11T17:07:54.994Z,sell,5.886e-05,116.0,0.00682776
BCD/BTC,1573492074994,2019-11-11T17:07:54.994Z,sell,5.882e-05,33.0,0.00194106
BCD/BTC,1573492074994,2019-11-11T17:07:54.994Z,sell,5.881e-05,24.0,0.00141144
BCD/BTC,1573492074994,2019-11-11T17:07:54.994Z,sell,5.88e-05,159.0,0.0093492
BCD/BTC,1573492074994,2019-11-11T17:07:54.994Z,sell,5.878e-05,40.0,0.0023512
BCD/BTC,1573492074994,2019-11-11T17:07:54.994Z,sell,5.877e-05,323.0,0.01898271
BCD/BTC,1573492075421,2019-11-11T17:07:55.421Z,sell,5.894e-05,169.0,0.00996086
BCD/BTC,1573492075421,2019-11-11T17:07:55.421Z,sell,5.879e-05,340.0,0.0199886
BCD/BTC,1573492075569,2019-11-11T17:07:55.569Z,sell,5.879e-05,169.0,0.00993551
BCD/BTC,1573492075981,2019-11-11T17:07:55.981Z,sell,5.879e-05,3.0,0.00017637
BCD/BTC,1573492076295,2019-11-11T17:07:56.295Z,sell,5.879e-05,553.0,0.03251087
BCD/BTC,1573492077047,2019-11-11T17:07:57.047Z,sell,5.9e-05,672.0,0.0396479999999999
BCD/BTC,1573492077138,2019-11-11T17:07:57.138Z,sell,5.9e-05,1061.0,0.062599
BCD/BTC,1573492077249,2019-11-11T17:07:57.249Z,sell,5.9e-05,1066.0,0.0628939999999999
BCD/BTC,1573492079283,2019-11-11T17:07:59.283Z,sell,5.883e-05,255.0,0.01500165
BCD/BTC,1573492079292,2019-11-11T17:07:59.292Z,sell,5.883e-05,255.0,0.01500165
BCD/BTC,1573492080071,2019-11-11T17:08:00.071Z,sell,5.889e-05,672.0,0.03957408
BCD/BTC,1573492080175,2019-11-11T17:08:00.175Z,sell,5.889e-05,175.0,0.01030575
BCD/BTC,1573492080175,2019-11-11T17:08:00.175Z,sell,5.883e-05,886.0,0.05212338
BCD/BTC,1573492081112,2019-11-11T17:08:01.112Z,buy,5.899e-05,791.0,0.04666109
BCD/BTC,1573492082316,2019-11-11T17:08:02.316Z,buy,5.899e-05,827.0,0.04878473
BCD/BTC,1573492083217,2019-11-11T17:08:03.217Z,sell,5.892e-05,19.0,0.00111948
BCD/BTC,1573492083217,2019-11-11T17:08:03.217Z,sell,5.891e-05,77.0,0.00453607
BCD/BTC,1573492083217,2019-11-11T17:08:03.217Z,sell,5.89e-05,17.0,0.0010013
BCD/BTC,1573492083220,2019-11-11T17:08:03.220Z,sell,5.89e-05,17.0,0.0010013
BCD/BTC,1573492086576,2019-11-11T17:08:06.576Z,sell,5.894e-05,196.0,0.01155224
BCD/BTC,1573492086587,2019-11-11T17:08:06.587Z,sell,5.894e-05,196.0,0.01155224
BCD/BTC,1573492086587,2019-11-11T17:08:06.587Z,sell,5.894e-05,196.0,0.01155224
BCD/BTC,1573492086596,2019-11-11T17:08:06.596Z,sell,5.894e-05,196.0,0.01155224
BCD/BTC,1573492086693,2019-11-11T17:08:06.693Z,buy,5.898e-05,508.0,0.02996184
BCD/BTC,1573492087273,2019-11-11T17:08:07.273Z,buy,5.897e-05,36.0,0.00212292
BCD/BTC,1573492087314,2019-11-11T17:08:07.314Z,buy,5.897e-05,392.0,0.02311624
BCD/BTC,1573492087314,2019-11-11T17:08:07.314Z,buy,5.898e-05,1097.0,0.06470106
BCD/BTC,1573492087902,2019-11-11T17:08:07.902Z,buy,5.9e-05,295.0,0.017405
BCD/BTC,1573492090551,2019-11-11T17:08:10.551Z,buy,5.91e-05,87.0,0.0051417
BCD/BTC,1573492090568,2019-11-11T17:08:10.568Z,buy,5.913e-05,24.0,0.0014191199999999
BCD/BTC,1573492090568,2019-11-11T17:08:10.568Z,buy,5.916e-05,1.0,5.916e-05
BCD/BTC,1573492093100,2019-11-11T17:08:13.100Z,buy,5.916e-05,39.0,0.00230724
BCD/BTC,1573492096064,2019-11-11T17:08:16.064Z,sell,5.916e-05,27.0,0.00159732
BCD/BTC,1573492096850,2019-11-11T17:08:16.850Z,buy,5.911e-05,25.0,0.00147775
BCD/BTC,1573492099847,2019-11-11T17:08:19.847Z,sell,5.902e-05,795.0,0.0469209
BCD/BTC,1573492102068,2019-11-11T17:08:22.068Z,sell,5.903e-05,1691.0,0.09981973
BCD/BTC,1573492104797,2019-11-11T17:08:24.797Z,sell,5.904e-05,46.0,0.0027158399999999
BCD/BTC,1573492104797,2019-11-11T17:08:24.797Z,sell,5.899e-05,283.0,0.01669417
BCD/BTC,1573492114605,2019-11-11T17:08:34.605Z,buy,5.908e-05,390.0,0.0230411999999999
BCD/BTC,1573492133282,2019-11-11T17:08:53.282Z,buy,5.912e-05,30.0,0.0017736
BCD/BTC,1573492133282,2019-11-11T17:08:53.282Z,buy,5.917e-05,46.0,0.00272182
BCD/BTC,1573492133282,2019-11-11T17:08:53.282Z,buy,5.919e-05,35.0,0.00207165
BCD/BTC,1573492144273,2019-11-11T17:09:04.273Z,sell,5.911e-05,250.0,0.0147775
BCD/BTC,1573492147625,2019-11-11T17:09:07.625Z,buy,5.919e-05,41.0,0.00242679
BCD/BTC,1573492147625,2019-11-11T17:09:07.625Z,buy,5.921e-05,16.0,0.00094736
BCD/BTC,1573492152072,2019-11-11T17:09:12.072Z,buy,5.921e-05,6.0,0.00035526
BCD/BTC,1573492152072,2019-11-11T17:09:12.072Z,buy,5.922e-05,286.0,0.01693692
BCD/BTC,1573492154686,2019-11-11T17:09:14.686Z,buy,5.922e-05,48.0,0.00284256
BCD/BTC,1573492165316,2019-11-11T17:09:25.316Z,sell,5.911e-05,1787.0,0.10562957
BCD/BTC,1573492166362,2019-11-11T17:09:26.362Z,sell,5.91e-05,112.0,0.0066192
BCD/BTC,1573492167562,2019-11-11T17:09:27.562Z,sell,5.908e-05,107.0,0.0063215599999999
BCD/BTC,1573492167564,2019-11-11T17:09:27.564Z,sell,5.908e-05,434.0,0.02564072
BCD/BTC,1573492167644,2019-11-11T17:09:27.644Z,sell,5.899e-05,369.0,0.02176731
BCD/BTC,1573492170825,2019-11-11T17:09:30.825Z,sell,5.899e-05,181.0,0.01067719
BCD/BTC,1573492171018,2019-11-11T17:09:31.018Z,sell,5.899e-05,499.0,0.02943601
BCD/BTC,1573492171131,2019-11-11T17:09:31.131Z,sell,5.899e-05,282.0,0.01663518
BCD/BTC,1573492171460,2019-11-11T17:09:31.460Z,buy,5.913e-05,233.0,0.01377729
BCD/BTC,1573492171460,2019-11-11T17:09:31.460Z,buy,5.914e-05,761.0,0.04500554
BCD/BTC,1573492181908,2019-11-11T17:09:41.908Z,buy,5.908e-05,169.0,0.00998452
BCD/BTC,1573492191191,2019-11-11T17:09:51.191Z,sell,5.899e-05,20.0,0.0011798
BCD/BTC,1573492193248,2019-11-11T17:09:53.248Z,buy,5.899e-05,7.0,0.00041293
BCD/BTC,1573492193958,2019-11-11T17:09:53.958Z,buy,5.899e-05,103.0,0.00607597
BCD/BTC,1573492202650,2019-11-11T17:10:02.650Z,buy,5.896e-05,444.0,0.02617824
BCD/BTC,1573492204473,2019-11-11T17:10:04.473Z,buy,5.896e-05,105.0,0.0061908
BCD/BTC,1573492205891,2019-11-11T17:10:05.891Z,buy,5.918e-05,10.0,0.0005918
BCD/BTC,1573492207940,2019-11-11T17:10:07.940Z,buy,5.917e-05,548.0,0.03242516
BCD/BTC,1573492218084,2019-11-11T17:10:18.084Z,sell,5.907e-05,856.0,0.05056392
BCD/BTC,1573492218084,2019-11-11T17:10:18.084Z,sell,5.906e-05,77.0,0.00454762
BCD/BTC,1573492218084,2019-11-11T17:10:18.084Z,sell,5.905e-05,854.0,0.0504287
BCD/BTC,1573492219924,2019-11-11T17:10:19.924Z,buy,5.914e-05,654.0,0.03867756
BCD/BTC,1573492219924,2019-11-11T17:10:19.924Z,buy,5.915e-05,194.0,0.0114751
BCD/BTC,1573492219924,2019-11-11T17:10:19.924Z,buy,5.916e-05,1301.0,0.07696716
BCD/BTC,1573492219924,2019-11-11T17:10:19.924Z,buy,5.917e-05,494.0,0.02922998
BCD/BTC,1573492219954,2019-11-11T17:10:19.954Z,sell,5.917e-05,94.0,0.0055619799999999
BCD/BTC,1573492221979,2019-11-11T17:10:21.979Z,buy,5.91e-05,16.0,0.0009456
BCD/BTC,1573492221979,2019-11-11T17:10:21.979Z,buy,5.913e-05,84.0,0.00496692
BCD/BTC,1573492222048,2019-11-11T17:10:22.048Z,buy,5.913e-05,100.0,0.005913
BCD/BTC,1573492228691,2019-11-11T17:10:28.691Z,sell,5.917e-05,426.0,0.02520642
BCD/BTC,1573492233013,2019-11-11T17:10:33.013Z,buy,5.922e-05,175.0,0.0103635
BCD/BTC,1573492233013,2019-11-11T17:10:33.013Z,buy,5.925e-05,131.0,0.0077617499999999
BCD/BTC,1573492237507,2019-11-11T17:10:37.507Z,buy,5.925e-05,102.0,0.0060434999999999
BCD/BTC,1573492239035,2019-11-11T17:10:39.035Z,sell,5.923e-05,422.0,0.02499506
BCD/BTC,1573492240196,2019-11-11T17:10:40.196Z,sell,5.922e-05,97.0,0.00574434
BCD/BTC,1573492243906,2019-11-11T17:10:43.906Z,buy,5.925e-05,117.0,0.00693225
BCD/BTC,1573492243945,2019-11-11T17:10:43.945Z,sell,5.925e-05,232.0,0.013746
BCD/BTC,1573492248889,2019-11-11T17:10:48.889Z,buy,5.913e-05,5.0,0.00029565
BCD/BTC,1573492249137,2019-11-11T17:10:49.137Z,sell,5.904e-05,143.0,0.0084427199999999
BCD/BTC,1573492249137,2019-11-11T17:10:49.137Z,sell,5.903e-05,298.0,0.01759094
BCD/BTC,1573492249137,2019-11-11T17:10:49.137Z,sell,5.902e-05,1346.0,0.07944092
BCD/BTC,1573492249406,2019-11-11T17:10:49.406Z,sell,5.904e-05,31.0,0.00183024
BCD/BTC,1573492252414,2019-11-11T17:10:52.414Z,buy,5.92e-05,48.0,0.0028416
BCD/BTC,1573492255828,2019-11-11T17:10:55.828Z,buy,5.919e-05,24.0,0.00142056
BCD/BTC,1573492256594,2019-11-11T17:10:56.594Z,sell,5.909e-05,19.0,0.00112271
BCD/BTC,1573492257925,2019-11-11T17:10:57.925Z,buy,5.917e-05,12.0,0.00071004
BCD/BTC,1573492259249,2019-11-11T17:10:59.249Z,buy,5.916e-05,13.0,0.00076908
BCD/BTC,1573492259782,2019-11-11T17:10:59.782Z,sell,5.908e-05,2066.0,0.1220592799999999
BCD/BTC,1573492259924,2019-11-11T17:10:59.924Z,sell,5.908e-05,434.0,0.02564072
BCD/BTC,1573492259926,2019-11-11T17:10:59.926Z,sell,5.908e-05,191.0,0.0112842799999999
BCD/BTC,1573492263103,2019-11-11T17:11:03.103Z,sell,5.9e-05,113.0,0.0066669999999999
BCD/BTC,1573492263106,2019-11-11T17:11:03.106Z,sell,5.899e-05,479.0,0.02825621
BCD/BTC,1573492268923,2019-11-11T17:11:08.923Z,sell,5.908e-05,67.0,0.00395836
BCD/BTC,1573492278094,2019-11-11T17:11:18.094Z,sell,5.905e-05,55.0,0.0032477499999999
BCD/BTC,1573492278094,2019-11-11T17:11:18.094Z,sell,5.901e-05,54.0,0.00318654
BCD/BTC,1573492278094,2019-11-11T17:11:18.094Z,sell,5.899e-05,29.0,0.00171071
BCD/BTC,1573492278094,2019-11-11T17:11:18.094Z,sell,5.896e-05,102.0,0.00601392
BCD/BTC,1573492278094,2019-11-11T17:11:18.094Z,sell,5.895e-05,1547.0,0.09119565
BCD/BTC,1573492282300,2019-11-11T17:11:22.300Z,buy,5.899e-05,5.0,0.00029495
BCD/BTC,1573492282300,2019-11-11T17:11:22.300Z,buy,5.908e-05,634.0,0.03745672
BCD/BTC,1573492284741,2019-11-11T17:11:24.741Z,sell,5.921e-05,126.0,0.0074604599999999
BCD/BTC,1573492287883,2019-11-11T17:11:27.883Z,sell,5.921e-05,728.0,0.04310488
BCD/BTC,1573492290286,2019-11-11T17:11:30.286Z,sell,5.908e-05,215.0,0.0127021999999999
BCD/BTC,1573492357672,2019-11-11T17:12:37.672Z,sell,5.902e-05,123.0,0.00725946
BCD/BTC,1573492357672,2019-11-11T17:12:37.672Z,sell,5.901e-05,377.0,0.02224677
BCD/BTC,1573492358248,2019-11-11T17:12:38.248Z,sell,5.901e-05,237.0,0.01398537
BCD/BTC,1573492358303,2019-11-11T17:12:38.303Z,sell,5.901e-05,237.0,0.01398537
BCD/BTC,1573492358316,2019-11-11T17:12:38.316Z,sell,5.901e-05,234.0,0.01380834
BCD/BTC,1573492358494,2019-11-11T17:12:38.494Z,sell,5.901e-05,470.0,0.0277347
BCD/BTC,1573492360765,2019-11-11T17:12:40.765Z,sell,5.9e-05,134.0,0.007906
BCD/BTC,1573492361533,2019-11-11T17:12:41.533Z,sell,5.9e-05,86.0,0.0050739999999999
BCD/BTC,1573492362121,2019-11-11T17:12:42.121Z,sell,5.898e-05,1501.0,0.08852898
BCD/BTC,1573492362121,2019-11-11T17:12:42.121Z,sell,5.895e-05,220.0,0.012969
BCD/BTC,1573492362159,2019-11-11T17:12:42.159Z,sell,5.895e-05,397.0,0.02340315
BCD/BTC,1573492362162,2019-11-11T17:12:42.162Z,sell,5.895e-05,410.0,0.0241695
BCD/BTC,1573492362251,2019-11-11T17:12:42.251Z,sell,5.895e-05,599.0,0.03531105
BCD/BTC,1573492363131,2019-11-11T17:12:43.131Z,sell,5.895e-05,3726.0,0.2196477
BCD/BTC,1573492363131,2019-11-11T17:12:43.131Z,sell,5.886e-05,28.0,0.00164808
BCD/BTC,1573492363810,2019-11-11T17:12:43.810Z,sell,5.886e-05,120.0,0.0070632
BCD/BTC,1573492363810,2019-11-11T17:12:43.810Z,sell,5.885e-05,200.0,0.01177
BCD/BTC,1573492366527,2019-11-11T17:12:46.527Z,sell,5.883e-05,34.0,0.00200022
BCD/BTC,1573492384728,2019-11-11T17:13:04.728Z,sell,5.883e-05,4.0,0.00023532
BCD/BTC,1573492384728,2019-11-11T17:13:04.728Z,sell,5.882e-05,3.0,0.00017646
BCD/BTC,1573492384728,2019-11-11T17:13:04.728Z,sell,5.88e-05,242.0,0.0142296
BCD/BTC,1573492388945,2019-11-11T17:13:08.945Z,sell,5.88e-05,1850.0,0.10878
BCD/BTC,1573492415045,2019-11-11T17:13:35.045Z,sell,5.883e-05,5.0,0.0002941499999999
BCD/BTC,1573492415087,2019-11-11T17:13:35.087Z,buy,5.881e-05,223.0,0.01311463
BCD/BTC,1573492415094,2019-11-11T17:13:35.094Z,buy,5.881e-05,86.0,0.00505766
BCD/BTC,1573492415233,2019-11-11T17:13:35.233Z,buy,5.881e-05,182.0,0.01070342
BCD/BTC,1573492415371,2019-11-11T17:13:35.371Z,buy,5.881e-05,94.0,0.00552814
BCD/BTC,1573492416627,2019-11-11T17:13:36.627Z,buy,5.881e-05,511.0,0.03005191
BCD/BTC,1573492417101,2019-11-11T17:13:37.101Z,buy,5.881e-05,43.0,0.00252883
BCD/BTC,1573492419798,2019-11-11T17:13:39.798Z,buy,5.881e-05,30.0,0.0017643
BCD/BTC,1573492421131,2019-11-11T17:13:41.131Z,buy,5.881e-05,30.0,0.0017643
BCD/BTC,1573492440610,2019-11-11T17:14:00.610Z,sell,5.886e-05,16.0,0.00094176
BCD/BTC,1573492440610,2019-11-11T17:14:00.610Z,sell,5.881e-05,247.0,0.01452607
BCD/BTC,1573492440676,2019-11-11T17:14:00.676Z,buy,5.881e-05,30.0,0.0017643
BCD/BTC,1573492459844,2019-11-11T17:14:19.844Z,sell,5.879e-05,145.0,0.00852455
BCD/BTC,1573492469528,2019-11-11T17:14:29.528Z,sell,5.877e-05,169.0,0.00993213
BCD/BTC,1573492469972,2019-11-11T17:14:29.972Z,sell,5.876e-05,36.0,0.00211536
BCD/BTC,1573492469972,2019-11-11T17:14:29.972Z,sell,5.875e-05,16.0,0.00094
BCD/BTC,1573492469972,2019-11-11T17:14:29.972Z,sell,5.871e-05,86.0,0.00504906
BCD/BTC,1573492477476,2019-11-11T17:14:37.476Z,buy,5.875e-05,15.0,0.00088125
BCD/BTC,1573492478632,2019-11-11T17:14:38.632Z,sell,5.867e-05,31.0,0.00181877
BCD/BTC,1573492478632,2019-11-11T17:14:38.632Z,sell,5.866e-05,13.0,0.00076258
BCD/BTC,1573492478682,2019-11-11T17:14:38.682Z,buy,5.86e-05,633.0,0.0370938
BCD/BTC,1573492478696,2019-11-11T17:14:38.696Z,buy,5.86e-05,9.0,0.0005274
BCD/BTC,1573492478832,2019-11-11T17:14:38.832Z,buy,5.86e-05,78.0,0.0045708
BCD/BTC,1573492478888,2019-11-11T17:14:38.888Z,buy,5.86e-05,445.0,0.026077
BCD/BTC,1573492478896,2019-11-11T17:14:38.896Z,buy,5.86e-05,405.0,0.023733
BCD/BTC,1573492478931,2019-11-11T17:14:38.931Z,buy,5.86e-05,54.0,0.0031644
BCD/BTC,1573492479089,2019-11-11T17:14:39.089Z,buy,5.86e-05,500.0,0.0293
BCD/BTC,1573492479095,2019-11-11T17:14:39.095Z,buy,5.86e-05,497.0,0.0291242
BCD/BTC,1573492479182,2019-11-11T17:14:39.182Z,buy,5.86e-05,371.0,0.0217406
BCD/BTC,1573492479465,2019-11-11T17:14:39.465Z,sell,5.859e-05,19.0,0.00111321
BCD/BTC,1573492479465,2019-11-11T17:14:39.465Z,sell,5.856e-05,25.0,0.001464
BCD/BTC,1573492479465,2019-11-11T17:14:39.465Z,sell,5.853e-05,116.0,0.00678948
BCD/BTC,1573492479616,2019-11-11T17:14:39.616Z,buy,5.86e-05,120.0,0.007032
BCD/BTC,1573492479690,2019-11-11T17:14:39.690Z,buy,5.86e-05,391.0,0.0229126
BCD/BTC,1573492479763,2019-11-11T17:14:39.763Z,buy,5.86e-05,97.0,0.0056842
BCD/BTC,1573492479763,2019-11-11T17:14:39.763Z,buy,5.86e-05,97.0,0.0056842
BCD/BTC,1573492479764,2019-11-11T17:14:39.764Z,buy,5.86e-05,97.0,0.0056842
BCD/BTC,1573492479765,2019-11-11T17:14:39.765Z,buy,5.86e-05,97.0,0.0056842
BCD/BTC,1573492479786,2019-11-11T17:14:39.786Z,buy,5.86e-05,97.0,0.0056842
BCD/BTC,1573492479867,2019-11-11T17:14:39.867Z,sell,5.854e-05,70.0,0.0040977999999999
BCD/BTC,1573492480086,2019-11-11T17:14:40.086Z,buy,5.86e-05,293.0,0.0171698
BCD/BTC,1573492480147,2019-11-11T17:14:40.147Z,buy,5.86e-05,332.0,0.0194552
BCD/BTC,1573492482630,2019-11-11T17:14:42.630Z,buy,5.879e-05,2.0,0.00011758
BCD/BTC,1573492482630,2019-11-11T17:14:42.630Z,buy,5.88e-05,62.0,0.0036456
BCD/BTC,1573492482876,2019-11-11T17:14:42.876Z,sell,5.87e-05,586.0,0.0343982
BCD/BTC,1573492483872,2019-11-11T17:14:43.872Z,sell,5.861e-05,24.0,0.00140664
BCD/BTC,1573492486369,2019-11-11T17:14:46.369Z,buy,5.864e-05,1.0,5.864e-05
BCD/BTC,1573492487632,2019-11-11T17:14:47.632Z,buy,5.864e-05,4.0,0.00023456
BCD/BTC,1573492488106,2019-11-11T17:14:48.106Z,sell,5.863e-05,71.0,0.00416273
BCD/BTC,1573492493859,2019-11-11T17:14:53.859Z,sell,5.867e-05,2354.0,0.13810918
BCD/BTC,1573492493859,2019-11-11T17:14:53.859Z,sell,5.866e-05,62.0,0.0036369199999999
BCD/BTC,1573492493859,2019-11-11T17:14:53.859Z,sell,5.865e-05,321.0,0.01882665
BCD/BTC,1573492495768,2019-11-11T17:14:55.768Z,sell,5.86e-05,178.0,0.0104308
BCD/BTC,1573492495773,2019-11-11T17:14:55.773Z,sell,5.86e-05,70.0,0.004102
BCD/BTC,1573492498875,2019-11-11T17:14:58.875Z,sell,5.86e-05,127.0,0.0074422
BCD/BTC,1573492498883,2019-11-11T17:14:58.883Z,sell,5.86e-05,33.0,0.0019338
BCD/BTC,1573492501890,2019-11-11T17:15:01.890Z,sell,5.853e-05,411.0,0.02405583
BCD/BTC,1573492501980,2019-11-11T17:15:01.980Z,sell,5.853e-05,115.0,0.0067309499999999
BCD/BTC,1573492504059,2019-11-11T17:15:04.059Z,buy,5.853e-05,135.0,0.00790155
BCD/BTC,1573492504644,2019-11-11T17:15:04.644Z,buy,5.853e-05,2.0,0.00011706
BCD/BTC,1573492505101,2019-11-11T17:15:05.101Z,buy,5.853e-05,105.0,0.00614565
BCD/BTC,1573492505326,2019-11-11T17:15:05.326Z,buy,5.853e-05,25.0,0.00146325
BCD/BTC,1573492506088,2019-11-11T17:15:06.088Z,sell,5.852e-05,54.0,0.00316008
BCD/BTC,1573492506088,2019-11-11T17:15:06.088Z,sell,5.851e-05,27.0,0.00157977
BCD/BTC,1573492508056,2019-11-11T17:15:08.056Z,buy,5.851e-05,3.0,0.00017553
BCD/BTC,1573492510593,2019-11-11T17:15:10.593Z,sell,5.85e-05,503.0,0.0294255
BCD/BTC,1573492510593,2019-11-11T17:15:10.593Z,sell,5.85e-05,169.0,0.0098865
BCD/BTC,1573492510593,2019-11-11T17:15:10.593Z,sell,5.85e-05,400.0,0.0234
BCD/BTC,1573492510609,2019-11-11T17:15:10.609Z,buy,5.851e-05,511.0,0.02989861
BCD/BTC,1573492512008,2019-11-11T17:15:12.008Z,sell,5.85e-05,1253.0,0.0733005
BCD/BTC,1573492512195,2019-11-11T17:15:12.195Z,sell,5.85e-05,2.0,0.000117
BCD/BTC,1573492512728,2019-11-11T17:15:12.728Z,sell,5.85e-05,1470.0,0.085995
BCD/BTC,1573492512728,2019-11-11T17:15:12.728Z,sell,5.847e-05,3.0,0.00017541
BCD/BTC,1573492512728,2019-11-11T17:15:12.728Z,sell,5.846e-05,40.0,0.0023384
BCD/BTC,1573492512728,2019-11-11T17:15:12.728Z,sell,5.844e-05,74.0,0.00432456
BCD/BTC,1573492512728,2019-11-11T17:15:12.728Z,sell,5.843e-05,94.0,0.00549242
BCD/BTC,1573492513486,2019-11-11T17:15:13.486Z,sell,5.843e-05,164.0,0.00958252
BCD/BTC,1573492515009,2019-11-11T17:15:15.009Z,sell,5.844e-05,54.0,0.00315576
BCD/BTC,1573492515009,2019-11-11T17:15:15.009Z,sell,5.843e-05,177.0,0.01034211
BCD/BTC,1573492515082,2019-11-11T17:15:15.082Z,sell,5.843e-05,86.0,0.00502498
BCD/BTC,1573492515154,2019-11-11T17:15:15.154Z,sell,5.841e-05,537.0,0.03136617
BCD/BTC,1573492515154,2019-11-11T17:15:15.154Z,sell,5.84e-05,135.0,0.007884
BCD/BTC,1573492515154,2019-11-11T17:15:15.154Z,sell,5.839e-05,78.0,0.00455442
BCD/BTC,1573492515154,2019-11-11T17:15:15.154Z,sell,5.837e-05,162.0,0.00945594
BCD/BTC,1573492515154,2019-11-11T17:15:15.154Z,sell,5.837e-05,14.0,0.00081718
BCD/BTC,1573492515361,2019-11-11T17:15:15.361Z,sell,5.837e-05,77.0,0.00449449
BCD/BTC,1573492515411,2019-11-11T17:15:15.411Z,buy,5.843e-05,51.0,0.00297993
BCD/BTC,1573492515469,2019-11-11T17:15:15.469Z,sell,5.837e-05,24.0,0.00140088
BCD/BTC,1573492519348,2019-11-11T17:15:19.348Z,buy,5.85e-05,30.0,0.001755
BCD/BTC,1573492519618,2019-11-11T17:15:19.618Z,sell,5.849e-05,21.0,0.00122829
BCD/BTC,1573492519618,2019-11-11T17:15:19.618Z,sell,5.837e-05,235.0,0.01371695
BCD/BTC,1573492519618,2019-11-11T17:15:19.618Z,sell,5.835e-05,982.0,0.0572997
BCD/BTC,1573492519618,2019-11-11T17:15:19.618Z,sell,5.832e-05,282.0,0.01644624
BCD/BTC,1573492519618,2019-11-11T17:15:19.618Z,sell,5.83e-05,68.0,0.0039644
BCD/BTC,1573492519618,2019-11-11T17:15:19.618Z,sell,5.83e-05,196.0,0.0114268
BCD/BTC,1573492519618,2019-11-11T17:15:19.618Z,sell,5.828e-05,300.0,0.017484
BCD/BTC,1573492519618,2019-11-11T17:15:19.618Z,sell,5.827e-05,368.0,0.02144336
BCD/BTC,1573492519618,2019-11-11T17:15:19.618Z,sell,5.824e-05,17.0,0.00099008
BCD/BTC,1573492523075,2019-11-11T17:15:23.075Z,sell,5.826e-05,16.0,0.00093216
BCD/BTC,1573492524928,2019-11-11T17:15:24.928Z,buy,5.85e-05,17.0,0.0009945
BCD/BTC,1573492526145,2019-11-11T17:15:26.145Z,sell,5.843e-05,78.0,0.00455754
BCD/BTC,1573492526145,2019-11-11T17:15:26.145Z,sell,5.832e-05,54.0,0.00314928
BCD/BTC,1573492526145,2019-11-11T17:15:26.145Z,sell,5.831e-05,503.0,0.02932993
BCD/BTC,1573492526520,2019-11-11T17:15:26.520Z,buy,5.843e-05,55.0,0.00321365
BCD/BTC,1573492528850,2019-11-11T17:15:28.850Z,buy,5.85e-05,30.0,0.001755
BCD/BTC,1573492530344,2019-11-11T17:15:30.344Z,sell,5.849e-05,35.0,0.0020471499999999
BCD/BTC,1573492530344,2019-11-11T17:15:30.344Z,sell,5.832e-05,179.0,0.0104392799999999
BCD/BTC,1573492531492,2019-11-11T17:15:31.492Z,buy,5.849e-05,18.0,0.0010528199999999
BCD/BTC,1573492531492,2019-11-11T17:15:31.492Z,buy,5.851e-05,586.0,0.03428686
BCD/BTC,1573492532908,2019-11-11T17:15:32.908Z,buy,5.851e-05,13.0,0.00076063
BCD/BTC,1573492532908,2019-11-11T17:15:32.908Z,buy,5.857e-05,26.0,0.00152282
BCD/BTC,1573492533101,2019-11-11T17:15:33.101Z,buy,5.857e-05,10.0,0.0005857
BCD/BTC,1573492533138,2019-11-11T17:15:33.138Z,buy,5.857e-05,43.0,0.00251851
BCD/BTC,1573492533225,2019-11-11T17:15:33.225Z,buy,5.857e-05,12.0,0.00070284
BCD/BTC,1573492537466,2019-11-11T17:15:37.466Z,buy,5.85e-05,79.0,0.0046215
BCD/BTC,1573492537532,2019-11-11T17:15:37.532Z,buy,5.85e-05,65.0,0.0038025
BCD/BTC,1573492537777,2019-11-11T17:15:37.777Z,buy,5.85e-05,46.0,0.002691
BCD/BTC,1573492538459,2019-11-11T17:15:38.459Z,buy,5.85e-05,148.0,0.0086579999999999
BCD/BTC,1573492538538,2019-11-11T17:15:38.538Z,sell,5.842e-05,2354.0,0.13752068
BCD/BTC,1573492538538,2019-11-11T17:15:38.538Z,sell,5.841e-05,588.0,0.03434508
BCD/BTC,1573492544972,2019-11-11T17:15:44.972Z,sell,5.846e-05,54.0,0.00315684
BCD/BTC,1573492544972,2019-11-11T17:15:44.972Z,sell,5.845e-05,272.0,0.0158984
BCD/BTC,1573492547562,2019-11-11T17:15:47.562Z,buy,5.845e-05,12.0,0.0007014
BCD/BTC,1573492548136,2019-11-11T17:15:48.136Z,sell,5.843e-05,54.0,0.00315522
BCD/BTC,1573492548136,2019-11-11T17:15:48.136Z,sell,5.842e-05,21.0,0.00122682
BCD/BTC,1573492550806,2019-11-11T17:15:50.806Z,buy,5.845e-05,43.0,0.0025133499999999
BCD/BTC,1573492550959,2019-11-11T17:15:50.959Z,sell,5.843e-05,91.0,0.00531713
BCD/BTC,1573492550959,2019-11-11T17:15:50.959Z,sell,5.841e-05,472.0,0.02756952
BCD/BTC,1573492555686,2019-11-11T17:15:55.686Z,sell,5.841e-05,60.0,0.0035046
BCD/BTC,1573492558745,2019-11-11T17:15:58.745Z,sell,5.841e-05,265.0,0.01547865
BCD/BTC,1573492562823,2019-11-11T17:16:02.823Z,buy,5.837e-05,276.0,0.01611012
BCD/BTC,1573492565806,2019-11-11T17:16:05.806Z,buy,5.837e-05,25.0,0.00145925
BCD/BTC,1573492567033,2019-11-11T17:16:07.033Z,buy,5.837e-05,25.0,0.00145925
BCD/BTC,1573492569760,2019-11-11T17:16:09.760Z,sell,5.836e-05,54.0,0.0031514399999999
BCD/BTC,1573492569760,2019-11-11T17:16:09.760Z,sell,5.835e-05,44.0,0.0025674
BCD/BTC,1573492569760,2019-11-11T17:16:09.760Z,sell,5.832e-05,161.0,0.00938952
BCD/BTC,1573492569760,2019-11-11T17:16:09.760Z,sell,5.83e-05,3.0,0.0001749
BCD/BTC,1573492574388,2019-11-11T17:16:14.388Z,buy,5.836e-05,54.0,0.0031514399999999
BCD/BTC,1573492585636,2019-11-11T17:16:25.636Z,buy,5.841e-05,1043.0,0.06092163
BCD/BTC,1573492593649,2019-11-11T17:16:33.649Z,sell,5.852e-05,291.0,0.01702932
BCD/BTC,1573492629845,2019-11-11T17:17:09.845Z,buy,5.859e-05,22.0,0.00128898
BCD/BTC,1573492642650,2019-11-11T17:17:22.650Z,sell,5.852e-05,7.0,0.00040964
BCD/BTC,1573492642928,2019-11-11T17:17:22.928Z,buy,5.851e-05,54.0,0.00315954
BCD/BTC,1573492643150,2019-11-11T17:17:23.150Z,sell,5.85e-05,35.0,0.0020475
BCD/BTC,1573492643150,2019-11-11T17:17:23.150Z,sell,5.846e-05,19.0,0.00111074
BCD/BTC,1573492661083,2019-11-11T17:17:41.083Z,sell,5.846e-05,316.0,0.01847336
BCD/BTC,1573492661083,2019-11-11T17:17:41.083Z,sell,5.841e-05,782.0,0.04567662
BCD/BTC,1573492673381,2019-11-11T17:17:53.381Z,sell,5.842e-05,13.0,0.00075946
BCD/BTC,1573492715040,2019-11-11T17:18:35.040Z,sell,5.842e-05,54.0,0.00315468
BCD/BTC,1573492715040,2019-11-11T17:18:35.040Z,sell,5.841e-05,437.0,0.02552517
BCD/BTC,1573492715239,2019-11-11T17:18:35.239Z,sell,5.841e-05,67.0,0.00391347
BCD/BTC,1573492717545,2019-11-11T17:18:37.545Z,sell,5.843e-05,460.0,0.0268778
BCD/BTC,1573492717992,2019-11-11T17:18:37.992Z,sell,5.842e-05,54.0,0.00315468
BCD/BTC,1573492717992,2019-11-11T17:18:37.992Z,sell,5.841e-05,238.0,0.01390158
BCD/BTC,1573492718062,2019-11-11T17:18:38.062Z,sell,5.841e-05,276.0,0.01612116
BCD/BTC,1573492725269,2019-11-11T17:18:45.269Z,sell,5.833e-05,17.0,0.00099161
BCD/BTC,1573492725295,2019-11-11T17:18:45.295Z,sell,5.832e-05,68.0,0.00396576
BCD/BTC,1573492725295,2019-11-11T17:18:45.295Z,sell,5.831e-05,82.0,0.00478142
BCD/BTC,1573492725295,2019-11-11T17:18:45.295Z,sell,5.83e-05,411.0,0.0239613
BCD/BTC,1573492725300,2019-11-11T17:18:45.300Z,sell,5.83e-05,314.0,0.0183062
BCD/BTC,1573492725303,2019-11-11T17:18:45.303Z,sell,5.83e-05,18.0,0.0010494
BCD/BTC,1573492725317,2019-11-11T17:18:45.317Z,buy,5.833e-05,315.0,0.01837395
BCD/BTC,1573492725325,2019-11-11T17:18:45.325Z,buy,5.833e-05,54.0,0.00314982
BCD/BTC,1573492725741,2019-11-11T17:18:45.741Z,buy,5.833e-05,5.0,0.00029165
BCD/BTC,1573492726323,2019-11-11T17:18:46.323Z,sell,5.839e-05,170.0,0.0099263
BCD/BTC,1573492726323,2019-11-11T17:18:46.323Z,sell,5.831e-05,147.0,0.00857157
BCD/BTC,1573492728414,2019-11-11T17:18:48.414Z,sell,5.831e-05,405.0,0.02361555
BCD/BTC,1573492728414,2019-11-11T17:18:48.414Z,sell,5.831e-05,328.0,0.01912568
BCD/BTC,1573492729509,2019-11-11T17:18:49.509Z,buy,5.839e-05,79.0,0.00461281
BCD/BTC,1573492729632,2019-11-11T17:18:49.632Z,buy,5.839e-05,79.0,0.00461281
BCD/BTC,1573492730707,2019-11-11T17:18:50.707Z,sell,5.828e-05,54.0,0.0031471199999999
BCD/BTC,1573492730707,2019-11-11T17:18:50.707Z,sell,5.827e-05,108.0,0.00629316
BCD/BTC,1573492730743,2019-11-11T17:18:50.743Z,buy,5.839e-05,30.0,0.0017517
BCD/BTC,1573492731435,2019-11-11T17:18:51.435Z,sell,5.827e-05,130.0,0.0075751
BCD/BTC,1573492731542,2019-11-11T17:18:51.542Z,buy,5.828e-05,50.0,0.002914
BCD/BTC,1573492731849,2019-11-11T17:18:51.849Z,buy,5.828e-05,4.0,0.00023312
BCD/BTC,1573492732040,2019-11-11T17:18:52.040Z,sell,5.834e-05,76.0,0.00443384
BCD/BTC,1573492732040,2019-11-11T17:18:52.040Z,sell,5.825e-05,15.0,0.00087375
BCD/BTC,1573492732240,2019-11-11T17:18:52.240Z,sell,5.825e-05,30.0,0.0017475
BCD/BTC,1573492732494,2019-11-11T17:18:52.494Z,sell,5.825e-05,9.0,0.00052425
BCD/BTC,1573492732494,2019-11-11T17:18:52.494Z,sell,5.824e-05,36.0,0.00209664
BCD/BTC,1573492734646,2019-11-11T17:18:54.646Z,sell,5.824e-05,536.0,0.03121664
BCD/BTC,1573492736918,2019-11-11T17:18:56.918Z,buy,5.836e-05,2.0,0.00011672
BCD/BTC,1573492736918,2019-11-11T17:18:56.918Z,buy,5.837e-05,1498.0,0.08743826
BCD/BTC,1573492754624,2019-11-11T17:19:14.624Z,sell,5.838e-05,54.0,0.00315252
BCD/BTC,1573492754624,2019-11-11T17:19:14.624Z,sell,5.837e-05,254.0,0.0148259799999999
BCD/BTC,1573492754838,2019-11-11T17:19:14.838Z,sell,5.839e-05,54.0,0.00315306
BCD/BTC,1573492774470,2019-11-11T17:19:34.470Z,buy,5.85e-05,16.0,0.000936
BCD/BTC,1573492790963,2019-11-11T17:19:50.963Z,sell,5.837e-05,462.0,0.02696694
BCD/BTC,1573492800144,2019-11-11T17:20:00.144Z,buy,5.849e-05,11.0,0.00064339
BCD/BTC,1573492832547,2019-11-11T17:20:32.547Z,sell,5.842e-05,231.0,0.01349502
BCD/BTC,1573492838748,2019-11-11T17:20:38.748Z,buy,5.851e-05,58.0,0.00339358
BCD/BTC,1573492838748,2019-11-11T17:20:38.748Z,buy,5.858e-05,418.0,0.0244864399999999
BCD/BTC,1573492838748,2019-11-11T17:20:38.748Z,buy,5.859e-05,3.0,0.00017577
BCD/BTC,1573492838748,2019-11-11T17:20:38.748Z,buy,5.864e-05,18.0,0.00105552
BCD/BTC,1573492838748,2019-11-11T17:20:38.748Z,buy,5.867e-05,233.0,0.01367011
BCD/BTC,1573492838748,2019-11-11T17:20:38.748Z,buy,5.868e-05,276.0,0.01619568
BCD/BTC,1573492838748,2019-11-11T17:20:38.748Z,buy,5.871e-05,78.0,0.00457938
BCD/BTC,1573492838748,2019-11-11T17:20:38.748Z,buy,5.872e-05,64.0,0.00375808
BCD/BTC,1573492838748,2019-11-11T17:20:38.748Z,buy,5.876e-05,5.0,0.0002938
BCD/BTC,1573492838748,2019-11-11T17:20:38.748Z,buy,5.877e-05,511.0,0.03003147
BCD/BTC,1573492838748,2019-11-11T17:20:38.748Z,buy,5.879e-05,42.0,0.00246918
BCD/BTC,1573492838748,2019-11-11T17:20:38.748Z,buy,5.88e-05,87.0,0.0051156
BCD/BTC,1573492838748,2019-11-11T17:20:38.748Z,buy,5.881e-05,207.0,0.01217367
BCD/BTC,1573492856057,2019-11-11T17:20:56.057Z,buy,5.881e-05,1.0,5.881e-05
BCD/BTC,1573492877927,2019-11-11T17:21:17.927Z,buy,5.86e-05,54.0,0.0031644
BCD/BTC,1573492889112,2019-11-11T17:21:29.112Z,buy,5.861e-05,1.0,5.861e-05
BCD/BTC,1573492889652,2019-11-11T17:21:29.652Z,sell,5.86e-05,53.0,0.0031058
BCD/BTC,1573492897428,2019-11-11T17:21:37.428Z,sell,5.86e-05,5.0,0.000293
BCD/BTC,1573492897428,2019-11-11T17:21:37.428Z,sell,5.86e-05,5.0,0.000293
BCD/BTC,1573492914047,2019-11-11T17:21:54.047Z,sell,5.862e-05,54.0,0.00316548
BCD/BTC,1573492914047,2019-11-11T17:21:54.047Z,sell,5.859e-05,62.0,0.00363258
BCD/BTC,1573492914248,2019-11-11T17:21:54.248Z,sell,5.859e-05,59.0,0.00345681
BCD/BTC,1573492921064,2019-11-11T17:22:01.064Z,sell,5.862e-05,84.0,0.00492408
BCD/BTC,1573492940146,2019-11-11T17:22:20.146Z,buy,5.865e-05,54.0,0.0031671
BCD/BTC,1573492940393,2019-11-11T17:22:20.393Z,sell,5.864e-05,24.0,0.00140736
BCD/BTC,1573492950024,2019-11-11T17:22:30.024Z,buy,5.865e-05,24.0,0.0014076
BCD/BTC,1573492974457,2019-11-11T17:22:54.457Z,sell,5.867e-05,54.0,0.00316818
BCD/BTC,1573492974457,2019-11-11T17:22:54.457Z,sell,5.866e-05,173.0,0.01014818
BCD/BTC,1573492974457,2019-11-11T17:22:54.457Z,sell,5.865e-05,439.0,0.02574735
BCD/BTC,1573492974500,2019-11-11T17:22:54.500Z,sell,5.864e-05,108.0,0.00633312
BCD/BTC,1573492974505,2019-11-11T17:22:54.505Z,sell,5.864e-05,65.0,0.0038116
BCD/BTC,1573492974673,2019-11-11T17:22:54.673Z,buy,5.865e-05,54.0,0.0031671
BCD/BTC,1573492975678,2019-11-11T17:22:55.678Z,buy,5.865e-05,1520.0,0.089148
BCD/BTC,1573492984241,2019-11-11T17:23:04.241Z,sell,5.862e-05,90.0,0.0052758
BCD/BTC,1573492985658,2019-11-11T17:23:05.658Z,sell,5.862e-05,107.0,0.0062723399999999
BCD/BTC,1573492985658,2019-11-11T17:23:05.658Z,sell,5.86e-05,7.0,0.0004102
BCD/BTC,1573492985683,2019-11-11T17:23:05.683Z,sell,5.86e-05,89.0,0.0052154
BCD/BTC,1573492985683,2019-11-11T17:23:05.683Z,sell,5.859e-05,27.0,0.00158193
BCD/BTC,1573492985756,2019-11-11T17:23:05.756Z,buy,5.865e-05,227.0,0.01331355
BCD/BTC,1573493004101,2019-11-11T17:23:24.101Z,sell,5.86e-05,22.0,0.0012892
BCD/BTC,1573493004300,2019-11-11T17:23:24.300Z,sell,5.86e-05,22.0,0.0012892
BCD/BTC,1573493004541,2019-11-11T17:23:24.541Z,sell,5.861e-05,22.0,0.00128942
BCD/BTC,1573493004781,2019-11-11T17:23:24.781Z,sell,5.861e-05,22.0,0.00128942
BCD/BTC,1573493005002,2019-11-11T17:23:25.002Z,sell,5.861e-05,10.0,0.0005861
BCD/BTC,1573493010372,2019-11-11T17:23:30.372Z,buy,5.861e-05,22.0,0.00128942
BCD/BTC,1573493017471,2019-11-11T17:23:37.471Z,sell,5.862e-05,54.0,0.00316548
BCD/BTC,1573493017471,2019-11-11T17:23:37.471Z,sell,5.861e-05,77.0,0.00451297
BCD/BTC,1573493017695,2019-11-11T17:23:37.695Z,buy,5.862e-05,54.0,0.00316548
BCD/BTC,1573493019796,2019-11-11T17:23:39.796Z,buy,5.862e-05,54.0,0.00316548
BCD/BTC,1573493019796,2019-11-11T17:23:39.796Z,buy,5.864e-05,341.0,0.01999624
BCD/BTC,1573493019796,2019-11-11T17:23:39.796Z,buy,5.865e-05,32.0,0.0018768
BCD/BTC,1573493026844,2019-11-11T17:23:46.844Z,buy,5.864e-05,341.0,0.01999624
BCD/BTC,1573493026844,2019-11-11T17:23:46.844Z,buy,5.865e-05,300.0,0.017595
BCD/BTC,1573493070988,2019-11-11T17:24:30.988Z,buy,5.863e-05,15.0,0.0008794499999999
BCD/BTC,1573493074817,2019-11-11T17:24:34.817Z,buy,5.865e-05,123.0,0.00721395
BCD/BTC,1573493075183,2019-11-11T17:24:35.183Z,sell,5.863e-05,39.0,0.00228657
BCD/BTC,1573493075381,2019-11-11T17:24:35.381Z,sell,5.862e-05,54.0,0.00316548
BCD/BTC,1573493075988,2019-11-11T17:24:35.988Z,buy,5.863e-05,28.0,0.00164164
BCD/BTC,1573493076203,2019-11-11T17:24:36.203Z,sell,5.863e-05,26.0,0.00152438
BCD/BTC,1573493076203,2019-11-11T17:24:36.203Z,sell,5.862e-05,2.0,0.00011724
BCD/BTC,1573493076476,2019-11-11T17:24:36.476Z,sell,5.862e-05,26.0,0.00152412
BCD/BTC,1573493077949,2019-11-11T17:24:37.949Z,buy,5.865e-05,279.0,0.01636335
BCD/BTC,1573493083387,2019-11-11T17:24:43.387Z,sell,5.866e-05,203.0,0.01190798
BCD/BTC,1573493084041,2019-11-11T17:24:44.041Z,sell,5.866e-05,99.0,0.0058073399999999
BCD/BTC,1573493105162,2019-11-11T17:25:05.162Z,buy,5.881e-05,39.0,0.00229359
BCD/BTC,1573493114645,2019-11-11T17:25:14.645Z,sell,5.881e-05,246.0,0.01446726
BCD/BTC,1573493117064,2019-11-11T17:25:17.064Z,sell,5.881e-05,1477.0,0.08686237
BCD/BTC,1573493117426,2019-11-11T17:25:17.426Z,buy,5.882e-05,3.0,0.00017646
BCD/BTC,1573493143100,2019-11-11T17:25:43.100Z,buy,5.884e-05,32.0,0.00188288
BCD/BTC,1573493143170,2019-11-11T17:25:43.170Z,sell,5.884e-05,21.0,0.00123564
BCD/BTC,1573493144472,2019-11-11T17:25:44.472Z,sell,5.882e-05,78.0,0.00458796
BCD/BTC,1573493145852,2019-11-11T17:25:45.852Z,sell,5.882e-05,4.0,0.00023528
BCD/BTC,1573493155996,2019-11-11T17:25:55.996Z,sell,5.882e-05,32.0,0.00188224
BCD/BTC,1573493162341,2019-11-11T17:26:02.341Z,sell,5.865e-05,35.0,0.00205275
BCD/BTC,1573493191525,2019-11-11T17:26:31.525Z,buy,5.884e-05,590.0,0.0347156
BCD/BTC,1573493196494,2019-11-11T17:26:36.494Z,sell,5.884e-05,188.0,0.01106192
BCD/BTC,1573493196543,2019-11-11T17:26:36.543Z,sell,5.884e-05,133.0,0.00782572
BCD/BTC,1573493203777,2019-11-11T17:26:43.777Z,buy,5.885e-05,180.0,0.010593
BCD/BTC,1573493203777,2019-11-11T17:26:43.777Z,buy,5.886e-05,374.0,0.02201364
BCD/BTC,1573493232670,2019-11-11T17:27:12.670Z,buy,5.885e-05,214.0,0.0125939
BCD/BTC,1573493232670,2019-11-11T17:27:12.670Z,buy,5.886e-05,173.0,0.01018278
BCD/BTC,1573493233796,2019-11-11T17:27:13.796Z,sell,5.886e-05,189.0,0.01112454
BCD/BTC,1573493240809,2019-11-11T17:27:20.809Z,sell,5.886e-05,90.0,0.0052974
BCD/BTC,1573493251060,2019-11-11T17:27:31.060Z,buy,5.887e-05,503.0,0.02961161
BCD/BTC,1573493251060,2019-11-11T17:27:31.060Z,buy,5.891e-05,355.0,0.02091305
BCD/BTC,1573493262197,2019-11-11T17:27:42.197Z,buy,5.891e-05,41.0,0.00241531
BCD/BTC,1573493263618,2019-11-11T17:27:43.618Z,buy,5.891e-05,41.0,0.00241531
BCD/BTC,1573493266420,2019-11-11T17:27:46.420Z,buy,5.891e-05,71.0,0.00418261
BCD/BTC,1573493282717,2019-11-11T17:28:02.717Z,buy,5.891e-05,101.0,0.00594991
BCD/BTC,1573493307353,2019-11-11T17:28:27.353Z,buy,5.891e-05,202.0,0.01189982
BCD/BTC,1573493307354,2019-11-11T17:28:27.354Z,buy,5.891e-05,64.0,0.00377024
BCD/BTC,1573493307366,2019-11-11T17:28:27.366Z,buy,5.892e-05,159.0,0.00936828
BCD/BTC,1573493307375,2019-11-11T17:28:27.375Z,buy,5.892e-05,202.0,0.01190184
BCD/BTC,1573493329864,2019-11-11T17:28:49.864Z,sell,5.883e-05,1070.0,0.0629480999999999
BCD/BTC,1573493329864,2019-11-11T17:28:49.864Z,sell,5.882e-05,68.0,0.00399976
BCD/BTC,1573493329864,2019-11-11T17:28:49.864Z,sell,5.878e-05,774.0,0.04549572
BCD/BTC,1573493329993,2019-11-11T17:28:49.993Z,sell,5.877e-05,64.0,0.00376128
BCD/BTC,1573493330622,2019-11-11T17:28:50.622Z,sell,5.877e-05,204.0,0.01198908
BCD/BTC,1573493330750,2019-11-11T17:28:50.750Z,sell,5.877e-05,93.0,0.00546561
BCD/BTC,1573493330837,2019-11-11T17:28:50.837Z,sell,5.877e-05,196.0,0.01151892
BCD/BTC,1573493330989,2019-11-11T17:28:50.989Z,sell,5.877e-05,215.0,0.01263555
BCD/BTC,1573493331024,2019-11-11T17:28:51.024Z,sell,5.877e-05,90.0,0.0052893
BCD/BTC,1573493334224,2019-11-11T17:28:54.224Z,sell,5.877e-05,299.0,0.01757223
BCD/BTC,1573493335216,2019-11-11T17:28:55.216Z,sell,5.877e-05,212.0,0.01245924
BCD/BTC,1573493337025,2019-11-11T17:28:57.025Z,sell,5.877e-05,394.0,0.02315538
BCD/BTC,1573493337689,2019-11-11T17:28:57.689Z,sell,5.877e-05,310.0,0.0182187
BCD/BTC,1573493337760,2019-11-11T17:28:57.760Z,sell,5.877e-05,362.0,0.02127474
BCD/BTC,1573493362644,2019-11-11T17:29:22.644Z,sell,5.866e-05,54.0,0.0031676399999999
BCD/BTC,1573493362644,2019-11-11T17:29:22.644Z,sell,5.865e-05,168.0,0.0098532
BCD/BTC,1573493362644,2019-11-11T17:29:22.644Z,sell,5.862e-05,203.0,0.01189986
BCD/BTC,1573493362644,2019-11-11T17:29:22.644Z,sell,5.861e-05,610.0,0.0357521
BCD/BTC,1573493362856,2019-11-11T17:29:22.856Z,buy,5.861e-05,54.0,0.00316494
BCD/BTC,1573493362868,2019-11-11T17:29:22.868Z,buy,5.861e-05,133.0,0.00779513
BCD/BTC,1573493362972,2019-11-11T17:29:22.972Z,buy,5.861e-05,97.0,0.00568517
BCD/BTC,1573493375764,2019-11-11T17:29:35.764Z,sell,5.852e-05,108.0,0.00632016
BCD/BTC,1573493394436,2019-11-11T17:29:54.436Z,sell,5.86e-05,162.0,0.0094932
BCD/BTC,1573493400229,2019-11-11T17:30:00.229Z,buy,5.861e-05,17.0,0.00099637
BCD/BTC,1573493434922,2019-11-11T17:30:34.922Z,sell,5.874e-05,214.0,0.01257036
BCD/BTC,1573493434922,2019-11-11T17:30:34.922Z,sell,5.87e-05,1785.0,0.1047795
BCD/BTC,1573493443813,2019-11-11T17:30:43.813Z,sell,5.871e-05,54.0,0.00317034
BCD/BTC,1573493443813,2019-11-11T17:30:43.813Z,sell,5.87e-05,114.0,0.0066917999999999
BCD/BTC,1573493443813,2019-11-11T17:30:43.813Z,sell,5.866e-05,22.0,0.0012905199999999
BCD/BTC,1573493444014,2019-11-11T17:30:44.014Z,sell,5.871e-05,54.0,0.00317034
BCD/BTC,1573493455684,2019-11-11T17:30:55.684Z,sell,5.867e-05,54.0,0.00316818
BCD/BTC,1573493455923,2019-11-11T17:30:55.923Z,sell,5.868e-05,54.0,0.00316872
BCD/BTC,1573493508438,2019-11-11T17:31:48.438Z,sell,5.871e-05,214.0,0.01256394
BCD/BTC,1573493508438,2019-11-11T17:31:48.438Z,sell,5.87e-05,357.0,0.0209559
BCD/BTC,1573493535462,2019-11-11T17:32:15.462Z,buy,5.89e-05,340.0,0.020026
BCD/BTC,1573493535485,2019-11-11T17:32:15.485Z,sell,5.89e-05,224.0,0.0131936
BCD/BTC,1573493535538,2019-11-11T17:32:15.538Z,sell,5.89e-05,227.0,0.0133703
BCD/BTC,1573493536208,2019-11-11T17:32:16.208Z,sell,5.89e-05,132.0,0.0077748
BCD/BTC,1573493594544,2019-11-11T17:33:14.544Z,buy,5.891e-05,10.0,0.0005891
BCD/BTC,1573493597870,2019-11-11T17:33:17.870Z,sell,5.89e-05,20.0,0.001178
BCD/BTC,1573493613251,2019-11-11T17:33:33.251Z,buy,5.891e-05,4.0,0.00023564
BCD/BTC,1573493671569,2019-11-11T17:34:31.569Z,sell,5.89e-05,5.0,0.0002945
BCD/BTC,1573493671569,2019-11-11T17:34:31.569Z,sell,5.87e-05,57.0,0.0033458999999999
BCD/BTC,1573493690500,2019-11-11T17:34:50.500Z,sell,5.873e-05,54.0,0.00317142
BCD/BTC,1573493690500,2019-11-11T17:34:50.500Z,sell,5.872e-05,177.0,0.01039344
BCD/BTC,1573493690500,2019-11-11T17:34:50.500Z,sell,5.87e-05,2585.0,0.1517395
BCD/BTC,1573493698352,2019-11-11T17:34:58.352Z,buy,5.873e-05,14.0,0.00082222
BCD/BTC,1573493705709,2019-11-11T17:35:05.709Z,sell,5.87e-05,40.0,0.002348
BCD/BTC,1573493712082,2019-11-11T17:35:12.082Z,buy,5.886e-05,428.0,0.02519208
BCD/BTC,1573493739559,2019-11-11T17:35:39.559Z,buy,5.887e-05,139.0,0.00818293
BCD/BTC,1573493739559,2019-11-11T17:35:39.559Z,buy,5.889e-05,121.0,0.00712569
BCD/BTC,1573493739559,2019-11-11T17:35:39.559Z,buy,5.89e-05,249.0,0.0146661
BCD/BTC,1573493770000,2019-11-11T17:36:10.000Z,buy,5.89e-05,122.0,0.0071858
BCD/BTC,1573493770000,2019-11-11T17:36:10.000Z,buy,5.891e-05,987.0,0.0581441699999999
BCD/BTC,1573493770000,2019-11-11T17:36:10.000Z,buy,5.892e-05,1586.0,0.09344712
BCD/BTC,1573493770035,2019-11-11T17:36:10.035Z,buy,5.893e-05,19.0,0.00111967
BCD/BTC,1573493770035,2019-11-11T17:36:10.035Z,buy,5.895e-05,87.0,0.00512865
BCD/BTC,1573493773302,2019-11-11T17:36:13.302Z,buy,5.895e-05,17.0,0.00100215
BCD/BTC,1573493773302,2019-11-11T17:36:13.302Z,buy,5.9e-05,208.0,0.012272
BCD/BTC,1573493790965,2019-11-11T17:36:30.965Z,buy,5.9e-05,427.0,0.025193
BCD/BTC,1573493791306,2019-11-11T17:36:31.306Z,buy,5.9e-05,82.0,0.0048379999999999
BCD/BTC,1573493852617,2019-11-11T17:37:32.617Z,buy,5.9e-05,407.0,0.024013
BCD/BTC,1573493852669,2019-11-11T17:37:32.669Z,sell,5.9e-05,32.0,0.001888
BCD/BTC,1573493852824,2019-11-11T17:37:32.824Z,sell,5.9e-05,58.0,0.0034219999999999
BCD/BTC,1573493854078,2019-11-11T17:37:34.078Z,sell,5.9e-05,8.0,0.000472
BCD/BTC,1573493863703,2019-11-11T17:37:43.703Z,sell,5.9e-05,547.0,0.0322729999999999
BCD/BTC,1573493893691,2019-11-11T17:38:13.691Z,buy,5.902e-05,181.0,0.01068262
BCD/BTC,1573493909077,2019-11-11T17:38:29.077Z,sell,5.902e-05,9.0,0.00053118
BCD/BTC,1573493932179,2019-11-11T17:38:52.179Z,sell,5.902e-05,96.0,0.00566592
BCD/BTC,1573493932179,2019-11-11T17:38:52.179Z,sell,5.901e-05,339.0,0.02000439
BCD/BTC,1573493932179,2019-11-11T17:38:52.179Z,sell,5.9e-05,231.0,0.0136289999999999
BCD/BTC,1573493936162,2019-11-11T17:38:56.162Z,sell,5.9e-05,784.0,0.046256
BCD/BTC,1573493955721,2019-11-11T17:39:15.721Z,sell,5.9e-05,2.0,0.000118
BCD/BTC,1573493982992,2019-11-11T17:39:42.992Z,sell,5.9e-05,54.0,0.003186
BCD/BTC,1573493999348,2019-11-11T17:39:59.348Z,sell,5.9e-05,5.0,0.000295
BCD/BTC,1573494043606,2019-11-11T17:40:43.606Z,sell,5.9e-05,341.0,0.0201189999999999
BCD/BTC,1573494044613,2019-11-11T17:40:44.613Z,sell,5.9e-05,72.0,0.004248
BCD/BTC,1573494044690,2019-11-11T17:40:44.690Z,sell,5.9e-05,31.0,0.001829
BCD/BTC,1573494046007,2019-11-11T17:40:46.007Z,sell,5.9e-05,9.0,0.000531
BCD/BTC,1573494048520,2019-11-11T17:40:48.520Z,sell,5.9e-05,9.0,0.000531
BCD/BTC,1573494072511,2019-11-11T17:41:12.511Z,sell,5.9e-05,14.0,0.0008259999999999
BCD/BTC,1573494077894,2019-11-11T17:41:17.894Z,sell,5.9e-05,9.0,0.000531
BCD/BTC,1573494078084,2019-11-11T17:41:18.084Z,sell,5.9e-05,6.0,0.000354
BCD/BTC,1573494082458,2019-11-11T17:41:22.458Z,sell,5.886e-05,52.0,0.00306072
BCD/BTC,1573494101181,2019-11-11T17:41:41.181Z,sell,5.886e-05,141.0,0.00829926
BCD/BTC,1573494109764,2019-11-11T17:41:49.764Z,sell,5.878e-05,5.0,0.0002939
BCD/BTC,1573494140547,2019-11-11T17:42:20.547Z,sell,5.881e-05,2.0,0.00011762
BCD/BTC,1573494266231,2019-11-11T17:44:26.231Z,sell,5.884e-05,8.0,0.00047072
BCD/BTC,1573494266231,2019-11-11T17:44:26.231Z,sell,5.872e-05,17.0,0.00099824
BCD/BTC,1573494266675,2019-11-11T17:44:26.675Z,sell,5.872e-05,43.0,0.00252496
BCD/BTC,1573494430946,2019-11-11T17:47:10.946Z,sell,5.873e-05,70.0,0.0041111
BCD/BTC,1573494430946,2019-11-11T17:47:10.946Z,sell,5.872e-05,329.0,0.01931888
BCD/BTC,1573494430946,2019-11-11T17:47:10.946Z,sell,5.871e-05,214.0,0.01256394
BCD/BTC,1573494430946,2019-11-11T17:47:10.946Z,sell,5.87e-05,562.0,0.0329893999999999
BCD/BTC,1573494431302,2019-11-11T17:47:11.302Z,sell,5.87e-05,492.0,0.0288803999999999
BCD/BTC,1573494442477,2019-11-11T17:47:22.477Z,sell,5.87e-05,102.0,0.0059873999999999
BCD/BTC,1573494445078,2019-11-11T17:47:25.078Z,buy,5.894e-05,27.0,0.00159138
BCD/BTC,1573494445078,2019-11-11T17:47:25.078Z,buy,5.907e-05,21.0,0.00124047
BCD/BTC,1573494465812,2019-11-11T17:47:45.812Z,buy,5.899e-05,19.0,0.00112081
BCD/BTC,1573494535149,2019-11-11T17:48:55.149Z,buy,5.899e-05,2.0,0.00011798
BCD/BTC,1573494670112,2019-11-11T17:51:10.112Z,buy,5.898e-05,143.0,0.00843414
BCD/BTC,1573494676194,2019-11-11T17:51:16.194Z,sell,5.879e-05,88.0,0.00517352
BCD/BTC,1573494676194,2019-11-11T17:51:16.194Z,sell,5.876e-05,40.0,0.0023504
BCD/BTC,1573494676194,2019-11-11T17:51:16.194Z,sell,5.875e-05,126.0,0.0074024999999999
BCD/BTC,1573494716406,2019-11-11T17:51:56.406Z,sell,5.88e-05,16.0,0.0009408
BCD/BTC,1573494716406,2019-11-11T17:51:56.406Z,sell,5.875e-05,1883.0,0.11062625
BCD/BTC,1573494725872,2019-11-11T17:52:05.872Z,buy,5.897e-05,339.0,0.01999083
BCD/BTC,1573494725872,2019-11-11T17:52:05.872Z,buy,5.898e-05,68.0,0.00401064
BCD/BTC,1573494731882,2019-11-11T17:52:11.882Z,buy,5.898e-05,100.0,0.005898
BCD/BTC,1573494734735,2019-11-11T17:52:14.735Z,buy,5.898e-05,33.0,0.00194634
BCD/BTC,1573495038107,2019-11-11T17:57:18.107Z,buy,5.898e-05,117.0,0.00690066
BCD/BTC,1573495097411,2019-11-11T17:58:17.411Z,sell,5.882e-05,77.0,0.00452914
BCD/BTC,1573495097411,2019-11-11T17:58:17.411Z,sell,5.881e-05,476.0,0.02799356
BCD/BTC,1573495097411,2019-11-11T17:58:17.411Z,sell,5.88e-05,4022.0,0.2364936
BCD/BTC,1573495117019,2019-11-11T17:58:37.019Z,sell,5.883e-05,67.0,0.00394161
BCD/BTC,1573495117019,2019-11-11T17:58:37.019Z,sell,5.881e-05,2.0,0.00011762
BCD/BTC,1573495117019,2019-11-11T17:58:37.019Z,sell,5.88e-05,61.0,0.0035868
BCD/BTC,1573495118463,2019-11-11T17:58:38.463Z,buy,5.898e-05,41.0,0.00241818
BCD/BTC,1573495118463,2019-11-11T17:58:38.463Z,buy,5.899e-05,340.0,0.0200566
BCD/BTC,1573495118463,2019-11-11T17:58:38.463Z,buy,5.9e-05,1509.0,0.089031
BCD/BTC,1573495148049,2019-11-11T17:59:08.049Z,buy,5.9e-05,2.0,0.000118
BCD/BTC,1573495176662,2019-11-11T17:59:36.662Z,buy,5.9e-05,56.0,0.0033039999999999
BCD/BTC,1573495257610,2019-11-11T18:00:57.610Z,buy,5.9e-05,7.0,0.0004129999999999
BCD/BTC,1573495272790,2019-11-11T18:01:12.790Z,sell,5.886e-05,596.0,0.03508056
BCD/BTC,1573495272790,2019-11-11T18:01:12.790Z,sell,5.885e-05,4696.0,0.2763596
BCD/BTC,1573495281795,2019-11-11T18:01:21.795Z,sell,5.885e-05,1973.0,0.11611105
BCD/BTC,1573495314104,2019-11-11T18:01:54.104Z,sell,5.885e-05,2216.0,0.1304116
BCD/BTC,1573495315172,2019-11-11T18:01:55.172Z,sell,5.885e-05,74.0,0.0043549
BCD/BTC,1573495340214,2019-11-11T18:02:20.214Z,buy,5.899e-05,2.0,0.00011798
BCD/BTC,1573495435084,2019-11-11T18:03:55.084Z,sell,5.885e-05,94.0,0.0055319
BCD/BTC,1573495450427,2019-11-11T18:04:10.427Z,sell,5.885e-05,228.0,0.0134178
BCD/BTC,1573495453987,2019-11-11T18:04:13.987Z,sell,5.88e-05,8291.0,0.4875108
BCD/BTC,1573495465231,2019-11-11T18:04:25.231Z,sell,5.88e-05,246.0,0.0144648
BCD/BTC,1573495468278,2019-11-11T18:04:28.278Z,sell,5.875e-05,502.0,0.0294924999999999
BCD/BTC,1573495468857,2019-11-11T18:04:28.857Z,sell,5.875e-05,39.0,0.00229125
BCD/BTC,1573495468857,2019-11-11T18:04:28.857Z,sell,5.872e-05,140.0,0.0082208
BCD/BTC,1573495468857,2019-11-11T18:04:28.857Z,sell,5.87e-05,64.0,0.0037568
BCD/BTC,1573495468857,2019-11-11T18:04:28.857Z,sell,5.869e-05,250.0,0.0146725
BCD/BTC,1573495470344,2019-11-11T18:04:30.344Z,sell,5.869e-05,29.0,0.00170201
BCD/BTC,1573495470344,2019-11-11T18:04:30.344Z,sell,5.868e-05,3.0,0.00017604
BCD/BTC,1573495470344,2019-11-11T18:04:30.344Z,sell,5.862e-05,2.0,0.00011724
BCD/BTC,1573495470344,2019-11-11T18:04:30.344Z,sell,5.855e-05,3.0,0.00017565
BCD/BTC,1573495470344,2019-11-11T18:04:30.344Z,sell,5.854e-05,28.0,0.00163912
BCD/BTC,1573495470344,2019-11-11T18:04:30.344Z,sell,5.851e-05,22.0,0.00128722
BCD/BTC,1573495470344,2019-11-11T18:04:30.344Z,sell,5.85e-05,16.0,0.000936
BCD/BTC,1573495487107,2019-11-11T18:04:47.107Z,sell,5.851e-05,971.0,0.05681321
BCD/BTC,1573495491836,2019-11-11T18:04:51.836Z,sell,5.851e-05,143.0,0.00836693
BCD/BTC,1573495491836,2019-11-11T18:04:51.836Z,sell,5.85e-05,71.0,0.0041535
BCD/BTC,1573495491945,2019-11-11T18:04:51.945Z,buy,5.85e-05,155.0,0.0090675
BCD/BTC,1573495491947,2019-11-11T18:04:51.947Z,buy,5.85e-05,368.0,0.021528
BCD/BTC,1573495491988,2019-11-11T18:04:51.988Z,buy,5.85e-05,134.0,0.007839
BCD/BTC,1573495492174,2019-11-11T18:04:52.174Z,buy,5.85e-05,600.0,0.0351
BCD/BTC,1573495492193,2019-11-11T18:04:52.193Z,buy,5.85e-05,500.0,0.0292499999999999
BCD/BTC,1573495492322,2019-11-11T18:04:52.322Z,buy,5.85e-05,500.0,0.0292499999999999
BCD/BTC,1573495492355,2019-11-11T18:04:52.355Z,buy,5.85e-05,129.0,0.0075465
BCD/BTC,1573495492366,2019-11-11T18:04:52.366Z,buy,5.85e-05,1729.0,0.1011465
BCD/BTC,1573495492380,2019-11-11T18:04:52.380Z,buy,5.85e-05,134.0,0.007839
BCD/BTC,1573495492541,2019-11-11T18:04:52.541Z,buy,5.85e-05,600.0,0.0351
BCD/BTC,1573495493627,2019-11-11T18:04:53.627Z,buy,5.85e-05,200.0,0.0117
BCD/BTC,1573495502171,2019-11-11T18:05:02.171Z,sell,5.857e-05,1036.0,0.06067852
BCD/BTC,1573495512262,2019-11-11T18:05:12.262Z,sell,5.847e-05,974.0,0.05694978
BCD/BTC,1573495521781,2019-11-11T18:05:21.781Z,sell,5.845e-05,292.0,0.0170674
BCD/BTC,1573495528589,2019-11-11T18:05:28.589Z,sell,5.844e-05,34.0,0.00198696
BCD/BTC,1573495528589,2019-11-11T18:05:28.589Z,sell,5.842e-05,786.0,0.04591812
BCD/BTC,1573495528589,2019-11-11T18:05:28.589Z,sell,5.841e-05,1192.0,0.06962472
BCD/BTC,1573495528589,2019-11-11T18:05:28.589Z,sell,5.84e-05,1438.0,0.0839792
BCD/BTC,1573495528589,2019-11-11T18:05:28.589Z,sell,5.838e-05,264.0,0.01541232
BCD/BTC,1573495528626,2019-11-11T18:05:28.626Z,buy,5.838e-05,40.0,0.0023352
BCD/BTC,1573495528630,2019-11-11T18:05:28.630Z,buy,5.838e-05,872.0,0.05090736
BCD/BTC,1573495528693,2019-11-11T18:05:28.693Z,buy,5.838e-05,58.0,0.00338604
BCD/BTC,1573495528805,2019-11-11T18:05:28.805Z,buy,5.838e-05,87.0,0.00507906
BCD/BTC,1573495528886,2019-11-11T18:05:28.886Z,buy,5.838e-05,2.0,0.00011676
BCD/BTC,1573495540135,2019-11-11T18:05:40.135Z,sell,5.844e-05,38.0,0.00222072
BCD/BTC,1573495543543,2019-11-11T18:05:43.543Z,sell,5.844e-05,175.0,0.010227
BCD/BTC,1573495545219,2019-11-11T18:05:45.219Z,buy,5.868e-05,106.0,0.00622008
BCD/BTC,1573495560580,2019-11-11T18:06:00.580Z,buy,5.868e-05,82.0,0.00481176
BCD/BTC,1573495562593,2019-11-11T18:06:02.593Z,buy,5.868e-05,70.0,0.0041076
BCD/BTC,1573495565134,2019-11-11T18:06:05.134Z,buy,5.867e-05,18.0,0.00105606
BCD/BTC,1573495751658,2019-11-11T18:09:11.658Z,buy,5.876e-05,5.0,0.0002938
BCD/BTC,1573495755627,2019-11-11T18:09:15.627Z,buy,5.879e-05,180.0,0.0105822
BCD/BTC,1573495755627,2019-11-11T18:09:15.627Z,buy,5.88e-05,62.0,0.0036456
BCD/BTC,1573495758218,2019-11-11T18:09:18.218Z,buy,5.88e-05,25.0,0.00147
BCD/BTC,1573495758218,2019-11-11T18:09:18.218Z,buy,5.882e-05,3.0,0.00017646
BCD/BTC,1573495758218,2019-11-11T18:09:18.218Z,buy,5.884e-05,32.0,0.00188288
BCD/BTC,1573495758218,2019-11-11T18:09:18.218Z,buy,5.885e-05,17.0,0.00100045
BCD/BTC,1573495758218,2019-11-11T18:09:18.218Z,buy,5.886e-05,3.0,0.00017658
BCD/BTC,1573495776975,2019-11-11T18:09:36.975Z,buy,5.886e-05,15.0,0.0008829
BCD/BTC,1573495787827,2019-11-11T18:09:47.827Z,buy,5.886e-05,2.0,0.00011772
BCD/BTC,1573495816821,2019-11-11T18:10:16.821Z,sell,5.872e-05,24.0,0.00140928
BCD/BTC,1573495816821,2019-11-11T18:10:16.821Z,sell,5.871e-05,84.0,0.00493164
BCD/BTC,1573495816821,2019-11-11T18:10:16.821Z,sell,5.87e-05,40.0,0.002348
BCD/BTC,1573495968551,2019-11-11T18:12:48.551Z,sell,5.871e-05,83.0,0.00487293
BCD/BTC,1573496005415,2019-11-11T18:13:25.415Z,sell,5.871e-05,39.0,0.00228969
BCD/BTC,1573496094278,2019-11-11T18:14:54.278Z,sell,5.871e-05,56.0,0.00328776
BCD/BTC,1573496109836,2019-11-11T18:15:09.836Z,sell,5.87e-05,3.0,0.0001761
BCD/BTC,1573496123191,2019-11-11T18:15:23.191Z,sell,5.87e-05,20.0,0.001174
BCD/BTC,1573496142942,2019-11-11T18:15:42.942Z,sell,5.871e-05,52.0,0.0030529199999999
BCD/BTC,1573496164342,2019-11-11T18:16:04.342Z,sell,5.871e-05,427.0,0.0250691699999999
BCD/BTC,1573496164342,2019-11-11T18:16:04.342Z,sell,5.87e-05,65.0,0.0038155
BCD/BTC,1573496178657,2019-11-11T18:16:18.657Z,sell,5.87e-05,226.0,0.0132661999999999
BCD/BTC,1573496196879,2019-11-11T18:16:36.879Z,sell,5.878e-05,24.0,0.00141072
BCD/BTC,1573496208339,2019-11-11T18:16:48.339Z,buy,5.885e-05,3.0,0.00017655
BCD/BTC,1573496208339,2019-11-11T18:16:48.339Z,buy,5.886e-05,2.0,0.00011772
BCD/BTC,1573496208339,2019-11-11T18:16:48.339Z,buy,5.888e-05,335.0,0.0197248
BCD/BTC,1573496208339,2019-11-11T18:16:48.339Z,buy,5.889e-05,603.0,0.03551067
BCD/BTC,1573496208360,2019-11-11T18:16:48.360Z,sell,5.895e-05,541.0,0.03189195
BCD/BTC,1573496208364,2019-11-11T18:16:48.364Z,sell,5.895e-05,384.0,0.0226368
BCD/BTC,1573496208368,2019-11-11T18:16:48.368Z,sell,5.895e-05,184.0,0.0108468
BCD/BTC,1573496208460,2019-11-11T18:16:48.460Z,sell,5.895e-05,132.0,0.0077814
BCD/BTC,1573496211505,2019-11-11T18:16:51.505Z,buy,5.897e-05,4.0,0.00023588
BCD/BTC,1573496225185,2019-11-11T18:17:05.185Z,sell,5.897e-05,13.0,0.00076661
BCD/BTC,1573496256250,2019-11-11T18:17:36.250Z,buy,5.896e-05,2.0,0.00011792
BCD/BTC,1573496256532,2019-11-11T18:17:36.532Z,buy,5.896e-05,2.0,0.00011792
BCD/BTC,1573496260728,2019-11-11T18:17:40.728Z,buy,5.896e-05,200.0,0.011792
BCD/BTC,1573496298131,2019-11-11T18:18:18.131Z,buy,5.896e-05,170.0,0.0100232
BCD/BTC,1573496317114,2019-11-11T18:18:37.114Z,sell,5.895e-05,697.0,0.04108815
BCD/BTC,1573496324817,2019-11-11T18:18:44.817Z,sell,5.89e-05,17.0,0.0010013
BCD/BTC,1573496459433,2019-11-11T18:20:59.433Z,sell,5.882e-05,2.0,0.00011764
BCD/BTC,1573496459433,2019-11-11T18:20:59.433Z,sell,5.88e-05,42.0,0.0024696
BCD/BTC,1573496459433,2019-11-11T18:20:59.433Z,sell,5.879e-05,2.0,0.00011758
BCD/BTC,1573496459433,2019-11-11T18:20:59.433Z,sell,5.878e-05,65.0,0.0038207
BCD/BTC,1573496459433,2019-11-11T18:20:59.433Z,sell,5.871e-05,199.0,0.0116832899999999
BCD/BTC,1573496459433,2019-11-11T18:20:59.433Z,sell,5.87e-05,87.0,0.0051069
BCD/BTC,1573496459433,2019-11-11T18:20:59.433Z,sell,5.882e-05,2.0,0.00011764
BCD/BTC,1573496459433,2019-11-11T18:20:59.433Z,sell,5.88e-05,42.0,0.0024696
BCD/BTC,1573496459433,2019-11-11T18:20:59.433Z,sell,5.879e-05,2.0,0.00011758
BCD/BTC,1573496459433,2019-11-11T18:20:59.433Z,sell,5.878e-05,65.0,0.0038207
BCD/BTC,1573496459433,2019-11-11T18:20:59.433Z,sell,5.871e-05,199.0,0.0116832899999999
BCD/BTC,1573496459433,2019-11-11T18:20:59.433Z,sell,5.87e-05,87.0,0.0051069
BCD/BTC,1573496563573,2019-11-11T18:22:43.573Z,sell,5.871e-05,141.0,0.00827811
BCD/BTC,1573496563573,2019-11-11T18:22:43.573Z,sell,5.87e-05,1708.0,0.1002595999999999
BCD/BTC,1573496615392,2019-11-11T18:23:35.392Z,sell,5.87e-05,300.0,0.01761
BCD/BTC,1573496640496,2019-11-11T18:24:00.496Z,buy,5.881e-05,25.0,0.00147025
BCD/BTC,1573496640496,2019-11-11T18:24:00.496Z,buy,5.889e-05,26.0,0.00153114
BCD/BTC,1573497058335,2019-11-11T18:30:58.335Z,sell,5.877e-05,18.0,0.00105786
BCD/BTC,1573497058335,2019-11-11T18:30:58.335Z,sell,5.872e-05,95.0,0.0055784
BCD/BTC,1573497058335,2019-11-11T18:30:58.335Z,sell,5.871e-05,51.0,0.0029942099999999
BCD/BTC,1573497089665,2019-11-11T18:31:29.665Z,sell,5.87e-05,349.0,0.0204863
BCD/BTC,1573497106816,2019-11-11T18:31:46.816Z,sell,5.87e-05,287.0,0.0168468999999999
BCD/BTC,1573497152942,2019-11-11T18:32:32.942Z,sell,5.87e-05,84.0,0.0049308
BCD/BTC,1573497197738,2019-11-11T18:33:17.738Z,buy,5.889e-05,455.0,0.02679495
BCD/BTC,1573497248642,2019-11-11T18:34:08.642Z,sell,5.889e-05,56.0,0.00329784
BCD/BTC,1573497251357,2019-11-11T18:34:11.357Z,buy,5.889e-05,6.0,0.00035334
BCD/BTC,1573497359279,2019-11-11T18:35:59.279Z,buy,5.888e-05,340.0,0.0200192
BCD/BTC,1573497359279,2019-11-11T18:35:59.279Z,buy,5.889e-05,1385.0,0.08156265
BCD/BTC,1573497433078,2019-11-11T18:37:13.078Z,buy,5.895e-05,46.0,0.0027117
BCD/BTC,1573497560952,2019-11-11T18:39:20.952Z,buy,5.895e-05,432.0,0.0254664
BCD/BTC,1573497658496,2019-11-11T18:40:58.496Z,buy,5.897e-05,2.0,0.00011794
BCD/BTC,1573497660913,2019-11-11T18:41:00.913Z,sell,5.895e-05,94.0,0.0055413
BCD/BTC,1573497675910,2019-11-11T18:41:15.910Z,sell,5.895e-05,62.0,0.0036549
BCD/BTC,1573497686023,2019-11-11T18:41:26.023Z,sell,5.895e-05,233.0,0.01373535
BCD/BTC,1573497785034,2019-11-11T18:43:05.034Z,buy,5.897e-05,16.0,0.00094352
BCD/BTC,1573497785034,2019-11-11T18:43:05.034Z,buy,5.898e-05,86.0,0.00507228
BCD/BTC,1573497785034,2019-11-11T18:43:05.034Z,buy,5.9e-05,103.0,0.006077
BCD/BTC,1573497785610,2019-11-11T18:43:05.610Z,buy,5.9e-05,10.0,0.00059
BCD/BTC,1573497841737,2019-11-11T18:44:01.737Z,buy,5.9e-05,1072.0,0.063248
BCD/BTC,1573497856872,2019-11-11T18:44:16.872Z,sell,5.9e-05,511.0,0.030149
BCD/BTC,1573497884722,2019-11-11T18:44:44.722Z,sell,5.895e-05,2.0,0.0001179
BCD/BTC,1573497905624,2019-11-11T18:45:05.624Z,buy,5.901e-05,8.0,0.00047208
BCD/BTC,1573497905624,2019-11-11T18:45:05.624Z,buy,5.902e-05,1899.0,0.11207898
BCD/BTC,1573497935852,2019-11-11T18:45:35.852Z,sell,5.896e-05,339.0,0.01998744
BCD/BTC,1573497935852,2019-11-11T18:45:35.852Z,sell,5.895e-05,29.0,0.00170955
BCD/BTC,1573497937033,2019-11-11T18:45:37.033Z,buy,5.902e-05,4.0,0.00023608
BCD/BTC,1573498124901,2019-11-11T18:48:44.901Z,buy,5.902e-05,13.0,0.00076726
BCD/BTC,1573498125147,2019-11-11T18:48:45.147Z,sell,5.902e-05,184.0,0.01085968
BCD/BTC,1573498142621,2019-11-11T18:49:02.621Z,sell,5.902e-05,644.0,0.03800888
BCD/BTC,1573498157171,2019-11-11T18:49:17.171Z,buy,5.905e-05,17.0,0.00100385
BCD/BTC,1573498170750,2019-11-11T18:49:30.750Z,sell,5.902e-05,20.0,0.0011804
BCD/BTC,1573498195296,2019-11-11T18:49:55.296Z,buy,5.905e-05,372.0,0.0219666
BCD/BTC,1573498269438,2019-11-11T18:51:09.438Z,buy,5.906e-05,51.0,0.00301206
BCD/BTC,1573498394341,2019-11-11T18:53:14.341Z,sell,5.907e-05,185.0,0.01092795
BCD/BTC,1573498397185,2019-11-11T18:53:17.185Z,sell,5.907e-05,292.0,0.01724844
BCD/BTC,1573498397249,2019-11-11T18:53:17.249Z,sell,5.907e-05,132.0,0.00779724
BCD/BTC,1573498659256,2019-11-11T18:57:39.256Z,sell,5.907e-05,47.0,0.00277629
BCD/BTC,1573498763482,2019-11-11T18:59:23.482Z,buy,5.907e-05,11.0,0.00064977
BCD/BTC,1573498827196,2019-11-11T19:00:27.196Z,buy,5.909e-05,4.0,0.00023636
BCD/BTC,1573498827196,2019-11-11T19:00:27.196Z,buy,5.91e-05,81.0,0.0047871
BCD/BTC,1573498846822,2019-11-11T19:00:46.822Z,buy,5.91e-05,6.0,0.0003546
BCD/BTC,1573498846822,2019-11-11T19:00:46.822Z,buy,5.912e-05,5.0,0.0002956
BCD/BTC,1573498866370,2019-11-11T19:01:06.370Z,buy,5.913e-05,13.0,0.0007686899999999
BCD/BTC,1573498866370,2019-11-11T19:01:06.370Z,buy,5.916e-05,2.0,0.00011832
BCD/BTC,1573498866370,2019-11-11T19:01:06.370Z,buy,5.917e-05,3.0,0.00017751
BCD/BTC,1573498866370,2019-11-11T19:01:06.370Z,buy,5.92e-05,341.0,0.0201872
BCD/BTC,1573498866370,2019-11-11T19:01:06.370Z,buy,5.921e-05,22.0,0.00130262
BCD/BTC,1573498866370,2019-11-11T19:01:06.370Z,buy,5.923e-05,38.0,0.00225074
BCD/BTC,1573498866370,2019-11-11T19:01:06.370Z,buy,5.925e-05,177.0,0.01048725
BCD/BTC,1573498866370,2019-11-11T19:01:06.370Z,buy,5.927e-05,379.0,0.02246333
BCD/BTC,1573498875280,2019-11-11T19:01:15.280Z,buy,5.911e-05,2.0,0.00011822
BCD/BTC,1573498875280,2019-11-11T19:01:15.280Z,buy,5.926e-05,230.0,0.0136298
BCD/BTC,1573498875280,2019-11-11T19:01:15.280Z,buy,5.927e-05,86.0,0.00509722
BCD/BTC,1573498896061,2019-11-11T19:01:36.061Z,sell,5.902e-05,43.0,0.00253786
BCD/BTC,1573499001614,2019-11-11T19:03:21.614Z,sell,5.906e-05,138.0,0.00815028
BCD/BTC,1573499017171,2019-11-11T19:03:37.171Z,buy,5.923e-05,17.0,0.00100691
BCD/BTC,1573499267800,2019-11-11T19:07:47.800Z,sell,5.916e-05,17.0,0.00100572
BCD/BTC,1573499287177,2019-11-11T19:08:07.177Z,sell,5.916e-05,160.0,0.0094656
BCD/BTC,1573499452006,2019-11-11T19:10:52.006Z,buy,5.926e-05,33.0,0.00195558
BCD/BTC,1573499641495,2019-11-11T19:14:01.495Z,buy,5.926e-05,13.0,0.00077038
BCD/BTC,1573499702074,2019-11-11T19:15:02.074Z,buy,5.926e-05,44.0,0.00260744
BCD/BTC,1573499855779,2019-11-11T19:17:35.779Z,sell,5.916e-05,78.0,0.00461448
BCD/BTC,1573499885376,2019-11-11T19:18:05.376Z,sell,5.916e-05,86.0,0.00508776
BCD/BTC,1573499904472,2019-11-11T19:18:24.472Z,buy,5.921e-05,2.0,0.00011842
BCD/BTC,1573499941463,2019-11-11T19:19:01.463Z,buy,5.921e-05,33.0,0.00195393
BCD/BTC,1573499941463,2019-11-11T19:19:01.463Z,buy,5.921e-05,33.0,0.00195393
BCD/BTC,1573500295923,2019-11-11T19:24:55.923Z,buy,5.916e-05,220.0,0.0130152
BCD/BTC,1573500296094,2019-11-11T19:24:56.094Z,buy,5.916e-05,108.0,0.00638928
BCD/BTC,1573500296143,2019-11-11T19:24:56.143Z,buy,5.916e-05,126.0,0.00745416
BCD/BTC,1573500296245,2019-11-11T19:24:56.245Z,buy,5.916e-05,706.0,0.04176696
BCD/BTC,1573500296245,2019-11-11T19:24:56.245Z,buy,5.925e-05,103.0,0.00610275
BCD/BTC,1573500296245,2019-11-11T19:24:56.245Z,buy,5.926e-05,138.0,0.00817788
BCD/BTC,1573500296245,2019-11-11T19:24:56.245Z,buy,5.927e-05,504.0,0.02987208
BCD/BTC,1573500296401,2019-11-11T19:24:56.401Z,buy,5.926e-05,53.0,0.00314078
BCD/BTC,1573500296415,2019-11-11T19:24:56.415Z,buy,5.926e-05,35.0,0.0020740999999999
BCD/BTC,1573500296415,2019-11-11T19:24:56.415Z,buy,5.927e-05,19.0,0.00112613
BCD/BTC,1573500296428,2019-11-11T19:24:56.428Z,buy,5.927e-05,206.0,0.01220962
BCD/BTC,1573500296428,2019-11-11T19:24:56.428Z,buy,5.931e-05,4.0,0.00023724
BCD/BTC,1573500296428,2019-11-11T19:24:56.428Z,buy,5.932e-05,5.0,0.0002966
BCD/BTC,1573500296428,2019-11-11T19:24:56.428Z,buy,5.934e-05,8.0,0.00047472
BCD/BTC,1573500296428,2019-11-11T19:24:56.428Z,buy,5.935e-05,15.0,0.00089025
BCD/BTC,1573500296428,2019-11-11T19:24:56.428Z,buy,5.938e-05,33.0,0.00195954
BCD/BTC,1573500296428,2019-11-11T19:24:56.428Z,buy,5.94e-05,87.0,0.0051678
BCD/BTC,1573500296428,2019-11-11T19:24:56.428Z,buy,5.941e-05,2.0,0.00011882
BCD/BTC,1573500296428,2019-11-11T19:24:56.428Z,buy,5.945e-05,21.0,0.00124845
BCD/BTC,1573500296522,2019-11-11T19:24:56.522Z,buy,5.926e-05,58.0,0.00343708
BCD/BTC,1573500296545,2019-11-11T19:24:56.545Z,sell,5.933e-05,38.0,0.00225454
BCD/BTC,1573500296720,2019-11-11T19:24:56.720Z,buy,5.926e-05,116.0,0.00687416
BCD/BTC,1573500296728,2019-11-11T19:24:56.728Z,buy,5.926e-05,2.0,0.00011852
BCD/BTC,1573500335820,2019-11-11T19:25:35.820Z,sell,5.926e-05,87.0,0.00515562
BCD/BTC,1573500385970,2019-11-11T19:26:25.970Z,sell,5.926e-05,534.0,0.03164484
BCD/BTC,1573500387077,2019-11-11T19:26:27.077Z,sell,5.915e-05,4.0,0.0002366
BCD/BTC,1573500387094,2019-11-11T19:26:27.094Z,sell,5.915e-05,4.0,0.0002366
BCD/BTC,1573500409869,2019-11-11T19:26:49.869Z,sell,5.915e-05,81.0,0.00479115
BCD/BTC,1573500418930,2019-11-11T19:26:58.930Z,sell,5.91e-05,16.0,0.0009456
BCD/BTC,1573500511699,2019-11-11T19:28:31.699Z,sell,5.91e-05,71.0,0.0041961
BCD/BTC,1573500511738,2019-11-11T19:28:31.738Z,buy,5.91e-05,25.0,0.0014775
BCD/BTC,1573500511788,2019-11-11T19:28:31.788Z,buy,5.91e-05,4.0,0.0002364
BCD/BTC,1573500511799,2019-11-11T19:28:31.799Z,buy,5.91e-05,25.0,0.0014775
BCD/BTC,1573500513920,2019-11-11T19:28:33.920Z,buy,5.91e-05,3.0,0.0001773
BCD/BTC,1573500642317,2019-11-11T19:30:42.317Z,buy,5.91e-05,2.0,0.0001182
BCD/BTC,1573500664790,2019-11-11T19:31:04.790Z,sell,5.9e-05,91.0,0.005369
BCD/BTC,1573500664790,2019-11-11T19:31:04.790Z,sell,5.896e-05,573.0,0.03378408
BCD/BTC,1573500664790,2019-11-11T19:31:04.790Z,sell,5.895e-05,22.0,0.0012969
BCD/BTC,1573500667286,2019-11-11T19:31:07.286Z,buy,5.91e-05,34.0,0.0020094
BCD/BTC,1573500733983,2019-11-11T19:32:13.983Z,buy,5.91e-05,5.0,0.0002954999999999
BCD/BTC,1573500958170,2019-11-11T19:35:58.170Z,sell,5.896e-05,298.0,0.01757008
BCD/BTC,1573500958170,2019-11-11T19:35:58.170Z,sell,5.895e-05,274.0,0.0161523
BCD/BTC,1573501100097,2019-11-11T19:38:20.097Z,sell,5.896e-05,104.0,0.0061318399999999
BCD/BTC,1573501100097,2019-11-11T19:38:20.097Z,sell,5.895e-05,1846.0,0.1088217
BCD/BTC,1573501100097,2019-11-11T19:38:20.097Z,sell,5.89e-05,218.0,0.0128402
BCD/BTC,1573501100097,2019-11-11T19:38:20.097Z,sell,5.889e-05,370.0,0.0217893
BCD/BTC,1573501198619,2019-11-11T19:39:58.619Z,sell,5.891e-05,2.0,0.00011782
BCD/BTC,1573501198619,2019-11-11T19:39:58.619Z,sell,5.89e-05,27.0,0.0015903
BCD/BTC,1573501223992,2019-11-11T19:40:23.992Z,sell,5.89e-05,42.0,0.0024738
BCD/BTC,1573501223992,2019-11-11T19:40:23.992Z,sell,5.889e-05,3084.0,0.18161676
BCD/BTC,1573501224328,2019-11-11T19:40:24.328Z,buy,5.888e-05,2.0,0.00011776
BCD/BTC,1573501224328,2019-11-11T19:40:24.328Z,buy,5.889e-05,111.0,0.00653679
BCD/BTC,1573501225252,2019-11-11T19:40:25.252Z,buy,5.889e-05,52.0,0.00306228
BCD/BTC,1573501225341,2019-11-11T19:40:25.341Z,buy,5.889e-05,111.0,0.00653679
BCD/BTC,1573501270651,2019-11-11T19:41:10.651Z,buy,5.889e-05,76.0,0.00447564
BCD/BTC,1573501312571,2019-11-11T19:41:52.571Z,sell,5.886e-05,22.0,0.00129492
BCD/BTC,1573501312571,2019-11-11T19:41:52.571Z,sell,5.884e-05,34.0,0.00200056
BCD/BTC,1573501312571,2019-11-11T19:41:52.571Z,sell,5.883e-05,2.0,0.00011766
BCD/BTC,1573501312571,2019-11-11T19:41:52.571Z,sell,5.882e-05,3.0,0.00017646
BCD/BTC,1573501312571,2019-11-11T19:41:52.571Z,sell,5.88e-05,87.0,0.0051156
BCD/BTC,1573501312571,2019-11-11T19:41:52.571Z,sell,5.876e-05,5.0,0.0002938
BCD/BTC,1573501312571,2019-11-11T19:41:52.571Z,sell,5.871e-05,491.0,0.02882661
BCD/BTC,1573501312571,2019-11-11T19:41:52.571Z,sell,5.87e-05,2194.0,0.1287877999999999
BCD/BTC,1573501312571,2019-11-11T19:41:52.571Z,sell,5.868e-05,18.0,0.00105624
BCD/BTC,1573501312571,2019-11-11T19:41:52.571Z,sell,5.867e-05,648.0,0.03801816
BCD/BTC,1573501312571,2019-11-11T19:41:52.571Z,sell,5.867e-05,375.0,0.02200125
BCD/BTC,1573501322768,2019-11-11T19:42:02.768Z,buy,5.891e-05,1.0,5.891e-05
BCD/BTC,1573501345001,2019-11-11T19:42:25.001Z,buy,5.888e-05,2.0,0.00011776
BCD/BTC,1573501359592,2019-11-11T19:42:39.592Z,buy,5.903e-05,51.0,0.00301053
BCD/BTC,1573501385481,2019-11-11T19:43:05.481Z,buy,5.903e-05,4.0,0.00023612
BCD/BTC,1573501385515,2019-11-11T19:43:05.515Z,buy,5.903e-05,4.0,0.00023612
BCD/BTC,1573501385837,2019-11-11T19:43:05.837Z,buy,5.903e-05,4.0,0.00023612
BCD/BTC,1573501397699,2019-11-11T19:43:17.699Z,buy,5.903e-05,2.0,0.00011806
BCD/BTC,1573501531549,2019-11-11T19:45:31.549Z,sell,5.888e-05,6.0,0.00035328
BCD/BTC,1573501778368,2019-11-11T19:49:38.368Z,sell,5.888e-05,12.0,0.00070656
BCD/BTC,1573501888513,2019-11-11T19:51:28.513Z,buy,5.891e-05,84.0,0.00494844
BCD/BTC,1573502102284,2019-11-11T19:55:02.284Z,buy,5.889e-05,255.0,0.01501695
BCD/BTC,1573502102284,2019-11-11T19:55:02.284Z,buy,5.89e-05,93.0,0.0054777
BCD/BTC,1573502149243,2019-11-11T19:55:49.243Z,buy,5.89e-05,2.0,0.0001178
BCD/BTC,1573502219085,2019-11-11T19:56:59.085Z,sell,5.888e-05,4.0,0.00023552
BCD/BTC,1573502219085,2019-11-11T19:56:59.085Z,sell,5.883e-05,139.0,0.00817737
BCD/BTC,1573502219085,2019-11-11T19:56:59.085Z,sell,5.874e-05,340.0,0.0199716
BCD/BTC,1573502219085,2019-11-11T19:56:59.085Z,sell,5.873e-05,4.0,0.00023492
BCD/BTC,1573502219085,2019-11-11T19:56:59.085Z,sell,5.872e-05,24.0,0.00140928
BCD/BTC,1573502219085,2019-11-11T19:56:59.085Z,sell,5.869e-05,24.0,0.00140856
BCD/BTC,1573502219085,2019-11-11T19:56:59.085Z,sell,5.867e-05,121.0,0.00709907
BCD/BTC,1573502244798,2019-11-11T19:57:24.798Z,buy,5.894e-05,4.0,0.00023576
BCD/BTC,1573502382867,2019-11-11T19:59:42.867Z,buy,5.891e-05,5.0,0.00029455
BCD/BTC,1573502570828,2019-11-11T20:02:50.828Z,sell,5.869e-05,3.0,0.00017607
BCD/BTC,1573502689460,2019-11-11T20:04:49.460Z,sell,5.869e-05,70.0,0.0041083
BCD/BTC,1573502689460,2019-11-11T20:04:49.460Z,sell,5.868e-05,809.0,0.04747212
BCD/BTC,1573502817779,2019-11-11T20:06:57.779Z,buy,5.887e-05,8.0,0.00047096
BCD/BTC,1573502973235,2019-11-11T20:09:33.235Z,buy,5.874e-05,3.0,0.00017622
BCD/BTC,1573502973235,2019-11-11T20:09:33.235Z,buy,5.885e-05,37.0,0.00217745
BCD/BTC,1573503021767,2019-11-11T20:10:21.767Z,buy,5.885e-05,3.0,0.00017655
BCD/BTC,1573503036715,2019-11-11T20:10:36.715Z,buy,5.885e-05,17.0,0.00100045
BCD/BTC,1573503059905,2019-11-11T20:10:59.905Z,sell,5.878e-05,2.0,0.00011756
BCD/BTC,1573503083882,2019-11-11T20:11:23.882Z,sell,5.878e-05,7.0,0.00041146
BCD/BTC,1573503208720,2019-11-11T20:13:28.720Z,sell,5.878e-05,9.0,0.00052902
BCD/BTC,1573503209492,2019-11-11T20:13:29.492Z,buy,5.878e-05,23.0,0.00135194
BCD/BTC,1573503209552,2019-11-11T20:13:29.552Z,buy,5.885e-05,55.0,0.00323675
BCD/BTC,1573503251593,2019-11-11T20:14:11.593Z,sell,5.878e-05,27.0,0.00158706
BCD/BTC,1573503251593,2019-11-11T20:14:11.593Z,sell,5.869e-05,8.0,0.00046952
BCD/BTC,1573503251593,2019-11-11T20:14:11.593Z,sell,5.868e-05,499.0,0.02928132
BCD/BTC,1573503279412,2019-11-11T20:14:39.412Z,sell,5.868e-05,1604.0,0.09412272
BCD/BTC,1573503300706,2019-11-11T20:15:00.706Z,buy,5.885e-05,10.0,0.0005885
BCD/BTC,1573503538106,2019-11-11T20:18:58.106Z,sell,5.868e-05,48.0,0.00281664
BCD/BTC,1573503538106,2019-11-11T20:18:58.106Z,sell,5.868e-05,48.0,0.00281664
BCD/BTC,1573504021964,2019-11-11T20:27:01.964Z,buy,5.885e-05,5.0,0.00029425
BCD/BTC,1573504022831,2019-11-11T20:27:02.831Z,buy,5.886e-05,25.0,0.0014715
BCD/BTC,1573504258900,2019-11-11T20:30:58.900Z,buy,5.885e-05,51.0,0.00300135
BCD/BTC,1573504482303,2019-11-11T20:34:42.303Z,buy,5.885e-05,1.0,5.885e-05
BCD/BTC,1573504888714,2019-11-11T20:41:28.714Z,buy,5.885e-05,30.0,0.0017655
BCD/BTC,1573504888714,2019-11-11T20:41:28.714Z,buy,5.886e-05,165.0,0.0097119
BCD/BTC,1573505016114,2019-11-11T20:43:36.114Z,sell,5.87e-05,32.0,0.0018784
BCD/BTC,1573505036092,2019-11-11T20:43:56.092Z,sell,5.87e-05,18.0,0.0010566
BCD/BTC,1573505051496,2019-11-11T20:44:11.496Z,sell,5.87e-05,101.0,0.0059286999999999
BCD/BTC,1573505083545,2019-11-11T20:44:43.545Z,sell,5.87e-05,179.0,0.0105072999999999
BCD/BTC,1573505083545,2019-11-11T20:44:43.545Z,sell,5.868e-05,244.0,0.01431792
BCD/BTC,1573505083545,2019-11-11T20:44:43.545Z,sell,5.867e-05,880.0,0.0516296
BCD/BTC,1573505108806,2019-11-11T20:45:08.806Z,buy,5.886e-05,149.0,0.00877014
BCD/BTC,1573505518891,2019-11-11T20:51:58.891Z,sell,5.873e-05,4.0,0.00023492
BCD/BTC,1573505518891,2019-11-11T20:51:58.891Z,sell,5.867e-05,1692.0,0.0992696399999999
BCD/BTC,1573505519271,2019-11-11T20:51:59.271Z,buy,5.886e-05,9.0,0.00052974
BCD/BTC,1573506002336,2019-11-11T21:00:02.336Z,buy,5.875e-05,131.0,0.00769625
BCD/BTC,1573506149589,2019-11-11T21:02:29.589Z,buy,5.87e-05,1629.0,0.0956223
BCD/BTC,1573506149677,2019-11-11T21:02:29.677Z,buy,5.87e-05,101.0,0.0059286999999999
BCD/BTC,1573506167819,2019-11-11T21:02:47.819Z,buy,5.887e-05,325.0,0.01913275
BCD/BTC,1573506167819,2019-11-11T21:02:47.819Z,buy,5.899e-05,175.0,0.01032325
BCD/BTC,1573506182972,2019-11-11T21:03:02.972Z,buy,5.899e-05,156.0,0.00920244
BCD/BTC,1573506182972,2019-11-11T21:03:02.972Z,buy,5.9e-05,34.0,0.002006
BCD/BTC,1573506182972,2019-11-11T21:03:02.972Z,buy,5.907e-05,214.0,0.01264098
BCD/BTC,1573506389776,2019-11-11T21:06:29.776Z,buy,5.895e-05,339.0,0.01998405
BCD/BTC,1573506395689,2019-11-11T21:06:35.689Z,buy,5.895e-05,2.0,0.0001179
BCD/BTC,1573506431123,2019-11-11T21:07:11.123Z,buy,5.893e-05,298.0,0.01756114
BCD/BTC,1573506431233,2019-11-11T21:07:11.233Z,buy,5.893e-05,257.0,0.01514501
BCD/BTC,1573506518707,2019-11-11T21:08:38.707Z,sell,5.869e-05,22.0,0.00129118
BCD/BTC,1573506593955,2019-11-11T21:09:53.955Z,buy,5.874e-05,2.0,0.00011748
BCD/BTC,1573506602319,2019-11-11T21:10:02.319Z,buy,5.874e-05,72.0,0.00422928
BCD/BTC,1573506626426,2019-11-11T21:10:26.426Z,buy,5.874e-05,15.0,0.0008810999999999
BCD/BTC,1573506641380,2019-11-11T21:10:41.380Z,buy,5.874e-05,3.0,0.00017622
BCD/BTC,1573506662116,2019-11-11T21:11:02.116Z,buy,5.874e-05,10.0,0.0005874
BCD/BTC,1573506705403,2019-11-11T21:11:45.403Z,buy,5.874e-05,15.0,0.0008810999999999
BCD/BTC,1573506757966,2019-11-11T21:12:37.966Z,buy,5.873e-05,35.0,0.00205555
BCD/BTC,1573506898434,2019-11-11T21:14:58.434Z,buy,5.874e-05,223.0,0.01309902
BCD/BTC,1573507122101,2019-11-11T21:18:42.101Z,sell,5.876e-05,64.0,0.00376064
BCD/BTC,1573507124809,2019-11-11T21:18:44.809Z,sell,5.878e-05,128.0,0.00752384
BCD/BTC,1573507124809,2019-11-11T21:18:44.809Z,sell,5.878e-05,128.0,0.00752384
BCD/BTC,1573507207094,2019-11-11T21:20:07.094Z,buy,5.894e-05,5.0,0.0002947
BCD/BTC,1573507317613,2019-11-11T21:21:57.613Z,buy,5.894e-05,202.0,0.01190588
BCD/BTC,1573507329931,2019-11-11T21:22:09.931Z,buy,5.894e-05,730.0,0.0430262
BCD/BTC,1573507409344,2019-11-11T21:23:29.344Z,buy,5.894e-05,446.0,0.02628724
BCD/BTC,1573507409403,2019-11-11T21:23:29.403Z,sell,5.894e-05,78.0,0.00459732
BCD/BTC,1573507409548,2019-11-11T21:23:29.548Z,sell,5.894e-05,113.0,0.00666022
BCD/BTC,1573507409568,2019-11-11T21:23:29.568Z,sell,5.894e-05,137.0,0.00807478
BCD/BTC,1573507603923,2019-11-11T21:26:43.923Z,buy,5.894e-05,17.0,0.00100198
BCD/BTC,1573507871593,2019-11-11T21:31:11.593Z,buy,5.894e-05,58.0,0.00341852
BCD/BTC,1573508094874,2019-11-11T21:34:54.874Z,sell,5.87e-05,968.0,0.0568216
BCD/BTC,1573508094874,2019-11-11T21:34:54.874Z,sell,5.869e-05,107.0,0.00627983
BCD/BTC,1573508186811,2019-11-11T21:36:26.811Z,sell,5.87e-05,256.0,0.0150272
BCD/BTC,1573508186811,2019-11-11T21:36:26.811Z,sell,5.869e-05,117.0,0.00686673
BCD/BTC,1573508341158,2019-11-11T21:39:01.158Z,sell,5.869e-05,25.0,0.00146725
BCD/BTC,1573508409782,2019-11-11T21:40:09.782Z,buy,5.893e-05,516.0,0.0304078799999999
BCD/BTC,1573508498614,2019-11-11T21:41:38.614Z,buy,5.893e-05,49.0,0.00288757
BCD/BTC,1573508513318,2019-11-11T21:41:53.318Z,sell,5.893e-05,429.0,0.02528097
BCD/BTC,1573508596007,2019-11-11T21:43:16.007Z,sell,5.87e-05,223.0,0.0130900999999999
BCD/BTC,1573508596007,2019-11-11T21:43:16.007Z,sell,5.869e-05,486.0,0.02852334
BCD/BTC,1573508682719,2019-11-11T21:44:42.719Z,sell,5.869e-05,3020.0,0.1772438
BCD/BTC,1573509103087,2019-11-11T21:51:43.087Z,sell,5.869e-05,693.0,0.04067217
BCD/BTC,1573509304967,2019-11-11T21:55:04.967Z,buy,5.891e-05,219.0,0.01290129
BCD/BTC,1573509474309,2019-11-11T21:57:54.309Z,sell,5.87e-05,218.0,0.0127966
BCD/BTC,1573509503818,2019-11-11T21:58:23.818Z,sell,5.87e-05,1.0,5.87e-05
BCD/BTC,1573509503818,2019-11-11T21:58:23.818Z,sell,5.869e-05,719.0,0.04219811
BCD/BTC,1573509521365,2019-11-11T21:58:41.365Z,sell,5.868e-05,154.0,0.00903672
BCD/BTC,1573509550805,2019-11-11T21:59:10.805Z,sell,5.867e-05,497.0,0.02915899
BCD/BTC,1573509616836,2019-11-11T22:00:16.836Z,buy,5.891e-05,4.0,0.00023564
BCD/BTC,1573510467948,2019-11-11T22:14:27.948Z,sell,5.868e-05,4.0,0.00023472
BCD/BTC,1573510467948,2019-11-11T22:14:27.948Z,sell,5.867e-05,49.0,0.00287483
BCD/BTC,1573510467948,2019-11-11T22:14:27.948Z,sell,5.868e-05,4.0,0.00023472
BCD/BTC,1573510467948,2019-11-11T22:14:27.948Z,sell,5.867e-05,49.0,0.00287483
BCD/BTC,1573510945726,2019-11-11T22:22:25.726Z,sell,5.867e-05,496.0,0.02910032
BCD/BTC,1573511639551,2019-11-11T22:33:59.551Z,sell,5.867e-05,368.0,0.0215905599999999
BCD/BTC,1573511657254,2019-11-11T22:34:17.254Z,sell,5.867e-05,167.0,0.00979789
BCD/BTC,1573512169723,2019-11-11T22:42:49.723Z,buy,5.888e-05,37.0,0.00217856
BCD/BTC,1573512248103,2019-11-11T22:44:08.103Z,buy,5.888e-05,186.0,0.01095168
BCD/BTC,1573512790423,2019-11-11T22:53:10.423Z,buy,5.888e-05,2.0,0.00011776
BCD/BTC,1573512809364,2019-11-11T22:53:29.364Z,sell,5.868e-05,223.0,0.01308564
BCD/BTC,1573512809364,2019-11-11T22:53:29.364Z,sell,5.867e-05,868.0,0.05092556
BCD/BTC,1573512905119,2019-11-11T22:55:05.119Z,buy,5.888e-05,116.0,0.00683008
BCD/BTC,1573513087809,2019-11-11T22:58:07.809Z,sell,5.867e-05,375.0,0.02200125
BCD/BTC,1573513163830,2019-11-11T22:59:23.830Z,sell,5.868e-05,146.0,0.00856728
BCD/BTC,1573513167900,2019-11-11T22:59:27.900Z,sell,5.867e-05,75.0,0.00440025
BCD/BTC,1573513171240,2019-11-11T22:59:31.240Z,sell,5.867e-05,160.0,0.0093872
BCD/BTC,1573513328695,2019-11-11T23:02:08.695Z,buy,5.888e-05,25.0,0.001472
BCD/BTC,1573513338365,2019-11-11T23:02:18.365Z,buy,5.888e-05,315.0,0.0185472
BCD/BTC,1573513387951,2019-11-11T23:03:07.951Z,sell,5.888e-05,620.0,0.0365056
BCD/BTC,1573513523603,2019-11-11T23:05:23.603Z,sell,5.89e-05,730.0,0.042997
BCD/BTC,1573513728744,2019-11-11T23:08:48.744Z,sell,5.89e-05,30.0,0.001767
BCD/BTC,1573513819268,2019-11-11T23:10:19.268Z,sell,5.89e-05,1343.0,0.0791027
BCD/BTC,1573513852704,2019-11-11T23:10:52.704Z,sell,5.888e-05,7083.0,0.41704704
BCD/BTC,1573513987947,2019-11-11T23:13:07.947Z,buy,5.89e-05,1015.0,0.0597835
BCD/BTC,1573513987947,2019-11-11T23:13:07.947Z,buy,5.89e-05,1015.0,0.0597835
BCD/BTC,1573514181189,2019-11-11T23:16:21.189Z,sell,5.89e-05,30.0,0.001767
BCD/BTC,1573514402995,2019-11-11T23:20:02.995Z,buy,5.893e-05,233.0,0.01373069
BCD/BTC,1573514763136,2019-11-11T23:26:03.136Z,sell,5.891e-05,339.0,0.01997049
BCD/BTC,1573514763136,2019-11-11T23:26:03.136Z,sell,5.89e-05,68.0,0.0040052
BCD/BTC,1573514791058,2019-11-11T23:26:31.058Z,buy,5.893e-05,271.0,0.01597003
BCD/BTC,1573514791058,2019-11-11T23:26:31.058Z,buy,5.895e-05,71.0,0.00418545
BCD/BTC,1573514791058,2019-11-11T23:26:31.058Z,buy,5.899e-05,58.0,0.00342142
BCD/BTC,1573515868183,2019-11-11T23:44:28.183Z,buy,5.898e-05,50.0,0.002949
BCD/BTC,1573515894533,2019-11-11T23:44:54.533Z,buy,5.9e-05,267.0,0.015753
BCD/BTC,1573515907881,2019-11-11T23:45:07.881Z,buy,5.9e-05,18.0,0.001062
BCD/BTC,1573516127450,2019-11-11T23:48:47.450Z,buy,5.9e-05,546.0,0.032214
BCD/BTC,1573516375884,2019-11-11T23:52:55.884Z,buy,5.901e-05,2.0,0.00011802
BCD/BTC,1573516375884,2019-11-11T23:52:55.884Z,buy,5.904e-05,356.0,0.02101824
BCD/BTC,1573516884941,2019-11-12T00:01:24.941Z,buy,5.904e-05,169.0,0.0099777599999999
BCD/BTC,1573516888474,2019-11-12T00:01:28.474Z,buy,5.904e-05,3.0,0.0001771199999999
BCD/BTC,1573517076844,2019-11-12T00:04:36.844Z,sell,5.9e-05,1407.0,0.083013
BCD/BTC,1573517077687,2019-11-12T00:04:37.687Z,sell,5.9e-05,149.0,0.008791
BCD/BTC,1573517077687,2019-11-12T00:04:37.687Z,sell,5.9e-05,149.0,0.008791
BCD/BTC,1573518353148,2019-11-12T00:25:53.148Z,sell,5.9e-05,100.0,0.0059
BCD/BTC,1573518566536,2019-11-12T00:29:26.536Z,buy,5.903e-05,2.0,0.00011806
BCD/BTC,1573518624979,2019-11-12T00:30:24.979Z,buy,5.904e-05,15.0,0.0008856
BCD/BTC,1573518702059,2019-11-12T00:31:42.059Z,buy,5.904e-05,100.0,0.0059039999999999
BCD/BTC,1573518729210,2019-11-12T00:32:09.210Z,buy,5.904e-05,29.0,0.00171216
BCD/BTC,1573518991882,2019-11-12T00:36:31.882Z,sell,5.9e-05,445.0,0.026255
BCD/BTC,1573518991882,2019-11-12T00:36:31.882Z,sell,5.89e-05,5255.0,0.3095195
BCD/BTC,1573519128253,2019-11-12T00:38:48.253Z,sell,5.89e-05,164.0,0.0096596
BCD/BTC,1573519268436,2019-11-12T00:41:08.436Z,sell,5.89e-05,193.0,0.0113677
BCD/BTC,1573519509898,2019-11-12T00:45:09.898Z,sell,5.892e-05,4.0,0.00023568
BCD/BTC,1573519509898,2019-11-12T00:45:09.898Z,sell,5.89e-05,291.0,0.0171399
BCD/BTC,1573519509898,2019-11-12T00:45:09.898Z,sell,5.888e-05,6816.0,0.40132608
BCD/BTC,1573519509942,2019-11-12T00:45:09.942Z,buy,5.904e-05,1.0,5.904e-05
BCD/BTC,1573519559724,2019-11-12T00:45:59.724Z,sell,5.9e-05,401.0,0.023659
BCD/BTC,1573519559724,2019-11-12T00:45:59.724Z,sell,5.892e-05,130.0,0.0076596
BCD/BTC,1573519559724,2019-11-12T00:45:59.724Z,sell,5.888e-05,6165.0,0.3629952
BCD/BTC,1573520182536,2019-11-12T00:56:22.536Z,sell,5.893e-05,382.0,0.02251126
BCD/BTC,1573520182536,2019-11-12T00:56:22.536Z,sell,5.888e-05,2218.0,0.13059584
BCD/BTC,1573520186155,2019-11-12T00:56:26.155Z,sell,5.888e-05,155.0,0.0091264
BCD/BTC,1573520186735,2019-11-12T00:56:26.735Z,sell,5.888e-05,25.0,0.001472
BCD/BTC,1573520187680,2019-11-12T00:56:27.680Z,sell,5.888e-05,25.0,0.001472
BCD/BTC,1573520272838,2019-11-12T00:57:52.838Z,sell,5.888e-05,176.0,0.01036288
BCD/BTC,1573520328165,2019-11-12T00:58:48.165Z,sell,5.888e-05,1553.0,0.09144064
BCD/BTC,1573520630354,2019-11-12T01:03:50.354Z,sell,5.888e-05,217.0,0.01277696
BCD/BTC,1573520630354,2019-11-12T01:03:50.354Z,sell,5.888e-05,217.0,0.01277696
BCD/BTC,1573521068974,2019-11-12T01:11:08.974Z,sell,5.889e-05,5246.0,0.30893694
BCD/BTC,1573521103077,2019-11-12T01:11:43.077Z,buy,5.904e-05,115.0,0.0067896
BCD/BTC,1573521247291,2019-11-12T01:14:07.291Z,buy,5.904e-05,2.0,0.00011808
BCD/BTC,1573521347885,2019-11-12T01:15:47.885Z,sell,5.889e-05,1215.0,0.07155135
BCD/BTC,1573521437917,2019-11-12T01:17:17.917Z,buy,5.904e-05,17.0,0.0010036799999999
BCD/BTC,1573521630985,2019-11-12T01:20:30.985Z,buy,5.906e-05,94.0,0.00555164
BCD/BTC,1573521648659,2019-11-12T01:20:48.659Z,buy,5.907e-05,710.0,0.0419397
BCD/BTC,1573521756113,2019-11-12T01:22:36.113Z,sell,5.9e-05,37.0,0.002183
BCD/BTC,1573521936266,2019-11-12T01:25:36.266Z,sell,5.9e-05,226.0,0.0133339999999999
BCD/BTC,1573521936316,2019-11-12T01:25:36.316Z,buy,5.9e-05,136.0,0.008024
BCD/BTC,1573521941023,2019-11-12T01:25:41.023Z,buy,5.9e-05,551.0,0.0325089999999999
BCD/BTC,1573522112971,2019-11-12T01:28:32.971Z,sell,5.901e-05,87.0,0.00513387
BCD/BTC,1573522120792,2019-11-12T01:28:40.792Z,sell,5.901e-05,67.0,0.00395367
BCD/BTC,1573522129426,2019-11-12T01:28:49.426Z,buy,5.908e-05,3.0,0.00017724
BCD/BTC,1573522133860,2019-11-12T01:28:53.860Z,buy,5.908e-05,2.0,0.00011816
BCD/BTC,1573522137603,2019-11-12T01:28:57.603Z,buy,5.908e-05,2.0,0.00011816
BCD/BTC,1573522141643,2019-11-12T01:29:01.643Z,buy,5.908e-05,2.0,0.00011816
BCD/BTC,1573522145346,2019-11-12T01:29:05.346Z,buy,5.908e-05,2.0,0.00011816
BCD/BTC,1573522149409,2019-11-12T01:29:09.409Z,buy,5.908e-05,2.0,0.00011816
BCD/BTC,1573522155077,2019-11-12T01:29:15.077Z,buy,5.908e-05,2.0,0.00011816
BCD/BTC,1573522155262,2019-11-12T01:29:15.262Z,buy,5.908e-05,3.0,0.00017724
BCD/BTC,1573522155583,2019-11-12T01:29:15.583Z,buy,5.908e-05,3.0,0.00017724
BCD/BTC,1573522155773,2019-11-12T01:29:15.773Z,buy,5.908e-05,3.0,0.00017724
BCD/BTC,1573522156085,2019-11-12T01:29:16.085Z,buy,5.908e-05,3.0,0.00017724
BCD/BTC,1573522156660,2019-11-12T01:29:16.660Z,buy,5.908e-05,3.0,0.00017724
BCD/BTC,1573522157124,2019-11-12T01:29:17.124Z,buy,5.908e-05,3.0,0.00017724
BCD/BTC,1573522199372,2019-11-12T01:29:59.372Z,buy,5.908e-05,625.0,0.036925
BCD/BTC,1573522350103,2019-11-12T01:32:30.103Z,sell,5.902e-05,52.0,0.00306904
BCD/BTC,1573522734160,2019-11-12T01:38:54.160Z,buy,5.908e-05,2.0,0.00011816
BCD/BTC,1573522746957,2019-11-12T01:39:06.957Z,sell,5.902e-05,47.0,0.00277394
BCD/BTC,1573522747351,2019-11-12T01:39:07.351Z,sell,5.902e-05,25.0,0.0014755
BCD/BTC,1573522748414,2019-11-12T01:39:08.414Z,sell,5.902e-05,25.0,0.0014755
BCD/BTC,1573522749576,2019-11-12T01:39:09.576Z,sell,5.902e-05,25.0,0.0014755
BCD/BTC,1573523158646,2019-11-12T01:45:58.646Z,buy,5.908e-05,3.0,0.00017724
BCD/BTC,1573523236180,2019-11-12T01:47:16.180Z,sell,5.902e-05,33.0,0.00194766
BCD/BTC,1573523275711,2019-11-12T01:47:55.711Z,buy,5.908e-05,33.0,0.0019496399999999
BCD/BTC,1573523385129,2019-11-12T01:49:45.129Z,sell,5.903e-05,130.0,0.0076739
BCD/BTC,1573523385129,2019-11-12T01:49:45.129Z,sell,5.902e-05,731.0,0.04314362
BCD/BTC,1573523398481,2019-11-12T01:49:58.481Z,buy,5.907e-05,2.0,0.00011814
BCD/BTC,1573523398481,2019-11-12T01:49:58.481Z,buy,5.908e-05,360.0,0.0212687999999999
BCD/BTC,1573523406108,2019-11-12T01:50:06.108Z,buy,5.909e-05,5.0,0.00029545
BCD/BTC,1573523406108,2019-11-12T01:50:06.108Z,buy,5.91e-05,342.0,0.0202122
BCD/BTC,1573523537208,2019-11-12T01:52:17.208Z,sell,5.908e-05,37.0,0.00218596
BCD/BTC,1573523583878,2019-11-12T01:53:03.878Z,sell,5.908e-05,496.0,0.02930368
BCD/BTC,1573523610008,2019-11-12T01:53:30.008Z,sell,5.908e-05,496.0,0.02930368
BCD/BTC,1573523610008,2019-11-12T01:53:30.008Z,sell,5.908e-05,496.0,0.02930368
BCD/BTC,1573524305164,2019-11-12T02:05:05.164Z,buy,5.907e-05,17.0,0.00100419
BCD/BTC,1573524620999,2019-11-12T02:10:20.999Z,buy,5.907e-05,808.0,0.04772856
BCD/BTC,1573524710349,2019-11-12T02:11:50.349Z,sell,5.907e-05,140.0,0.0082698
BCD/BTC,1573524711497,2019-11-12T02:11:51.497Z,sell,5.907e-05,209.0,0.01234563
BCD/BTC,1573524711553,2019-11-12T02:11:51.553Z,sell,5.907e-05,104.0,0.00614328
BCD/BTC,1573524713000,2019-11-12T02:11:53.000Z,sell,5.907e-05,124.0,0.00732468
BCD/BTC,1573524714979,2019-11-12T02:11:54.979Z,sell,5.907e-05,174.0,0.01027818
BCD/BTC,1573524717664,2019-11-12T02:11:57.664Z,sell,5.907e-05,91.0,0.00537537
BCD/BTC,1573524718195,2019-11-12T02:11:58.195Z,sell,5.907e-05,877.0,0.05180439
BCD/BTC,1573524727841,2019-11-12T02:12:07.841Z,sell,5.907e-05,60.0,0.0035442
BCD/BTC,1573525256466,2019-11-12T02:20:56.466Z,buy,5.91e-05,567.0,0.0335097
BCD/BTC,1573525325235,2019-11-12T02:22:05.235Z,buy,5.91e-05,2.0,0.0001182
BCD/BTC,1573525387027,2019-11-12T02:23:07.027Z,sell,5.907e-05,715.0,0.04223505
BCD/BTC,1573525387027,2019-11-12T02:23:07.027Z,sell,5.899e-05,338.0,0.01993862
BCD/BTC,1573525387027,2019-11-12T02:23:07.027Z,sell,5.898e-05,460.0,0.0271308
BCD/BTC,1573525387027,2019-11-12T02:23:07.027Z,sell,5.897e-05,17.0,0.00100249
BCD/BTC,1573525387027,2019-11-12T02:23:07.027Z,sell,5.889e-05,180.0,0.0106002
BCD/BTC,1573525387027,2019-11-12T02:23:07.027Z,sell,5.888e-05,400.0,0.023552
BCD/BTC,1573525387742,2019-11-12T02:23:07.742Z,sell,5.888e-05,393.0,0.02313984
BCD/BTC,1573525445152,2019-11-12T02:24:05.152Z,sell,5.888e-05,25.0,0.001472
BCD/BTC,1573525446075,2019-11-12T02:24:06.075Z,sell,5.888e-05,25.0,0.001472
BCD/BTC,1573525447174,2019-11-12T02:24:07.174Z,sell,5.888e-05,25.0,0.001472
BCD/BTC,1573525447504,2019-11-12T02:24:07.504Z,sell,5.888e-05,1912.0,0.11257856
BCD/BTC,1573525447537,2019-11-12T02:24:07.537Z,sell,5.884e-05,17.0,0.00100028
BCD/BTC,1573525447537,2019-11-12T02:24:07.537Z,sell,5.87e-05,118.0,0.0069266
BCD/BTC,1573525447936,2019-11-12T02:24:07.936Z,sell,5.87e-05,623.0,0.0365701
BCD/BTC,1573525447936,2019-11-12T02:24:07.936Z,sell,5.869e-05,452.0,0.02652788
BCD/BTC,1573525447936,2019-11-12T02:24:07.936Z,sell,5.868e-05,575.0,0.033741
BCD/BTC,1573525448197,2019-11-12T02:24:08.197Z,sell,5.871e-05,25.0,0.0014677499999999
BCD/BTC,1573525523554,2019-11-12T02:25:23.554Z,buy,5.895e-05,3.0,0.00017685
BCD/BTC,1573525647122,2019-11-12T02:27:27.122Z,sell,5.884e-05,6.0,0.00035304
BCD/BTC,1573525647122,2019-11-12T02:27:27.122Z,sell,5.871e-05,151.0,0.00886521
BCD/BTC,1573525647122,2019-11-12T02:27:27.122Z,sell,5.87e-05,18.0,0.0010566
BCD/BTC,1573525647122,2019-11-12T02:27:27.122Z,sell,5.868e-05,391.0,0.02294388
BCD/BTC,1573525895949,2019-11-12T02:31:35.949Z,sell,5.868e-05,268.0,0.01572624
BCD/BTC,1573525912075,2019-11-12T02:31:52.075Z,sell,5.866e-05,15.0,0.0008799
BCD/BTC,1573525912075,2019-11-12T02:31:52.075Z,sell,5.865e-05,37.0,0.00217005
BCD/BTC,1573525912075,2019-11-12T02:31:52.075Z,sell,5.863e-05,489.0,0.02867007
BCD/BTC,1573525912075,2019-11-12T02:31:52.075Z,sell,5.863e-05,24.0,0.00140712
BCD/BTC,1573525912130,2019-11-12T02:31:52.130Z,buy,5.866e-05,107.0,0.00627662
BCD/BTC,1573525912218,2019-11-12T02:31:52.218Z,buy,5.866e-05,291.0,0.0170700599999999
BCD/BTC,1573525912229,2019-11-12T02:31:52.229Z,buy,5.866e-05,145.0,0.0085057
BCD/BTC,1573525912470,2019-11-12T02:31:52.470Z,buy,5.866e-05,147.0,0.00862302
BCD/BTC,1573525912531,2019-11-12T02:31:52.531Z,buy,5.866e-05,82.0,0.00481012
BCD/BTC,1573525912554,2019-11-12T02:31:52.554Z,buy,5.866e-05,20.0,0.0011732
BCD/BTC,1573525930001,2019-11-12T02:32:10.001Z,buy,5.884e-05,60.0,0.0035304
BCD/BTC,1573525974572,2019-11-12T02:32:54.572Z,buy,5.886e-05,7.0,0.00041202
BCD/BTC,1573525975142,2019-11-12T02:32:55.142Z,buy,5.886e-05,10.0,0.0005886
BCD/BTC,1573526034013,2019-11-12T02:33:54.013Z,buy,5.893e-05,23.0,0.00135539
BCD/BTC,1573526079991,2019-11-12T02:34:39.991Z,buy,5.891e-05,2.0,0.00011782
BCD/BTC,1573526298932,2019-11-12T02:38:18.932Z,sell,5.876e-05,25.0,0.001469
BCD/BTC,1573526298932,2019-11-12T02:38:18.932Z,sell,5.875e-05,484.0,0.028435
BCD/BTC,1573526304272,2019-11-12T02:38:24.272Z,buy,5.886e-05,2.0,0.00011772
BCD/BTC,1573526464363,2019-11-12T02:41:04.363Z,buy,5.874e-05,2.0,0.00011748
BCD/BTC,1573526486789,2019-11-12T02:41:26.789Z,buy,5.871e-05,226.0,0.01326846
BCD/BTC,1573526486789,2019-11-12T02:41:26.789Z,buy,5.878e-05,338.0,0.01986764
BCD/BTC,1573526486789,2019-11-12T02:41:26.789Z,buy,5.879e-05,69.0,0.00405651
BCD/BTC,1573526486789,2019-11-12T02:41:26.789Z,buy,5.883e-05,256.0,0.01506048
BCD/BTC,1573526486789,2019-11-12T02:41:26.789Z,buy,5.898e-05,233.0,0.01374234
BCD/BTC,1573526486789,2019-11-12T02:41:26.789Z,buy,5.9e-05,524.0,0.030916
BCD/BTC,1573526487025,2019-11-12T02:41:27.025Z,buy,5.877e-05,151.0,0.00887427
BCD/BTC,1573526538738,2019-11-12T02:42:18.738Z,sell,5.871e-05,340.0,0.0199614
BCD/BTC,1573526538738,2019-11-12T02:42:18.738Z,sell,5.863e-05,107.0,0.00627341
BCD/BTC,1573526539999,2019-11-12T02:42:19.999Z,sell,5.865e-05,4.0,0.0002346
BCD/BTC,1573526789606,2019-11-12T02:46:29.606Z,sell,5.865e-05,131.0,0.00768315
BCD/BTC,1573526826746,2019-11-12T02:47:06.746Z,sell,5.866e-05,1210.0,0.0709786
BCD/BTC,1573526826746,2019-11-12T02:47:06.746Z,sell,5.864e-05,60.0,0.0035184
BCD/BTC,1573526831327,2019-11-12T02:47:11.327Z,buy,5.886e-05,2.0,0.00011772
BCD/BTC,1573526831327,2019-11-12T02:47:11.327Z,buy,5.887e-05,3.0,0.00017661
BCD/BTC,1573527040151,2019-11-12T02:50:40.151Z,buy,5.885e-05,34.0,0.0020009
BCD/BTC,1573527040151,2019-11-12T02:50:40.151Z,buy,5.885e-05,34.0,0.0020009
BCD/BTC,1573527478910,2019-11-12T02:57:58.910Z,sell,5.863e-05,59.0,0.00345917
BCD/BTC,1573527479004,2019-11-12T02:57:59.004Z,sell,5.863e-05,74.0,0.00433862
BCD/BTC,1573527479016,2019-11-12T02:57:59.016Z,sell,5.863e-05,38.0,0.00222794
BCD/BTC,1573527479016,2019-11-12T02:57:59.016Z,sell,5.861e-05,16.0,0.00093776
BCD/BTC,1573527479016,2019-11-12T02:57:59.016Z,sell,5.86e-05,2.0,0.0001172
BCD/BTC,1573527479016,2019-11-12T02:57:59.016Z,sell,5.855e-05,58.0,0.0033959
BCD/BTC,1573527479016,2019-11-12T02:57:59.016Z,sell,5.854e-05,18.0,0.00105372
BCD/BTC,1573527479016,2019-11-12T02:57:59.016Z,sell,5.853e-05,8.0,0.00046824
BCD/BTC,1573527479016,2019-11-12T02:57:59.016Z,sell,5.852e-05,6.0,0.00035112
BCD/BTC,1573527479016,2019-11-12T02:57:59.016Z,sell,5.851e-05,22.0,0.00128722
BCD/BTC,1573527479016,2019-11-12T02:57:59.016Z,sell,5.85e-05,3.0,0.0001754999999999
BCD/BTC,1573527479016,2019-11-12T02:57:59.016Z,sell,5.849e-05,18.0,0.0010528199999999
BCD/BTC,1573527479016,2019-11-12T02:57:59.016Z,sell,5.848e-05,105.0,0.0061404
BCD/BTC,1573527479016,2019-11-12T02:57:59.016Z,sell,5.847e-05,21.0,0.00122787
BCD/BTC,1573527479016,2019-11-12T02:57:59.016Z,sell,5.844e-05,32.0,0.00187008
BCD/BTC,1573527479016,2019-11-12T02:57:59.016Z,sell,5.84e-05,5.0,0.000292
BCD/BTC,1573527479016,2019-11-12T02:57:59.016Z,sell,5.839e-05,3.0,0.00017517
BCD/BTC,1573527479016,2019-11-12T02:57:59.016Z,sell,5.838e-05,456.0,0.02662128
BCD/BTC,1573527479016,2019-11-12T02:57:59.016Z,sell,5.837e-05,156.0,0.00910572
BCD/BTC,1573527479303,2019-11-12T02:57:59.303Z,buy,5.838e-05,174.0,0.01015812
BCD/BTC,1573527480142,2019-11-12T02:58:00.142Z,buy,5.843e-05,11.0,0.00064273
BCD/BTC,1573527480679,2019-11-12T02:58:00.679Z,buy,5.843e-05,2.0,0.00011686
BCD/BTC,1573527482062,2019-11-12T02:58:02.062Z,sell,5.838e-05,48.0,0.00280224
BCD/BTC,1573527502219,2019-11-12T02:58:22.219Z,buy,5.849e-05,19.0,0.00111131
BCD/BTC,1573527694902,2019-11-12T03:01:34.902Z,sell,5.838e-05,209.0,0.01220142
BCD/BTC,1573527694902,2019-11-12T03:01:34.902Z,sell,5.837e-05,1823.0,0.10640851
BCD/BTC,1573527792993,2019-11-12T03:03:12.993Z,buy,5.838e-05,182.0,0.01062516
BCD/BTC,1573527845938,2019-11-12T03:04:05.938Z,buy,5.838e-05,101.0,0.00589638
BCD/BTC,1573527911835,2019-11-12T03:05:11.835Z,sell,5.837e-05,63.0,0.00367731
BCD/BTC,1573527911835,2019-11-12T03:05:11.835Z,sell,5.836e-05,2.0,0.00011672
BCD/BTC,1573527911835,2019-11-12T03:05:11.835Z,sell,5.833e-05,6.0,0.00034998
BCD/BTC,1573527911835,2019-11-12T03:05:11.835Z,sell,5.831e-05,277.0,0.01615187
BCD/BTC,1573527916127,2019-11-12T03:05:16.127Z,buy,5.827e-05,167.0,0.00973109
BCD/BTC,1573527920032,2019-11-12T03:05:20.032Z,buy,5.83e-05,84.0,0.0048972
BCD/BTC,1573528214262,2019-11-12T03:10:14.262Z,sell,5.826e-05,8.0,0.00046608
BCD/BTC,1573528214262,2019-11-12T03:10:14.262Z,sell,5.825e-05,2.0,0.0001165
BCD/BTC,1573528254336,2019-11-12T03:10:54.336Z,buy,5.824e-05,54.0,0.00314496
BCD/BTC,1573528259101,2019-11-12T03:10:59.101Z,buy,5.824e-05,101.0,0.0058822399999999
BCD/BTC,1573528402031,2019-11-12T03:13:22.031Z,buy,5.848e-05,99.0,0.00578952
BCD/BTC,1573528456948,2019-11-12T03:14:16.948Z,buy,5.846e-05,2.0,0.00011692
BCD/BTC,1573528456948,2019-11-12T03:14:16.948Z,buy,5.847e-05,164.0,0.00958908
BCD/BTC,1573528473907,2019-11-12T03:14:33.907Z,buy,5.847e-05,25.0,0.00146175
BCD/BTC,1573528497739,2019-11-12T03:14:57.739Z,buy,5.847e-05,2.0,0.00011694
BCD/BTC,1573528529035,2019-11-12T03:15:29.035Z,sell,5.829e-05,293.0,0.01707897
BCD/BTC,1573528537905,2019-11-12T03:15:37.905Z,sell,5.828e-05,762.0,0.0444093599999999
BCD/BTC,1573528680331,2019-11-12T03:18:00.331Z,buy,5.848e-05,101.0,0.00590648
BCD/BTC,1573528988364,2019-11-12T03:23:08.364Z,sell,5.83e-05,101.0,0.0058883
BCD/BTC,1573528988364,2019-11-12T03:23:08.364Z,sell,5.829e-05,946.0,0.05514234
BCD/BTC,1573528988364,2019-11-12T03:23:08.364Z,sell,5.826e-05,104.0,0.00605904
BCD/BTC,1573528988364,2019-11-12T03:23:08.364Z,sell,5.825e-05,463.0,0.02696975
BCD/BTC,1573528988364,2019-11-12T03:23:08.364Z,sell,5.825e-05,1513.0,0.08813225
BCD/BTC,1573528988422,2019-11-12T03:23:08.422Z,sell,5.825e-05,315.0,0.01834875
BCD/BTC,1573528988531,2019-11-12T03:23:08.531Z,sell,5.825e-05,103.0,0.00599975
BCD/BTC,1573528988531,2019-11-12T03:23:08.531Z,sell,5.824e-05,19.0,0.00110656
BCD/BTC,1573528988531,2019-11-12T03:23:08.531Z,sell,5.823e-05,18.0,0.00104814
BCD/BTC,1573529006192,2019-11-12T03:23:26.192Z,sell,5.821e-05,36.0,0.00209556
BCD/BTC,1573529006192,2019-11-12T03:23:26.192Z,sell,5.82e-05,13.0,0.0007566
BCD/BTC,1573529006192,2019-11-12T03:23:26.192Z,sell,5.819e-05,5.0,0.00029095
BCD/BTC,1573529006192,2019-11-12T03:23:26.192Z,sell,5.817e-05,24.0,0.00139608
BCD/BTC,1573529006192,2019-11-12T03:23:26.192Z,sell,5.816e-05,26.0,0.00151216
BCD/BTC,1573529006192,2019-11-12T03:23:26.192Z,sell,5.814e-05,6.0,0.00034884
BCD/BTC,1573529006192,2019-11-12T03:23:26.192Z,sell,5.812e-05,3.0,0.00017436
BCD/BTC,1573529006192,2019-11-12T03:23:26.192Z,sell,5.808e-05,228.0,0.01324224
BCD/BTC,1573529006192,2019-11-12T03:23:26.192Z,sell,5.808e-05,61.0,0.00354288
BCD/BTC,1573529006192,2019-11-12T03:23:26.192Z,sell,5.808e-05,9.0,0.00052272
BCD/BTC,1573529018810,2019-11-12T03:23:38.810Z,sell,5.808e-05,36.0,0.00209088
BCD/BTC,1573529018810,2019-11-12T03:23:38.810Z,sell,5.806e-05,41.0,0.00238046
BCD/BTC,1573529019452,2019-11-12T03:23:39.452Z,sell,5.806e-05,137.0,0.00795422
BCD/BTC,1573529019452,2019-11-12T03:23:39.452Z,sell,5.805e-05,5.0,0.00029025
BCD/BTC,1573529019452,2019-11-12T03:23:39.452Z,sell,5.804e-05,126.0,0.00731304
BCD/BTC,1573529120886,2019-11-12T03:25:20.886Z,buy,5.827e-05,126.0,0.00734202
BCD/BTC,1573529267077,2019-11-12T03:27:47.077Z,buy,5.827e-05,217.0,0.01264459
BCD/BTC,1573529267195,2019-11-12T03:27:47.195Z,sell,5.827e-05,56.0,0.00326312
BCD/BTC,1573529291111,2019-11-12T03:28:11.111Z,sell,5.827e-05,64.0,0.00372928
BCD/BTC,1573529291111,2019-11-12T03:28:11.111Z,sell,5.806e-05,278.0,0.01614068
BCD/BTC,1573529466354,2019-11-12T03:31:06.354Z,buy,5.837e-05,456.0,0.02661672
BCD/BTC,1573529466354,2019-11-12T03:31:06.354Z,buy,5.84e-05,5.0,0.000292
BCD/BTC,1573529466354,2019-11-12T03:31:06.354Z,buy,5.843e-05,237.0,0.01384791
BCD/BTC,1573529466354,2019-11-12T03:31:06.354Z,buy,5.844e-05,32.0,0.00187008
BCD/BTC,1573529466354,2019-11-12T03:31:06.354Z,buy,5.846e-05,180.0,0.0105228
BCD/BTC,1573529466354,2019-11-12T03:31:06.354Z,buy,5.847e-05,3.0,0.00017541
BCD/BTC,1573529466354,2019-11-12T03:31:06.354Z,buy,5.848e-05,839.0,0.04906472
BCD/BTC,1573529466354,2019-11-12T03:31:06.354Z,buy,5.85e-05,9.0,0.0005265
BCD/BTC,1573529497376,2019-11-12T03:31:37.376Z,buy,5.847e-05,1372.0,0.08022084
BCD/BTC,1573529497376,2019-11-12T03:31:37.376Z,buy,5.85e-05,365.0,0.0213525
BCD/BTC,1573529500985,2019-11-12T03:31:40.985Z,buy,5.846e-05,100.0,0.005846
BCD/BTC,1573529526032,2019-11-12T03:32:06.032Z,buy,5.85e-05,158.0,0.009243
BCD/BTC,1573529702705,2019-11-12T03:35:02.705Z,buy,5.85e-05,7.0,0.0004095
BCD/BTC,1573529702842,2019-11-12T03:35:02.842Z,buy,5.85e-05,26.0,0.001521
BCD/BTC,1573529703002,2019-11-12T03:35:03.002Z,buy,5.85e-05,75.0,0.0043875
BCD/BTC,1573529703002,2019-11-12T03:35:03.002Z,buy,5.851e-05,11.0,0.00064361
BCD/BTC,1573529703343,2019-11-12T03:35:03.343Z,buy,5.851e-05,11.0,0.00064361
BCD/BTC,1573529703343,2019-11-12T03:35:03.343Z,buy,5.859e-05,3.0,0.00017577
BCD/BTC,1573530022688,2019-11-12T03:40:22.688Z,buy,5.858e-05,71.0,0.00415918
BCD/BTC,1573530022688,2019-11-12T03:40:22.688Z,buy,5.859e-05,179.0,0.01048761
BCD/BTC,1573530072945,2019-11-12T03:41:12.945Z,buy,5.858e-05,56.0,0.0032804799999999
BCD/BTC,1573530495972,2019-11-12T03:48:15.972Z,sell,5.839e-05,82.0,0.00478798
BCD/BTC,1573530495972,2019-11-12T03:48:15.972Z,sell,5.829e-05,181.0,0.01055049
BCD/BTC,1573530618646,2019-11-12T03:50:18.646Z,sell,5.836e-05,86.0,0.0050189599999999
BCD/BTC,1573530618646,2019-11-12T03:50:18.646Z,sell,5.836e-05,86.0,0.0050189599999999
BCD/BTC,1573531030983,2019-11-12T03:57:10.983Z,buy,5.841e-05,165.0,0.00963765
BCD/BTC,1573531073981,2019-11-12T03:57:53.981Z,buy,5.847e-05,1.0,5.847e-05
BCD/BTC,1573531617818,2019-11-12T04:06:57.818Z,buy,5.847e-05,57.0,0.00333279
BCD/BTC,1573532357270,2019-11-12T04:19:17.270Z,sell,5.842e-05,584.0,0.03411728
BCD/BTC,1573532702300,2019-11-12T04:25:02.300Z,sell,5.837e-05,143.0,0.0083469099999999
BCD/BTC,1573532861565,2019-11-12T04:27:41.565Z,sell,5.836e-05,3.0,0.0001750799999999
BCD/BTC,1573532978368,2019-11-12T04:29:38.368Z,sell,5.838e-05,4.0,0.00023352
BCD/BTC,1573533002304,2019-11-12T04:30:02.304Z,sell,5.838e-05,140.0,0.0081732
BCD/BTC,1573533361026,2019-11-12T04:36:01.026Z,buy,5.837e-05,4.0,0.00023348
BCD/BTC,1573533361026,2019-11-12T04:36:01.026Z,buy,5.838e-05,1032.0,0.06024816
BCD/BTC,1573533429106,2019-11-12T04:37:09.106Z,buy,5.839e-05,23.0,0.00134297
BCD/BTC,1573533585390,2019-11-12T04:39:45.390Z,buy,5.838e-05,965.0,0.0563367
BCD/BTC,1573533585390,2019-11-12T04:39:45.390Z,buy,5.839e-05,2461.0,0.14369779
BCD/BTC,1573533602332,2019-11-12T04:40:02.332Z,sell,5.835e-05,134.0,0.0078189
BCD/BTC,1573533617162,2019-11-12T04:40:17.162Z,buy,5.839e-05,20.0,0.0011678
BCD/BTC,1573533638178,2019-11-12T04:40:38.178Z,buy,5.839e-05,14.0,0.00081746
BCD/BTC,1573533649218,2019-11-12T04:40:49.218Z,buy,5.839e-05,10.0,0.0005839
BCD/BTC,1573533696976,2019-11-12T04:41:36.976Z,buy,5.839e-05,338.0,0.01973582
BCD/BTC,1573533902308,2019-11-12T04:45:02.308Z,sell,5.837e-05,67.0,0.00391079
BCD/BTC,1573534099519,2019-11-12T04:48:19.519Z,buy,5.839e-05,38.0,0.00221882
BCD/BTC,1573534202693,2019-11-12T04:50:02.693Z,sell,5.837e-05,34.0,0.00198458
BCD/BTC,1573534216494,2019-11-12T04:50:16.494Z,buy,5.839e-05,364.0,0.02125396
BCD/BTC,1573534216494,2019-11-12T04:50:16.494Z,buy,5.839e-05,364.0,0.02125396
BCD/BTC,1573534299399,2019-11-12T04:51:39.399Z,buy,5.844e-05,1.0,5.844e-05
BCD/BTC,1573534601004,2019-11-12T04:56:41.004Z,sell,5.843e-05,2.0,0.00011686
BCD/BTC,1573534797858,2019-11-12T04:59:57.858Z,buy,5.844e-05,8.0,0.00046752
BCD/BTC,1573534797858,2019-11-12T04:59:57.858Z,buy,5.845e-05,125.0,0.0073062499999999
BCD/BTC,1573534797858,2019-11-12T04:59:57.858Z,buy,5.846e-05,38.0,0.00222148
BCD/BTC,1573534798926,2019-11-12T04:59:58.926Z,buy,5.846e-05,547.0,0.03197762
BCD/BTC,1573534819293,2019-11-12T05:00:19.293Z,sell,5.844e-05,6.0,0.00035064
BCD/BTC,1573534974882,2019-11-12T05:02:54.882Z,sell,5.832e-05,15.0,0.0008748
BCD/BTC,1573535084550,2019-11-12T05:04:44.550Z,buy,5.839e-05,73.0,0.00426247
BCD/BTC,1573535173659,2019-11-12T05:06:13.659Z,buy,5.838e-05,1.0,5.838e-05
BCD/BTC,1573535174704,2019-11-12T05:06:14.704Z,buy,5.838e-05,14.0,0.00081732
BCD/BTC,1573535254480,2019-11-12T05:07:34.480Z,sell,5.838e-05,3.0,0.00017514
BCD/BTC,1573535397619,2019-11-12T05:09:57.619Z,buy,5.821e-05,91.0,0.00529711
BCD/BTC,1573535397834,2019-11-12T05:09:57.834Z,buy,5.839e-05,25.0,0.00145975
BCD/BTC,1573535933647,2019-11-12T05:18:53.647Z,buy,5.839e-05,523.0,0.03053797
BCD/BTC,1573536021822,2019-11-12T05:20:21.822Z,buy,5.86e-05,18.0,0.0010548
BCD/BTC,1573536022362,2019-11-12T05:20:22.362Z,buy,5.86e-05,80.0,0.004688
BCD/BTC,1573536043472,2019-11-12T05:20:43.472Z,buy,5.86e-05,4.0,0.0002344
BCD/BTC,1573536074388,2019-11-12T05:21:14.388Z,buy,5.866e-05,13.0,0.00076258
BCD/BTC,1573536100251,2019-11-12T05:21:40.251Z,buy,5.866e-05,18.0,0.00105588
BCD/BTC,1573536100251,2019-11-12T05:21:40.251Z,buy,5.874e-05,126.0,0.00740124
BCD/BTC,1573536100251,2019-11-12T05:21:40.251Z,buy,5.875e-05,927.0,0.0544612499999999
BCD/BTC,1573536100333,2019-11-12T05:21:40.333Z,sell,5.875e-05,216.0,0.01269
BCD/BTC,1573536100642,2019-11-12T05:21:40.642Z,sell,5.875e-05,351.0,0.02062125
BCD/BTC,1573536101515,2019-11-12T05:21:41.515Z,sell,5.875e-05,110.0,0.0064624999999999
BCD/BTC,1573536130717,2019-11-12T05:22:10.717Z,sell,5.875e-05,2.0,0.0001175
BCD/BTC,1573536188275,2019-11-12T05:23:08.275Z,sell,5.875e-05,163.0,0.00957625
BCD/BTC,1573536191108,2019-11-12T05:23:11.108Z,sell,5.875e-05,30.0,0.0017625
BCD/BTC,1573536516393,2019-11-12T05:28:36.393Z,buy,5.876e-05,1.0,5.876e-05
BCD/BTC,1573536636276,2019-11-12T05:30:36.276Z,sell,5.86e-05,17.0,0.0009962
BCD/BTC,1573536653487,2019-11-12T05:30:53.487Z,buy,5.845e-05,19.0,0.0011105499999999
BCD/BTC,1573536669669,2019-11-12T05:31:09.669Z,buy,5.845e-05,2.0,0.0001169
BCD/BTC,1573536669669,2019-11-12T05:31:09.669Z,buy,5.845e-05,2.0,0.0001169
BCD/BTC,1573538030771,2019-11-12T05:53:50.771Z,sell,5.848e-05,248.0,0.01450304
BCD/BTC,1573538202783,2019-11-12T05:56:42.783Z,sell,5.849e-05,2.0,0.00011698
BCD/BTC,1573538386368,2019-11-12T05:59:46.368Z,sell,5.85e-05,92.0,0.005382
BCD/BTC,1573538386368,2019-11-12T05:59:46.368Z,sell,5.849e-05,92.0,0.00538108
BCD/BTC,1573538386654,2019-11-12T05:59:46.654Z,buy,5.849e-05,20.0,0.0011698
BCD/BTC,1573538466561,2019-11-12T06:01:06.561Z,sell,5.84e-05,103.0,0.0060152
BCD/BTC,1573538924350,2019-11-12T06:08:44.350Z,sell,5.841e-05,48.0,0.00280368
BCD/BTC,1573539346104,2019-11-12T06:15:46.104Z,sell,5.841e-05,27.0,0.0015770699999999
BCD/BTC,1573539445353,2019-11-12T06:17:25.353Z,buy,5.848e-05,342.0,0.02000016
BCD/BTC,1573539445353,2019-11-12T06:17:25.353Z,buy,5.849e-05,1129.0,0.06603521
BCD/BTC,1573539445353,2019-11-12T06:17:25.353Z,buy,5.85e-05,770.0,0.045045
BCD/BTC,1573539445353,2019-11-12T06:17:25.353Z,buy,5.853e-05,282.0,0.01650546
BCD/BTC,1573539445353,2019-11-12T06:17:25.353Z,buy,5.855e-05,265.0,0.01551575
BCD/BTC,1573540109296,2019-11-12T06:28:29.296Z,buy,5.853e-05,31.0,0.00181443
BCD/BTC,1573540145785,2019-11-12T06:29:05.785Z,buy,5.853e-05,3.0,0.00017559
BCD/BTC,1573540145785,2019-11-12T06:29:05.785Z,buy,5.853e-05,3.0,0.00017559
BCD/BTC,1573540435114,2019-11-12T06:33:55.114Z,sell,5.841e-05,11.0,0.00064251
BCD/BTC,1573540975608,2019-11-12T06:42:55.608Z,sell,5.845e-05,31.0,0.0018119499999999
BCD/BTC,1573540975608,2019-11-12T06:42:55.608Z,sell,5.841e-05,30.0,0.0017523
BCD/BTC,1573541132445,2019-11-12T06:45:32.445Z,sell,5.841e-05,57.0,0.00332937
BCD/BTC,1573541134329,2019-11-12T06:45:34.329Z,buy,5.841e-05,10.0,0.0005840999999999
BCD/BTC,1573541148160,2019-11-12T06:45:48.160Z,sell,5.839e-05,35.0,0.00204365
BCD/BTC,1573541148160,2019-11-12T06:45:48.160Z,sell,5.822e-05,281.0,0.01635982
BCD/BTC,1573541148160,2019-11-12T06:45:48.160Z,sell,5.821e-05,40.0,0.0023284
BCD/BTC,1573541148160,2019-11-12T06:45:48.160Z,sell,5.82e-05,13.0,0.0007566
BCD/BTC,1573541148160,2019-11-12T06:45:48.160Z,sell,5.818e-05,2.0,0.00011636
BCD/BTC,1573541148160,2019-11-12T06:45:48.160Z,sell,5.817e-05,24.0,0.00139608
BCD/BTC,1573541148160,2019-11-12T06:45:48.160Z,sell,5.812e-05,3.0,0.00017436
BCD/BTC,1573541148160,2019-11-12T06:45:48.160Z,sell,5.81e-05,45.0,0.0026145
BCD/BTC,1573541148160,2019-11-12T06:45:48.160Z,sell,5.809e-05,17.0,0.00098753
BCD/BTC,1573541148160,2019-11-12T06:45:48.160Z,sell,5.807e-05,45.0,0.00261315
BCD/BTC,1573541148160,2019-11-12T06:45:48.160Z,sell,5.805e-05,5.0,0.00029025
BCD/BTC,1573541148160,2019-11-12T06:45:48.160Z,sell,5.804e-05,32.0,0.00185728
BCD/BTC,1573541148160,2019-11-12T06:45:48.160Z,sell,5.803e-05,1995.0,0.11576985
BCD/BTC,1573541148160,2019-11-12T06:45:48.160Z,sell,5.802e-05,1342.0,0.0778628399999999
BCD/BTC,1573541148160,2019-11-12T06:45:48.160Z,sell,5.8e-05,3426.0,0.198708
BCD/BTC,1573541148181,2019-11-12T06:45:48.181Z,buy,5.8e-05,45.0,0.00261
BCD/BTC,1573541148187,2019-11-12T06:45:48.187Z,buy,5.8e-05,6.0,0.000348
BCD/BTC,1573541148195,2019-11-12T06:45:48.195Z,buy,5.8e-05,10.0,0.00058
BCD/BTC,1573541148203,2019-11-12T06:45:48.203Z,buy,5.8e-05,27.0,0.001566
BCD/BTC,1573541148220,2019-11-12T06:45:48.220Z,buy,5.8e-05,81.0,0.004698
BCD/BTC,1573541148246,2019-11-12T06:45:48.246Z,buy,5.8e-05,111.0,0.006438
BCD/BTC,1573541148272,2019-11-12T06:45:48.272Z,buy,5.8e-05,219.0,0.012702
BCD/BTC,1573541148289,2019-11-12T06:45:48.289Z,buy,5.8e-05,101.0,0.005858
BCD/BTC,1573541148302,2019-11-12T06:45:48.302Z,buy,5.8e-05,61.0,0.003538
BCD/BTC,1573541148342,2019-11-12T06:45:48.342Z,buy,5.8e-05,81.0,0.004698
BCD/BTC,1573541148517,2019-11-12T06:45:48.517Z,buy,5.8e-05,544.0,0.031552
BCD/BTC,1573541148694,2019-11-12T06:45:48.694Z,sell,5.839e-05,265.0,0.01547335
BCD/BTC,1573541148697,2019-11-12T06:45:48.697Z,sell,5.839e-05,196.0,0.01144444
BCD/BTC,1573541148719,2019-11-12T06:45:48.719Z,sell,5.839e-05,179.0,0.01045181
BCD/BTC,1573541149649,2019-11-12T06:45:49.649Z,sell,5.839e-05,300.0,0.017517
BCD/BTC,1573541149790,2019-11-12T06:45:49.790Z,sell,5.802e-05,1224.0,0.0710164799999999
BCD/BTC,1573541149790,2019-11-12T06:45:49.790Z,sell,5.801e-05,237.0,0.01374837
BCD/BTC,1573541149790,2019-11-12T06:45:49.790Z,sell,5.8e-05,418.0,0.024244
BCD/BTC,1573541149790,2019-11-12T06:45:49.790Z,sell,5.797e-05,52.0,0.00301444
BCD/BTC,1573541149790,2019-11-12T06:45:49.790Z,sell,5.793e-05,5.0,0.00028965
BCD/BTC,1573541149790,2019-11-12T06:45:49.790Z,sell,5.79e-05,18.0,0.0010422
BCD/BTC,1573541149790,2019-11-12T06:45:49.790Z,sell,5.788e-05,17.0,0.00098396
BCD/BTC,1573541149790,2019-11-12T06:45:49.790Z,sell,5.787e-05,164.0,0.00949068
BCD/BTC,1573541163882,2019-11-12T06:46:03.882Z,buy,5.823e-05,3.0,0.00017469
BCD/BTC,1573541163882,2019-11-12T06:46:03.882Z,buy,5.831e-05,4.0,0.00023324
BCD/BTC,1573541189681,2019-11-12T06:46:29.681Z,sell,5.816e-05,18.0,0.00104688
BCD/BTC,1573541189681,2019-11-12T06:46:29.681Z,sell,5.805e-05,2.0,0.0001161
BCD/BTC,1573541189681,2019-11-12T06:46:29.681Z,sell,5.801e-05,64.0,0.00371264
BCD/BTC,1573541199367,2019-11-12T06:46:39.367Z,buy,5.825e-05,10.0,0.0005825
BCD/BTC,1573541339260,2019-11-12T06:48:59.260Z,sell,5.804e-05,42.0,0.00243768
BCD/BTC,1573541661256,2019-11-12T06:54:21.256Z,sell,5.807e-05,38.0,0.00220666
BCD/BTC,1573542158011,2019-11-12T07:02:38.011Z,buy,5.821e-05,54.0,0.00314334
BCD/BTC,1573542386033,2019-11-12T07:06:26.033Z,sell,5.823e-05,200.0,0.011646
BCD/BTC,1573542430382,2019-11-12T07:07:10.382Z,sell,5.817e-05,120.0,0.0069804
BCD/BTC,1573542430382,2019-11-12T07:07:10.382Z,sell,5.816e-05,114.0,0.00663024
BCD/BTC,1573542844162,2019-11-12T07:14:04.162Z,sell,5.82e-05,57.0,0.0033174
BCD/BTC,1573542869236,2019-11-12T07:14:29.236Z,sell,5.82e-05,343.0,0.0199626
BCD/BTC,1573542869236,2019-11-12T07:14:29.236Z,sell,5.815e-05,144.0,0.0083736
BCD/BTC,1573542869236,2019-11-12T07:14:29.236Z,sell,5.796e-05,75.0,0.004347
BCD/BTC,1573542869236,2019-11-12T07:14:29.236Z,sell,5.795e-05,280.0,0.016226
BCD/BTC,1573542869236,2019-11-12T07:14:29.236Z,sell,5.789e-05,59.0,0.00341551
BCD/BTC,1573542869236,2019-11-12T07:14:29.236Z,sell,5.786e-05,6.0,0.00034716
BCD/BTC,1573542869236,2019-11-12T07:14:29.236Z,sell,5.785e-05,221.0,0.0127848499999999
BCD/BTC,1573542869236,2019-11-12T07:14:29.236Z,sell,5.784e-05,2.0,0.00011568
BCD/BTC,1573542869236,2019-11-12T07:14:29.236Z,sell,5.783e-05,69.0,0.00399027
BCD/BTC,1573542869236,2019-11-12T07:14:29.236Z,sell,5.782e-05,40.0,0.0023128
BCD/BTC,1573542869236,2019-11-12T07:14:29.236Z,sell,5.781e-05,35.0,0.0020233499999999
BCD/BTC,1573542869236,2019-11-12T07:14:29.236Z,sell,5.78e-05,206.0,0.0119068
BCD/BTC,1573542869236,2019-11-12T07:14:29.236Z,sell,5.778e-05,3.0,0.00017334
BCD/BTC,1573542869236,2019-11-12T07:14:29.236Z,sell,5.776e-05,1482.0,0.08560032
BCD/BTC,1573542869236,2019-11-12T07:14:29.236Z,sell,5.774e-05,2.0,0.00011548
BCD/BTC,1573542869236,2019-11-12T07:14:29.236Z,sell,5.773e-05,95.0,0.00548435
BCD/BTC,1573542869236,2019-11-12T07:14:29.236Z,sell,5.772e-05,242.0,0.01396824
BCD/BTC,1573542869236,2019-11-12T07:14:29.236Z,sell,5.771e-05,202.0,0.01165742
BCD/BTC,1573542869236,2019-11-12T07:14:29.236Z,sell,5.77e-05,19.0,0.0010963
BCD/BTC,1573542869236,2019-11-12T07:14:29.236Z,sell,5.769e-05,5.0,0.00028845
BCD/BTC,1573542869236,2019-11-12T07:14:29.236Z,sell,5.768e-05,19.0,0.00109592
BCD/BTC,1573542869236,2019-11-12T07:14:29.236Z,sell,5.767e-05,168.0,0.00968856
BCD/BTC,1573542870034,2019-11-12T07:14:30.034Z,buy,5.805e-05,5.0,0.00029025
BCD/BTC,1573542914077,2019-11-12T07:15:14.077Z,buy,5.811e-05,112.0,0.00650832
BCD/BTC,1573542914087,2019-11-12T07:15:14.087Z,buy,5.811e-05,75.0,0.00435825
BCD/BTC,1573542914087,2019-11-12T07:15:14.087Z,buy,5.812e-05,3.0,0.00017436
BCD/BTC,1573542914238,2019-11-12T07:15:14.238Z,buy,5.817e-05,24.0,0.00139608
BCD/BTC,1573542914238,2019-11-12T07:15:14.238Z,buy,5.818e-05,41.0,0.00238538
BCD/BTC,1573542922876,2019-11-12T07:15:22.876Z,buy,5.817e-05,30.0,0.0017451
BCD/BTC,1573542925894,2019-11-12T07:15:25.894Z,buy,5.815e-05,105.0,0.00610575
BCD/BTC,1573542928314,2019-11-12T07:15:28.314Z,buy,5.814e-05,83.0,0.00482562
BCD/BTC,1573542929758,2019-11-12T07:15:29.758Z,buy,5.814e-05,40.0,0.0023256
BCD/BTC,1573542937311,2019-11-12T07:15:37.311Z,buy,5.813e-05,24.0,0.00139512
BCD/BTC,1573542938335,2019-11-12T07:15:38.335Z,buy,5.813e-05,28.0,0.00162764
BCD/BTC,1573542939134,2019-11-12T07:15:39.134Z,buy,5.811e-05,48.0,0.00278928
BCD/BTC,1573542939342,2019-11-12T07:15:39.342Z,buy,5.811e-05,38.0,0.0022081799999999
BCD/BTC,1573542939342,2019-11-12T07:15:39.342Z,buy,5.812e-05,12.0,0.00069744
BCD/BTC,1573542939376,2019-11-12T07:15:39.376Z,buy,5.812e-05,30.0,0.0017435999999999
BCD/BTC,1573542939595,2019-11-12T07:15:39.595Z,buy,5.808e-05,210.0,0.0121968
BCD/BTC,1573542939763,2019-11-12T07:15:39.763Z,buy,5.808e-05,32.0,0.00185856
BCD/BTC,1573542939763,2019-11-12T07:15:39.763Z,buy,5.812e-05,69.0,0.00401028
BCD/BTC,1573542939802,2019-11-12T07:15:39.802Z,buy,5.812e-05,57.0,0.00331284
BCD/BTC,1573542940037,2019-11-12T07:15:40.037Z,buy,5.812e-05,92.0,0.00534704
BCD/BTC,1573542940539,2019-11-12T07:15:40.539Z,buy,5.811e-05,32.0,0.00185952
BCD/BTC,1573542950785,2019-11-12T07:15:50.785Z,buy,5.814e-05,411.0,0.02389554
BCD/BTC,1573542959215,2019-11-12T07:15:59.215Z,buy,5.815e-05,13.0,0.0007559499999999
BCD/BTC,1573542959215,2019-11-12T07:15:59.215Z,buy,5.817e-05,1208.0,0.07026936
BCD/BTC,1573542965254,2019-11-12T07:16:05.254Z,buy,5.814e-05,690.0,0.0401166
BCD/BTC,1573543360710,2019-11-12T07:22:40.710Z,sell,5.795e-05,40.0,0.0023179999999999
BCD/BTC,1573543642939,2019-11-12T07:27:22.939Z,buy,5.812e-05,145.0,0.0084274
BCD/BTC,1573543642939,2019-11-12T07:27:22.939Z,buy,5.813e-05,1144.0,0.06650072
BCD/BTC,1573543642939,2019-11-12T07:27:22.939Z,buy,5.814e-05,2097.0,0.12191958
BCD/BTC,1573543653237,2019-11-12T07:27:33.237Z,sell,5.814e-05,55.0,0.0031977
BCD/BTC,1573543676085,2019-11-12T07:27:56.085Z,buy,5.813e-05,1.0,5.813e-05
BCD/BTC,1573543676085,2019-11-12T07:27:56.085Z,buy,5.813e-05,1.0,5.813e-05
BCD/BTC,1573543751022,2019-11-12T07:29:11.022Z,sell,5.801e-05,237.0,0.01374837
BCD/BTC,1573543751022,2019-11-12T07:29:11.022Z,sell,5.8e-05,163.0,0.009454
BCD/BTC,1573543989106,2019-11-12T07:33:09.106Z,buy,5.813e-05,108.0,0.00627804
BCD/BTC,1573543992197,2019-11-12T07:33:12.197Z,buy,5.814e-05,25.0,0.0014535
BCD/BTC,1573543993526,2019-11-12T07:33:13.526Z,buy,5.814e-05,14.0,0.00081396
BCD/BTC,1573543993526,2019-11-12T07:33:13.526Z,buy,5.82e-05,11.0,0.0006402
BCD/BTC,1573544020573,2019-11-12T07:33:40.573Z,buy,5.819e-05,45.0,0.00261855
BCD/BTC,1573544022070,2019-11-12T07:33:42.070Z,buy,5.819e-05,25.0,0.0014547499999999
BCD/BTC,1573544053122,2019-11-12T07:34:13.122Z,sell,5.805e-05,160.0,0.009288
BCD/BTC,1573544053122,2019-11-12T07:34:13.122Z,sell,5.801e-05,181.0,0.01049981
BCD/BTC,1573544053150,2019-11-12T07:34:13.150Z,buy,5.8e-05,69.0,0.004002
BCD/BTC,1573544053162,2019-11-12T07:34:13.162Z,buy,5.8e-05,1607.0,0.093206
BCD/BTC,1573544053517,2019-11-12T07:34:13.517Z,buy,5.8e-05,346.0,0.020068
BCD/BTC,1573544055585,2019-11-12T07:34:15.585Z,buy,5.8e-05,91.0,0.005278
BCD/BTC,1573544056076,2019-11-12T07:34:16.076Z,buy,5.8e-05,47.0,0.002726
BCD/BTC,1573544056585,2019-11-12T07:34:16.585Z,buy,5.8e-05,1554.0,0.090132
BCD/BTC,1573544057883,2019-11-12T07:34:17.883Z,buy,5.8e-05,25.0,0.00145
BCD/BTC,1573544061597,2019-11-12T07:34:21.597Z,buy,5.8e-05,1.0,5.8e-05
BCD/BTC,1573544080459,2019-11-12T07:34:40.459Z,sell,5.787e-05,32.0,0.00185184
BCD/BTC,1573544138903,2019-11-12T07:35:38.903Z,buy,5.799e-05,42.0,0.00243558
BCD/BTC,1573544139160,2019-11-12T07:35:39.160Z,buy,5.799e-05,10.0,0.0005799
BCD/BTC,1573544140248,2019-11-12T07:35:40.248Z,buy,5.799e-05,25.0,0.0014497499999999
BCD/BTC,1573544272053,2019-11-12T07:37:52.053Z,sell,5.787e-05,73.0,0.00422451
BCD/BTC,1573544272411,2019-11-12T07:37:52.411Z,buy,5.787e-05,111.0,0.00642357
BCD/BTC,1573544272779,2019-11-12T07:37:52.779Z,buy,5.787e-05,25.0,0.00144675
BCD/BTC,1573544272890,2019-11-12T07:37:52.890Z,buy,5.787e-05,128.0,0.00740736
BCD/BTC,1573544273796,2019-11-12T07:37:53.796Z,buy,5.787e-05,25.0,0.00144675
BCD/BTC,1573544274671,2019-11-12T07:37:54.671Z,buy,5.787e-05,25.0,0.00144675
BCD/BTC,1573544275517,2019-11-12T07:37:55.517Z,buy,5.787e-05,25.0,0.00144675
BCD/BTC,1573544276540,2019-11-12T07:37:56.540Z,buy,5.787e-05,25.0,0.00144675
BCD/BTC,1573544277383,2019-11-12T07:37:57.383Z,buy,5.787e-05,25.0,0.00144675
BCD/BTC,1573544278240,2019-11-12T07:37:58.240Z,buy,5.787e-05,25.0,0.00144675
BCD/BTC,1573544279160,2019-11-12T07:37:59.160Z,buy,5.787e-05,25.0,0.00144675
BCD/BTC,1573544280077,2019-11-12T07:38:00.077Z,buy,5.787e-05,25.0,0.00144675
BCD/BTC,1573544281108,2019-11-12T07:38:01.108Z,buy,5.787e-05,25.0,0.00144675
BCD/BTC,1573544282006,2019-11-12T07:38:02.006Z,buy,5.787e-05,25.0,0.00144675
BCD/BTC,1573544282926,2019-11-12T07:38:02.926Z,buy,5.787e-05,25.0,0.00144675
BCD/BTC,1573544283920,2019-11-12T07:38:03.920Z,buy,5.787e-05,25.0,0.00144675
BCD/BTC,1573544285058,2019-11-12T07:38:05.058Z,buy,5.787e-05,25.0,0.00144675
BCD/BTC,1573544285950,2019-11-12T07:38:05.950Z,buy,5.787e-05,25.0,0.00144675
BCD/BTC,1573544286932,2019-11-12T07:38:06.932Z,buy,5.787e-05,25.0,0.00144675
BCD/BTC,1573544287807,2019-11-12T07:38:07.807Z,buy,5.787e-05,25.0,0.00144675
BCD/BTC,1573544288674,2019-11-12T07:38:08.674Z,buy,5.787e-05,25.0,0.00144675
BCD/BTC,1573544289258,2019-11-12T07:38:09.258Z,buy,5.787e-05,59.0,0.00341433
BCD/BTC,1573544289677,2019-11-12T07:38:09.677Z,buy,5.787e-05,25.0,0.00144675
BCD/BTC,1573544290545,2019-11-12T07:38:10.545Z,buy,5.787e-05,25.0,0.00144675
BCD/BTC,1573544291612,2019-11-12T07:38:11.612Z,buy,5.787e-05,25.0,0.00144675
BCD/BTC,1573544292496,2019-11-12T07:38:12.496Z,buy,5.787e-05,25.0,0.00144675
BCD/BTC,1573544293575,2019-11-12T07:38:13.575Z,buy,5.787e-05,25.0,0.00144675
BCD/BTC,1573544294562,2019-11-12T07:38:14.562Z,buy,5.787e-05,25.0,0.00144675
BCD/BTC,1573544296549,2019-11-12T07:38:16.549Z,buy,5.787e-05,25.0,0.00144675
BCD/BTC,1573544297614,2019-11-12T07:38:17.614Z,buy,5.787e-05,25.0,0.00144675
BCD/BTC,1573544298785,2019-11-12T07:38:18.785Z,buy,5.787e-05,25.0,0.00144675
BCD/BTC,1573544299967,2019-11-12T07:38:19.967Z,buy,5.787e-05,25.0,0.00144675
BCD/BTC,1573544301170,2019-11-12T07:38:21.170Z,buy,5.787e-05,25.0,0.00144675
BCD/BTC,1573544302175,2019-11-12T07:38:22.175Z,buy,5.787e-05,25.0,0.00144675
BCD/BTC,1573544303160,2019-11-12T07:38:23.160Z,buy,5.787e-05,25.0,0.00144675
BCD/BTC,1573544304341,2019-11-12T07:38:24.341Z,buy,5.787e-05,25.0,0.00144675
BCD/BTC,1573544304463,2019-11-12T07:38:24.463Z,buy,5.787e-05,38.0,0.00219906
BCD/BTC,1573544305681,2019-11-12T07:38:25.681Z,buy,5.787e-05,25.0,0.00144675
BCD/BTC,1573544306797,2019-11-12T07:38:26.797Z,buy,5.787e-05,25.0,0.00144675
BCD/BTC,1573544307971,2019-11-12T07:38:27.971Z,buy,5.787e-05,25.0,0.00144675
BCD/BTC,1573544308974,2019-11-12T07:38:28.974Z,buy,5.787e-05,25.0,0.00144675
BCD/BTC,1573544310034,2019-11-12T07:38:30.034Z,buy,5.787e-05,25.0,0.00144675
BCD/BTC,1573544311345,2019-11-12T07:38:31.345Z,buy,5.786e-05,25.0,0.0014464999999999
BCD/BTC,1573544312772,2019-11-12T07:38:32.772Z,buy,5.787e-05,25.0,0.00144675
BCD/BTC,1573544314089,2019-11-12T07:38:34.089Z,buy,5.786e-05,25.0,0.0014464999999999
BCD/BTC,1573544315023,2019-11-12T07:38:35.023Z,buy,5.787e-05,25.0,0.00144675
BCD/BTC,1573544316135,2019-11-12T07:38:36.135Z,buy,5.787e-05,25.0,0.00144675
BCD/BTC,1573544317382,2019-11-12T07:38:37.382Z,buy,5.786e-05,25.0,0.0014464999999999
BCD/BTC,1573544318416,2019-11-12T07:38:38.416Z,buy,5.787e-05,25.0,0.00144675
BCD/BTC,1573544329690,2019-11-12T07:38:49.690Z,sell,5.782e-05,22.0,0.0012720399999999
BCD/BTC,1573544329690,2019-11-12T07:38:49.690Z,sell,5.778e-05,3.0,0.00017334
BCD/BTC,1573544329690,2019-11-12T07:38:49.690Z,sell,5.774e-05,2.0,0.00011548
BCD/BTC,1573544329690,2019-11-12T07:38:49.690Z,sell,5.769e-05,5.0,0.00028845
BCD/BTC,1573544329690,2019-11-12T07:38:49.690Z,sell,5.768e-05,34.0,0.00196112
BCD/BTC,1573544335822,2019-11-12T07:38:55.822Z,buy,5.786e-05,102.0,0.00590172
BCD/BTC,1573544335832,2019-11-12T07:38:55.832Z,buy,5.786e-05,77.0,0.00445522
BCD/BTC,1573544335909,2019-11-12T07:38:55.909Z,buy,5.786e-05,111.0,0.00642246
BCD/BTC,1573544336714,2019-11-12T07:38:56.714Z,buy,5.785e-05,9.0,0.00052065
BCD/BTC,1573544336796,2019-11-12T07:38:56.796Z,buy,5.785e-05,30.0,0.0017354999999999
BCD/BTC,1573544336856,2019-11-12T07:38:56.856Z,buy,5.785e-05,173.0,0.01000805
BCD/BTC,1573544336881,2019-11-12T07:38:56.881Z,buy,5.785e-05,84.0,0.0048594
BCD/BTC,1573544336881,2019-11-12T07:38:56.881Z,buy,5.786e-05,435.0,0.0251691
BCD/BTC,1573544337046,2019-11-12T07:38:57.046Z,buy,5.786e-05,12.0,0.00069432
BCD/BTC,1573544347882,2019-11-12T07:39:07.882Z,buy,5.786e-05,18.0,0.00104148
BCD/BTC,1573544358077,2019-11-12T07:39:18.077Z,buy,5.786e-05,96.0,0.00555456
BCD/BTC,1573544368156,2019-11-12T07:39:28.156Z,sell,5.78e-05,25.0,0.001445
BCD/BTC,1573544368533,2019-11-12T07:39:28.533Z,buy,5.78e-05,9.0,0.0005202
BCD/BTC,1573544368625,2019-11-12T07:39:28.625Z,buy,5.78e-05,30.0,0.001734
BCD/BTC,1573544368651,2019-11-12T07:39:28.651Z,buy,5.78e-05,140.0,0.008092
BCD/BTC,1573544368793,2019-11-12T07:39:28.793Z,buy,5.78e-05,37.0,0.0021386
BCD/BTC,1573544383120,2019-11-12T07:39:43.120Z,buy,5.786e-05,258.0,0.01492788
BCD/BTC,1573544383492,2019-11-12T07:39:43.492Z,sell,5.775e-05,14.0,0.0008085
BCD/BTC,1573544383759,2019-11-12T07:39:43.759Z,buy,5.775e-05,36.0,0.002079
BCD/BTC,1573544383837,2019-11-12T07:39:43.837Z,buy,5.775e-05,33.0,0.00190575
BCD/BTC,1573544383853,2019-11-12T07:39:43.853Z,buy,5.775e-05,10.0,0.0005775
BCD/BTC,1573544384029,2019-11-12T07:39:44.029Z,buy,5.775e-05,25.0,0.00144375
BCD/BTC,1573544389406,2019-11-12T07:39:49.406Z,buy,5.775e-05,1085.0,0.06265875
BCD/BTC,1573544409377,2019-11-12T07:40:09.377Z,buy,5.786e-05,2.0,0.00011572
BCD/BTC,1573544485501,2019-11-12T07:41:25.501Z,buy,5.786e-05,1050.0,0.060753
BCD/BTC,1573544486711,2019-11-12T07:41:26.711Z,buy,5.786e-05,730.0,0.0422378
BCD/BTC,1573544487848,2019-11-12T07:41:27.848Z,buy,5.786e-05,510.0,0.0295086
BCD/BTC,1573544489885,2019-11-12T07:41:29.885Z,buy,5.786e-05,1790.0,0.1035693999999999
BCD/BTC,1573544491255,2019-11-12T07:41:31.255Z,buy,5.786e-05,1230.0,0.0711678
BCD/BTC,1573544492294,2019-11-12T07:41:32.294Z,buy,5.786e-05,870.0,0.0503382
BCD/BTC,1573544493424,2019-11-12T07:41:33.424Z,buy,5.786e-05,590.0,0.0341374
BCD/BTC,1573544495439,2019-11-12T07:41:35.439Z,buy,5.786e-05,2470.0,0.1429142
BCD/BTC,1573544579730,2019-11-12T07:42:59.730Z,buy,5.77e-05,74.0,0.0042698
BCD/BTC,1573544588534,2019-11-12T07:43:08.534Z,buy,5.786e-05,31.0,0.0017936599999999
BCD/BTC,1573544714811,2019-11-12T07:45:14.811Z,buy,5.786e-05,68.0,0.00393448
BCD/BTC,1573544721327,2019-11-12T07:45:21.327Z,buy,5.786e-05,60.0,0.0034716
BCD/BTC,1573544759951,2019-11-12T07:45:59.951Z,sell,5.77e-05,527.0,0.0304079
BCD/BTC,1573544759951,2019-11-12T07:45:59.951Z,sell,5.769e-05,2221.0,0.1281294899999999
BCD/BTC,1573544973387,2019-11-12T07:49:33.387Z,buy,5.792e-05,8.0,0.00046336
BCD/BTC,1573544974143,2019-11-12T07:49:34.143Z,buy,5.799e-05,14.0,0.00081186
BCD/BTC,1573544974143,2019-11-12T07:49:34.143Z,buy,5.804e-05,46.0,0.00266984
BCD/BTC,1573544974762,2019-11-12T07:49:34.762Z,buy,5.804e-05,68.0,0.00394672
BCD/BTC,1573544975659,2019-11-12T07:49:35.659Z,buy,5.804e-05,2.0,0.00011608
BCD/BTC,1573544975659,2019-11-12T07:49:35.659Z,buy,5.805e-05,5.0,0.00029025
BCD/BTC,1573544975659,2019-11-12T07:49:35.659Z,buy,5.812e-05,3.0,0.00017436
BCD/BTC,1573544975659,2019-11-12T07:49:35.659Z,buy,5.817e-05,24.0,0.00139608
BCD/BTC,1573544975659,2019-11-12T07:49:35.659Z,buy,5.82e-05,2.0,0.0001164
BCD/BTC,1573544975659,2019-11-12T07:49:35.659Z,buy,5.821e-05,10.0,0.0005821
BCD/BTC,1573544976461,2019-11-12T07:49:36.461Z,buy,5.821e-05,3.0,0.00017463
BCD/BTC,1573544977928,2019-11-12T07:49:37.928Z,buy,5.821e-05,408.0,0.02374968
BCD/BTC,1573544977928,2019-11-12T07:49:37.928Z,buy,5.825e-05,77.0,0.00448525
BCD/BTC,1573544977928,2019-11-12T07:49:37.928Z,buy,5.826e-05,344.0,0.02004144
BCD/BTC,1573544977928,2019-11-12T07:49:37.928Z,buy,5.827e-05,77.0,0.00448679
BCD/BTC,1573544977928,2019-11-12T07:49:37.928Z,buy,5.829e-05,180.0,0.0104922
BCD/BTC,1573544977928,2019-11-12T07:49:37.928Z,buy,5.832e-05,474.0,0.02764368
BCD/BTC,1573544980761,2019-11-12T07:49:40.761Z,buy,5.825e-05,78.0,0.0045435
BCD/BTC,1573544980761,2019-11-12T07:49:40.761Z,buy,5.832e-05,13.0,0.0007581599999999
BCD/BTC,1573545002914,2019-11-12T07:50:02.914Z,buy,5.832e-05,86.0,0.00501552
BCD/BTC,1573545003126,2019-11-12T07:50:03.126Z,buy,5.832e-05,4.0,0.00023328
BCD/BTC,1573545553423,2019-11-12T07:59:13.423Z,sell,5.812e-05,17.0,0.00098804
BCD/BTC,1573545553423,2019-11-12T07:59:13.423Z,sell,5.808e-05,342.0,0.01986336
BCD/BTC,1573545553423,2019-11-12T07:59:13.423Z,sell,5.8e-05,237.0,0.013746
BCD/BTC,1573545553423,2019-11-12T07:59:13.423Z,sell,5.799e-05,180.0,0.0104382
BCD/BTC,1573545553423,2019-11-12T07:59:13.423Z,sell,5.798e-05,462.0,0.02678676
BCD/BTC,1573545554526,2019-11-12T07:59:14.526Z,buy,5.798e-05,1750.0,0.101465
BCD/BTC,1573545555683,2019-11-12T07:59:15.683Z,buy,5.798e-05,1060.0,0.0614587999999999
BCD/BTC,1573545558435,2019-11-12T07:59:18.435Z,buy,5.798e-05,730.0,0.0423254
BCD/BTC,1573545558693,2019-11-12T07:59:18.693Z,buy,5.798e-05,20.0,0.0011596
BCD/BTC,1573545559526,2019-11-12T07:59:19.526Z,buy,5.798e-05,510.0,0.0295698
BCD/BTC,1573545665558,2019-11-12T08:01:05.558Z,sell,5.797e-05,891.0,0.05165127
BCD/BTC,1573545670202,2019-11-12T08:01:10.202Z,buy,5.797e-05,10.0,0.0005797
BCD/BTC,1573545671137,2019-11-12T08:01:11.137Z,buy,5.797e-05,380.0,0.0220286
BCD/BTC,1573545674362,2019-11-12T08:01:14.362Z,sell,5.782e-05,6.0,0.00034692
BCD/BTC,1573545777477,2019-11-12T08:02:57.477Z,sell,5.782e-05,292.0,0.01688344
BCD/BTC,1573545810362,2019-11-12T08:03:30.362Z,buy,5.794e-05,30.0,0.0017381999999999
BCD/BTC,1573545814446,2019-11-12T08:03:34.446Z,buy,5.793e-05,9.0,0.00052137
BCD/BTC,1573545819406,2019-11-12T08:03:39.406Z,buy,5.786e-05,1249.0,0.07226714
BCD/BTC,1573545827091,2019-11-12T08:03:47.091Z,buy,5.797e-05,66.0,0.00382602
BCD/BTC,1573546027771,2019-11-12T08:07:07.771Z,buy,5.797e-05,10.0,0.0005797
BCD/BTC,1573546036094,2019-11-12T08:07:16.094Z,buy,5.798e-05,6.0,0.0003478799999999
BCD/BTC,1573546096543,2019-11-12T08:08:16.543Z,buy,5.798e-05,8391.0,0.4865101799999999
BCD/BTC,1573546097590,2019-11-12T08:08:17.590Z,buy,5.798e-05,511.0,0.02962778
BCD/BTC,1573546196766,2019-11-12T08:09:56.766Z,sell,5.782e-05,200.0,0.011564
BCD/BTC,1573546419659,2019-11-12T08:13:39.659Z,buy,5.797e-05,106.0,0.00614482
BCD/BTC,1573546419659,2019-11-12T08:13:39.659Z,buy,5.798e-05,2384.0,0.1382243199999999
BCD/BTC,1573546420174,2019-11-12T08:13:40.174Z,buy,5.798e-05,72.0,0.00417456
BCD/BTC,1573546674609,2019-11-12T08:17:54.609Z,buy,5.798e-05,25.0,0.0014494999999999
BCD/BTC,1573546738670,2019-11-12T08:18:58.670Z,buy,5.81e-05,18.0,0.0010458
BCD/BTC,1573547012394,2019-11-12T08:23:32.394Z,buy,5.809e-05,1.0,5.809e-05
BCD/BTC,1573547012786,2019-11-12T08:23:32.786Z,buy,5.809e-05,280.0,0.0162652
BCD/BTC,1573547196293,2019-11-12T08:26:36.293Z,sell,5.794e-05,3.0,0.0001738199999999
BCD/BTC,1573547196293,2019-11-12T08:26:36.293Z,sell,5.794e-05,3.0,0.0001738199999999
BCD/BTC,1573547400734,2019-11-12T08:30:00.734Z,buy,5.809e-05,535.0,0.03107815
BCD/BTC,1573547400734,2019-11-12T08:30:00.734Z,buy,5.81e-05,1504.0,0.0873824
BCD/BTC,1573547404307,2019-11-12T08:30:04.307Z,buy,5.81e-05,680.0,0.039508
BCD/BTC,1573547408548,2019-11-12T08:30:08.548Z,buy,5.81e-05,540.0,0.031374
BCD/BTC,1573547617492,2019-11-12T08:33:37.492Z,buy,5.792e-05,970.0,0.0561824
BCD/BTC,1573547681974,2019-11-12T08:34:41.974Z,buy,5.81e-05,1.0,5.81e-05
BCD/BTC,1573547923940,2019-11-12T08:38:43.940Z,buy,5.81e-05,1379.0,0.0801199
BCD/BTC,1573547949130,2019-11-12T08:39:09.130Z,buy,5.81e-05,1528.0,0.0887768
BCD/BTC,1573547988466,2019-11-12T08:39:48.466Z,sell,5.792e-05,174.0,0.01007808
BCD/BTC,1573547988544,2019-11-12T08:39:48.544Z,sell,5.792e-05,518.0,0.03000256
BCD/BTC,1573547988549,2019-11-12T08:39:48.549Z,sell,5.792e-05,21.0,0.00121632
BCD/BTC,1573547988788,2019-11-12T08:39:48.788Z,sell,5.792e-05,2.0,0.00011584
BCD/BTC,1573547988955,2019-11-12T08:39:48.955Z,buy,5.786e-05,98.0,0.00567028
BCD/BTC,1573547989270,2019-11-12T08:39:49.270Z,buy,5.81e-05,50.0,0.002905
BCD/BTC,1573548014438,2019-11-12T08:40:14.438Z,sell,5.79e-05,30.0,0.0017369999999999
BCD/BTC,1573548014494,2019-11-12T08:40:14.494Z,sell,5.79e-05,4.0,0.0002316
BCD/BTC,1573548014494,2019-11-12T08:40:14.494Z,sell,5.788e-05,5.0,0.0002894
BCD/BTC,1573548208825,2019-11-12T08:43:28.825Z,sell,5.797e-05,236.0,0.01368092
BCD/BTC,1573548208825,2019-11-12T08:43:28.825Z,sell,5.794e-05,259.0,0.01500646
BCD/BTC,1573548208825,2019-11-12T08:43:28.825Z,sell,5.793e-05,391.0,0.02265063
BCD/BTC,1573548208869,2019-11-12T08:43:28.869Z,buy,5.788e-05,200.0,0.011576
BCD/BTC,1573549500548,2019-11-12T09:05:00.548Z,sell,5.789e-05,10.0,0.0005789
BCD/BTC,1573549500548,2019-11-12T09:05:00.548Z,sell,5.788e-05,41.0,0.00237308
BCD/BTC,1573549609927,2019-11-12T09:06:49.927Z,sell,5.791e-05,157.0,0.00909187
BCD/BTC,1573549609927,2019-11-12T09:06:49.927Z,sell,5.79e-05,154.0,0.0089166
BCD/BTC,1573549610639,2019-11-12T09:06:50.639Z,sell,5.791e-05,50.0,0.0028955
BCD/BTC,1573549610709,2019-11-12T09:06:50.709Z,sell,5.791e-05,55.0,0.00318505
BCD/BTC,1573549613190,2019-11-12T09:06:53.190Z,sell,5.792e-05,70.0,0.0040544
BCD/BTC,1573549613190,2019-11-12T09:06:53.190Z,sell,5.791e-05,50.0,0.0028955
BCD/BTC,1573549613195,2019-11-12T09:06:53.195Z,sell,5.791e-05,785.0,0.04545935
BCD/BTC,1573549729907,2019-11-12T09:08:49.907Z,sell,5.792e-05,70.0,0.0040544
BCD/BTC,1573549729907,2019-11-12T09:08:49.907Z,sell,5.791e-05,405.0,0.02345355
BCD/BTC,1573549729980,2019-11-12T09:08:49.980Z,sell,5.791e-05,70.0,0.0040537
BCD/BTC,1573549741554,2019-11-12T09:09:01.554Z,sell,5.792e-05,80.0,0.0046336
BCD/BTC,1573549949067,2019-11-12T09:12:29.067Z,sell,5.791e-05,327.0,0.01893657
BCD/BTC,1573549957649,2019-11-12T09:12:37.649Z,sell,5.791e-05,50.0,0.0028955
BCD/BTC,1573550010807,2019-11-12T09:13:30.807Z,buy,5.794e-05,5.0,0.0002897
BCD/BTC,1573550011033,2019-11-12T09:13:31.033Z,buy,5.794e-05,1.0,5.794e-05
BCD/BTC,1573550130441,2019-11-12T09:15:30.441Z,buy,5.796e-05,37.0,0.00214452
BCD/BTC,1573550217719,2019-11-12T09:16:57.719Z,buy,5.795e-05,213.0,0.01234335
BCD/BTC,1573550220964,2019-11-12T09:17:00.964Z,sell,5.796e-05,2.0,0.00011592
BCD/BTC,1573550223235,2019-11-12T09:17:03.235Z,buy,5.797e-05,143.0,0.00828971
BCD/BTC,1573550328844,2019-11-12T09:18:48.844Z,buy,5.801e-05,3.0,0.00017403
BCD/BTC,1573550328844,2019-11-12T09:18:48.844Z,buy,5.802e-05,95.0,0.0055118999999999
BCD/BTC,1573550328844,2019-11-12T09:18:48.844Z,buy,5.803e-05,364.0,0.02112292
BCD/BTC,1573550328844,2019-11-12T09:18:48.844Z,buy,5.804e-05,861.0,0.04997244
BCD/BTC,1573550671237,2019-11-12T09:24:31.237Z,buy,5.804e-05,2.0,0.00011608
BCD/BTC,1573550671237,2019-11-12T09:24:31.237Z,buy,5.805e-05,5.0,0.00029025
BCD/BTC,1573550671237,2019-11-12T09:24:31.237Z,buy,5.808e-05,18.0,0.00104544
BCD/BTC,1573550701569,2019-11-12T09:25:01.569Z,buy,5.808e-05,10.0,0.0005808
BCD/BTC,1573550702524,2019-11-12T09:25:02.524Z,buy,5.808e-05,6.0,0.0003484799999999
BCD/BTC,1573550767503,2019-11-12T09:26:07.503Z,buy,5.817e-05,22.0,0.00127974
BCD/BTC,1573550767503,2019-11-12T09:26:07.503Z,buy,5.818e-05,38.0,0.00221084
BCD/BTC,1573550767503,2019-11-12T09:26:07.503Z,buy,5.817e-05,22.0,0.00127974
BCD/BTC,1573550767503,2019-11-12T09:26:07.503Z,buy,5.818e-05,38.0,0.00221084
BCD/BTC,1573550910152,2019-11-12T09:28:30.152Z,buy,5.819e-05,63.0,0.0036659699999999
BCD/BTC,1573550952103,2019-11-12T09:29:12.103Z,buy,5.819e-05,25.0,0.0014547499999999
BCD/BTC,1573550954082,2019-11-12T09:29:14.082Z,buy,5.819e-05,61.0,0.0035495899999999
BCD/BTC,1573550955423,2019-11-12T09:29:15.423Z,buy,5.819e-05,3.0,0.0001745699999999
BCD/BTC,1573550955423,2019-11-12T09:29:15.423Z,buy,5.82e-05,22.0,0.0012804
BCD/BTC,1573551022971,2019-11-12T09:30:22.971Z,buy,5.82e-05,312.0,0.0181583999999999
BCD/BTC,1573551047226,2019-11-12T09:30:47.226Z,buy,5.82e-05,195.0,0.011349
BCD/BTC,1573551992989,2019-11-12T09:46:32.989Z,sell,5.801e-05,63.0,0.00365463
BCD/BTC,1573551996638,2019-11-12T09:46:36.638Z,sell,5.801e-05,43.0,0.00249443
BCD/BTC,1573551996638,2019-11-12T09:46:36.638Z,sell,5.8e-05,9.0,0.000522
BCD/BTC,1573551996842,2019-11-12T09:46:36.842Z,sell,5.8e-05,21.0,0.001218
BCD/BTC,1573552015907,2019-11-12T09:46:55.907Z,sell,5.8e-05,7.0,0.000406
BCD/BTC,1573552015907,2019-11-12T09:46:55.907Z,sell,5.794e-05,28.0,0.00162232
BCD/BTC,1573552017553,2019-11-12T09:46:57.553Z,sell,5.794e-05,30.0,0.0017381999999999
BCD/BTC,1573552030349,2019-11-12T09:47:10.349Z,buy,5.819e-05,4.0,0.00023276
BCD/BTC,1573552031235,2019-11-12T09:47:11.235Z,buy,5.819e-05,10.0,0.0005819
BCD/BTC,1573552088000,2019-11-12T09:48:08.000Z,buy,5.819e-05,44.0,0.00256036
BCD/BTC,1573552088000,2019-11-12T09:48:08.000Z,buy,5.82e-05,218.0,0.0126876
BCD/BTC,1573552690345,2019-11-12T09:58:10.345Z,buy,5.82e-05,404.0,0.0235128
BCD/BTC,1573552690345,2019-11-12T09:58:10.345Z,buy,5.823e-05,97.0,0.00564831
BCD/BTC,1573552690366,2019-11-12T09:58:10.366Z,sell,5.823e-05,87.0,0.00506601
BCD/BTC,1573552690406,2019-11-12T09:58:10.406Z,sell,5.797e-05,7.0,0.00040579
BCD/BTC,1573552690406,2019-11-12T09:58:10.406Z,sell,5.794e-05,80.0,0.0046352
BCD/BTC,1573552690823,2019-11-12T09:58:10.823Z,buy,5.817e-05,251.0,0.01460067
BCD/BTC,1573552690849,2019-11-12T09:58:10.849Z,sell,5.82e-05,20.0,0.0011639999999999
BCD/BTC,1573552690851,2019-11-12T09:58:10.851Z,sell,5.82e-05,82.0,0.0047723999999999
BCD/BTC,1573552690857,2019-11-12T09:58:10.857Z,sell,5.82e-05,57.0,0.0033174
BCD/BTC,1573552707345,2019-11-12T09:58:27.345Z,sell,5.794e-05,143.0,0.00828542
BCD/BTC,1573552722530,2019-11-12T09:58:42.530Z,sell,5.788e-05,10.0,0.0005788
BCD/BTC,1573552722530,2019-11-12T09:58:42.530Z,sell,5.786e-05,122.0,0.00705892
BCD/BTC,1573552722530,2019-11-12T09:58:42.530Z,sell,5.785e-05,22.0,0.0012726999999999
BCD/BTC,1573552755997,2019-11-12T09:59:15.997Z,buy,5.809e-05,175.0,0.01016575
BCD/BTC,1573553058228,2019-11-12T10:04:18.228Z,sell,5.798e-05,2.0,0.00011596
BCD/BTC,1573553058303,2019-11-12T10:04:18.303Z,sell,5.792e-05,174.0,0.01007808
BCD/BTC,1573553058690,2019-11-12T10:04:18.690Z,buy,5.798e-05,259.0,0.0150168199999999
BCD/BTC,1573553061301,2019-11-12T10:04:21.301Z,sell,5.798e-05,159.0,0.0092188199999999
BCD/BTC,1573553403821,2019-11-12T10:10:03.821Z,sell,5.798e-05,371.0,0.0215105799999999
BCD/BTC,1573553404119,2019-11-12T10:10:04.119Z,buy,5.798e-05,136.0,0.00788528
BCD/BTC,1573553642101,2019-11-12T10:14:02.101Z,buy,5.818e-05,11.0,0.00063998
BCD/BTC,1573554296796,2019-11-12T10:24:56.796Z,buy,5.814e-05,1.0,5.814e-05
BCD/BTC,1573554296796,2019-11-12T10:24:56.796Z,buy,5.814e-05,1.0,5.814e-05
BCD/BTC,1573554374930,2019-11-12T10:26:14.930Z,buy,5.802e-05,1.0,5.802e-05
BCD/BTC,1573554376951,2019-11-12T10:26:16.951Z,buy,5.802e-05,5.0,0.0002901
BCD/BTC,1573554428569,2019-11-12T10:27:08.569Z,buy,5.814e-05,332.0,0.01930248
BCD/BTC,1573554428569,2019-11-12T10:27:08.569Z,buy,5.815e-05,509.0,0.02959835
BCD/BTC,1573554515700,2019-11-12T10:28:35.700Z,sell,5.809e-05,28.0,0.00162652
BCD/BTC,1573554745874,2019-11-12T10:32:25.874Z,buy,5.814e-05,2.0,0.00011628
BCD/BTC,1573554902177,2019-11-12T10:35:02.177Z,buy,5.811e-05,30.0,0.0017433
BCD/BTC,1573554902177,2019-11-12T10:35:02.177Z,buy,5.814e-05,155.0,0.0090117
BCD/BTC,1573555025116,2019-11-12T10:37:05.116Z,buy,5.813e-05,2.0,0.00011626
BCD/BTC,1573555186147,2019-11-12T10:39:46.147Z,sell,5.79e-05,345.0,0.0199755
BCD/BTC,1573555186147,2019-11-12T10:39:46.147Z,sell,5.789e-05,230.0,0.0133147
BCD/BTC,1573555186147,2019-11-12T10:39:46.147Z,sell,5.782e-05,24.0,0.00138768
BCD/BTC,1573555186147,2019-11-12T10:39:46.147Z,sell,5.78e-05,57.0,0.0032946
BCD/BTC,1573555186147,2019-11-12T10:39:46.147Z,sell,5.778e-05,3.0,0.00017334
BCD/BTC,1573555186147,2019-11-12T10:39:46.147Z,sell,5.774e-05,2.0,0.00011548
BCD/BTC,1573555186147,2019-11-12T10:39:46.147Z,sell,5.773e-05,13.0,0.0007504899999999
BCD/BTC,1573555186147,2019-11-12T10:39:46.147Z,sell,5.769e-05,85.0,0.00490365
BCD/BTC,1573555186147,2019-11-12T10:39:46.147Z,sell,5.768e-05,358.0,0.0206494399999999
BCD/BTC,1573555186147,2019-11-12T10:39:46.147Z,sell,5.767e-05,404.0,0.02329868
BCD/BTC,1573555193210,2019-11-12T10:39:53.210Z,buy,5.797e-05,4.0,0.00023188
BCD/BTC,1573555193210,2019-11-12T10:39:53.210Z,buy,5.798e-05,84.0,0.00487032
BCD/BTC,1573555193210,2019-11-12T10:39:53.210Z,buy,5.805e-05,5.0,0.00029025
BCD/BTC,1573555195843,2019-11-12T10:39:55.843Z,buy,5.804e-05,56.0,0.00325024
BCD/BTC,1573555195843,2019-11-12T10:39:55.843Z,buy,5.805e-05,345.0,0.02002725
BCD/BTC,1573555251425,2019-11-12T10:40:51.425Z,buy,5.808e-05,56.0,0.00325248
BCD/BTC,1573555251425,2019-11-12T10:40:51.425Z,buy,5.809e-05,152.0,0.00882968
BCD/BTC,1573555253632,2019-11-12T10:40:53.632Z,buy,5.807e-05,10.0,0.0005807
BCD/BTC,1573555254460,2019-11-12T10:40:54.460Z,buy,5.807e-05,154.0,0.0089427799999999
BCD/BTC,1573555261227,2019-11-12T10:41:01.227Z,buy,5.808e-05,56.0,0.00325248
BCD/BTC,1573555261227,2019-11-12T10:41:01.227Z,buy,5.809e-05,100.0,0.005809
BCD/BTC,1573555280039,2019-11-12T10:41:20.039Z,buy,5.809e-05,105.0,0.00609945
BCD/BTC,1573555618227,2019-11-12T10:46:58.227Z,sell,5.793e-05,345.0,0.01998585
BCD/BTC,1573555618252,2019-11-12T10:46:58.252Z,buy,5.793e-05,242.0,0.01401906
BCD/BTC,1573555618936,2019-11-12T10:46:58.936Z,buy,5.812e-05,3.0,0.00017436
BCD/BTC,1573555618936,2019-11-12T10:46:58.936Z,buy,5.817e-05,24.0,0.00139608
BCD/BTC,1573555618936,2019-11-12T10:46:58.936Z,buy,5.818e-05,2.0,0.00011636
BCD/BTC,1573555618936,2019-11-12T10:46:58.936Z,buy,5.819e-05,21.0,0.0012219899999999
BCD/BTC,1573555760652,2019-11-12T10:49:20.652Z,buy,5.813e-05,324.0,0.01883412
BCD/BTC,1573556131406,2019-11-12T10:55:31.406Z,buy,5.815e-05,97.0,0.0056405499999999
BCD/BTC,1573556133058,2019-11-12T10:55:33.058Z,sell,5.815e-05,50.0,0.0029075
BCD/BTC,1573556207027,2019-11-12T10:56:47.027Z,buy,5.815e-05,33.0,0.00191895
BCD/BTC,1573556235498,2019-11-12T10:57:15.498Z,buy,5.816e-05,428.0,0.0248924799999999
BCD/BTC,1573556375301,2019-11-12T10:59:35.301Z,sell,5.816e-05,45.0,0.0026172
BCD/BTC,1573556377414,2019-11-12T10:59:37.414Z,sell,5.816e-05,50.0,0.002908
BCD/BTC,1573556377719,2019-11-12T10:59:37.719Z,sell,5.816e-05,50.0,0.002908
BCD/BTC,1573556378960,2019-11-12T10:59:38.960Z,sell,5.816e-05,50.0,0.002908
BCD/BTC,1573556379072,2019-11-12T10:59:39.072Z,sell,5.816e-05,32.0,0.00186112
BCD/BTC,1573556379254,2019-11-12T10:59:39.254Z,sell,5.815e-05,19.0,0.0011048499999999
BCD/BTC,1573556408038,2019-11-12T11:00:08.038Z,buy,5.82e-05,27.0,0.0015714
BCD/BTC,1573556408038,2019-11-12T11:00:08.038Z,buy,5.822e-05,1330.0,0.0774326
BCD/BTC,1573556408038,2019-11-12T11:00:08.038Z,buy,5.823e-05,213.0,0.01240299
BCD/BTC,1573556436529,2019-11-12T11:00:36.529Z,sell,5.82e-05,30.0,0.001746
BCD/BTC,1573556625468,2019-11-12T11:03:45.468Z,sell,5.815e-05,50.0,0.0029075
BCD/BTC,1573556626097,2019-11-12T11:03:46.097Z,sell,5.815e-05,50.0,0.0029075
BCD/BTC,1573556626164,2019-11-12T11:03:46.164Z,sell,5.815e-05,745.0,0.04332175
BCD/BTC,1573556626166,2019-11-12T11:03:46.166Z,sell,5.815e-05,1402.0,0.0815263
BCD/BTC,1573556626262,2019-11-12T11:03:46.262Z,sell,5.815e-05,230.0,0.0133745
BCD/BTC,1573556637635,2019-11-12T11:03:57.635Z,sell,5.815e-05,84.0,0.0048845999999999
BCD/BTC,1573556839306,2019-11-12T11:07:19.306Z,sell,5.815e-05,89.0,0.00517535
BCD/BTC,1573556908472,2019-11-12T11:08:28.472Z,sell,5.815e-05,1480.0,0.086062
BCD/BTC,1573557041941,2019-11-12T11:10:41.941Z,buy,5.814e-05,135.0,0.0078489
BCD/BTC,1573557042191,2019-11-12T11:10:42.191Z,buy,5.814e-05,20.0,0.0011628
BCD/BTC,1573557042676,2019-11-12T11:10:42.676Z,buy,5.814e-05,330.0,0.0191862
BCD/BTC,1573557048515,2019-11-12T11:10:48.515Z,buy,5.814e-05,135.0,0.0078489
BCD/BTC,1573557508929,2019-11-12T11:18:28.929Z,sell,5.811e-05,964.0,0.05601804
BCD/BTC,1573557509414,2019-11-12T11:18:29.414Z,buy,5.807e-05,135.0,0.00783945
BCD/BTC,1573557510206,2019-11-12T11:18:30.206Z,buy,5.808e-05,25.0,0.001452
BCD/BTC,1573557510758,2019-11-12T11:18:30.758Z,sell,5.792e-05,345.0,0.0199824
BCD/BTC,1573557510758,2019-11-12T11:18:30.758Z,sell,5.791e-05,237.0,0.01372467
BCD/BTC,1573557510758,2019-11-12T11:18:30.758Z,sell,5.79e-05,248.0,0.0143591999999999
BCD/BTC,1573557511385,2019-11-12T11:18:31.385Z,buy,5.808e-05,25.0,0.001452
BCD/BTC,1573557512473,2019-11-12T11:18:32.473Z,buy,5.808e-05,8.0,0.00046464
BCD/BTC,1573557512473,2019-11-12T11:18:32.473Z,buy,5.812e-05,17.0,0.00098804
BCD/BTC,1573557513746,2019-11-12T11:18:33.746Z,buy,5.811e-05,25.0,0.00145275
BCD/BTC,1573557514848,2019-11-12T11:18:34.848Z,buy,5.811e-05,25.0,0.00145275
BCD/BTC,1573557515922,2019-11-12T11:18:35.922Z,buy,5.811e-05,29.0,0.00168519
BCD/BTC,1573557515926,2019-11-12T11:18:35.926Z,buy,5.814e-05,16.0,0.00093024
BCD/BTC,1573557515926,2019-11-12T11:18:35.926Z,buy,5.816e-05,9.0,0.00052344
BCD/BTC,1573557517060,2019-11-12T11:18:37.060Z,buy,5.811e-05,25.0,0.00145275
BCD/BTC,1573557518018,2019-11-12T11:18:38.018Z,buy,5.811e-05,25.0,0.00145275
BCD/BTC,1573557518984,2019-11-12T11:18:38.984Z,buy,5.811e-05,3.0,0.00017433
BCD/BTC,1573557518984,2019-11-12T11:18:38.984Z,buy,5.812e-05,22.0,0.00127864
BCD/BTC,1573557520402,2019-11-12T11:18:40.402Z,buy,5.811e-05,25.0,0.00145275
BCD/BTC,1573557521509,2019-11-12T11:18:41.509Z,buy,5.811e-05,25.0,0.00145275
BCD/BTC,1573557522385,2019-11-12T11:18:42.385Z,buy,5.811e-05,55.0,0.0031960499999999
BCD/BTC,1573557522479,2019-11-12T11:18:42.479Z,buy,5.815e-05,25.0,0.00145375
BCD/BTC,1573557528939,2019-11-12T11:18:48.939Z,buy,5.815e-05,135.0,0.00785025
BCD/BTC,1573557535437,2019-11-12T11:18:55.437Z,buy,5.815e-05,135.0,0.00785025
BCD/BTC,1573557542013,2019-11-12T11:19:02.013Z,buy,5.816e-05,135.0,0.0078516
BCD/BTC,1573557548080,2019-11-12T11:19:08.080Z,buy,5.816e-05,10.0,0.0005816
BCD/BTC,1573557549468,2019-11-12T11:19:09.468Z,buy,5.816e-05,59.0,0.00343144
BCD/BTC,1573557555969,2019-11-12T11:19:15.969Z,buy,5.817e-05,135.0,0.00785295
BCD/BTC,1573557562553,2019-11-12T11:19:22.553Z,buy,5.817e-05,135.0,0.00785295
BCD/BTC,1573557569007,2019-11-12T11:19:29.007Z,buy,5.817e-05,135.0,0.00785295
BCD/BTC,1573557570844,2019-11-12T11:19:30.844Z,buy,5.817e-05,10.0,0.0005817
BCD/BTC,1573557575540,2019-11-12T11:19:35.540Z,buy,5.817e-05,135.0,0.00785295
BCD/BTC,1573557582071,2019-11-12T11:19:42.071Z,buy,5.817e-05,135.0,0.00785295
BCD/BTC,1573557588555,2019-11-12T11:19:48.555Z,buy,5.817e-05,135.0,0.00785295
BCD/BTC,1573557595068,2019-11-12T11:19:55.068Z,buy,5.817e-05,135.0,0.00785295
BCD/BTC,1573557601667,2019-11-12T11:20:01.667Z,buy,5.817e-05,135.0,0.00785295
BCD/BTC,1573557618376,2019-11-12T11:20:18.376Z,buy,5.817e-05,109.0,0.00634053
BCD/BTC,1573557649329,2019-11-12T11:20:49.329Z,sell,5.799e-05,83.0,0.00481317
BCD/BTC,1573557855962,2019-11-12T11:24:15.962Z,buy,5.822e-05,128.0,0.00745216
BCD/BTC,1573557856971,2019-11-12T11:24:16.971Z,buy,5.822e-05,10.0,0.0005822
BCD/BTC,1573557863010,2019-11-12T11:24:23.010Z,buy,5.822e-05,20.0,0.0011644
BCD/BTC,1573557863010,2019-11-12T11:24:23.010Z,buy,5.822e-05,20.0,0.0011644
BCD/BTC,1573558121902,2019-11-12T11:28:41.902Z,buy,5.821e-05,2.0,0.00011642
BCD/BTC,1573558146442,2019-11-12T11:29:06.442Z,sell,5.821e-05,60.0,0.0034926
BCD/BTC,1573558146695,2019-11-12T11:29:06.695Z,buy,5.821e-05,10.0,0.0005821
BCD/BTC,1573558156778,2019-11-12T11:29:16.778Z,sell,5.808e-05,62.0,0.00360096
BCD/BTC,1573558188949,2019-11-12T11:29:48.949Z,sell,5.808e-05,31.0,0.00180048
BCD/BTC,1573558318752,2019-11-12T11:31:58.752Z,buy,5.822e-05,42.0,0.00244524
BCD/BTC,1573558318752,2019-11-12T11:31:58.752Z,buy,5.823e-05,51.0,0.00296973
BCD/BTC,1573558318752,2019-11-12T11:31:58.752Z,buy,5.826e-05,111.0,0.00646686
BCD/BTC,1573558596023,2019-11-12T11:36:36.023Z,buy,5.826e-05,469.0,0.02732394
BCD/BTC,1573558616825,2019-11-12T11:36:56.825Z,sell,5.826e-05,25.0,0.0014565
BCD/BTC,1573558623031,2019-11-12T11:37:03.031Z,sell,5.826e-05,500.0,0.02913
BCD/BTC,1573558624580,2019-11-12T11:37:04.580Z,sell,5.826e-05,441.0,0.02569266
BCD/BTC,1573558626426,2019-11-12T11:37:06.426Z,sell,5.826e-05,26.0,0.00151476
BCD/BTC,1573558626545,2019-11-12T11:37:06.545Z,sell,5.826e-05,588.0,0.03425688
BCD/BTC,1573558680018,2019-11-12T11:38:00.018Z,sell,5.81e-05,25.0,0.0014525
BCD/BTC,1573558746689,2019-11-12T11:39:06.689Z,buy,5.826e-05,544.0,0.03169344
BCD/BTC,1573558862728,2019-11-12T11:41:02.728Z,sell,5.826e-05,44.0,0.00256344
BCD/BTC,1573558862728,2019-11-12T11:41:02.728Z,sell,5.812e-05,1224.0,0.07113888
BCD/BTC,1573558862728,2019-11-12T11:41:02.728Z,sell,5.805e-05,2.0,0.0001161
BCD/BTC,1573558862728,2019-11-12T11:41:02.728Z,sell,5.804e-05,343.0,0.01990772
BCD/BTC,1573558862728,2019-11-12T11:41:02.728Z,sell,5.803e-05,237.0,0.0137531099999999
BCD/BTC,1573558862728,2019-11-12T11:41:02.728Z,sell,5.801e-05,3.0,0.00017403
BCD/BTC,1573558862728,2019-11-12T11:41:02.728Z,sell,5.79e-05,22.0,0.0012737999999999
BCD/BTC,1573558862728,2019-11-12T11:41:02.728Z,sell,5.787e-05,28.0,0.00162036
BCD/BTC,1573558862728,2019-11-12T11:41:02.728Z,sell,5.782e-05,22.0,0.0012720399999999
BCD/BTC,1573558862728,2019-11-12T11:41:02.728Z,sell,5.78e-05,14.0,0.0008092
BCD/BTC,1573558862728,2019-11-12T11:41:02.728Z,sell,5.778e-05,3.0,0.00017334
BCD/BTC,1573558862728,2019-11-12T11:41:02.728Z,sell,5.775e-05,292.0,0.016863
BCD/BTC,1573558867285,2019-11-12T11:41:07.285Z,buy,5.811e-05,25.0,0.00145275
BCD/BTC,1573558868285,2019-11-12T11:41:08.285Z,buy,5.811e-05,25.0,0.00145275
BCD/BTC,1573558869185,2019-11-12T11:41:09.185Z,buy,5.811e-05,29.0,0.00168519
BCD/BTC,1573558869369,2019-11-12T11:41:09.369Z,buy,5.812e-05,3.0,0.00017436
BCD/BTC,1573558869369,2019-11-12T11:41:09.369Z,buy,5.816e-05,22.0,0.00127952
BCD/BTC,1573559095101,2019-11-12T11:44:55.101Z,buy,5.815e-05,135.0,0.00785025
BCD/BTC,1573559122458,2019-11-12T11:45:22.458Z,buy,5.814e-05,83.0,0.00482562
BCD/BTC,1573559127131,2019-11-12T11:45:27.131Z,buy,5.814e-05,2.0,0.00011628
BCD/BTC,1573559129017,2019-11-12T11:45:29.017Z,buy,5.815e-05,51.0,0.00296565
BCD/BTC,1573559200921,2019-11-12T11:46:40.921Z,buy,5.817e-05,22.0,0.00127974
BCD/BTC,1573559200921,2019-11-12T11:46:40.921Z,buy,5.826e-05,119.0,0.00693294
BCD/BTC,1573559205440,2019-11-12T11:46:45.440Z,buy,5.826e-05,89.0,0.00518514
BCD/BTC,1573559205440,2019-11-12T11:46:45.440Z,buy,5.827e-05,98.0,0.00571046
BCD/BTC,1573559233353,2019-11-12T11:47:13.353Z,buy,5.827e-05,387.0,0.02255049
BCD/BTC,1573559301951,2019-11-12T11:48:21.951Z,buy,5.827e-05,1492.0,0.08693884
BCD/BTC,1573559334881,2019-11-12T11:48:54.881Z,buy,5.829e-05,17.0,0.00099093
BCD/BTC,1573559370498,2019-11-12T11:49:30.498Z,buy,5.84e-05,1.0,5.84e-05
BCD/BTC,1573559429994,2019-11-12T11:50:29.994Z,buy,5.838e-05,1.0,5.838e-05
BCD/BTC,1573559525581,2019-11-12T11:52:05.581Z,buy,5.839e-05,1.0,5.839e-05
BCD/BTC,1573559620091,2019-11-12T11:53:40.091Z,buy,5.838e-05,3.0,0.00017514
BCD/BTC,1573559620091,2019-11-12T11:53:40.091Z,buy,5.839e-05,1704.0,0.09949656
BCD/BTC,1573559659978,2019-11-12T11:54:19.978Z,buy,5.839e-05,3.0,0.00017517
BCD/BTC,1573559800511,2019-11-12T11:56:40.511Z,sell,5.804e-05,237.0,0.01375548
BCD/BTC,1573559800511,2019-11-12T11:56:40.511Z,sell,5.803e-05,1224.0,0.07102872
BCD/BTC,1573559800511,2019-11-12T11:56:40.511Z,sell,5.802e-05,2.0,0.00011604
BCD/BTC,1573559800511,2019-11-12T11:56:40.511Z,sell,5.785e-05,242.0,0.0139996999999999
BCD/BTC,1573559821917,2019-11-12T11:57:01.917Z,buy,5.826e-05,79.0,0.00460254
BCD/BTC,1573559821917,2019-11-12T11:57:01.917Z,buy,5.827e-05,143.0,0.00833261
BCD/BTC,1573559863246,2019-11-12T11:57:43.246Z,sell,5.803e-05,184.0,0.01067752
BCD/BTC,1573559863949,2019-11-12T11:57:43.949Z,buy,5.803e-05,25.0,0.00145075
BCD/BTC,1573559864855,2019-11-12T11:57:44.855Z,buy,5.803e-05,25.0,0.00145075
BCD/BTC,1573559865827,2019-11-12T11:57:45.827Z,buy,5.803e-05,25.0,0.00145075
BCD/BTC,1573559865879,2019-11-12T11:57:45.879Z,buy,5.803e-05,184.0,0.01067752
BCD/BTC,1573559866016,2019-11-12T11:57:46.016Z,buy,5.803e-05,199.0,0.01154797
BCD/BTC,1573559866287,2019-11-12T11:57:46.287Z,buy,5.825e-05,99.0,0.00576675
BCD/BTC,1573559866287,2019-11-12T11:57:46.287Z,buy,5.826e-05,36.0,0.00209736
BCD/BTC,1573560388276,2019-11-12T12:06:28.276Z,sell,5.806e-05,156.0,0.00905736
BCD/BTC,1573560389604,2019-11-12T12:06:29.604Z,sell,5.806e-05,156.0,0.00905736
BCD/BTC,1573560389604,2019-11-12T12:06:29.604Z,sell,5.805e-05,252.0,0.0146286
BCD/BTC,1573560390799,2019-11-12T12:06:30.799Z,sell,5.805e-05,971.0,0.05636655
BCD/BTC,1573560395101,2019-11-12T12:06:35.101Z,sell,5.802e-05,138.0,0.00800676
BCD/BTC,1573560395101,2019-11-12T12:06:35.101Z,sell,5.801e-05,153.0,0.00887553
BCD/BTC,1573560397231,2019-11-12T12:06:37.231Z,sell,5.783e-05,52.0,0.00300716
BCD/BTC,1573560397231,2019-11-12T12:06:37.231Z,sell,5.782e-05,22.0,0.0012720399999999
BCD/BTC,1573560399471,2019-11-12T12:06:39.471Z,sell,5.778e-05,3.0,0.00017334
BCD/BTC,1573560401726,2019-11-12T12:06:41.726Z,sell,5.779e-05,104.0,0.00601016
BCD/BTC,1573560401726,2019-11-12T12:06:41.726Z,sell,5.774e-05,88.0,0.00508112
BCD/BTC,1573560404477,2019-11-12T12:06:44.477Z,sell,5.773e-05,13.0,0.0007504899999999
BCD/BTC,1573560406402,2019-11-12T12:06:46.402Z,sell,5.769e-05,185.0,0.0106726499999999
BCD/BTC,1573560408635,2019-11-12T12:06:48.635Z,sell,5.769e-05,466.0,0.0268835399999999
BCD/BTC,1573560410575,2019-11-12T12:06:50.575Z,sell,5.803e-05,1224.0,0.07102872
BCD/BTC,1573560410575,2019-11-12T12:06:50.575Z,sell,5.768e-05,1722.0,0.0993249599999999
BCD/BTC,1573560412120,2019-11-12T12:06:52.120Z,sell,5.766e-05,1185.0,0.0683271
BCD/BTC,1573560413639,2019-11-12T12:06:53.639Z,sell,5.765e-05,35.0,0.00201775
BCD/BTC,1573560415064,2019-11-12T12:06:55.064Z,sell,5.761e-05,18.0,0.00103698
BCD/BTC,1573560416496,2019-11-12T12:06:56.496Z,sell,5.76e-05,34.0,0.0019584
BCD/BTC,1573560416496,2019-11-12T12:06:56.496Z,sell,5.758e-05,2.0,0.00011516
BCD/BTC,1573560416496,2019-11-12T12:06:56.496Z,sell,5.755e-05,2.0,0.0001151
BCD/BTC,1573560416496,2019-11-12T12:06:56.496Z,sell,5.754e-05,4.0,0.00023016
BCD/BTC,1573560416496,2019-11-12T12:06:56.496Z,sell,5.753e-05,2.0,0.00011506
BCD/BTC,1573560416496,2019-11-12T12:06:56.496Z,sell,5.749e-05,127.0,0.00730123
BCD/BTC,1573560417202,2019-11-12T12:06:57.202Z,sell,5.749e-05,28.0,0.00160972
BCD/BTC,1573560418030,2019-11-12T12:06:58.030Z,sell,5.749e-05,300.0,0.017247
BCD/BTC,1573560419548,2019-11-12T12:06:59.548Z,sell,5.75e-05,80.0,0.0046
BCD/BTC,1573560419548,2019-11-12T12:06:59.548Z,sell,5.749e-05,10.0,0.0005749
BCD/BTC,1573560419548,2019-11-12T12:06:59.548Z,sell,5.748e-05,678.0,0.0389714399999999
BCD/BTC,1573560425125,2019-11-12T12:07:05.125Z,sell,5.797e-05,86.0,0.00498542
BCD/BTC,1573560427657,2019-11-12T12:07:07.657Z,sell,5.797e-05,2.0,0.00011594
BCD/BTC,1573560437557,2019-11-12T12:07:17.557Z,sell,5.797e-05,12.0,0.00069564
BCD/BTC,1573560437557,2019-11-12T12:07:17.557Z,sell,5.749e-05,22.0,0.00126478
BCD/BTC,1573560438776,2019-11-12T12:07:18.776Z,sell,5.749e-05,34.0,0.00195466
BCD/BTC,1573560448076,2019-11-12T12:07:28.076Z,buy,5.797e-05,9.0,0.00052173
BCD/BTC,1573560478887,2019-11-12T12:07:58.887Z,buy,5.795e-05,10.0,0.0005794999999999
BCD/BTC,1573560481598,2019-11-12T12:08:01.598Z,buy,5.795e-05,28.0,0.0016226
BCD/BTC,1573560514349,2019-11-12T12:08:34.349Z,buy,5.795e-05,39.0,0.00226005
BCD/BTC,1573560536274,2019-11-12T12:08:56.274Z,buy,5.793e-05,80.0,0.0046344
BCD/BTC,1573560536278,2019-11-12T12:08:56.278Z,buy,5.793e-05,117.0,0.00677781
BCD/BTC,1573560578500,2019-11-12T12:09:38.500Z,buy,5.782e-05,9.0,0.00052038
BCD/BTC,1573560581695,2019-11-12T12:09:41.695Z,buy,5.782e-05,9.0,0.00052038
BCD/BTC,1573560590796,2019-11-12T12:09:50.796Z,buy,5.78e-05,433.0,0.0250274
BCD/BTC,1573560590991,2019-11-12T12:09:50.991Z,buy,5.779e-05,95.0,0.00549005
BCD/BTC,1573560590991,2019-11-12T12:09:50.991Z,buy,5.78e-05,70.0,0.004046
BCD/BTC,1573560590999,2019-11-12T12:09:50.999Z,buy,5.78e-05,356.0,0.0205768
BCD/BTC,1573560591780,2019-11-12T12:09:51.780Z,buy,5.778e-05,37.0,0.00213786
BCD/BTC,1573560591839,2019-11-12T12:09:51.839Z,buy,5.778e-05,629.0,0.03634362
BCD/BTC,1573560592186,2019-11-12T12:09:52.186Z,buy,5.778e-05,50.0,0.002889
BCD/BTC,1573560592204,2019-11-12T12:09:52.204Z,buy,5.778e-05,354.0,0.02045412
BCD/BTC,1573560593663,2019-11-12T12:09:53.663Z,buy,5.779e-05,63.0,0.00364077
BCD/BTC,1573560595531,2019-11-12T12:09:55.531Z,sell,5.753e-05,217.0,0.01248401
BCD/BTC,1573560595694,2019-11-12T12:09:55.694Z,buy,5.78e-05,10.0,0.000578
BCD/BTC,1573560596805,2019-11-12T12:09:56.805Z,buy,5.78e-05,82.0,0.0047396
BCD/BTC,1573560596805,2019-11-12T12:09:56.805Z,buy,5.781e-05,20.0,0.0011562
BCD/BTC,1573560596924,2019-11-12T12:09:56.924Z,buy,5.781e-05,123.0,0.00711063
BCD/BTC,1573560597143,2019-11-12T12:09:57.143Z,sell,5.754e-05,185.0,0.0106449
BCD/BTC,1573560597143,2019-11-12T12:09:57.143Z,sell,5.752e-05,32.0,0.00184064
BCD/BTC,1573560598956,2019-11-12T12:09:58.956Z,sell,5.753e-05,91.0,0.00523523
BCD/BTC,1573560598956,2019-11-12T12:09:58.956Z,sell,5.752e-05,3.0,0.00017256
BCD/BTC,1573560598956,2019-11-12T12:09:58.956Z,sell,5.751e-05,123.0,0.00707373
BCD/BTC,1573560620118,2019-11-12T12:10:20.118Z,sell,5.759e-05,61.0,0.00351299
BCD/BTC,1573560620118,2019-11-12T12:10:20.118Z,sell,5.758e-05,1730.0,0.0996134
BCD/BTC,1573560620118,2019-11-12T12:10:20.118Z,sell,5.749e-05,444.0,0.02552556
BCD/BTC,1573560636490,2019-11-12T12:10:36.490Z,sell,5.751e-05,616.0,0.03542616
BCD/BTC,1573560639520,2019-11-12T12:10:39.520Z,buy,5.778e-05,9.0,0.0005200199999999
BCD/BTC,1573560640354,2019-11-12T12:10:40.354Z,buy,5.778e-05,51.0,0.00294678
BCD/BTC,1573560649116,2019-11-12T12:10:49.116Z,buy,5.777e-05,50.0,0.0028885
BCD/BTC,1573560649569,2019-11-12T12:10:49.569Z,buy,5.776e-05,52.0,0.00300352
BCD/BTC,1573560791261,2019-11-12T12:13:11.261Z,buy,5.779e-05,32.0,0.00184928
BCD/BTC,1573560791410,2019-11-12T12:13:11.410Z,buy,5.782e-05,4.0,0.00023128
BCD/BTC,1573560793870,2019-11-12T12:13:13.870Z,buy,5.794e-05,30.0,0.0017381999999999
BCD/BTC,1573560795042,2019-11-12T12:13:15.042Z,buy,5.794e-05,26.0,0.00150644
BCD/BTC,1573560797321,2019-11-12T12:13:17.321Z,sell,5.788e-05,59.0,0.00341492
BCD/BTC,1573560802580,2019-11-12T12:13:22.580Z,buy,5.788e-05,30.0,0.0017364
BCD/BTC,1573560805294,2019-11-12T12:13:25.294Z,buy,5.787e-05,9.0,0.00052083
BCD/BTC,1573560821298,2019-11-12T12:13:41.298Z,buy,5.789e-05,114.0,0.00659946
BCD/BTC,1573560823299,2019-11-12T12:13:43.299Z,buy,5.789e-05,124.0,0.00717836
BCD/BTC,1573560823551,2019-11-12T12:13:43.551Z,buy,5.788e-05,61.0,0.00353068
BCD/BTC,1573560858305,2019-11-12T12:14:18.305Z,buy,5.788e-05,187.0,0.01082356
BCD/BTC,1573560858468,2019-11-12T12:14:18.468Z,buy,5.788e-05,109.0,0.00630892
BCD/BTC,1573560858547,2019-11-12T12:14:18.547Z,buy,5.788e-05,340.0,0.0196792
BCD/BTC,1573560858556,2019-11-12T12:14:18.556Z,buy,5.788e-05,211.0,0.01221268
BCD/BTC,1573560859407,2019-11-12T12:14:19.407Z,buy,5.787e-05,29.0,0.00167823
BCD/BTC,1573560859413,2019-11-12T12:14:19.413Z,buy,5.787e-05,64.0,0.00370368
BCD/BTC,1573560859413,2019-11-12T12:14:19.413Z,buy,5.788e-05,10.0,0.0005788
BCD/BTC,1573560859477,2019-11-12T12:14:19.477Z,buy,5.788e-05,116.0,0.00671408
BCD/BTC,1573560859539,2019-11-12T12:14:19.539Z,buy,5.788e-05,254.0,0.01470152
BCD/BTC,1573560862240,2019-11-12T12:14:22.240Z,buy,5.798e-05,10.0,0.0005798
BCD/BTC,1573560862354,2019-11-12T12:14:22.354Z,sell,5.799e-05,80.0,0.0046392
BCD/BTC,1573560862364,2019-11-12T12:14:22.364Z,buy,5.803e-05,71.0,0.00412013
BCD/BTC,1573560862435,2019-11-12T12:14:22.435Z,buy,5.803e-05,55.0,0.00319165
BCD/BTC,1573560862456,2019-11-12T12:14:22.456Z,buy,5.803e-05,54.0,0.0031336199999999
BCD/BTC,1573560862456,2019-11-12T12:14:22.456Z,buy,5.804e-05,27.0,0.00156708
BCD/BTC,1573560862464,2019-11-12T12:14:22.464Z,buy,5.804e-05,53.0,0.00307612
BCD/BTC,1573560862477,2019-11-12T12:14:22.477Z,buy,5.804e-05,30.0,0.0017412
BCD/BTC,1573560875507,2019-11-12T12:14:35.507Z,buy,5.804e-05,16.0,0.00092864
BCD/BTC,1573560875507,2019-11-12T12:14:35.507Z,buy,5.805e-05,153.0,0.00888165
BCD/BTC,1573560896129,2019-11-12T12:14:56.129Z,buy,5.791e-05,131.0,0.00758621
BCD/BTC,1573560896184,2019-11-12T12:14:56.184Z,buy,5.791e-05,243.0,0.01407213
BCD/BTC,1573560936122,2019-11-12T12:15:36.122Z,buy,5.798e-05,62.0,0.00359476
BCD/BTC,1573560936301,2019-11-12T12:15:36.301Z,buy,5.798e-05,31.0,0.00179738
BCD/BTC,1573560936338,2019-11-12T12:15:36.338Z,buy,5.798e-05,133.0,0.00771134
BCD/BTC,1573560936338,2019-11-12T12:15:36.338Z,buy,5.799e-05,591.0,0.03427209
BCD/BTC,1573560936391,2019-11-12T12:15:36.391Z,buy,5.799e-05,66.0,0.00382734
BCD/BTC,1573560937133,2019-11-12T12:15:37.133Z,buy,5.799e-05,9.0,0.00052191
BCD/BTC,1573560937395,2019-11-12T12:15:37.395Z,buy,5.799e-05,58.0,0.0033634199999999
BCD/BTC,1573560937434,2019-11-12T12:15:37.434Z,buy,5.799e-05,96.0,0.00556704
BCD/BTC,1573560937538,2019-11-12T12:15:37.538Z,buy,5.799e-05,30.0,0.0017397
BCD/BTC,1573560945038,2019-11-12T12:15:45.038Z,buy,5.807e-05,9.0,0.00052263
BCD/BTC,1573560958445,2019-11-12T12:15:58.445Z,buy,5.812e-05,1.0,5.812e-05
BCD/BTC,1573560970664,2019-11-12T12:16:10.664Z,sell,5.786e-05,237.0,0.0137128199999999
BCD/BTC,1573560970707,2019-11-12T12:16:10.707Z,buy,5.781e-05,671.0,0.03879051
BCD/BTC,1573560970711,2019-11-12T12:16:10.711Z,buy,5.781e-05,42.0,0.00242802
BCD/BTC,1573560979093,2019-11-12T12:16:19.093Z,buy,5.81e-05,2.0,0.0001162
BCD/BTC,1573560979093,2019-11-12T12:16:19.093Z,buy,5.812e-05,2.0,0.00011624
BCD/BTC,1573560979093,2019-11-12T12:16:19.093Z,buy,5.816e-05,79.0,0.00459464
BCD/BTC,1573560979093,2019-11-12T12:16:19.093Z,buy,5.817e-05,24.0,0.00139608
BCD/BTC,1573560979093,2019-11-12T12:16:19.093Z,buy,5.82e-05,13.0,0.0007566
BCD/BTC,1573560979093,2019-11-12T12:16:19.093Z,buy,5.821e-05,158.0,0.00919718
BCD/BTC,1573560980418,2019-11-12T12:16:20.418Z,buy,5.816e-05,52.0,0.00302432
BCD/BTC,1573560980418,2019-11-12T12:16:20.418Z,buy,5.821e-05,87.0,0.00506427
BCD/BTC,1573560986892,2019-11-12T12:16:26.892Z,sell,5.812e-05,132.0,0.00767184
BCD/BTC,1573560994296,2019-11-12T12:16:34.296Z,sell,5.812e-05,184.0,0.01069408
BCD/BTC,1573561144051,2019-11-12T12:19:04.051Z,buy,5.822e-05,50.0,0.002911
BCD/BTC,1573561145435,2019-11-12T12:19:05.435Z,buy,5.822e-05,36.0,0.00209592
BCD/BTC,1573561146299,2019-11-12T12:19:06.299Z,buy,5.822e-05,12.0,0.00069864
BCD/BTC,1573561147603,2019-11-12T12:19:07.603Z,buy,5.822e-05,8.0,0.00046576
BCD/BTC,1573561147603,2019-11-12T12:19:07.603Z,buy,5.823e-05,53.0,0.00308619
BCD/BTC,1573561147829,2019-11-12T12:19:07.829Z,buy,5.823e-05,98.0,0.00570654
BCD/BTC,1573561148058,2019-11-12T12:19:08.058Z,buy,5.823e-05,88.0,0.00512424
BCD/BTC,1573561150267,2019-11-12T12:19:10.267Z,buy,5.823e-05,23.0,0.00133929
BCD/BTC,1573561151325,2019-11-12T12:19:11.325Z,buy,5.823e-05,12.0,0.00069876
BCD/BTC,1573561162332,2019-11-12T12:19:22.332Z,buy,5.823e-05,9.0,0.00052407
BCD/BTC,1573561187525,2019-11-12T12:19:47.525Z,buy,5.825e-05,30.0,0.0017475
BCD/BTC,1573561187568,2019-11-12T12:19:47.568Z,buy,5.825e-05,30.0,0.0017475
BCD/BTC,1573561188100,2019-11-12T12:19:48.100Z,buy,5.825e-05,3.0,0.00017475
BCD/BTC,1573561188100,2019-11-12T12:19:48.100Z,buy,5.826e-05,75.0,0.0043695
BCD/BTC,1573561188388,2019-11-12T12:19:48.388Z,buy,5.826e-05,104.0,0.00605904
BCD/BTC,1573561190319,2019-11-12T12:19:50.319Z,buy,5.826e-05,84.0,0.00489384
BCD/BTC,1573561190522,2019-11-12T12:19:50.522Z,buy,5.826e-05,6.0,0.00034956
BCD/BTC,1573561190522,2019-11-12T12:19:50.522Z,buy,5.83e-05,78.0,0.0045474
BCD/BTC,1573561190664,2019-11-12T12:19:50.664Z,buy,5.83e-05,21.0,0.0012243
BCD/BTC,1573561192440,2019-11-12T12:19:52.440Z,buy,5.83e-05,51.0,0.0029733
BCD/BTC,1573561192728,2019-11-12T12:19:52.728Z,buy,5.83e-05,12.0,0.0006996
BCD/BTC,1573561193665,2019-11-12T12:19:53.665Z,buy,5.83e-05,9.0,0.0005247
BCD/BTC,1573561193978,2019-11-12T12:19:53.978Z,buy,5.834e-05,50.0,0.002917
BCD/BTC,1573561194083,2019-11-12T12:19:54.083Z,buy,5.834e-05,50.0,0.002917
BCD/BTC,1573561196067,2019-11-12T12:19:56.067Z,buy,5.835e-05,50.0,0.0029175
BCD/BTC,1573561197443,2019-11-12T12:19:57.443Z,buy,5.835e-05,89.0,0.00519315
BCD/BTC,1573561280446,2019-11-12T12:21:20.446Z,buy,5.835e-05,55.0,0.00320925
BCD/BTC,1573561281103,2019-11-12T12:21:21.103Z,buy,5.835e-05,2938.0,0.1714323
BCD/BTC,1573561281620,2019-11-12T12:21:21.620Z,buy,5.835e-05,228.0,0.0133038
BCD/BTC,1573561281737,2019-11-12T12:21:21.737Z,buy,5.84e-05,178.0,0.0103952
BCD/BTC,1573561283228,2019-11-12T12:21:23.228Z,buy,5.844e-05,30.0,0.0017532
BCD/BTC,1573561284682,2019-11-12T12:21:24.682Z,buy,5.844e-05,2.0,0.00011688
BCD/BTC,1573561284682,2019-11-12T12:21:24.682Z,buy,5.845e-05,30.0,0.0017534999999999
BCD/BTC,1573561284682,2019-11-12T12:21:24.682Z,buy,5.846e-05,37.0,0.00216302
BCD/BTC,1573561285163,2019-11-12T12:21:25.163Z,buy,5.846e-05,389.0,0.02274094
BCD/BTC,1573561285923,2019-11-12T12:21:25.923Z,buy,5.846e-05,104.0,0.0060798399999999
BCD/BTC,1573561288107,2019-11-12T12:21:28.107Z,buy,5.847e-05,3.0,0.00017541
BCD/BTC,1573561289415,2019-11-12T12:21:29.415Z,buy,5.851e-05,22.0,0.00128722
BCD/BTC,1573561289415,2019-11-12T12:21:29.415Z,buy,5.853e-05,258.0,0.01510074
BCD/BTC,1573561289863,2019-11-12T12:21:29.863Z,buy,5.853e-05,40.0,0.0023412
BCD/BTC,1573561290190,2019-11-12T12:21:30.190Z,sell,5.846e-05,4.0,0.00023384
BCD/BTC,1573561291695,2019-11-12T12:21:31.695Z,buy,5.853e-05,10.0,0.0005853
BCD/BTC,1573561305524,2019-11-12T12:21:45.524Z,sell,5.846e-05,53.0,0.00309838
BCD/BTC,1573561307023,2019-11-12T12:21:47.023Z,sell,5.835e-05,53.0,0.00309255
BCD/BTC,1573561308825,2019-11-12T12:21:48.825Z,sell,5.835e-05,41.0,0.00239235
BCD/BTC,1573561309302,2019-11-12T12:21:49.302Z,sell,5.815e-05,33.0,0.00191895
BCD/BTC,1573561318120,2019-11-12T12:21:58.120Z,buy,5.849e-05,53.0,0.00309997
BCD/BTC,1573561318120,2019-11-12T12:21:58.120Z,buy,5.85e-05,51.0,0.0029835
BCD/BTC,1573561318347,2019-11-12T12:21:58.347Z,sell,5.85e-05,383.0,0.0224055
BCD/BTC,1573561322258,2019-11-12T12:22:02.258Z,sell,5.85e-05,7.0,0.0004095
BCD/BTC,1573561343499,2019-11-12T12:22:23.499Z,buy,5.851e-05,50.0,0.0029255
BCD/BTC,1573561344378,2019-11-12T12:22:24.378Z,buy,5.851e-05,55.0,0.00321805
BCD/BTC,1573561344378,2019-11-12T12:22:24.378Z,buy,5.852e-05,12.0,0.00070224
BCD/BTC,1573561344712,2019-11-12T12:22:24.712Z,buy,5.852e-05,299.0,0.01749748
BCD/BTC,1573561345963,2019-11-12T12:22:25.963Z,buy,5.852e-05,388.0,0.02270576
BCD/BTC,1573561346029,2019-11-12T12:22:26.029Z,buy,5.852e-05,257.0,0.01503964
BCD/BTC,1573561346362,2019-11-12T12:22:26.362Z,buy,5.852e-05,61.0,0.00356972
BCD/BTC,1573561346380,2019-11-12T12:22:26.380Z,sell,5.85e-05,180.0,0.01053
BCD/BTC,1573561346564,2019-11-12T12:22:26.564Z,buy,5.853e-05,385.0,0.02253405
BCD/BTC,1573561347918,2019-11-12T12:22:27.918Z,buy,5.853e-05,87.0,0.0050921099999999
BCD/BTC,1573561349295,2019-11-12T12:22:29.295Z,buy,5.853e-05,253.0,0.01480809
BCD/BTC,1573561349397,2019-11-12T12:22:29.397Z,buy,5.853e-05,25.0,0.00146325
BCD/BTC,1573561349524,2019-11-12T12:22:29.524Z,buy,5.853e-05,86.0,0.0050335799999999
BCD/BTC,1573561349701,2019-11-12T12:22:29.701Z,buy,5.853e-05,261.0,0.01527633
BCD/BTC,1573561349842,2019-11-12T12:22:29.842Z,buy,5.853e-05,70.0,0.0040970999999999
BCD/BTC,1573561349842,2019-11-12T12:22:29.842Z,buy,5.855e-05,16.0,0.0009368
BCD/BTC,1573561349944,2019-11-12T12:22:29.944Z,buy,5.855e-05,50.0,0.0029275
BCD/BTC,1573561353094,2019-11-12T12:22:33.094Z,sell,5.85e-05,65.0,0.0038025
BCD/BTC,1573561372177,2019-11-12T12:22:52.177Z,buy,5.855e-05,32.0,0.0018736
BCD/BTC,1573561372202,2019-11-12T12:22:52.202Z,buy,5.855e-05,140.0,0.008197
BCD/BTC,1573561372519,2019-11-12T12:22:52.519Z,buy,5.855e-05,50.0,0.0029275
BCD/BTC,1573561373279,2019-11-12T12:22:53.279Z,buy,5.855e-05,291.0,0.01703805
BCD/BTC,1573561373279,2019-11-12T12:22:53.279Z,buy,5.856e-05,48.0,0.00281088
BCD/BTC,1573561373279,2019-11-12T12:22:53.279Z,buy,5.857e-05,65.0,0.00380705
BCD/BTC,1573561373311,2019-11-12T12:22:53.311Z,buy,5.857e-05,50.0,0.0029285
BCD/BTC,1573561373499,2019-11-12T12:22:53.499Z,buy,5.857e-05,50.0,0.0029285
BCD/BTC,1573561373777,2019-11-12T12:22:53.777Z,buy,5.857e-05,274.0,0.01604818
BCD/BTC,1573561374003,2019-11-12T12:22:54.003Z,buy,5.857e-05,187.0,0.01095259
BCD/BTC,1573561374418,2019-11-12T12:22:54.418Z,buy,5.857e-05,260.0,0.0152282
BCD/BTC,1573561375561,2019-11-12T12:22:55.561Z,buy,5.857e-05,221.0,0.01294397
BCD/BTC,1573561375573,2019-11-12T12:22:55.573Z,buy,5.857e-05,176.0,0.01030832
BCD/BTC,1573561375573,2019-11-12T12:22:55.573Z,buy,5.858e-05,176.0,0.01031008
BCD/BTC,1573561375573,2019-11-12T12:22:55.573Z,buy,5.86e-05,10.0,0.000586
BCD/BTC,1573561375573,2019-11-12T12:22:55.573Z,buy,5.861e-05,7.0,0.00041027
BCD/BTC,1573561375573,2019-11-12T12:22:55.573Z,buy,5.864e-05,56.0,0.00328384
BCD/BTC,1573561376835,2019-11-12T12:22:56.835Z,buy,5.864e-05,58.0,0.00340112
BCD/BTC,1573561377343,2019-11-12T12:22:57.343Z,buy,5.864e-05,104.0,0.00609856
BCD/BTC,1573561377419,2019-11-12T12:22:57.419Z,buy,5.864e-05,62.0,0.00363568
BCD/BTC,1573561377419,2019-11-12T12:22:57.419Z,buy,5.866e-05,13.0,0.00076258
BCD/BTC,1573561377419,2019-11-12T12:22:57.419Z,buy,5.867e-05,294.0,0.01724898
BCD/BTC,1573561379904,2019-11-12T12:22:59.904Z,buy,5.867e-05,4.0,0.00023468
BCD/BTC,1573561379904,2019-11-12T12:22:59.904Z,buy,5.869e-05,61.0,0.00358009
BCD/BTC,1573561380261,2019-11-12T12:23:00.261Z,buy,5.869e-05,1.0,5.869e-05
BCD/BTC,1573561380261,2019-11-12T12:23:00.261Z,buy,5.87e-05,42.0,0.0024654
BCD/BTC,1573561380601,2019-11-12T12:23:00.601Z,buy,5.87e-05,29.0,0.0017023
BCD/BTC,1573561380601,2019-11-12T12:23:00.601Z,buy,5.873e-05,34.0,0.00199682
BCD/BTC,1573561380674,2019-11-12T12:23:00.674Z,buy,5.873e-05,7.0,0.00041111
BCD/BTC,1573561380674,2019-11-12T12:23:00.674Z,buy,5.876e-05,4.0,0.00023504
BCD/BTC,1573561380674,2019-11-12T12:23:00.674Z,buy,5.881e-05,27.0,0.00158787
BCD/BTC,1573561380995,2019-11-12T12:23:00.995Z,buy,5.881e-05,55.0,0.00323455
BCD/BTC,1573561381729,2019-11-12T12:23:01.729Z,buy,5.881e-05,727.0,0.04275487
BCD/BTC,1573561382623,2019-11-12T12:23:02.623Z,buy,5.881e-05,283.0,0.01664323
BCD/BTC,1573561384968,2019-11-12T12:23:04.968Z,buy,5.882e-05,255.0,0.0149991
BCD/BTC,1573561385107,2019-11-12T12:23:05.107Z,buy,5.882e-05,17.0,0.00099994
BCD/BTC,1573561387212,2019-11-12T12:23:07.212Z,buy,5.882e-05,18.0,0.00105876
BCD/BTC,1573561387212,2019-11-12T12:23:07.212Z,buy,5.883e-05,22.0,0.00129426
BCD/BTC,1573561387902,2019-11-12T12:23:07.902Z,buy,5.883e-05,51.0,0.00300033
BCD/BTC,1573561390799,2019-11-12T12:23:10.799Z,buy,5.882e-05,30.0,0.0017646
BCD/BTC,1573561390830,2019-11-12T12:23:10.830Z,buy,5.882e-05,44.0,0.00258808
BCD/BTC,1573561391734,2019-11-12T12:23:11.734Z,buy,5.882e-05,928.0,0.05458496
BCD/BTC,1573561391734,2019-11-12T12:23:11.734Z,buy,5.883e-05,696.0,0.04094568
BCD/BTC,1573561391734,2019-11-12T12:23:11.734Z,buy,5.884e-05,32.0,0.00188288
BCD/BTC,1573561391734,2019-11-12T12:23:11.734Z,buy,5.885e-05,44.0,0.0025894
BCD/BTC,1573561394323,2019-11-12T12:23:14.323Z,buy,5.885e-05,36.0,0.0021186
BCD/BTC,1573561396640,2019-11-12T12:23:16.640Z,sell,5.881e-05,105.0,0.00617505
BCD/BTC,1573561396831,2019-11-12T12:23:16.831Z,buy,5.885e-05,50.0,0.0029425
BCD/BTC,1573561399912,2019-11-12T12:23:19.912Z,buy,5.885e-05,169.0,0.00994565
BCD/BTC,1573561402733,2019-11-12T12:23:22.733Z,sell,5.881e-05,82.0,0.00482242
BCD/BTC,1573561403268,2019-11-12T12:23:23.268Z,buy,5.885e-05,424.0,0.0249524
BCD/BTC,1573561404184,2019-11-12T12:23:24.184Z,sell,5.859e-05,10.0,0.0005859
BCD/BTC,1573561404571,2019-11-12T12:23:24.571Z,sell,5.859e-05,72.0,0.00421848
BCD/BTC,1573561404590,2019-11-12T12:23:24.590Z,sell,5.859e-05,282.0,0.01652238
BCD/BTC,1573561404590,2019-11-12T12:23:24.590Z,sell,5.858e-05,34.0,0.0019917199999999
BCD/BTC,1573561404761,2019-11-12T12:23:24.761Z,sell,5.858e-05,163.0,0.00954854
BCD/BTC,1573561405997,2019-11-12T12:23:25.997Z,buy,5.881e-05,77.0,0.00452837
BCD/BTC,1573561405997,2019-11-12T12:23:25.997Z,buy,5.882e-05,7.0,0.00041174
BCD/BTC,1573561408155,2019-11-12T12:23:28.155Z,buy,5.88e-05,35.0,0.002058
BCD/BTC,1573561411366,2019-11-12T12:23:31.366Z,buy,5.879e-05,76.0,0.0044680399999999
BCD/BTC,1573561411366,2019-11-12T12:23:31.366Z,buy,5.88e-05,10.0,0.000588
BCD/BTC,1573561411366,2019-11-12T12:23:31.366Z,buy,5.882e-05,43.0,0.00252926
BCD/BTC,1573561411366,2019-11-12T12:23:31.366Z,buy,5.885e-05,82.0,0.0048257
BCD/BTC,1573561413377,2019-11-12T12:23:33.377Z,buy,5.879e-05,77.0,0.00452683
BCD/BTC,1573561413377,2019-11-12T12:23:33.377Z,buy,5.885e-05,423.0,0.02489355
BCD/BTC,1573561413377,2019-11-12T12:23:33.377Z,buy,5.886e-05,319.0,0.01877634
BCD/BTC,1573561413377,2019-11-12T12:23:33.377Z,buy,5.887e-05,226.0,0.01330462
BCD/BTC,1573561413377,2019-11-12T12:23:33.377Z,buy,5.89e-05,60.0,0.003534
BCD/BTC,1573561415304,2019-11-12T12:23:35.304Z,buy,5.89e-05,27.0,0.0015903
BCD/BTC,1573561415304,2019-11-12T12:23:35.304Z,buy,5.89e-05,27.0,0.0015903
BCD/BTC,1573561684675,2019-11-12T12:28:04.675Z,buy,5.879e-05,2.0,0.00011758
BCD/BTC,1573561823661,2019-11-12T12:30:23.661Z,sell,5.861e-05,17.0,0.00099637
BCD/BTC,1573561845561,2019-11-12T12:30:45.561Z,sell,5.864e-05,56.0,0.00328384
BCD/BTC,1573562133701,2019-11-12T12:35:33.701Z,buy,5.879e-05,21.0,0.00123459
BCD/BTC,1573562139784,2019-11-12T12:35:39.784Z,sell,5.879e-05,127.0,0.0074663299999999
BCD/BTC,1573562140206,2019-11-12T12:35:40.206Z,sell,5.879e-05,127.0,0.0074663299999999
BCD/BTC,1573562140460,2019-11-12T12:35:40.460Z,sell,5.879e-05,45.0,0.00264555
BCD/BTC,1573562196790,2019-11-12T12:36:36.790Z,sell,5.879e-05,232.0,0.01363928
BCD/BTC,1573562197026,2019-11-12T12:36:37.026Z,sell,5.879e-05,48.0,0.00282192
BCD/BTC,1573562265888,2019-11-12T12:37:45.888Z,sell,5.879e-05,105.0,0.00617295
BCD/BTC,1573562265888,2019-11-12T12:37:45.888Z,sell,5.856e-05,128.0,0.00749568
BCD/BTC,1573562265888,2019-11-12T12:37:45.888Z,sell,5.855e-05,211.0,0.01235405
BCD/BTC,1573562330873,2019-11-12T12:38:50.873Z,buy,5.885e-05,7.0,0.00041195
BCD/BTC,1573563098040,2019-11-12T12:51:38.040Z,buy,5.877e-05,68.0,0.00399636
BCD/BTC,1573563137023,2019-11-12T12:52:17.023Z,buy,5.884e-05,18.0,0.00105912
BCD/BTC,1573563170971,2019-11-12T12:52:50.971Z,buy,5.878e-05,22.0,0.00129316
BCD/BTC,1573563174509,2019-11-12T12:52:54.509Z,buy,5.877e-05,25.0,0.00146925
BCD/BTC,1573563174577,2019-11-12T12:52:54.577Z,buy,5.877e-05,25.0,0.00146925
BCD/BTC,1573563432920,2019-11-12T12:57:12.920Z,sell,5.852e-05,133.0,0.00778316
BCD/BTC,1573563433184,2019-11-12T12:57:13.184Z,buy,5.884e-05,35.0,0.0020594
BCD/BTC,1573563496061,2019-11-12T12:58:16.061Z,buy,5.877e-05,3.0,0.00017631
BCD/BTC,1573564170607,2019-11-12T13:09:30.607Z,buy,5.874e-05,2.0,0.00011748
BCD/BTC,1573564246976,2019-11-12T13:10:46.976Z,sell,5.851e-05,355.0,0.02077105
BCD/BTC,1573564246976,2019-11-12T13:10:46.976Z,sell,5.85e-05,133.0,0.0077805
BCD/BTC,1573564246976,2019-11-12T13:10:46.976Z,sell,5.847e-05,3.0,0.00017541
BCD/BTC,1573564246976,2019-11-12T13:10:46.976Z,sell,5.844e-05,32.0,0.00187008
BCD/BTC,1573564246976,2019-11-12T13:10:46.976Z,sell,5.841e-05,165.0,0.00963765
BCD/BTC,1573564246976,2019-11-12T13:10:46.976Z,sell,5.84e-05,5.0,0.000292
BCD/BTC,1573564246976,2019-11-12T13:10:46.976Z,sell,5.827e-05,183.0,0.01066341
BCD/BTC,1573564246976,2019-11-12T13:10:46.976Z,sell,5.826e-05,603.0,0.03513078
BCD/BTC,1573564246976,2019-11-12T13:10:46.976Z,sell,5.825e-05,289.0,0.01683425
BCD/BTC,1573564246976,2019-11-12T13:10:46.976Z,sell,5.824e-05,453.0,0.02638272
BCD/BTC,1573564246976,2019-11-12T13:10:46.976Z,sell,5.821e-05,2.0,0.00011642
BCD/BTC,1573564246976,2019-11-12T13:10:46.976Z,sell,5.82e-05,13.0,0.0007566
BCD/BTC,1573564246976,2019-11-12T13:10:46.976Z,sell,5.817e-05,24.0,0.00139608
BCD/BTC,1573564246976,2019-11-12T13:10:46.976Z,sell,5.813e-05,17.0,0.00098821
BCD/BTC,1573564246976,2019-11-12T13:10:46.976Z,sell,5.812e-05,3.0,0.00017436
BCD/BTC,1573564246976,2019-11-12T13:10:46.976Z,sell,5.81e-05,39.0,0.0022659
BCD/BTC,1573564246976,2019-11-12T13:10:46.976Z,sell,5.808e-05,507.0,0.02944656
BCD/BTC,1573564246976,2019-11-12T13:10:46.976Z,sell,5.807e-05,172.0,0.00998804
BCD/BTC,1573564248150,2019-11-12T13:10:48.150Z,buy,5.854e-05,13.0,0.00076102
BCD/BTC,1573564248286,2019-11-12T13:10:48.286Z,buy,5.854e-05,4.0,0.00023416
BCD/BTC,1573564248286,2019-11-12T13:10:48.286Z,buy,5.86e-05,2.0,0.0001172
BCD/BTC,1573564248450,2019-11-12T13:10:48.450Z,buy,5.866e-05,9.0,0.00052794
BCD/BTC,1573564250123,2019-11-12T13:10:50.123Z,sell,5.86e-05,3.0,0.0001758
BCD/BTC,1573564250380,2019-11-12T13:10:50.380Z,sell,5.86e-05,9.0,0.0005274
BCD/BTC,1573564250694,2019-11-12T13:10:50.694Z,buy,5.858e-05,9.0,0.00052722
BCD/BTC,1573564251144,2019-11-12T13:10:51.144Z,buy,5.858e-05,9.0,0.00052722
BCD/BTC,1573564251816,2019-11-12T13:10:51.816Z,buy,5.857e-05,112.0,0.00655984
BCD/BTC,1573564251938,2019-11-12T13:10:51.938Z,buy,5.858e-05,30.0,0.0017573999999999
BCD/BTC,1573564252455,2019-11-12T13:10:52.455Z,buy,5.857e-05,9.0,0.00052713
BCD/BTC,1573564252468,2019-11-12T13:10:52.468Z,buy,5.857e-05,9.0,0.00052713
BCD/BTC,1573564252890,2019-11-12T13:10:52.890Z,buy,5.857e-05,30.0,0.0017571
BCD/BTC,1573564253251,2019-11-12T13:10:53.251Z,buy,5.857e-05,8.0,0.00046856
BCD/BTC,1573564253251,2019-11-12T13:10:53.251Z,buy,5.858e-05,4.0,0.00023432
BCD/BTC,1573564254005,2019-11-12T13:10:54.005Z,buy,5.857e-05,39.0,0.00228423
BCD/BTC,1573564254357,2019-11-12T13:10:54.357Z,buy,5.857e-05,31.0,0.00181567
BCD/BTC,1573564254357,2019-11-12T13:10:54.357Z,buy,5.858e-05,20.0,0.0011716
BCD/BTC,1573564255703,2019-11-12T13:10:55.703Z,buy,5.851e-05,18.0,0.00105318
BCD/BTC,1573564255706,2019-11-12T13:10:55.706Z,buy,5.851e-05,4.0,0.00023404
BCD/BTC,1573564256818,2019-11-12T13:10:56.818Z,buy,5.858e-05,58.0,0.00339764
BCD/BTC,1573564257126,2019-11-12T13:10:57.126Z,buy,5.858e-05,43.0,0.00251894
BCD/BTC,1573564257242,2019-11-12T13:10:57.242Z,buy,5.858e-05,3.0,0.00017574
BCD/BTC,1573564257242,2019-11-12T13:10:57.242Z,buy,5.864e-05,167.0,0.00979288
BCD/BTC,1573564257626,2019-11-12T13:10:57.626Z,buy,5.864e-05,3.0,0.00017592
BCD/BTC,1573564257626,2019-11-12T13:10:57.626Z,buy,5.865e-05,50.0,0.0029325
BCD/BTC,1573564258574,2019-11-12T13:10:58.574Z,buy,5.866e-05,4.0,0.00023464
BCD/BTC,1573564258574,2019-11-12T13:10:58.574Z,buy,5.867e-05,47.0,0.00275749
BCD/BTC,1573564258720,2019-11-12T13:10:58.720Z,buy,5.867e-05,9.0,0.00052803
BCD/BTC,1573564258720,2019-11-12T13:10:58.720Z,buy,5.867e-05,27.0,0.00158409
BCD/BTC,1573564258754,2019-11-12T13:10:58.754Z,buy,5.867e-05,8.0,0.00046936
BCD/BTC,1573564258754,2019-11-12T13:10:58.754Z,buy,5.868e-05,26.0,0.00152568
BCD/BTC,1573564258932,2019-11-12T13:10:58.932Z,buy,5.868e-05,37.0,0.00217116
BCD/BTC,1573564259777,2019-11-12T13:10:59.777Z,buy,5.867e-05,85.0,0.0049869499999999
BCD/BTC,1573564259952,2019-11-12T13:10:59.952Z,buy,5.867e-05,50.0,0.0029335
BCD/BTC,1573564260439,2019-11-12T13:11:00.439Z,buy,5.867e-05,55.0,0.00322685
BCD/BTC,1573564260935,2019-11-12T13:11:00.935Z,buy,5.867e-05,96.0,0.00563232
BCD/BTC,1573564318321,2019-11-12T13:11:58.321Z,buy,5.876e-05,19.0,0.00111644
BCD/BTC,1573564319614,2019-11-12T13:11:59.614Z,buy,5.876e-05,18.0,0.00105768
BCD/BTC,1573564319865,2019-11-12T13:11:59.865Z,buy,5.876e-05,10.0,0.0005876
BCD/BTC,1573564510830,2019-11-12T13:15:10.830Z,buy,5.882e-05,3.0,0.00017646
BCD/BTC,1573564510830,2019-11-12T13:15:10.830Z,buy,5.883e-05,20.0,0.0011765999999999
BCD/BTC,1573564524195,2019-11-12T13:15:24.195Z,sell,5.88e-05,50.0,0.00294
BCD/BTC,1573564583200,2019-11-12T13:16:23.200Z,buy,5.873e-05,9.0,0.00052857
BCD/BTC,1573564641103,2019-11-12T13:17:21.103Z,buy,5.879e-05,6.0,0.00035274
BCD/BTC,1573564805817,2019-11-12T13:20:05.817Z,buy,5.876e-05,188.0,0.01104688
BCD/BTC,1573564805817,2019-11-12T13:20:05.817Z,buy,5.876e-05,188.0,0.01104688
BCD/BTC,1573565115438,2019-11-12T13:25:15.438Z,buy,5.88e-05,1.0,5.88e-05
BCD/BTC,1573565284625,2019-11-12T13:28:04.625Z,buy,5.878e-05,2.0,0.00011756
BCD/BTC,1573565512581,2019-11-12T13:31:52.581Z,buy,5.878e-05,23.0,0.00135194
BCD/BTC,1573565551364,2019-11-12T13:32:31.364Z,buy,5.878e-05,86.0,0.00505508
BCD/BTC,1573565637008,2019-11-12T13:33:57.008Z,sell,5.862e-05,18.0,0.0010551599999999
BCD/BTC,1573565637008,2019-11-12T13:33:57.008Z,sell,5.861e-05,155.0,0.00908455
BCD/BTC,1573565637008,2019-11-12T13:33:57.008Z,sell,5.857e-05,237.0,0.01388109
BCD/BTC,1573565637008,2019-11-12T13:33:57.008Z,sell,5.856e-05,341.0,0.01996896
BCD/BTC,1573565637008,2019-11-12T13:33:57.008Z,sell,5.855e-05,237.0,0.01387635
BCD/BTC,1573565637008,2019-11-12T13:33:57.008Z,sell,5.85e-05,18.0,0.001053
BCD/BTC,1573565641641,2019-11-12T13:34:01.641Z,buy,5.85e-05,2246.0,0.131391
BCD/BTC,1573565656157,2019-11-12T13:34:16.157Z,buy,5.85e-05,3.0,0.0001754999999999
BCD/BTC,1573565683853,2019-11-12T13:34:43.853Z,sell,5.847e-05,3.0,0.00017541
BCD/BTC,1573565683853,2019-11-12T13:34:43.853Z,sell,5.845e-05,19.0,0.0011105499999999
BCD/BTC,1573565707456,2019-11-12T13:35:07.456Z,buy,5.864e-05,4.0,0.00023456
BCD/BTC,1573565728381,2019-11-12T13:35:28.381Z,buy,5.864e-05,22.0,0.00129008
BCD/BTC,1573565826031,2019-11-12T13:37:06.031Z,buy,5.869e-05,18.0,0.00105642
BCD/BTC,1573565887958,2019-11-12T13:38:07.958Z,sell,5.852e-05,17.0,0.00099484
BCD/BTC,1573565887958,2019-11-12T13:38:07.958Z,sell,5.85e-05,18.0,0.001053
BCD/BTC,1573565887958,2019-11-12T13:38:07.958Z,sell,5.849e-05,81.0,0.00473769
BCD/BTC,1573565887958,2019-11-12T13:38:07.958Z,sell,5.848e-05,8.0,0.00046784
BCD/BTC,1573565887958,2019-11-12T13:38:07.958Z,sell,5.845e-05,170.0,0.0099365
BCD/BTC,1573565887958,2019-11-12T13:38:07.958Z,sell,5.842e-05,6.0,0.00035052
BCD/BTC,1573565887958,2019-11-12T13:38:07.958Z,sell,5.841e-05,20.0,0.0011681999999999
BCD/BTC,1573565887958,2019-11-12T13:38:07.958Z,sell,5.84e-05,5.0,0.000292
BCD/BTC,1573565887958,2019-11-12T13:38:07.958Z,sell,5.829e-05,184.0,0.01072536
BCD/BTC,1573565887958,2019-11-12T13:38:07.958Z,sell,5.826e-05,16.0,0.00093216
BCD/BTC,1573565887958,2019-11-12T13:38:07.958Z,sell,5.82e-05,13.0,0.0007566
BCD/BTC,1573565887958,2019-11-12T13:38:07.958Z,sell,5.818e-05,210.0,0.0122178
BCD/BTC,1573565887958,2019-11-12T13:38:07.958Z,sell,5.817e-05,24.0,0.00139608
BCD/BTC,1573565887958,2019-11-12T13:38:07.958Z,sell,5.816e-05,78.0,0.00453648
BCD/BTC,1573565887958,2019-11-12T13:38:07.958Z,sell,5.815e-05,61.0,0.0035471499999999
BCD/BTC,1573565887979,2019-11-12T13:38:07.979Z,buy,5.813e-05,210.0,0.0122073
BCD/BTC,1573565887986,2019-11-12T13:38:07.986Z,buy,5.813e-05,128.0,0.00744064
BCD/BTC,1573565888018,2019-11-12T13:38:08.018Z,sell,5.816e-05,205.0,0.0119227999999999
BCD/BTC,1573565888018,2019-11-12T13:38:08.018Z,sell,5.812e-05,5.0,0.0002906
BCD/BTC,1573565889242,2019-11-12T13:38:09.242Z,sell,5.817e-05,2.0,0.00011634
BCD/BTC,1573565898969,2019-11-12T13:38:18.969Z,buy,5.838e-05,2.0,0.00011676
BCD/BTC,1573565898969,2019-11-12T13:38:18.969Z,buy,5.839e-05,143.0,0.00834977
BCD/BTC,1573565898969,2019-11-12T13:38:18.969Z,buy,5.84e-05,816.0,0.0476544
BCD/BTC,1573565948192,2019-11-12T13:39:08.192Z,buy,5.847e-05,3.0,0.00017541
BCD/BTC,1573565997004,2019-11-12T13:39:57.004Z,sell,5.847e-05,26.0,0.00152022
BCD/BTC,1573565997004,2019-11-12T13:39:57.004Z,sell,5.833e-05,99.0,0.00577467
BCD/BTC,1573565997004,2019-11-12T13:39:57.004Z,sell,5.832e-05,89.0,0.00519048
BCD/BTC,1573565997004,2019-11-12T13:39:57.004Z,sell,5.826e-05,417.0,0.02429442
BCD/BTC,1573566017303,2019-11-12T13:40:17.303Z,sell,5.834e-05,69.0,0.00402546
BCD/BTC,1573566017303,2019-11-12T13:40:17.303Z,sell,5.833e-05,120.0,0.0069996
BCD/BTC,1573566143220,2019-11-12T13:42:23.220Z,sell,5.835e-05,19.0,0.00110865
BCD/BTC,1573566327721,2019-11-12T13:45:27.721Z,sell,5.835e-05,105.0,0.00612675
BCD/BTC,1573566460781,2019-11-12T13:47:40.781Z,buy,5.851e-05,22.0,0.00128722
BCD/BTC,1573566460781,2019-11-12T13:47:40.781Z,buy,5.853e-05,102.0,0.0059700599999999
BCD/BTC,1573566466310,2019-11-12T13:47:46.310Z,buy,5.852e-05,239.0,0.01398628
BCD/BTC,1573566497346,2019-11-12T13:48:17.346Z,sell,5.835e-05,14.0,0.0008169
BCD/BTC,1573566497346,2019-11-12T13:48:17.346Z,sell,5.829e-05,288.0,0.01678752
BCD/BTC,1573566497347,2019-11-12T13:48:17.347Z,sell,5.829e-05,54.0,0.00314766
BCD/BTC,1573566497347,2019-11-12T13:48:17.347Z,sell,5.828e-05,171.0,0.00996588
BCD/BTC,1573566497384,2019-11-12T13:48:17.384Z,buy,5.828e-05,25.0,0.001457
BCD/BTC,1573566497417,2019-11-12T13:48:17.417Z,buy,5.822e-05,77.0,0.00448294
BCD/BTC,1573566497426,2019-11-12T13:48:17.426Z,buy,5.822e-05,25.0,0.0014555
BCD/BTC,1573566498514,2019-11-12T13:48:18.514Z,buy,5.822e-05,25.0,0.0014555
BCD/BTC,1573566499501,2019-11-12T13:48:19.501Z,buy,5.822e-05,25.0,0.0014555
BCD/BTC,1573566499771,2019-11-12T13:48:19.771Z,buy,5.822e-05,199.0,0.01158578
BCD/BTC,1573566499771,2019-11-12T13:48:19.771Z,buy,5.823e-05,213.0,0.01240299
BCD/BTC,1573566523389,2019-11-12T13:48:43.389Z,buy,5.843e-05,3.0,0.00017529
BCD/BTC,1573566523389,2019-11-12T13:48:43.389Z,buy,5.845e-05,342.0,0.0199898999999999
BCD/BTC,1573566523389,2019-11-12T13:48:43.389Z,buy,5.846e-05,154.0,0.00900284
BCD/BTC,1573566535750,2019-11-12T13:48:55.750Z,sell,5.832e-05,9.0,0.0005248799999999
BCD/BTC,1573566536514,2019-11-12T13:48:56.514Z,sell,5.832e-05,43.0,0.00250776
BCD/BTC,1573566536514,2019-11-12T13:48:56.514Z,sell,5.831e-05,17.0,0.00099127
BCD/BTC,1573566536514,2019-11-12T13:48:56.514Z,sell,5.83e-05,11.0,0.0006413
BCD/BTC,1573566536795,2019-11-12T13:48:56.795Z,sell,5.833e-05,49.0,0.00285817
BCD/BTC,1573566537527,2019-11-12T13:48:57.527Z,sell,5.833e-05,53.0,0.00309149
BCD/BTC,1573566537527,2019-11-12T13:48:57.527Z,sell,5.83e-05,12.0,0.0006996
BCD/BTC,1573566538683,2019-11-12T13:48:58.683Z,sell,5.83e-05,45.0,0.0026235
BCD/BTC,1573566540299,2019-11-12T13:49:00.299Z,sell,5.83e-05,31.0,0.0018073
BCD/BTC,1573566541373,2019-11-12T13:49:01.373Z,sell,5.83e-05,30.0,0.001749
BCD/BTC,1573566543220,2019-11-12T13:49:03.220Z,sell,5.83e-05,30.0,0.001749
BCD/BTC,1573566545234,2019-11-12T13:49:05.234Z,sell,5.832e-05,9.0,0.0005248799999999
BCD/BTC,1573566824678,2019-11-12T13:53:44.678Z,buy,5.849e-05,119.0,0.00696031
BCD/BTC,1573566828014,2019-11-12T13:53:48.014Z,buy,5.849e-05,119.0,0.00696031
BCD/BTC,1573566883874,2019-11-12T13:54:43.874Z,buy,5.849e-05,6.0,0.00035094
BCD/BTC,1573566958045,2019-11-12T13:55:58.045Z,buy,5.844e-05,115.0,0.0067206
BCD/BTC,1573566960700,2019-11-12T13:56:00.700Z,buy,5.844e-05,69.0,0.00403236
BCD/BTC,1573566960700,2019-11-12T13:56:00.700Z,buy,5.848e-05,46.0,0.00269008
BCD/BTC,1573567098421,2019-11-12T13:58:18.421Z,buy,5.849e-05,25.0,0.00146225
BCD/BTC,1573567100220,2019-11-12T13:58:20.220Z,buy,5.849e-05,25.0,0.00146225
BCD/BTC,1573567100657,2019-11-12T13:58:20.657Z,buy,5.849e-05,5.0,0.00029245
BCD/BTC,1573567100657,2019-11-12T13:58:20.657Z,buy,5.851e-05,9.0,0.00052659
BCD/BTC,1573567100657,2019-11-12T13:58:20.657Z,buy,5.857e-05,17.0,0.00099569
BCD/BTC,1573567100657,2019-11-12T13:58:20.657Z,buy,5.86e-05,2.0,0.0001172
BCD/BTC,1573567100657,2019-11-12T13:58:20.657Z,buy,5.861e-05,50.0,0.0029305
BCD/BTC,1573567100657,2019-11-12T13:58:20.657Z,buy,5.862e-05,462.0,0.02708244
BCD/BTC,1573567100657,2019-11-12T13:58:20.657Z,buy,5.863e-05,850.0,0.0498355
BCD/BTC,1573567100657,2019-11-12T13:58:20.657Z,buy,5.864e-05,417.0,0.02445288
BCD/BTC,1573567100657,2019-11-12T13:58:20.657Z,buy,5.866e-05,13.0,0.00076258
BCD/BTC,1573567100657,2019-11-12T13:58:20.657Z,buy,5.867e-05,16.0,0.00093872
BCD/BTC,1573567100657,2019-11-12T13:58:20.657Z,buy,5.871e-05,29.0,0.00170259
BCD/BTC,1573567100657,2019-11-12T13:58:20.657Z,buy,5.872e-05,30.0,0.0017616
BCD/BTC,1573567112471,2019-11-12T13:58:32.471Z,buy,5.861e-05,69.0,0.00404409
BCD/BTC,1573567145045,2019-11-12T13:59:05.045Z,sell,5.85e-05,17.0,0.0009945
BCD/BTC,1573567145045,2019-11-12T13:59:05.045Z,sell,5.848e-05,30.0,0.0017544
BCD/BTC,1573567147164,2019-11-12T13:59:07.164Z,sell,5.848e-05,41.0,0.00239768
BCD/BTC,1573567159557,2019-11-12T13:59:19.557Z,sell,5.845e-05,96.0,0.0056112
BCD/BTC,1573567169479,2019-11-12T13:59:29.479Z,sell,5.831e-05,35.0,0.00204085
BCD/BTC,1573567229788,2019-11-12T14:00:29.788Z,sell,5.842e-05,17.0,0.00099314
BCD/BTC,1573567229788,2019-11-12T14:00:29.788Z,sell,5.84e-05,8.0,0.0004672
BCD/BTC,1573567231301,2019-11-12T14:00:31.301Z,sell,5.84e-05,2.0,0.0001168
BCD/BTC,1573567233757,2019-11-12T14:00:33.757Z,buy,5.864e-05,73.0,0.00428072
BCD/BTC,1573567233757,2019-11-12T14:00:33.757Z,buy,5.865e-05,170.0,0.0099705
BCD/BTC,1573567275533,2019-11-12T14:01:15.533Z,buy,5.859e-05,52.0,0.00304668
BCD/BTC,1573567279678,2019-11-12T14:01:19.678Z,buy,5.858e-05,9.0,0.00052722
BCD/BTC,1573567280793,2019-11-12T14:01:20.793Z,sell,5.858e-05,2.0,0.00011716
BCD/BTC,1573567314782,2019-11-12T14:01:54.782Z,buy,5.858e-05,3.0,0.00017574
BCD/BTC,1573567848660,2019-11-12T14:10:48.660Z,sell,5.847e-05,6.0,0.00035082
BCD/BTC,1573567848660,2019-11-12T14:10:48.660Z,sell,5.836e-05,89.0,0.00519404
BCD/BTC,1573567849327,2019-11-12T14:10:49.327Z,sell,5.836e-05,30.0,0.0017507999999999
BCD/BTC,1573567914859,2019-11-12T14:11:54.859Z,buy,5.86e-05,3.0,0.0001758
BCD/BTC,1573567914859,2019-11-12T14:11:54.859Z,buy,5.868e-05,30.0,0.0017604
BCD/BTC,1573568314595,2019-11-12T14:18:34.595Z,buy,5.853e-05,1.0,5.853e-05
BCD/BTC,1573568398389,2019-11-12T14:19:58.389Z,sell,5.832e-05,6.0,0.00034992
BCD/BTC,1573568399287,2019-11-12T14:19:59.287Z,buy,5.832e-05,135.0,0.0078732
BCD/BTC,1573568400092,2019-11-12T14:20:00.092Z,buy,5.832e-05,25.0,0.0014579999999999
BCD/BTC,1573568401084,2019-11-12T14:20:01.084Z,buy,5.832e-05,25.0,0.0014579999999999
BCD/BTC,1573568401358,2019-11-12T14:20:01.358Z,buy,5.832e-05,11.0,0.00064152
BCD/BTC,1573568401358,2019-11-12T14:20:01.358Z,buy,5.832e-05,11.0,0.00064152
BCD/BTC,1573568770872,2019-11-12T14:26:10.872Z,buy,5.855e-05,1.0,5.855e-05
BCD/BTC,1573568795521,2019-11-12T14:26:35.521Z,buy,5.855e-05,1.0,5.855e-05
BCD/BTC,1573569076146,2019-11-12T14:31:16.146Z,buy,5.854e-05,3.0,0.00017562
BCD/BTC,1573569076146,2019-11-12T14:31:16.146Z,buy,5.855e-05,95.0,0.00556225
BCD/BTC,1573569157481,2019-11-12T14:32:37.481Z,sell,5.856e-05,30.0,0.0017568
BCD/BTC,1573569170237,2019-11-12T14:32:50.237Z,sell,5.856e-05,78.0,0.00456768
BCD/BTC,1573569173854,2019-11-12T14:32:53.854Z,sell,5.857e-05,134.0,0.00784838
BCD/BTC,1573569175772,2019-11-12T14:32:55.772Z,sell,5.858e-05,5.0,0.0002929
BCD/BTC,1573569429661,2019-11-12T14:37:09.661Z,sell,5.829e-05,132.0,0.0076942799999999
BCD/BTC,1573569429661,2019-11-12T14:37:09.661Z,sell,5.828e-05,171.0,0.00996588
BCD/BTC,1573569429661,2019-11-12T14:37:09.661Z,sell,5.824e-05,62.0,0.00361088
BCD/BTC,1573569429661,2019-11-12T14:37:09.661Z,sell,5.823e-05,248.0,0.01444104
BCD/BTC,1573569429661,2019-11-12T14:37:09.661Z,sell,5.822e-05,9.0,0.00052398
BCD/BTC,1573569429661,2019-11-12T14:37:09.661Z,sell,5.821e-05,2.0,0.00011642
BCD/BTC,1573569429661,2019-11-12T14:37:09.661Z,sell,5.82e-05,13.0,0.0007566
BCD/BTC,1573569429661,2019-11-12T14:37:09.661Z,sell,5.819e-05,824.0,0.0479485599999999
BCD/BTC,1573569546385,2019-11-12T14:39:06.385Z,buy,5.846e-05,135.0,0.0078920999999999
BCD/BTC,1573569546884,2019-11-12T14:39:06.884Z,buy,5.864e-05,25.0,0.001466
BCD/BTC,1573569669603,2019-11-12T14:41:09.603Z,buy,5.845e-05,25.0,0.0014612499999999
BCD/BTC,1573569670747,2019-11-12T14:41:10.747Z,buy,5.845e-05,25.0,0.0014612499999999
BCD/BTC,1573569671950,2019-11-12T14:41:11.950Z,buy,5.845e-05,25.0,0.0014612499999999
BCD/BTC,1573569682525,2019-11-12T14:41:22.525Z,buy,5.846e-05,25.0,0.0014615
BCD/BTC,1573569683541,2019-11-12T14:41:23.541Z,buy,5.846e-05,25.0,0.0014615
BCD/BTC,1573569696377,2019-11-12T14:41:36.377Z,buy,5.844e-05,25.0,0.001461
BCD/BTC,1573569697610,2019-11-12T14:41:37.610Z,buy,5.844e-05,25.0,0.001461
BCD/BTC,1573569698670,2019-11-12T14:41:38.670Z,buy,5.844e-05,25.0,0.001461
BCD/BTC,1573569704913,2019-11-12T14:41:44.913Z,buy,5.846e-05,25.0,0.0014615
BCD/BTC,1573569706235,2019-11-12T14:41:46.235Z,buy,5.846e-05,25.0,0.0014615
BCD/BTC,1573569707312,2019-11-12T14:41:47.312Z,buy,5.846e-05,25.0,0.0014615
BCD/BTC,1573569799664,2019-11-12T14:43:19.664Z,buy,5.846e-05,11.0,0.00064306
BCD/BTC,1573569799664,2019-11-12T14:43:19.664Z,buy,5.853e-05,14.0,0.00081942
BCD/BTC,1573569801489,2019-11-12T14:43:21.489Z,buy,5.853e-05,23.0,0.00134619
BCD/BTC,1573569801489,2019-11-12T14:43:21.489Z,buy,5.854e-05,2.0,0.00011708
BCD/BTC,1573569869235,2019-11-12T14:44:29.235Z,buy,5.852e-05,25.0,0.001463
BCD/BTC,1573569870309,2019-11-12T14:44:30.309Z,buy,5.853e-05,25.0,0.00146325
BCD/BTC,1573569950897,2019-11-12T14:45:50.897Z,sell,5.855e-05,106.0,0.0062063
BCD/BTC,1573569950939,2019-11-12T14:45:50.939Z,sell,5.855e-05,23.0,0.00134665
BCD/BTC,1573569957419,2019-11-12T14:45:57.419Z,sell,5.821e-05,51.0,0.00296871
BCD/BTC,1573569967550,2019-11-12T14:46:07.550Z,sell,5.82e-05,129.0,0.0075077999999999
BCD/BTC,1573569971365,2019-11-12T14:46:11.365Z,buy,5.848e-05,51.0,0.00298248
BCD/BTC,1573569971365,2019-11-12T14:46:11.365Z,buy,5.849e-05,341.0,0.01994509
BCD/BTC,1573569971365,2019-11-12T14:46:11.365Z,buy,5.855e-05,327.0,0.01914585
BCD/BTC,1573569974181,2019-11-12T14:46:14.181Z,buy,5.848e-05,99.0,0.00578952
BCD/BTC,1573569974365,2019-11-12T14:46:14.365Z,buy,5.848e-05,30.0,0.0017544
BCD/BTC,1573569974386,2019-11-12T14:46:14.386Z,sell,5.864e-05,26.0,0.00152464
BCD/BTC,1573569974395,2019-11-12T14:46:14.395Z,sell,5.864e-05,28.0,0.00164192
BCD/BTC,1573569974402,2019-11-12T14:46:14.402Z,sell,5.864e-05,35.0,0.0020524
BCD/BTC,1573569976982,2019-11-12T14:46:16.982Z,buy,5.858e-05,278.0,0.01628524
BCD/BTC,1573569989958,2019-11-12T14:46:29.958Z,buy,5.858e-05,85.0,0.0049793
BCD/BTC,1573569990456,2019-11-12T14:46:30.456Z,sell,5.831e-05,4.0,0.00023324
BCD/BTC,1573569992440,2019-11-12T14:46:32.440Z,sell,5.864e-05,40.0,0.0023456
BCD/BTC,1573569992447,2019-11-12T14:46:32.447Z,sell,5.864e-05,2.0,0.00011728
BCD/BTC,1573569993651,2019-11-12T14:46:33.651Z,sell,5.835e-05,7.0,0.00040845
BCD/BTC,1573569999951,2019-11-12T14:46:39.951Z,sell,5.832e-05,31.0,0.00180792
BCD/BTC,1573570000154,2019-11-12T14:46:40.154Z,sell,5.832e-05,42.0,0.0024494399999999
BCD/BTC,1573570001602,2019-11-12T14:46:41.602Z,sell,5.823e-05,30.0,0.0017469
BCD/BTC,1573570008682,2019-11-12T14:46:48.682Z,sell,5.83e-05,42.0,0.0024486
BCD/BTC,1573570023137,2019-11-12T14:47:03.137Z,sell,5.821e-05,30.0,0.0017463
BCD/BTC,1573570023674,2019-11-12T14:47:03.674Z,sell,5.823e-05,42.0,0.00244566
BCD/BTC,1573570029938,2019-11-12T14:47:09.938Z,sell,5.828e-05,42.0,0.0024477599999999
BCD/BTC,1573570040123,2019-11-12T14:47:20.123Z,sell,5.831e-05,42.0,0.00244902
BCD/BTC,1573570086482,2019-11-12T14:48:06.482Z,sell,5.837e-05,70.0,0.0040859
BCD/BTC,1573570087450,2019-11-12T14:48:07.450Z,buy,5.836e-05,25.0,0.001459
BCD/BTC,1573570088646,2019-11-12T14:48:08.646Z,sell,5.835e-05,4.0,0.0002334
BCD/BTC,1573570090748,2019-11-12T14:48:10.748Z,sell,5.835e-05,18.0,0.0010503
BCD/BTC,1573570228701,2019-11-12T14:50:28.701Z,sell,5.838e-05,73.0,0.00426174
BCD/BTC,1573570229204,2019-11-12T14:50:29.204Z,sell,5.838e-05,34.0,0.00198492
BCD/BTC,1573570229734,2019-11-12T14:50:29.734Z,sell,5.838e-05,30.0,0.0017514
BCD/BTC,1573570236242,2019-11-12T14:50:36.242Z,sell,5.838e-05,34.0,0.00198492
BCD/BTC,1573570245760,2019-11-12T14:50:45.760Z,sell,5.838e-05,87.0,0.00507906
BCD/BTC,1573570245760,2019-11-12T14:50:45.760Z,sell,5.837e-05,106.0,0.00618722
BCD/BTC,1573570246424,2019-11-12T14:50:46.424Z,sell,5.838e-05,53.0,0.00309414
BCD/BTC,1573570246424,2019-11-12T14:50:46.424Z,sell,5.837e-05,72.0,0.00420264
BCD/BTC,1573570246827,2019-11-12T14:50:46.827Z,sell,5.838e-05,106.0,0.00618828
BCD/BTC,1573570246827,2019-11-12T14:50:46.827Z,sell,5.837e-05,9.0,0.00052533
BCD/BTC,1573570247931,2019-11-12T14:50:47.931Z,sell,5.837e-05,57.0,0.00332709
BCD/BTC,1573570259005,2019-11-12T14:50:59.005Z,sell,5.837e-05,30.0,0.0017511
BCD/BTC,1573570309021,2019-11-12T14:51:49.021Z,buy,5.851e-05,236.0,0.01380836
BCD/BTC,1573570565954,2019-11-12T14:56:05.954Z,sell,5.833e-05,26.0,0.00151658
BCD/BTC,1573570565954,2019-11-12T14:56:05.954Z,sell,5.832e-05,52.0,0.0030326399999999
BCD/BTC,1573570566970,2019-11-12T14:56:06.970Z,sell,5.832e-05,47.0,0.0027410399999999
BCD/BTC,1573570568986,2019-11-12T14:56:08.986Z,sell,5.832e-05,30.0,0.0017496
BCD/BTC,1573570569998,2019-11-12T14:56:09.998Z,sell,5.832e-05,30.0,0.0017496
BCD/BTC,1573570915774,2019-11-12T15:01:55.774Z,buy,5.841e-05,122.0,0.0071260199999999
BCD/BTC,1573570927787,2019-11-12T15:02:07.787Z,buy,5.841e-05,342.0,0.01997622
BCD/BTC,1573571011017,2019-11-12T15:03:31.017Z,sell,5.843e-05,14.0,0.00081802
BCD/BTC,1573571012453,2019-11-12T15:03:32.453Z,sell,5.843e-05,33.0,0.00192819
BCD/BTC,1573571013985,2019-11-12T15:03:33.985Z,sell,5.843e-05,37.0,0.00216191
BCD/BTC,1573571071416,2019-11-12T15:04:31.416Z,sell,5.84e-05,97.0,0.0056648
BCD/BTC,1573571092472,2019-11-12T15:04:52.472Z,buy,5.84e-05,390.0,0.022776
BCD/BTC,1573571695994,2019-11-12T15:14:55.994Z,sell,5.836e-05,61.0,0.0035599599999999
BCD/BTC,1573571695994,2019-11-12T15:14:55.994Z,sell,5.833e-05,342.0,0.01994886
BCD/BTC,1573571695994,2019-11-12T15:14:55.994Z,sell,5.832e-05,13.0,0.0007581599999999
BCD/BTC,1573571695994,2019-11-12T15:14:55.994Z,sell,5.83e-05,30.0,0.001749
BCD/BTC,1573571695994,2019-11-12T15:14:55.994Z,sell,5.82e-05,106.0,0.0061692
BCD/BTC,1573571695994,2019-11-12T15:14:55.994Z,sell,5.817e-05,95.0,0.00552615
BCD/BTC,1573571695994,2019-11-12T15:14:55.994Z,sell,5.815e-05,6.0,0.0003488999999999
BCD/BTC,1573571695994,2019-11-12T15:14:55.994Z,sell,5.813e-05,456.0,0.02650728
BCD/BTC,1573571695994,2019-11-12T15:14:55.994Z,sell,5.812e-05,1.0,5.812e-05
BCD/BTC,1573571792489,2019-11-12T15:16:32.489Z,buy,5.834e-05,75.0,0.0043755
BCD/BTC,1573571839853,2019-11-12T15:17:19.853Z,sell,5.82e-05,2.0,0.0001164
BCD/BTC,1573571839853,2019-11-12T15:17:19.853Z,sell,5.812e-05,2.0,0.00011624
BCD/BTC,1573571839853,2019-11-12T15:17:19.853Z,sell,5.809e-05,76.0,0.00441484
BCD/BTC,1573571839874,2019-11-12T15:17:19.874Z,sell,5.809e-05,43.0,0.00249787
BCD/BTC,1573571839879,2019-11-12T15:17:19.879Z,sell,5.809e-05,3.0,0.00017427
BCD/BTC,1573571839879,2019-11-12T15:17:19.879Z,sell,5.806e-05,32.0,0.00185792
BCD/BTC,1573571943626,2019-11-12T15:19:03.626Z,buy,5.825e-05,1.0,5.825e-05
BCD/BTC,1573571943626,2019-11-12T15:19:03.626Z,buy,5.825e-05,1.0,5.825e-05
BCD/BTC,1573572063885,2019-11-12T15:21:03.885Z,buy,5.825e-05,63.0,0.00366975
BCD/BTC,1573572063885,2019-11-12T15:21:03.885Z,buy,5.829e-05,299.0,0.01742871
BCD/BTC,1573572063885,2019-11-12T15:21:03.885Z,buy,5.83e-05,166.0,0.0096778
BCD/BTC,1573572229546,2019-11-12T15:23:49.546Z,buy,5.842e-05,1.0,5.842e-05
BCD/BTC,1573572230913,2019-11-12T15:23:50.913Z,buy,5.842e-05,170.0,0.0099314
BCD/BTC,1573572399929,2019-11-12T15:26:39.929Z,buy,5.843e-05,62.0,0.00362266
BCD/BTC,1573572399931,2019-11-12T15:26:39.931Z,buy,5.847e-05,3.0,0.00017541
BCD/BTC,1573572460093,2019-11-12T15:27:40.093Z,buy,5.846e-05,125.0,0.0073075
BCD/BTC,1573572516943,2019-11-12T15:28:36.943Z,buy,5.846e-05,34.0,0.00198764
BCD/BTC,1573572517740,2019-11-12T15:28:37.740Z,buy,5.846e-05,300.0,0.017538
BCD/BTC,1573572558841,2019-11-12T15:29:18.841Z,buy,5.85e-05,83.0,0.0048555
BCD/BTC,1573572558971,2019-11-12T15:29:18.971Z,buy,5.85e-05,55.0,0.0032175
BCD/BTC,1573572559046,2019-11-12T15:29:19.046Z,buy,5.85e-05,111.0,0.0064935
BCD/BTC,1573572606126,2019-11-12T15:30:06.126Z,buy,5.85e-05,1.0,5.85e-05
BCD/BTC,1573572628028,2019-11-12T15:30:28.028Z,sell,5.827e-05,201.0,0.01171227
BCD/BTC,1573572628376,2019-11-12T15:30:28.376Z,sell,5.827e-05,72.0,0.00419544
BCD/BTC,1573572628612,2019-11-12T15:30:28.612Z,sell,5.825e-05,29.0,0.00168925
BCD/BTC,1573572629873,2019-11-12T15:30:29.873Z,buy,5.821e-05,25.0,0.00145525
BCD/BTC,1573572630692,2019-11-12T15:30:30.692Z,sell,5.82e-05,2.0,0.0001164
BCD/BTC,1573572635109,2019-11-12T15:30:35.109Z,sell,5.82e-05,13.0,0.0007566
BCD/BTC,1573572637724,2019-11-12T15:30:37.724Z,sell,5.82e-05,161.0,0.0093702
BCD/BTC,1573572646157,2019-11-12T15:30:46.157Z,buy,5.821e-05,88.0,0.00512248
BCD/BTC,1573572812352,2019-11-12T15:33:32.352Z,sell,5.825e-05,30.0,0.0017475
BCD/BTC,1573572813064,2019-11-12T15:33:33.064Z,sell,5.825e-05,63.0,0.00366975
BCD/BTC,1573572813285,2019-11-12T15:33:33.285Z,sell,5.825e-05,36.0,0.002097
BCD/BTC,1573572815564,2019-11-12T15:33:35.564Z,sell,5.825e-05,2.0,0.0001165
BCD/BTC,1573572815564,2019-11-12T15:33:35.564Z,sell,5.813e-05,41.0,0.00238333
BCD/BTC,1573572815564,2019-11-12T15:33:35.564Z,sell,5.812e-05,3.0,0.00017436
BCD/BTC,1573572815576,2019-11-12T15:33:35.576Z,buy,5.81e-05,472.0,0.0274232
BCD/BTC,1573572851883,2019-11-12T15:34:11.883Z,buy,5.843e-05,1.0,5.843e-05
BCD/BTC,1573572986804,2019-11-12T15:36:26.804Z,buy,5.83e-05,70.0,0.004081
BCD/BTC,1573572986819,2019-11-12T15:36:26.819Z,buy,5.83e-05,37.0,0.0021571
BCD/BTC,1573572986834,2019-11-12T15:36:26.834Z,buy,5.83e-05,62.0,0.0036146
BCD/BTC,1573573030271,2019-11-12T15:37:10.271Z,buy,5.829e-05,100.0,0.005829
BCD/BTC,1573573413846,2019-11-12T15:43:33.846Z,buy,5.82e-05,162.0,0.0094284
BCD/BTC,1573573446831,2019-11-12T15:44:06.831Z,buy,5.838e-05,14.0,0.00081732
BCD/BTC,1573574160317,2019-11-12T15:56:00.317Z,buy,5.832e-05,1.0,5.832e-05
BCD/BTC,1573574242054,2019-11-12T15:57:22.054Z,buy,5.822e-05,37.0,0.00215414
BCD/BTC,1573574242077,2019-11-12T15:57:22.077Z,buy,5.835e-05,1.0,5.835e-05
BCD/BTC,1573574245917,2019-11-12T15:57:25.917Z,buy,5.828e-05,1.0,5.828e-05
BCD/BTC,1573574260798,2019-11-12T15:57:40.798Z,buy,5.828e-05,3.0,0.00017484
BCD/BTC,1573574260798,2019-11-12T15:57:40.798Z,buy,5.829e-05,2.0,0.00011658
BCD/BTC,1573574810679,2019-11-12T16:06:50.679Z,sell,5.841e-05,114.0,0.00665874
BCD/BTC,1573574810679,2019-11-12T16:06:50.679Z,sell,5.84e-05,159.0,0.0092856
BCD/BTC,1573574830891,2019-11-12T16:07:10.891Z,sell,5.836e-05,77.0,0.00449372
BCD/BTC,1573574854399,2019-11-12T16:07:34.399Z,sell,5.836e-05,67.0,0.00391012
BCD/BTC,1573574877151,2019-11-12T16:07:57.151Z,sell,5.836e-05,57.0,0.00332652
BCD/BTC,1573574877151,2019-11-12T16:07:57.151Z,sell,5.835e-05,145.0,0.00846075
BCD/BTC,1573575002737,2019-11-12T16:10:02.737Z,sell,5.835e-05,26.0,0.0015171
BCD/BTC,1573575302337,2019-11-12T16:15:02.337Z,sell,5.836e-05,7.0,0.00040852
BCD/BTC,1573575431104,2019-11-12T16:17:11.104Z,buy,5.84e-05,2.0,0.0001168
BCD/BTC,1573575431104,2019-11-12T16:17:11.104Z,buy,5.847e-05,3.0,0.00017541
BCD/BTC,1573575431104,2019-11-12T16:17:11.104Z,buy,5.851e-05,364.0,0.02129764
BCD/BTC,1573575431104,2019-11-12T16:17:11.104Z,buy,5.859e-05,201.0,0.01177659
BCD/BTC,1573575431104,2019-11-12T16:17:11.104Z,buy,5.86e-05,2.0,0.0001172
BCD/BTC,1573575431104,2019-11-12T16:17:11.104Z,buy,5.862e-05,142.0,0.00832404
BCD/BTC,1573575431104,2019-11-12T16:17:11.104Z,buy,5.863e-05,21.0,0.00123123
BCD/BTC,1573575431104,2019-11-12T16:17:11.104Z,buy,5.866e-05,13.0,0.00076258
BCD/BTC,1573575431104,2019-11-12T16:17:11.104Z,buy,5.868e-05,4.0,0.00023472
BCD/BTC,1573575431104,2019-11-12T16:17:11.104Z,buy,5.869e-05,188.0,0.01103372
BCD/BTC,1573575431104,2019-11-12T16:17:11.104Z,buy,5.87e-05,17.0,0.0009979
BCD/BTC,1573575431104,2019-11-12T16:17:11.104Z,buy,5.876e-05,5.0,0.0002938
BCD/BTC,1573575431104,2019-11-12T16:17:11.104Z,buy,5.878e-05,3.0,0.00017634
BCD/BTC,1573575431104,2019-11-12T16:17:11.104Z,buy,5.88e-05,174.0,0.0102312
BCD/BTC,1573575431104,2019-11-12T16:17:11.104Z,buy,5.882e-05,3.0,0.00017646
BCD/BTC,1573575431104,2019-11-12T16:17:11.104Z,buy,5.884e-05,32.0,0.00188288
BCD/BTC,1573575431104,2019-11-12T16:17:11.104Z,buy,5.886e-05,22.0,0.00129492
BCD/BTC,1573575431104,2019-11-12T16:17:11.104Z,buy,5.887e-05,855.0,0.05033385
BCD/BTC,1573575431104,2019-11-12T16:17:11.104Z,buy,5.888e-05,8.0,0.00047104
BCD/BTC,1573575431104,2019-11-12T16:17:11.104Z,buy,5.889e-05,182.0,0.01071798
BCD/BTC,1573575431104,2019-11-12T16:17:11.104Z,buy,5.89e-05,1549.0,0.0912361
BCD/BTC,1573575433367,2019-11-12T16:17:13.367Z,sell,5.852e-05,30.0,0.0017556
BCD/BTC,1573575434559,2019-11-12T16:17:14.559Z,sell,5.852e-05,30.0,0.0017556
BCD/BTC,1573575435682,2019-11-12T16:17:15.682Z,sell,5.852e-05,30.0,0.0017556
BCD/BTC,1573575469747,2019-11-12T16:17:49.747Z,buy,5.888e-05,85.0,0.0050048
BCD/BTC,1573575527618,2019-11-12T16:18:47.618Z,sell,5.859e-05,102.0,0.00597618
BCD/BTC,1573575528325,2019-11-12T16:18:48.325Z,buy,5.888e-05,25.0,0.001472
BCD/BTC,1573575528325,2019-11-12T16:18:48.325Z,buy,5.888e-05,25.0,0.001472
BCD/BTC,1573575561548,2019-11-12T16:19:21.548Z,sell,5.869e-05,634.0,0.03720946
BCD/BTC,1573575563084,2019-11-12T16:19:23.084Z,sell,5.869e-05,234.0,0.01373346
BCD/BTC,1573575564376,2019-11-12T16:19:24.376Z,sell,5.869e-05,67.0,0.00393223
BCD/BTC,1573575578039,2019-11-12T16:19:38.039Z,sell,5.869e-05,22.0,0.00129118
BCD/BTC,1573575615457,2019-11-12T16:20:15.457Z,buy,5.887e-05,17.0,0.0010007899999999
BCD/BTC,1573575723492,2019-11-12T16:22:03.492Z,buy,5.885e-05,2.0,0.0001177
BCD/BTC,1573575765807,2019-11-12T16:22:45.807Z,sell,5.869e-05,7.0,0.00041083
BCD/BTC,1573575765807,2019-11-12T16:22:45.807Z,sell,5.861e-05,68.0,0.00398548
BCD/BTC,1573575767151,2019-11-12T16:22:47.151Z,sell,5.861e-05,7.0,0.00041027
BCD/BTC,1573575767151,2019-11-12T16:22:47.151Z,sell,5.86e-05,8.0,0.0004688
BCD/BTC,1573575789919,2019-11-12T16:23:09.919Z,sell,5.86e-05,266.0,0.0155876
BCD/BTC,1573575791908,2019-11-12T16:23:11.908Z,sell,5.86e-05,54.0,0.0031644
BCD/BTC,1573575820345,2019-11-12T16:23:40.345Z,sell,5.859e-05,30.0,0.0017577
BCD/BTC,1573576133350,2019-11-12T16:28:53.350Z,sell,5.851e-05,22.0,0.00128722
BCD/BTC,1573576133350,2019-11-12T16:28:53.350Z,sell,5.848e-05,2.0,0.00011696
BCD/BTC,1573576133350,2019-11-12T16:28:53.350Z,sell,5.847e-05,3.0,0.00017541
BCD/BTC,1573576133350,2019-11-12T16:28:53.350Z,sell,5.846e-05,3.0,0.00017538
BCD/BTC,1573576165529,2019-11-12T16:29:25.529Z,buy,5.863e-05,55.0,0.00322465
BCD/BTC,1573576179887,2019-11-12T16:29:39.887Z,sell,5.846e-05,10.0,0.0005846
BCD/BTC,1573576179887,2019-11-12T16:29:39.887Z,sell,5.844e-05,30.0,0.0017532
BCD/BTC,1573576179915,2019-11-12T16:29:39.915Z,sell,5.844e-05,2.0,0.00011688
BCD/BTC,1573576179915,2019-11-12T16:29:39.915Z,sell,5.841e-05,11.0,0.00064251
BCD/BTC,1573576179915,2019-11-12T16:29:39.915Z,sell,5.84e-05,5.0,0.000292
BCD/BTC,1573576179975,2019-11-12T16:29:39.975Z,sell,5.837e-05,34.0,0.00198458
BCD/BTC,1573576180091,2019-11-12T16:29:40.091Z,sell,5.837e-05,34.0,0.00198458
BCD/BTC,1573576180179,2019-11-12T16:29:40.179Z,sell,5.837e-05,138.0,0.00805506
BCD/BTC,1573576180277,2019-11-12T16:29:40.277Z,sell,5.836e-05,182.0,0.0106215199999999
BCD/BTC,1573576180385,2019-11-12T16:29:40.385Z,sell,5.834e-05,103.0,0.00600902
BCD/BTC,1573576272283,2019-11-12T16:31:12.283Z,sell,5.831e-05,184.0,0.01072904
BCD/BTC,1573576272283,2019-11-12T16:31:12.283Z,sell,5.83e-05,214.0,0.0124762
BCD/BTC,1573576272283,2019-11-12T16:31:12.283Z,sell,5.822e-05,2462.0,0.14333764
BCD/BTC,1573576272283,2019-11-12T16:31:12.283Z,sell,5.821e-05,89.0,0.00518069
BCD/BTC,1573576272283,2019-11-12T16:31:12.283Z,sell,5.82e-05,13.0,0.0007566
BCD/BTC,1573576272318,2019-11-12T16:31:12.318Z,buy,5.82e-05,50.0,0.00291
BCD/BTC,1573576272646,2019-11-12T16:31:12.646Z,buy,5.82e-05,1404.0,0.0817128
BCD/BTC,1573576274624,2019-11-12T16:31:14.624Z,sell,5.851e-05,2.0,0.00011702
BCD/BTC,1573576288585,2019-11-12T16:31:28.585Z,sell,5.817e-05,5.0,0.00029085
BCD/BTC,1573576405219,2019-11-12T16:33:25.219Z,sell,5.834e-05,202.0,0.01178468
BCD/BTC,1573576405349,2019-11-12T16:33:25.349Z,sell,5.834e-05,426.0,0.02485284
BCD/BTC,1573576406283,2019-11-12T16:33:26.283Z,sell,5.834e-05,202.0,0.01178468
BCD/BTC,1573576406317,2019-11-12T16:33:26.317Z,sell,5.834e-05,426.0,0.02485284
BCD/BTC,1573576407319,2019-11-12T16:33:27.319Z,sell,5.834e-05,202.0,0.01178468
BCD/BTC,1573576407427,2019-11-12T16:33:27.427Z,sell,5.834e-05,426.0,0.02485284
BCD/BTC,1573576408636,2019-11-12T16:33:28.636Z,sell,5.834e-05,16.0,0.00093344
BCD/BTC,1573576434092,2019-11-12T16:33:54.092Z,buy,5.841e-05,2.0,0.00011682
BCD/BTC,1573576434092,2019-11-12T16:33:54.092Z,buy,5.853e-05,237.0,0.01387161
BCD/BTC,1573576434092,2019-11-12T16:33:54.092Z,buy,5.854e-05,552.0,0.03231408
BCD/BTC,1573576434151,2019-11-12T16:33:54.151Z,sell,5.856e-05,983.0,0.05756448
BCD/BTC,1573576434187,2019-11-12T16:33:54.187Z,sell,5.856e-05,132.0,0.00772992
BCD/BTC,1573576434396,2019-11-12T16:33:54.396Z,sell,5.863e-05,2.0,0.00011726
BCD/BTC,1573576450834,2019-11-12T16:34:10.834Z,sell,5.834e-05,498.0,0.02905332
BCD/BTC,1573576492736,2019-11-12T16:34:52.736Z,buy,5.85e-05,2.0,0.000117
BCD/BTC,1573576524663,2019-11-12T16:35:24.663Z,buy,5.856e-05,25.0,0.001464
BCD/BTC,1573576541680,2019-11-12T16:35:41.680Z,buy,5.857e-05,60.0,0.0035142
BCD/BTC,1573576594783,2019-11-12T16:36:34.783Z,buy,5.858e-05,11.0,0.00064438
BCD/BTC,1573576820635,2019-11-12T16:40:20.635Z,sell,5.839e-05,6.0,0.00035034
BCD/BTC,1573576820635,2019-11-12T16:40:20.635Z,sell,5.834e-05,192.0,0.01120128
BCD/BTC,1573576820635,2019-11-12T16:40:20.635Z,sell,5.825e-05,32.0,0.001864
BCD/BTC,1573577004169,2019-11-12T16:43:24.169Z,buy,5.842e-05,6.0,0.00035052
BCD/BTC,1573577119237,2019-11-12T16:45:19.237Z,sell,5.828e-05,6.0,0.00034968
BCD/BTC,1573577251688,2019-11-12T16:47:31.688Z,sell,5.824e-05,6.0,0.00034944
BCD/BTC,1573577251688,2019-11-12T16:47:31.688Z,sell,5.818e-05,4.0,0.00023272
BCD/BTC,1573577503085,2019-11-12T16:51:43.085Z,buy,5.84e-05,60.0,0.003504
BCD/BTC,1573577565884,2019-11-12T16:52:45.884Z,buy,5.84e-05,69.0,0.0040296
BCD/BTC,1573577566425,2019-11-12T16:52:46.425Z,buy,5.84e-05,4.0,0.0002336
BCD/BTC,1573577593603,2019-11-12T16:53:13.603Z,buy,5.84e-05,51.0,0.0029784
BCD/BTC,1573577593603,2019-11-12T16:53:13.603Z,buy,5.849e-05,136.0,0.0079546399999999
BCD/BTC,1573577593603,2019-11-12T16:53:13.603Z,buy,5.859e-05,343.0,0.02009637
BCD/BTC,1573577593603,2019-11-12T16:53:13.603Z,buy,5.86e-05,124.0,0.0072664
BCD/BTC,1573577593603,2019-11-12T16:53:13.603Z,buy,5.862e-05,14.0,0.00082068
BCD/BTC,1573577593603,2019-11-12T16:53:13.603Z,buy,5.866e-05,13.0,0.00076258
BCD/BTC,1573577593603,2019-11-12T16:53:13.603Z,buy,5.876e-05,5.0,0.0002938
BCD/BTC,1573577593603,2019-11-12T16:53:13.603Z,buy,5.882e-05,3.0,0.00017646
BCD/BTC,1573577593603,2019-11-12T16:53:13.603Z,buy,5.883e-05,251.0,0.01476633
BCD/BTC,1573577635930,2019-11-12T16:53:55.930Z,buy,5.879e-05,9.0,0.00052911
BCD/BTC,1573577635930,2019-11-12T16:53:55.930Z,buy,5.88e-05,91.0,0.0053508
BCD/BTC,1573577635930,2019-11-12T16:53:55.930Z,buy,5.882e-05,1789.0,0.10522898
BCD/BTC,1573578070373,2019-11-12T17:01:10.373Z,sell,5.847e-05,3.0,0.00017541
BCD/BTC,1573578070373,2019-11-12T17:01:10.373Z,sell,5.842e-05,341.0,0.01992122
BCD/BTC,1573578070373,2019-11-12T17:01:10.373Z,sell,5.841e-05,177.0,0.01033857
BCD/BTC,1573578070373,2019-11-12T17:01:10.373Z,sell,5.84e-05,5.0,0.000292
BCD/BTC,1573578070373,2019-11-12T17:01:10.373Z,sell,5.829e-05,98.0,0.00571242
BCD/BTC,1573578217930,2019-11-12T17:03:37.930Z,buy,5.86e-05,21.0,0.0012306
BCD/BTC,1573578217930,2019-11-12T17:03:37.930Z,buy,5.86e-05,21.0,0.0012306
BCD/BTC,1573579239263,2019-11-12T17:20:39.263Z,buy,5.84e-05,50.0,0.00292
BCD/BTC,1573579576775,2019-11-12T17:26:16.775Z,sell,5.83e-05,147.0,0.0085701
BCD/BTC,1573579576775,2019-11-12T17:26:16.775Z,sell,5.828e-05,173.0,0.01008244
BCD/BTC,1573579576775,2019-11-12T17:26:16.775Z,sell,5.82e-05,13.0,0.0007566
BCD/BTC,1573579576775,2019-11-12T17:26:16.775Z,sell,5.818e-05,152.0,0.00884336
BCD/BTC,1573579576775,2019-11-12T17:26:16.775Z,sell,5.817e-05,19.0,0.00110523
BCD/BTC,1573579576775,2019-11-12T17:26:16.775Z,sell,5.812e-05,3.0,0.00017436
BCD/BTC,1573579576775,2019-11-12T17:26:16.775Z,sell,5.811e-05,6.0,0.00034866
BCD/BTC,1573579576775,2019-11-12T17:26:16.775Z,sell,5.809e-05,97.0,0.00563473
BCD/BTC,1573579576775,2019-11-12T17:26:16.775Z,sell,5.806e-05,23.0,0.00133538
BCD/BTC,1573579576775,2019-11-12T17:26:16.775Z,sell,5.805e-05,187.0,0.01085535
BCD/BTC,1573579576775,2019-11-12T17:26:16.775Z,sell,5.804e-05,878.0,0.05095912
BCD/BTC,1573579576775,2019-11-12T17:26:16.775Z,sell,5.801e-05,2063.0,0.11967463
BCD/BTC,1573579576775,2019-11-12T17:26:16.775Z,sell,5.8e-05,346.0,0.020068
BCD/BTC,1573579576813,2019-11-12T17:26:16.813Z,buy,5.8e-05,50.0,0.0029
BCD/BTC,1573579576893,2019-11-12T17:26:16.893Z,buy,5.8e-05,219.0,0.012702
BCD/BTC,1573579576906,2019-11-12T17:26:16.906Z,buy,5.8e-05,34.0,0.001972
BCD/BTC,1573579578083,2019-11-12T17:26:18.083Z,buy,5.8e-05,30.0,0.00174
BCD/BTC,1573579579442,2019-11-12T17:26:19.442Z,buy,5.8e-05,131.0,0.007598
BCD/BTC,1573579579587,2019-11-12T17:26:19.587Z,buy,5.8e-05,27.0,0.001566
BCD/BTC,1573579579601,2019-11-12T17:26:19.601Z,buy,5.8e-05,46.0,0.002668
BCD/BTC,1573579580085,2019-11-12T17:26:20.085Z,buy,5.8e-05,35.0,0.00203
BCD/BTC,1573579582516,2019-11-12T17:26:22.516Z,buy,5.8e-05,92.0,0.005336
BCD/BTC,1573579585261,2019-11-12T17:26:25.261Z,buy,5.8e-05,157.0,0.009106
BCD/BTC,1573579585405,2019-11-12T17:26:25.405Z,buy,5.8e-05,119.0,0.006902
BCD/BTC,1573579585558,2019-11-12T17:26:25.558Z,buy,5.8e-05,371.0,0.021518
BCD/BTC,1573579590185,2019-11-12T17:26:30.185Z,sell,5.796e-05,216.0,0.01251936
BCD/BTC,1573579590185,2019-11-12T17:26:30.185Z,sell,5.795e-05,5978.0,0.3464251
BCD/BTC,1573579590185,2019-11-12T17:26:30.185Z,sell,5.793e-05,6.0,0.00034758
BCD/BTC,1573579590185,2019-11-12T17:26:30.185Z,sell,5.792e-05,17.0,0.00098464
BCD/BTC,1573579590185,2019-11-12T17:26:30.185Z,sell,5.79e-05,2.0,0.0001158
BCD/BTC,1573579590217,2019-11-12T17:26:30.217Z,buy,5.79e-05,25.0,0.0014475
BCD/BTC,1573579590258,2019-11-12T17:26:30.258Z,buy,5.79e-05,25.0,0.0014475
BCD/BTC,1573579590291,2019-11-12T17:26:30.291Z,buy,5.79e-05,220.0,0.012738
BCD/BTC,1573579590408,2019-11-12T17:26:30.408Z,buy,5.79e-05,45.0,0.0026054999999999
BCD/BTC,1573579590473,2019-11-12T17:26:30.473Z,buy,5.79e-05,38.0,0.0022002
BCD/BTC,1573579590541,2019-11-12T17:26:30.541Z,buy,5.79e-05,75.0,0.0043425
BCD/BTC,1573579590556,2019-11-12T17:26:30.556Z,buy,5.79e-05,30.0,0.0017369999999999
BCD/BTC,1573579590574,2019-11-12T17:26:30.574Z,buy,5.79e-05,184.0,0.0106536
BCD/BTC,1573579590579,2019-11-12T17:26:30.579Z,buy,5.79e-05,79.0,0.0045741
BCD/BTC,1573579591578,2019-11-12T17:26:31.578Z,buy,5.79e-05,25.0,0.0014475
BCD/BTC,1573579591727,2019-11-12T17:26:31.727Z,buy,5.79e-05,145.0,0.0083955
BCD/BTC,1573579591727,2019-11-12T17:26:31.727Z,buy,5.799e-05,174.0,0.01009026
BCD/BTC,1573579591727,2019-11-12T17:26:31.727Z,buy,5.8e-05,421.0,0.024418
BCD/BTC,1573579592929,2019-11-12T17:26:32.929Z,buy,5.799e-05,95.0,0.00550905
BCD/BTC,1573579592929,2019-11-12T17:26:32.929Z,buy,5.8e-05,415.0,0.02407
BCD/BTC,1573579595312,2019-11-12T17:26:35.312Z,buy,5.799e-05,64.0,0.00371136
BCD/BTC,1573579595312,2019-11-12T17:26:35.312Z,buy,5.818e-05,336.0,0.01954848
BCD/BTC,1573579595689,2019-11-12T17:26:35.689Z,buy,5.817e-05,2.0,0.00011634
BCD/BTC,1573579598232,2019-11-12T17:26:38.232Z,buy,5.816e-05,7.0,0.0004071199999999
BCD/BTC,1573579598232,2019-11-12T17:26:38.232Z,buy,5.817e-05,23.0,0.00133791
BCD/BTC,1573579699827,2019-11-12T17:28:19.827Z,buy,5.807e-05,349.0,0.02026643
BCD/BTC,1573579828847,2019-11-12T17:30:28.847Z,sell,5.807e-05,79.0,0.00458753
BCD/BTC,1573579828847,2019-11-12T17:30:28.847Z,sell,5.797e-05,202.0,0.01170994
BCD/BTC,1573579828847,2019-11-12T17:30:28.847Z,sell,5.796e-05,344.0,0.01993824
BCD/BTC,1573579828847,2019-11-12T17:30:28.847Z,sell,5.795e-05,203.0,0.01176385
BCD/BTC,1573579828847,2019-11-12T17:30:28.847Z,sell,5.793e-05,203.0,0.01175979
BCD/BTC,1573579828847,2019-11-12T17:30:28.847Z,sell,5.784e-05,283.0,0.01636872
BCD/BTC,1573579828847,2019-11-12T17:30:28.847Z,sell,5.782e-05,149.0,0.00861518
BCD/BTC,1573579828847,2019-11-12T17:30:28.847Z,sell,5.78e-05,272.0,0.0157216
BCD/BTC,1573579828875,2019-11-12T17:30:28.875Z,buy,5.78e-05,207.0,0.0119646
BCD/BTC,1573579828880,2019-11-12T17:30:28.880Z,buy,5.78e-05,58.0,0.0033524
BCD/BTC,1573579834587,2019-11-12T17:30:34.587Z,sell,5.81e-05,17.0,0.0009877
BCD/BTC,1573579834613,2019-11-12T17:30:34.613Z,buy,5.78e-05,25.0,0.001445
BCD/BTC,1573579834619,2019-11-12T17:30:34.619Z,buy,5.78e-05,41.0,0.0023698
BCD/BTC,1573579834624,2019-11-12T17:30:34.624Z,buy,5.78e-05,147.0,0.0084966
BCD/BTC,1573579834861,2019-11-12T17:30:34.861Z,buy,5.78e-05,1770.0,0.102306
BCD/BTC,1573579838779,2019-11-12T17:30:38.779Z,sell,5.782e-05,194.0,0.0112170799999999
BCD/BTC,1573579838779,2019-11-12T17:30:38.779Z,sell,5.781e-05,1686.0,0.09746766
BCD/BTC,1573579838779,2019-11-12T17:30:38.779Z,sell,5.78e-05,120.0,0.006936
BCD/BTC,1573579845040,2019-11-12T17:30:45.040Z,sell,5.781e-05,22.0,0.00127182
BCD/BTC,1573579846798,2019-11-12T17:30:46.798Z,sell,5.781e-05,1718.0,0.0993175799999999
BCD/BTC,1573579847051,2019-11-12T17:30:47.051Z,buy,5.78e-05,10.0,0.000578
BCD/BTC,1573579847143,2019-11-12T17:30:47.143Z,buy,5.779e-05,58.0,0.00335182
BCD/BTC,1573579847143,2019-11-12T17:30:47.143Z,buy,5.78e-05,22.0,0.0012716
BCD/BTC,1573579847181,2019-11-12T17:30:47.181Z,buy,5.78e-05,64.0,0.0036992
BCD/BTC,1573579847255,2019-11-12T17:30:47.255Z,buy,5.78e-05,20.0,0.001156
BCD/BTC,1573579876078,2019-11-12T17:31:16.078Z,sell,5.79e-05,2.0,0.0001158
BCD/BTC,1573579876078,2019-11-12T17:31:16.078Z,sell,5.779e-05,5.0,0.00028895
BCD/BTC,1573579905539,2019-11-12T17:31:45.539Z,sell,5.79e-05,450.0,0.026055
BCD/BTC,1573579905539,2019-11-12T17:31:45.539Z,sell,5.779e-05,64.0,0.00369856
BCD/BTC,1573579905539,2019-11-12T17:31:45.539Z,sell,5.778e-05,1851.0,0.10695078
BCD/BTC,1573579905539,2019-11-12T17:31:45.539Z,sell,5.776e-05,6.0,0.00034656
BCD/BTC,1573579905539,2019-11-12T17:31:45.539Z,sell,5.774e-05,2.0,0.00011548
BCD/BTC,1573579905539,2019-11-12T17:31:45.539Z,sell,5.773e-05,175.0,0.0101027499999999
BCD/BTC,1573579905539,2019-11-12T17:31:45.539Z,sell,5.771e-05,283.0,0.01633193
BCD/BTC,1573579905539,2019-11-12T17:31:45.539Z,sell,5.769e-05,5.0,0.00028845
BCD/BTC,1573579905539,2019-11-12T17:31:45.539Z,sell,5.767e-05,1190.0,0.0686273
BCD/BTC,1573579905539,2019-11-12T17:31:45.539Z,sell,5.765e-05,32.0,0.0018448
BCD/BTC,1573579905539,2019-11-12T17:31:45.539Z,sell,5.758e-05,6.0,0.00034548
BCD/BTC,1573579905539,2019-11-12T17:31:45.539Z,sell,5.756e-05,667.0,0.03839252
BCD/BTC,1573579905539,2019-11-12T17:31:45.539Z,sell,5.751e-05,694.0,0.03991194
BCD/BTC,1573579905539,2019-11-12T17:31:45.539Z,sell,5.75e-05,62.0,0.003565
BCD/BTC,1573579905539,2019-11-12T17:31:45.539Z,sell,5.749e-05,36.0,0.00206964
BCD/BTC,1573579905539,2019-11-12T17:31:45.539Z,sell,5.748e-05,78.0,0.00448344
BCD/BTC,1573579905539,2019-11-12T17:31:45.539Z,sell,5.746e-05,206.0,0.01183676
BCD/BTC,1573579905539,2019-11-12T17:31:45.539Z,sell,5.745e-05,406.0,0.0233247
BCD/BTC,1573579905539,2019-11-12T17:31:45.539Z,sell,5.743e-05,3.0,0.00017229
BCD/BTC,1573579905539,2019-11-12T17:31:45.539Z,sell,5.741e-05,401.0,0.02302141
BCD/BTC,1573579905547,2019-11-12T17:31:45.547Z,sell,5.74e-05,46.0,0.0026403999999999
BCD/BTC,1573579905550,2019-11-12T17:31:45.550Z,sell,5.74e-05,30.0,0.001722
BCD/BTC,1573579905558,2019-11-12T17:31:45.558Z,sell,5.74e-05,513.0,0.0294462
BCD/BTC,1573579905574,2019-11-12T17:31:45.574Z,sell,5.74e-05,139.0,0.0079786
BCD/BTC,1573579905574,2019-11-12T17:31:45.574Z,sell,5.738e-05,95.0,0.0054511
BCD/BTC,1573579905946,2019-11-12T17:31:45.946Z,sell,5.76e-05,252.0,0.0145151999999999
BCD/BTC,1573579905946,2019-11-12T17:31:45.946Z,sell,5.738e-05,196.0,0.01124648
BCD/BTC,1573579905946,2019-11-12T17:31:45.946Z,sell,5.736e-05,248.0,0.01422528
BCD/BTC,1573579905946,2019-11-12T17:31:45.946Z,sell,5.735e-05,1817.0,0.1042049499999999
BCD/BTC,1573579905946,2019-11-12T17:31:45.946Z,sell,5.734e-05,436.0,0.02500024
BCD/BTC,1573579905946,2019-11-12T17:31:45.946Z,sell,5.733e-05,158.0,0.00905814
BCD/BTC,1573579905946,2019-11-12T17:31:45.946Z,sell,5.732e-05,81.0,0.00464292
BCD/BTC,1573579905946,2019-11-12T17:31:45.946Z,sell,5.731e-05,124.0,0.0071064399999999
BCD/BTC,1573579905946,2019-11-12T17:31:45.946Z,sell,5.731e-05,130.0,0.0074503
BCD/BTC,1573579906937,2019-11-12T17:31:46.937Z,buy,5.77e-05,34.0,0.0019618
BCD/BTC,1573579907277,2019-11-12T17:31:47.277Z,sell,5.74e-05,450.0,0.02583
BCD/BTC,1573579907494,2019-11-12T17:31:47.494Z,buy,5.753e-05,43.0,0.00247379
BCD/BTC,1573579910020,2019-11-12T17:31:50.020Z,sell,5.731e-05,66.0,0.00378246
BCD/BTC,1573579911739,2019-11-12T17:31:51.739Z,buy,5.736e-05,41.0,0.00235176
BCD/BTC,1573579911986,2019-11-12T17:31:51.986Z,sell,5.737e-05,100.0,0.005737
BCD/BTC,1573579911986,2019-11-12T17:31:51.986Z,sell,5.736e-05,8.0,0.00045888
BCD/BTC,1573579914209,2019-11-12T17:31:54.209Z,sell,5.753e-05,2.0,0.00011506
BCD/BTC,1573579914209,2019-11-12T17:31:54.209Z,sell,5.736e-05,33.0,0.00189288
BCD/BTC,1573579915129,2019-11-12T17:31:55.129Z,sell,5.736e-05,60.0,0.0034416
BCD/BTC,1573579921058,2019-11-12T17:32:01.058Z,buy,5.768e-05,2.0,0.00011536
BCD/BTC,1573579921058,2019-11-12T17:32:01.058Z,buy,5.769e-05,35.0,0.00201915
BCD/BTC,1573579921781,2019-11-12T17:32:01.781Z,sell,5.736e-05,71.0,0.00407256
BCD/BTC,1573579923141,2019-11-12T17:32:03.141Z,sell,5.736e-05,46.0,0.00263856
BCD/BTC,1573579924040,2019-11-12T17:32:04.040Z,sell,5.736e-05,3.0,0.00017208
BCD/BTC,1573579924975,2019-11-12T17:32:04.975Z,sell,5.736e-05,335.0,0.0192156
BCD/BTC,1573579924975,2019-11-12T17:32:04.975Z,sell,5.731e-05,150.0,0.0085965
BCD/BTC,1573579924975,2019-11-12T17:32:04.975Z,sell,5.73e-05,36.0,0.0020628
BCD/BTC,1573579924975,2019-11-12T17:32:04.975Z,sell,5.729e-05,36.0,0.00206244
BCD/BTC,1573579924975,2019-11-12T17:32:04.975Z,sell,5.728e-05,522.0,0.02990016
BCD/BTC,1573579924975,2019-11-12T17:32:04.975Z,sell,5.726e-05,85.0,0.0048671
BCD/BTC,1573579924975,2019-11-12T17:32:04.975Z,sell,5.724e-05,394.0,0.02255256
BCD/BTC,1573579925970,2019-11-12T17:32:05.970Z,buy,5.768e-05,25.0,0.001442
BCD/BTC,1573579926556,2019-11-12T17:32:06.556Z,buy,5.768e-05,2.0,0.00011536
BCD/BTC,1573579927204,2019-11-12T17:32:07.204Z,sell,5.724e-05,300.0,0.017172
BCD/BTC,1573579927204,2019-11-12T17:32:07.204Z,sell,5.723e-05,1978.0,0.11320094
BCD/BTC,1573579927204,2019-11-12T17:32:07.204Z,sell,5.721e-05,158.0,0.00903918
BCD/BTC,1573579927204,2019-11-12T17:32:07.204Z,sell,5.718e-05,2.0,0.00011436
BCD/BTC,1573579927204,2019-11-12T17:32:07.204Z,sell,5.717e-05,2037.0,0.11645529
BCD/BTC,1573579927204,2019-11-12T17:32:07.204Z,sell,5.715e-05,73.0,0.00417195
BCD/BTC,1573579927204,2019-11-12T17:32:07.204Z,sell,5.715e-05,54.0,0.0030861
BCD/BTC,1573579927204,2019-11-12T17:32:07.204Z,sell,5.715e-05,170.0,0.0097155
BCD/BTC,1573579931299,2019-11-12T17:32:11.299Z,buy,5.747e-05,2.0,0.00011494
BCD/BTC,1573579931299,2019-11-12T17:32:11.299Z,buy,5.761e-05,173.0,0.00996653
BCD/BTC,1573579946150,2019-11-12T17:32:26.150Z,buy,5.762e-05,3.0,0.00017286
BCD/BTC,1573579958006,2019-11-12T17:32:38.006Z,buy,5.747e-05,3.0,0.0001724099999999
BCD/BTC,1573579973428,2019-11-12T17:32:53.428Z,buy,5.746e-05,21.0,0.00120666
BCD/BTC,1573579986851,2019-11-12T17:33:06.851Z,sell,5.737e-05,322.0,0.01847314
BCD/BTC,1573580057210,2019-11-12T17:34:17.210Z,buy,5.753e-05,506.0,0.02911018
BCD/BTC,1573580074207,2019-11-12T17:34:34.207Z,buy,5.76e-05,6.0,0.0003456
BCD/BTC,1573580075537,2019-11-12T17:34:35.537Z,buy,5.76e-05,5.0,0.000288
BCD/BTC,1573580096694,2019-11-12T17:34:56.694Z,buy,5.759e-05,2.0,0.00011518
BCD/BTC,1573580096694,2019-11-12T17:34:56.694Z,buy,5.76e-05,195.0,0.0112319999999999
BCD/BTC,1573580100811,2019-11-12T17:35:00.811Z,buy,5.762e-05,1.0,5.762e-05
BCD/BTC,1573580120219,2019-11-12T17:35:20.219Z,buy,5.762e-05,35.0,0.0020167
BCD/BTC,1573580120219,2019-11-12T17:35:20.219Z,buy,5.764e-05,174.0,0.01002936
BCD/BTC,1573580120219,2019-11-12T17:35:20.219Z,buy,5.765e-05,257.0,0.0148160499999999
BCD/BTC,1573580120262,2019-11-12T17:35:20.262Z,buy,5.765e-05,156.0,0.0089934
BCD/BTC,1573580144245,2019-11-12T17:35:44.245Z,buy,5.769e-05,5.0,0.00028845
BCD/BTC,1573580144245,2019-11-12T17:35:44.245Z,buy,5.771e-05,10.0,0.0005771
BCD/BTC,1573580144245,2019-11-12T17:35:44.245Z,buy,5.772e-05,191.0,0.01102452
BCD/BTC,1573580146629,2019-11-12T17:35:46.629Z,sell,5.769e-05,6.0,0.00034614
BCD/BTC,1573580149704,2019-11-12T17:35:49.704Z,buy,5.772e-05,171.0,0.00987012
BCD/BTC,1573580158730,2019-11-12T17:35:58.730Z,buy,5.772e-05,121.0,0.00698412
BCD/BTC,1573580158730,2019-11-12T17:35:58.730Z,buy,5.773e-05,13.0,0.0007504899999999
BCD/BTC,1573580158730,2019-11-12T17:35:58.730Z,buy,5.774e-05,65.0,0.0037531
BCD/BTC,1573580158743,2019-11-12T17:35:58.743Z,buy,5.774e-05,96.0,0.00554304
BCD/BTC,1573580158807,2019-11-12T17:35:58.807Z,buy,5.774e-05,105.0,0.0060627
BCD/BTC,1573580158812,2019-11-12T17:35:58.812Z,buy,5.774e-05,105.0,0.0060627
BCD/BTC,1573580165704,2019-11-12T17:36:05.704Z,buy,5.774e-05,18.0,0.00103932
BCD/BTC,1573580166629,2019-11-12T17:36:06.629Z,buy,5.774e-05,113.0,0.00652462
BCD/BTC,1573580246701,2019-11-12T17:37:26.701Z,buy,5.774e-05,94.0,0.00542756
BCD/BTC,1573580300887,2019-11-12T17:38:20.887Z,sell,5.756e-05,37.0,0.00212972
BCD/BTC,1573580345628,2019-11-12T17:39:05.628Z,sell,5.762e-05,2.0,0.00011524
BCD/BTC,1573580345628,2019-11-12T17:39:05.628Z,sell,5.757e-05,163.0,0.00938391
BCD/BTC,1573580393364,2019-11-12T17:39:53.364Z,buy,5.771e-05,1.0,5.771e-05
BCD/BTC,1573580398445,2019-11-12T17:39:58.445Z,buy,5.771e-05,35.0,0.00201985
BCD/BTC,1573580398445,2019-11-12T17:39:58.445Z,buy,5.774e-05,110.0,0.0063514
BCD/BTC,1573580401494,2019-11-12T17:40:01.494Z,buy,5.774e-05,95.0,0.0054853
BCD/BTC,1573580405860,2019-11-12T17:40:05.860Z,sell,5.771e-05,70.0,0.0040397
BCD/BTC,1573580407662,2019-11-12T17:40:07.662Z,sell,5.764e-05,9.0,0.00051876
BCD/BTC,1573580605828,2019-11-12T17:43:25.828Z,sell,5.763e-05,79.0,0.00455277
BCD/BTC,1573580605944,2019-11-12T17:43:25.944Z,sell,5.763e-05,79.0,0.00455277
BCD/BTC,1573580606041,2019-11-12T17:43:26.041Z,sell,5.763e-05,79.0,0.00455277
BCD/BTC,1573580606571,2019-11-12T17:43:26.571Z,sell,5.763e-05,2.0,0.00011526
BCD/BTC,1573580646273,2019-11-12T17:44:06.273Z,sell,5.763e-05,547.0,0.03152361
BCD/BTC,1573580702309,2019-11-12T17:45:02.309Z,buy,5.764e-05,85.0,0.0048994
BCD/BTC,1573580703302,2019-11-12T17:45:03.302Z,buy,5.764e-05,160.0,0.0092223999999999
BCD/BTC,1573580765428,2019-11-12T17:46:05.428Z,buy,5.764e-05,150.0,0.008646
BCD/BTC,1573580765428,2019-11-12T17:46:05.428Z,buy,5.765e-05,61.0,0.00351665
BCD/BTC,1573580805804,2019-11-12T17:46:45.804Z,sell,5.763e-05,71.0,0.00409173
BCD/BTC,1573580805837,2019-11-12T17:46:45.837Z,sell,5.763e-05,71.0,0.00409173
BCD/BTC,1573580805872,2019-11-12T17:46:45.872Z,sell,5.763e-05,71.0,0.00409173
BCD/BTC,1573580805876,2019-11-12T17:46:45.876Z,sell,5.763e-05,79.0,0.00455277
BCD/BTC,1573580805877,2019-11-12T17:46:45.877Z,sell,5.763e-05,79.0,0.00455277
BCD/BTC,1573580805890,2019-11-12T17:46:45.890Z,sell,5.763e-05,71.0,0.00409173
BCD/BTC,1573580805910,2019-11-12T17:46:45.910Z,sell,5.763e-05,71.0,0.00409173
BCD/BTC,1573580805912,2019-11-12T17:46:45.912Z,sell,5.763e-05,71.0,0.00409173
BCD/BTC,1573580805931,2019-11-12T17:46:45.931Z,sell,5.763e-05,74.0,0.00426462
BCD/BTC,1573580805949,2019-11-12T17:46:45.949Z,sell,5.763e-05,79.0,0.00455277
BCD/BTC,1573580805950,2019-11-12T17:46:45.950Z,sell,5.763e-05,71.0,0.00409173
BCD/BTC,1573580805963,2019-11-12T17:46:45.963Z,sell,5.763e-05,79.0,0.00455277
BCD/BTC,1573580805978,2019-11-12T17:46:45.978Z,sell,5.763e-05,124.0,0.00714612
BCD/BTC,1573580805987,2019-11-12T17:46:45.987Z,sell,5.763e-05,79.0,0.00455277
BCD/BTC,1573580805991,2019-11-12T17:46:45.991Z,sell,5.763e-05,79.0,0.00455277
BCD/BTC,1573580805999,2019-11-12T17:46:45.999Z,sell,5.763e-05,79.0,0.00455277
BCD/BTC,1573580806019,2019-11-12T17:46:46.019Z,sell,5.763e-05,79.0,0.00455277
BCD/BTC,1573580806033,2019-11-12T17:46:46.033Z,sell,5.763e-05,173.0,0.00996999
BCD/BTC,1573580806075,2019-11-12T17:46:46.075Z,sell,5.763e-05,79.0,0.00455277
BCD/BTC,1573580806087,2019-11-12T17:46:46.087Z,sell,5.763e-05,79.0,0.00455277
BCD/BTC,1573580806090,2019-11-12T17:46:46.090Z,sell,5.763e-05,79.0,0.00455277
BCD/BTC,1573580806098,2019-11-12T17:46:46.098Z,sell,5.763e-05,79.0,0.00455277
BCD/BTC,1573580806109,2019-11-12T17:46:46.109Z,sell,5.763e-05,547.0,0.03152361
BCD/BTC,1573580806202,2019-11-12T17:46:46.202Z,sell,5.763e-05,79.0,0.00455277
BCD/BTC,1573580806229,2019-11-12T17:46:46.229Z,sell,5.763e-05,79.0,0.00455277
BCD/BTC,1573580809373,2019-11-12T17:46:49.373Z,sell,5.763e-05,406.0,0.02339778
BCD/BTC,1573580992012,2019-11-12T17:49:52.012Z,sell,5.763e-05,27.0,0.00155601
BCD/BTC,1573580992126,2019-11-12T17:49:52.126Z,sell,5.763e-05,220.0,0.0126786
BCD/BTC,1573581209592,2019-11-12T17:53:29.592Z,sell,5.764e-05,143.0,0.00824252
BCD/BTC,1573581209592,2019-11-12T17:53:29.592Z,sell,5.763e-05,3588.0,0.20677644
BCD/BTC,1573581211639,2019-11-12T17:53:31.639Z,buy,5.745e-05,9.0,0.00051705
BCD/BTC,1573581211639,2019-11-12T17:53:31.639Z,buy,5.761e-05,225.0,0.01296225
BCD/BTC,1573581211639,2019-11-12T17:53:31.639Z,buy,5.762e-05,381.0,0.02195322
BCD/BTC,1573581211639,2019-11-12T17:53:31.639Z,buy,5.763e-05,35.0,0.00201705
BCD/BTC,1573581267362,2019-11-12T17:54:27.362Z,buy,5.746e-05,6.0,0.00034476
BCD/BTC,1573581308292,2019-11-12T17:55:08.292Z,buy,5.747e-05,2.0,0.00011494
BCD/BTC,1573581309893,2019-11-12T17:55:09.893Z,buy,5.746e-05,2.0,0.00011492
BCD/BTC,1573581351458,2019-11-12T17:55:51.458Z,sell,5.737e-05,43.0,0.00246691
BCD/BTC,1573581351458,2019-11-12T17:55:51.458Z,sell,5.736e-05,51.0,0.00292536
BCD/BTC,1573581426992,2019-11-12T17:57:06.992Z,sell,5.734e-05,5.0,0.0002867
BCD/BTC,1573581426992,2019-11-12T17:57:06.992Z,sell,5.732e-05,2.0,0.00011464
BCD/BTC,1573581426992,2019-11-12T17:57:06.992Z,sell,5.727e-05,27.0,0.00154629
BCD/BTC,1573581514906,2019-11-12T17:58:34.906Z,buy,5.75e-05,3.0,0.0001725
BCD/BTC,1573581543275,2019-11-12T17:59:03.275Z,buy,5.75e-05,19.0,0.0010925
BCD/BTC,1573581647642,2019-11-12T18:00:47.642Z,sell,5.729e-05,3.0,0.00017187
BCD/BTC,1573581647642,2019-11-12T18:00:47.642Z,sell,5.728e-05,44.0,0.00252032
BCD/BTC,1573581647642,2019-11-12T18:00:47.642Z,sell,5.729e-05,3.0,0.00017187
BCD/BTC,1573581647642,2019-11-12T18:00:47.642Z,sell,5.728e-05,44.0,0.00252032
BCD/BTC,1573582206297,2019-11-12T18:10:06.297Z,sell,5.737e-05,44.0,0.00252428
BCD/BTC,1573582222156,2019-11-12T18:10:22.156Z,buy,5.737e-05,56.0,0.00321272
BCD/BTC,1573582222156,2019-11-12T18:10:22.156Z,buy,5.748e-05,62.0,0.00356376
BCD/BTC,1573582222156,2019-11-12T18:10:22.156Z,buy,5.754e-05,75.0,0.0043155
BCD/BTC,1573582222156,2019-11-12T18:10:22.156Z,buy,5.755e-05,242.0,0.0139271
BCD/BTC,1573582226822,2019-11-12T18:10:26.822Z,buy,5.754e-05,50.0,0.002877
BCD/BTC,1573582226822,2019-11-12T18:10:26.822Z,buy,5.755e-05,36.0,0.0020718
BCD/BTC,1573582228120,2019-11-12T18:10:28.120Z,buy,5.754e-05,86.0,0.00494844
BCD/BTC,1573582229005,2019-11-12T18:10:29.005Z,buy,5.754e-05,15.0,0.0008631
BCD/BTC,1573582229005,2019-11-12T18:10:29.005Z,buy,5.755e-05,71.0,0.00408605
BCD/BTC,1573582246966,2019-11-12T18:10:46.966Z,buy,5.754e-05,106.0,0.00609924
BCD/BTC,1573582246966,2019-11-12T18:10:46.966Z,buy,5.755e-05,241.0,0.01386955
BCD/BTC,1573582333751,2019-11-12T18:12:13.751Z,sell,5.754e-05,542.0,0.03118668
BCD/BTC,1573582378033,2019-11-12T18:12:58.033Z,buy,5.758e-05,2.0,0.00011516
BCD/BTC,1573582576585,2019-11-12T18:16:16.585Z,sell,5.754e-05,401.0,0.02307354
BCD/BTC,1573582707286,2019-11-12T18:18:27.286Z,sell,5.754e-05,77.0,0.00443058
BCD/BTC,1573582709604,2019-11-12T18:18:29.604Z,sell,5.752e-05,143.0,0.00822536
BCD/BTC,1573582771657,2019-11-12T18:19:31.657Z,sell,5.739e-05,134.0,0.00769026
BCD/BTC,1573583315295,2019-11-12T18:28:35.295Z,buy,5.745e-05,273.0,0.01568385
BCD/BTC,1573583368093,2019-11-12T18:29:28.093Z,sell,5.742e-05,136.0,0.00780912
BCD/BTC,1573583368093,2019-11-12T18:29:28.093Z,sell,5.74e-05,51.0,0.0029274
BCD/BTC,1573583752019,2019-11-12T18:35:52.019Z,sell,5.76e-05,137.0,0.0078912
BCD/BTC,1573583896226,2019-11-12T18:38:16.226Z,buy,5.761e-05,2.0,0.00011522
BCD/BTC,1573583896226,2019-11-12T18:38:16.226Z,buy,5.763e-05,2.0,0.00011526
BCD/BTC,1573583915597,2019-11-12T18:38:35.597Z,buy,5.763e-05,186.0,0.01071918
BCD/BTC,1573584170072,2019-11-12T18:42:50.072Z,buy,5.763e-05,1978.0,0.11399214
BCD/BTC,1573584170072,2019-11-12T18:42:50.072Z,buy,5.767e-05,10.0,0.0005767
BCD/BTC,1573584170072,2019-11-12T18:42:50.072Z,buy,5.769e-05,5.0,0.00028845
BCD/BTC,1573584170072,2019-11-12T18:42:50.072Z,buy,5.774e-05,512.0,0.02956288
BCD/BTC,1573584170072,2019-11-12T18:42:50.072Z,buy,5.778e-05,341.0,0.01970298
BCD/BTC,1573584170072,2019-11-12T18:42:50.072Z,buy,5.779e-05,185.0,0.01069115
BCD/BTC,1573584170072,2019-11-12T18:42:50.072Z,buy,5.78e-05,304.0,0.0175712
BCD/BTC,1573584314932,2019-11-12T18:45:14.932Z,buy,5.774e-05,2.0,0.00011548
BCD/BTC,1573584314932,2019-11-12T18:45:14.932Z,buy,5.78e-05,62.0,0.0035836
BCD/BTC,1573584668301,2019-11-12T18:51:08.301Z,buy,5.772e-05,1.0,5.772e-05
BCD/BTC,1573584956469,2019-11-12T18:55:56.469Z,sell,5.755e-05,346.0,0.0199123
BCD/BTC,1573585172391,2019-11-12T18:59:32.391Z,sell,5.755e-05,36.0,0.0020718
BCD/BTC,1573585172391,2019-11-12T18:59:32.391Z,sell,5.755e-05,36.0,0.0020718
BCD/BTC,1573585340290,2019-11-12T19:02:20.290Z,buy,5.778e-05,3.0,0.00017334
BCD/BTC,1573585340290,2019-11-12T19:02:20.290Z,buy,5.779e-05,15.0,0.00086685
BCD/BTC,1573585363217,2019-11-12T19:02:43.217Z,buy,5.779e-05,18.0,0.00104022
BCD/BTC,1573585739799,2019-11-12T19:08:59.799Z,sell,5.755e-05,4.0,0.0002302
BCD/BTC,1573585742740,2019-11-12T19:09:02.740Z,sell,5.751e-05,33.0,0.00189783
BCD/BTC,1573585742740,2019-11-12T19:09:02.740Z,sell,5.75e-05,74.0,0.004255
BCD/BTC,1573586252964,2019-11-12T19:17:32.964Z,buy,5.759e-05,3.0,0.00017277
BCD/BTC,1573586345871,2019-11-12T19:19:05.871Z,sell,5.762e-05,33.0,0.00190146
BCD/BTC,1573586410444,2019-11-12T19:20:10.444Z,buy,5.778e-05,30.0,0.0017334
BCD/BTC,1573586412328,2019-11-12T19:20:12.328Z,buy,5.778e-05,30.0,0.0017334
BCD/BTC,1573586473072,2019-11-12T19:21:13.072Z,buy,5.778e-05,7.0,0.00040446
BCD/BTC,1573586473072,2019-11-12T19:21:13.072Z,buy,5.779e-05,2.0,0.00011558
BCD/BTC,1573586473072,2019-11-12T19:21:13.072Z,buy,5.78e-05,77.0,0.0044506
BCD/BTC,1573586495117,2019-11-12T19:21:35.117Z,buy,5.78e-05,103.0,0.0059534
BCD/BTC,1573586495213,2019-11-12T19:21:35.213Z,buy,5.78e-05,94.0,0.0054332
BCD/BTC,1573586500134,2019-11-12T19:21:40.134Z,buy,5.78e-05,55.0,0.003179
BCD/BTC,1573586510426,2019-11-12T19:21:50.426Z,buy,5.78e-05,50.0,0.00289
BCD/BTC,1573586510641,2019-11-12T19:21:50.641Z,buy,5.78e-05,30.0,0.001734
BCD/BTC,1573586513012,2019-11-12T19:21:53.012Z,buy,5.78e-05,58.0,0.0033524
BCD/BTC,1573586513175,2019-11-12T19:21:53.175Z,buy,5.774e-05,327.0,0.01888098
BCD/BTC,1573586513392,2019-11-12T19:21:53.392Z,buy,5.774e-05,59.0,0.00340666
BCD/BTC,1573586513475,2019-11-12T19:21:53.475Z,buy,5.774e-05,184.0,0.01062416
BCD/BTC,1573586513633,2019-11-12T19:21:53.633Z,buy,5.774e-05,169.0,0.00975806
BCD/BTC,1573586518491,2019-11-12T19:21:58.491Z,sell,5.775e-05,113.0,0.00652575
BCD/BTC,1573586518491,2019-11-12T19:21:58.491Z,sell,5.769e-05,62.0,0.00357678
BCD/BTC,1573587002759,2019-11-12T19:30:02.759Z,sell,5.777e-05,42.0,0.00242634
BCD/BTC,1573587228978,2019-11-12T19:33:48.978Z,buy,5.776e-05,208.0,0.01201408
BCD/BTC,1573587229552,2019-11-12T19:33:49.552Z,buy,5.776e-05,10.0,0.0005776
BCD/BTC,1573587229682,2019-11-12T19:33:49.682Z,buy,5.776e-05,49.0,0.00283024
BCD/BTC,1573587275167,2019-11-12T19:34:35.167Z,sell,5.775e-05,328.0,0.018942
BCD/BTC,1573587295678,2019-11-12T19:34:55.678Z,sell,5.775e-05,56.0,0.003234
BCD/BTC,1573587302709,2019-11-12T19:35:02.709Z,sell,5.775e-05,26.0,0.0015015
BCD/BTC,1573587343711,2019-11-12T19:35:43.711Z,buy,5.768e-05,26.0,0.00149968
BCD/BTC,1573587343767,2019-11-12T19:35:43.767Z,buy,5.768e-05,26.0,0.00149968
BCD/BTC,1573587680369,2019-11-12T19:41:20.369Z,sell,5.759e-05,14.0,0.00080626
BCD/BTC,1573587708699,2019-11-12T19:41:48.699Z,buy,5.755e-05,254.0,0.0146177
BCD/BTC,1573587709712,2019-11-12T19:41:49.712Z,buy,5.755e-05,168.0,0.0096684
BCD/BTC,1573587718137,2019-11-12T19:41:58.137Z,buy,5.756e-05,112.0,0.0064467199999999
BCD/BTC,1573587757326,2019-11-12T19:42:37.326Z,sell,5.757e-05,2.0,0.00011514
BCD/BTC,1573587757326,2019-11-12T19:42:37.326Z,sell,5.751e-05,9.0,0.00051759
BCD/BTC,1573587917212,2019-11-12T19:45:17.212Z,buy,5.763e-05,235.0,0.01354305
BCD/BTC,1573587917212,2019-11-12T19:45:17.212Z,buy,5.768e-05,60.0,0.0034608
BCD/BTC,1573587917212,2019-11-12T19:45:17.212Z,buy,5.774e-05,41.0,0.00236734
BCD/BTC,1573587917212,2019-11-12T19:45:17.212Z,buy,5.78e-05,1297.0,0.0749666
BCD/BTC,1573587917212,2019-11-12T19:45:17.212Z,buy,5.782e-05,24.0,0.00138768
BCD/BTC,1573587917212,2019-11-12T19:45:17.212Z,buy,5.786e-05,3.0,0.00017358
BCD/BTC,1573587917212,2019-11-12T19:45:17.212Z,buy,5.79e-05,2483.0,0.1437657
BCD/BTC,1573587917212,2019-11-12T19:45:17.212Z,buy,5.791e-05,217.0,0.01256647
BCD/BTC,1573587917212,2019-11-12T19:45:17.212Z,buy,5.799e-05,742.0,0.04302858
BCD/BTC,1573587917212,2019-11-12T19:45:17.212Z,buy,5.8e-05,44.0,0.002552
BCD/BTC,1573587917212,2019-11-12T19:45:17.212Z,buy,5.801e-05,258.0,0.01496658
BCD/BTC,1573587917212,2019-11-12T19:45:17.212Z,buy,5.803e-05,434.0,0.02518502
BCD/BTC,1573587917212,2019-11-12T19:45:17.212Z,buy,5.804e-05,76.0,0.00441104
BCD/BTC,1573587917212,2019-11-12T19:45:17.212Z,buy,5.805e-05,5.0,0.00029025
BCD/BTC,1573587917212,2019-11-12T19:45:17.212Z,buy,5.807e-05,600.0,0.034842
BCD/BTC,1573587917212,2019-11-12T19:45:17.212Z,buy,5.808e-05,212.0,0.01231296
BCD/BTC,1573587917212,2019-11-12T19:45:17.212Z,buy,5.811e-05,207.0,0.01202877
BCD/BTC,1573587917212,2019-11-12T19:45:17.212Z,buy,5.812e-05,1634.0,0.09496808
BCD/BTC,1573587917212,2019-11-12T19:45:17.212Z,buy,5.815e-05,2.0,0.0001163
BCD/BTC,1573587917212,2019-11-12T19:45:17.212Z,buy,5.817e-05,24.0,0.00139608
BCD/BTC,1573587917212,2019-11-12T19:45:17.212Z,buy,5.818e-05,861.0,0.05009298
BCD/BTC,1573587917212,2019-11-12T19:45:17.212Z,buy,5.819e-05,1190.0,0.0692460999999999
BCD/BTC,1573587917212,2019-11-12T19:45:17.212Z,buy,5.82e-05,13.0,0.0007566
BCD/BTC,1573587917212,2019-11-12T19:45:17.212Z,buy,5.822e-05,421.0,0.02451062
BCD/BTC,1573587917212,2019-11-12T19:45:17.212Z,buy,5.823e-05,835.0,0.04862205
BCD/BTC,1573587917212,2019-11-12T19:45:17.212Z,buy,5.826e-05,377.0,0.02196402
BCD/BTC,1573587917212,2019-11-12T19:45:17.212Z,buy,5.827e-05,364.0,0.02121028
BCD/BTC,1573587917212,2019-11-12T19:45:17.212Z,buy,5.828e-05,459.0,0.02675052
BCD/BTC,1573587917774,2019-11-12T19:45:17.774Z,sell,5.779e-05,22.0,0.00127138
BCD/BTC,1573587919076,2019-11-12T19:45:19.076Z,buy,5.789e-05,88.0,0.00509432
BCD/BTC,1573587927744,2019-11-12T19:45:27.744Z,sell,5.785e-05,132.0,0.0076361999999999
BCD/BTC,1573588300091,2019-11-12T19:51:40.091Z,sell,5.782e-05,3.0,0.00017346
BCD/BTC,1573588377679,2019-11-12T19:52:57.679Z,buy,5.804e-05,17.0,0.00098668
BCD/BTC,1573588578001,2019-11-12T19:56:18.001Z,sell,5.801e-05,85.0,0.00493085
BCD/BTC,1573588622680,2019-11-12T19:57:02.680Z,buy,5.804e-05,2.0,0.00011608
BCD/BTC,1573588624379,2019-11-12T19:57:04.379Z,sell,5.805e-05,30.0,0.0017415
BCD/BTC,1573588625740,2019-11-12T19:57:05.740Z,sell,5.805e-05,25.0,0.00145125
BCD/BTC,1573588627355,2019-11-12T19:57:07.355Z,sell,5.805e-05,25.0,0.00145125
BCD/BTC,1573588750007,2019-11-12T19:59:10.007Z,buy,5.802e-05,1.0,5.802e-05
BCD/BTC,1573588750007,2019-11-12T19:59:10.007Z,buy,5.802e-05,1.0,5.802e-05
BCD/BTC,1573588889753,2019-11-12T20:01:29.753Z,buy,5.793e-05,2.0,0.00011586
BCD/BTC,1573588897756,2019-11-12T20:01:37.756Z,buy,5.794e-05,3.0,0.0001738199999999
BCD/BTC,1573589176955,2019-11-12T20:06:16.955Z,buy,5.805e-05,1.0,5.805e-05
BCD/BTC,1573589624835,2019-11-12T20:13:44.835Z,buy,5.805e-05,1.0,5.805e-05
BCD/BTC,1573589780293,2019-11-12T20:16:20.293Z,buy,5.802e-05,3.0,0.00017406
BCD/BTC,1573589780293,2019-11-12T20:16:20.293Z,buy,5.805e-05,13.0,0.00075465
BCD/BTC,1573589787025,2019-11-12T20:16:27.025Z,sell,5.802e-05,46.0,0.00266892
BCD/BTC,1573590338947,2019-11-12T20:25:38.947Z,buy,5.804e-05,5.0,0.0002902
BCD/BTC,1573590338947,2019-11-12T20:25:38.947Z,buy,5.805e-05,8.0,0.0004644
BCD/BTC,1573590338947,2019-11-12T20:25:38.947Z,buy,5.806e-05,196.0,0.01137976
BCD/BTC,1573590814773,2019-11-12T20:33:34.773Z,buy,5.804e-05,50.0,0.002902
BCD/BTC,1573590851275,2019-11-12T20:34:11.275Z,sell,5.784e-05,4.0,0.00023136
BCD/BTC,1573590851304,2019-11-12T20:34:11.304Z,buy,5.784e-05,25.0,0.001446
BCD/BTC,1573591073882,2019-11-12T20:37:53.882Z,sell,5.783e-05,23.0,0.00133009
BCD/BTC,1573591074123,2019-11-12T20:37:54.123Z,buy,5.784e-05,21.0,0.00121464
BCD/BTC,1573591110966,2019-11-12T20:38:30.966Z,sell,5.784e-05,19.0,0.00109896
BCD/BTC,1573591514333,2019-11-12T20:45:14.333Z,buy,5.799e-05,42.0,0.00243558
BCD/BTC,1573591514333,2019-11-12T20:45:14.333Z,buy,5.8e-05,201.0,0.011658
BCD/BTC,1573591514333,2019-11-12T20:45:14.333Z,buy,5.803e-05,87.0,0.00504861
BCD/BTC,1573591514333,2019-11-12T20:45:14.333Z,buy,5.804e-05,746.0,0.04329784
BCD/BTC,1573591514333,2019-11-12T20:45:14.333Z,buy,5.799e-05,42.0,0.00243558
BCD/BTC,1573591514333,2019-11-12T20:45:14.333Z,buy,5.8e-05,201.0,0.011658
BCD/BTC,1573591514333,2019-11-12T20:45:14.333Z,buy,5.803e-05,87.0,0.00504861
BCD/BTC,1573591514333,2019-11-12T20:45:14.333Z,buy,5.804e-05,746.0,0.04329784
BCD/BTC,1573592475451,2019-11-12T21:01:15.451Z,sell,5.782e-05,19.0,0.00109858
BCD/BTC,1573592475451,2019-11-12T21:01:15.451Z,sell,5.778e-05,3.0,0.00017334
BCD/BTC,1573592475451,2019-11-12T21:01:15.451Z,sell,5.774e-05,347.0,0.02003578
BCD/BTC,1573592475451,2019-11-12T21:01:15.451Z,sell,5.773e-05,360.0,0.0207828
BCD/BTC,1573592475451,2019-11-12T21:01:15.451Z,sell,5.769e-05,5.0,0.00028845
BCD/BTC,1573592475451,2019-11-12T21:01:15.451Z,sell,5.765e-05,32.0,0.0018448
BCD/BTC,1573592475451,2019-11-12T21:01:15.451Z,sell,5.751e-05,11.0,0.00063261
BCD/BTC,1573592475451,2019-11-12T21:01:15.451Z,sell,5.75e-05,187.0,0.0107525
BCD/BTC,1573592475451,2019-11-12T21:01:15.451Z,sell,5.748e-05,22.0,0.00126456
BCD/BTC,1573592475451,2019-11-12T21:01:15.451Z,sell,5.746e-05,13.0,0.00074698
BCD/BTC,1573592475451,2019-11-12T21:01:15.451Z,sell,5.743e-05,3.0,0.00017229
BCD/BTC,1573592475451,2019-11-12T21:01:15.451Z,sell,5.742e-05,850.0,0.048807
BCD/BTC,1573592475451,2019-11-12T21:01:15.451Z,sell,5.739e-05,175.0,0.01004325
BCD/BTC,1573592475451,2019-11-12T21:01:15.451Z,sell,5.738e-05,601.0,0.03448538
BCD/BTC,1573592475451,2019-11-12T21:01:15.451Z,sell,5.734e-05,87.0,0.00498858
BCD/BTC,1573592475451,2019-11-12T21:01:15.451Z,sell,5.732e-05,2.0,0.00011464
BCD/BTC,1573592475451,2019-11-12T21:01:15.451Z,sell,5.726e-05,13.0,0.00074438
BCD/BTC,1573592475451,2019-11-12T21:01:15.451Z,sell,5.725e-05,8.0,0.000458
BCD/BTC,1573592475451,2019-11-12T21:01:15.451Z,sell,5.715e-05,6023.0,0.34421445
BCD/BTC,1573592475451,2019-11-12T21:01:15.451Z,sell,5.714e-05,22.0,0.00125708
BCD/BTC,1573592475451,2019-11-12T21:01:15.451Z,sell,5.713e-05,1196.0,0.06832748
BCD/BTC,1573592475451,2019-11-12T21:01:15.451Z,sell,5.712e-05,4.0,0.00022848
BCD/BTC,1573592475451,2019-11-12T21:01:15.451Z,sell,5.711e-05,1216.0,0.06944576
BCD/BTC,1573592475451,2019-11-12T21:01:15.451Z,sell,5.709e-05,380.0,0.0216942
BCD/BTC,1573592475451,2019-11-12T21:01:15.451Z,sell,5.708e-05,3.0,0.00017124
BCD/BTC,1573592475451,2019-11-12T21:01:15.451Z,sell,5.706e-05,6.0,0.00034236
BCD/BTC,1573592475451,2019-11-12T21:01:15.451Z,sell,5.705e-05,35.0,0.00199675
BCD/BTC,1573592475451,2019-11-12T21:01:15.451Z,sell,5.704e-05,3.0,0.00017112
BCD/BTC,1573592475451,2019-11-12T21:01:15.451Z,sell,5.702e-05,119.0,0.00678538
BCD/BTC,1573592475451,2019-11-12T21:01:15.451Z,sell,5.7e-05,219.0,0.012483
BCD/BTC,1573592475451,2019-11-12T21:01:15.451Z,sell,5.699e-05,36.0,0.00205164
BCD/BTC,1573592475451,2019-11-12T21:01:15.451Z,sell,5.691e-05,28.0,0.00159348
BCD/BTC,1573592475451,2019-11-12T21:01:15.451Z,sell,5.69e-05,143.0,0.0081367
BCD/BTC,1573592475451,2019-11-12T21:01:15.451Z,sell,5.689e-05,4.0,0.00022756
BCD/BTC,1573592475451,2019-11-12T21:01:15.451Z,sell,5.688e-05,40.0,0.0022752
BCD/BTC,1573592475451,2019-11-12T21:01:15.451Z,sell,5.686e-05,2.0,0.00011372
BCD/BTC,1573592475451,2019-11-12T21:01:15.451Z,sell,5.685e-05,1962.0,0.1115397
BCD/BTC,1573592475473,2019-11-12T21:01:15.473Z,buy,5.695e-05,22.0,0.0012529
BCD/BTC,1573592475510,2019-11-12T21:01:15.510Z,sell,5.708e-05,20.0,0.0011416
BCD/BTC,1573592475529,2019-11-12T21:01:15.529Z,sell,5.708e-05,83.0,0.00473764
BCD/BTC,1573592476118,2019-11-12T21:01:16.118Z,sell,5.739e-05,26.0,0.0014921399999999
BCD/BTC,1573592476438,2019-11-12T21:01:16.438Z,sell,5.74e-05,5.0,0.000287
BCD/BTC,1573592476553,2019-11-12T21:01:16.553Z,sell,5.74e-05,103.0,0.0059122
BCD/BTC,1573592476889,2019-11-12T21:01:16.889Z,sell,5.739e-05,32.0,0.00183648
BCD/BTC,1573592477577,2019-11-12T21:01:17.577Z,buy,5.748e-05,22.0,0.00126456
BCD/BTC,1573592478004,2019-11-12T21:01:18.004Z,sell,5.754e-05,2.0,0.00011508
BCD/BTC,1573592478735,2019-11-12T21:01:18.735Z,sell,5.754e-05,3.0,0.00017262
BCD/BTC,1573592478881,2019-11-12T21:01:18.881Z,buy,5.769e-05,5.0,0.00028845
BCD/BTC,1573592484465,2019-11-12T21:01:24.465Z,buy,5.773e-05,13.0,0.0007504899999999
BCD/BTC,1573592486015,2019-11-12T21:01:26.015Z,sell,5.769e-05,20.0,0.0011538
BCD/BTC,1573592489138,2019-11-12T21:01:29.138Z,buy,5.768e-05,17.0,0.00098056
BCD/BTC,1573592508093,2019-11-12T21:01:48.093Z,sell,5.748e-05,35.0,0.0020118
BCD/BTC,1573592508093,2019-11-12T21:01:48.093Z,sell,5.741e-05,182.0,0.01044862
BCD/BTC,1573592508114,2019-11-12T21:01:48.114Z,buy,5.741e-05,112.0,0.00642992
BCD/BTC,1573592508114,2019-11-12T21:01:48.114Z,buy,5.741e-05,184.0,0.01056344
BCD/BTC,1573592508118,2019-11-12T21:01:48.118Z,buy,5.741e-05,129.0,0.00740589
BCD/BTC,1573592508127,2019-11-12T21:01:48.127Z,buy,5.741e-05,95.0,0.00545395
BCD/BTC,1573592508133,2019-11-12T21:01:48.133Z,sell,5.74e-05,112.0,0.0064288
BCD/BTC,1573592508156,2019-11-12T21:01:48.156Z,buy,5.741e-05,41.0,0.00235381
BCD/BTC,1573592509266,2019-11-12T21:01:49.266Z,buy,5.748e-05,30.0,0.0017244
BCD/BTC,1573592510050,2019-11-12T21:01:50.050Z,sell,5.741e-05,3.0,0.00017223
BCD/BTC,1573592510050,2019-11-12T21:01:50.050Z,sell,5.74e-05,109.0,0.0062566
BCD/BTC,1573592510756,2019-11-12T21:01:50.756Z,buy,5.747e-05,24.0,0.0013792799999999
BCD/BTC,1573592510756,2019-11-12T21:01:50.756Z,buy,5.768e-05,1.0,5.768e-05
BCD/BTC,1573592514311,2019-11-12T21:01:54.311Z,buy,5.766e-05,30.0,0.0017298
BCD/BTC,1573592538541,2019-11-12T21:02:18.541Z,buy,5.764e-05,24.0,0.00138336
BCD/BTC,1573592539402,2019-11-12T21:02:19.402Z,buy,5.763e-05,17.0,0.00097971
BCD/BTC,1573592540610,2019-11-12T21:02:20.610Z,buy,5.761e-05,1232.0,0.07097552
BCD/BTC,1573592548623,2019-11-12T21:02:28.623Z,buy,5.762e-05,331.0,0.01907222
BCD/BTC,1573592660790,2019-11-12T21:04:20.790Z,buy,5.763e-05,127.0,0.00731901
BCD/BTC,1573592661034,2019-11-12T21:04:21.034Z,sell,5.764e-05,600.0,0.034584
BCD/BTC,1573592664553,2019-11-12T21:04:24.553Z,buy,5.763e-05,85.0,0.00489855
BCD/BTC,1573592664553,2019-11-12T21:04:24.553Z,buy,5.764e-05,600.0,0.034584
BCD/BTC,1573592668297,2019-11-12T21:04:28.297Z,buy,5.761e-05,57.0,0.00328377
BCD/BTC,1573592668297,2019-11-12T21:04:28.297Z,buy,5.762e-05,122.0,0.00702964
BCD/BTC,1573593325489,2019-11-12T21:15:25.489Z,buy,5.763e-05,56.0,0.00322728
BCD/BTC,1573593325489,2019-11-12T21:15:25.489Z,buy,5.764e-05,412.0,0.02374768
BCD/BTC,1573593325722,2019-11-12T21:15:25.722Z,buy,5.763e-05,57.0,0.00328491
BCD/BTC,1573593325722,2019-11-12T21:15:25.722Z,buy,5.764e-05,188.0,0.01083632
BCD/BTC,1573593325722,2019-11-12T21:15:25.722Z,buy,5.765e-05,726.0,0.0418539
BCD/BTC,1573593325722,2019-11-12T21:15:25.722Z,buy,5.768e-05,39.0,0.00224952
BCD/BTC,1573593609269,2019-11-12T21:20:09.269Z,sell,5.736e-05,48.0,0.00275328
BCD/BTC,1573593642500,2019-11-12T21:20:42.500Z,buy,5.764e-05,1.0,5.764e-05
BCD/BTC,1573594014141,2019-11-12T21:26:54.141Z,buy,5.746e-05,25.0,0.0014365
BCD/BTC,1573594109257,2019-11-12T21:28:29.257Z,buy,5.746e-05,9.0,0.00051714
BCD/BTC,1573594120174,2019-11-12T21:28:40.174Z,sell,5.747e-05,152.0,0.0087354399999999
BCD/BTC,1573594240023,2019-11-12T21:30:40.023Z,buy,5.757e-05,58.0,0.00333906
BCD/BTC,1573594240023,2019-11-12T21:30:40.023Z,buy,5.765e-05,19.0,0.00109535
BCD/BTC,1573594328880,2019-11-12T21:32:08.880Z,buy,5.765e-05,3.0,0.00017295
BCD/BTC,1573594601224,2019-11-12T21:36:41.224Z,buy,5.763e-05,26.0,0.00149838
BCD/BTC,1573594621551,2019-11-12T21:37:01.551Z,buy,5.764e-05,72.0,0.00415008
BCD/BTC,1573594698113,2019-11-12T21:38:18.113Z,buy,5.766e-05,27.0,0.00155682
BCD/BTC,1573594718175,2019-11-12T21:38:38.175Z,sell,5.763e-05,27.0,0.00155601
BCD/BTC,1573594844517,2019-11-12T21:40:44.517Z,sell,5.763e-05,37.0,0.00213231
BCD/BTC,1573594844517,2019-11-12T21:40:44.517Z,sell,5.754e-05,7.0,0.00040278
BCD/BTC,1573594844517,2019-11-12T21:40:44.517Z,sell,5.748e-05,170.0,0.0097716
BCD/BTC,1573595040653,2019-11-12T21:44:00.653Z,buy,5.759e-05,3.0,0.00017277
BCD/BTC,1573595040653,2019-11-12T21:44:00.653Z,buy,5.763e-05,167.0,0.00962421
BCD/BTC,1573595051582,2019-11-12T21:44:11.582Z,buy,5.764e-05,75.0,0.004323
BCD/BTC,1573595058810,2019-11-12T21:44:18.810Z,buy,5.765e-05,3.0,0.00017295
BCD/BTC,1573595058810,2019-11-12T21:44:18.810Z,buy,5.766e-05,50.0,0.002883
BCD/BTC,1573595058810,2019-11-12T21:44:18.810Z,buy,5.767e-05,166.0,0.00957322
BCD/BTC,1573595058810,2019-11-12T21:44:18.810Z,buy,5.765e-05,3.0,0.00017295
BCD/BTC,1573595058810,2019-11-12T21:44:18.810Z,buy,5.766e-05,50.0,0.002883
BCD/BTC,1573595058810,2019-11-12T21:44:18.810Z,buy,5.767e-05,166.0,0.00957322
BCD/BTC,1573595116158,2019-11-12T21:45:16.158Z,buy,5.768e-05,600.0,0.034608
BCD/BTC,1573595116158,2019-11-12T21:45:16.158Z,buy,5.769e-05,1399.0,0.0807083099999999
BCD/BTC,1573595116158,2019-11-12T21:45:16.158Z,buy,5.774e-05,2.0,0.00011548
BCD/BTC,1573595116158,2019-11-12T21:45:16.158Z,buy,5.778e-05,3.0,0.00017334
BCD/BTC,1573595116158,2019-11-12T21:45:16.158Z,buy,5.782e-05,22.0,0.0012720399999999
BCD/BTC,1573595116158,2019-11-12T21:45:16.158Z,buy,5.785e-05,10.0,0.0005785
BCD/BTC,1573595116158,2019-11-12T21:45:16.158Z,buy,5.789e-05,1049.0,0.06072661
BCD/BTC,1573595116158,2019-11-12T21:45:16.158Z,buy,5.79e-05,6022.0,0.3486738
BCD/BTC,1573595116158,2019-11-12T21:45:16.158Z,buy,5.799e-05,1196.0,0.06935604
BCD/BTC,1573595116158,2019-11-12T21:45:16.158Z,buy,5.801e-05,346.0,0.02007146
BCD/BTC,1573595116158,2019-11-12T21:45:16.158Z,buy,5.804e-05,32.0,0.00185728
BCD/BTC,1573595116158,2019-11-12T21:45:16.158Z,buy,5.805e-05,5.0,0.00029025
BCD/BTC,1573595116158,2019-11-12T21:45:16.158Z,buy,5.808e-05,15.0,0.0008712
BCD/BTC,1573595116158,2019-11-12T21:45:16.158Z,buy,5.812e-05,3.0,0.00017436
BCD/BTC,1573595116158,2019-11-12T21:45:16.158Z,buy,5.817e-05,24.0,0.00139608
BCD/BTC,1573595116158,2019-11-12T21:45:16.158Z,buy,5.819e-05,380.0,0.0221122
BCD/BTC,1573595116158,2019-11-12T21:45:16.158Z,buy,5.82e-05,13.0,0.0007566
BCD/BTC,1573595116158,2019-11-12T21:45:16.158Z,buy,5.822e-05,10.0,0.0005822
BCD/BTC,1573595116158,2019-11-12T21:45:16.158Z,buy,5.823e-05,211.0,0.01228653
BCD/BTC,1573595116158,2019-11-12T21:45:16.158Z,buy,5.833e-05,19.0,0.00110827
BCD/BTC,1573595116158,2019-11-12T21:45:16.158Z,buy,5.839e-05,53.0,0.00309467
BCD/BTC,1573595116158,2019-11-12T21:45:16.158Z,buy,5.84e-05,5.0,0.000292
BCD/BTC,1573595116158,2019-11-12T21:45:16.158Z,buy,5.841e-05,285.0,0.0166468499999999
BCD/BTC,1573595116158,2019-11-12T21:45:16.158Z,buy,5.844e-05,303.0,0.01770732
BCD/BTC,1573595116158,2019-11-12T21:45:16.158Z,buy,5.847e-05,3.0,0.00017541
BCD/BTC,1573595116158,2019-11-12T21:45:16.158Z,buy,5.85e-05,118.0,0.006903
BCD/BTC,1573595116158,2019-11-12T21:45:16.158Z,buy,5.851e-05,22.0,0.00128722
BCD/BTC,1573595116158,2019-11-12T21:45:16.158Z,buy,5.856e-05,288.0,0.01686528
BCD/BTC,1573595116158,2019-11-12T21:45:16.158Z,buy,5.859e-05,183.0,0.01072197
BCD/BTC,1573595116158,2019-11-12T21:45:16.158Z,buy,5.86e-05,235.0,0.013771
BCD/BTC,1573595116548,2019-11-12T21:45:16.548Z,sell,5.774e-05,1249.0,0.07211726
BCD/BTC,1573595117567,2019-11-12T21:45:17.567Z,sell,5.786e-05,36.0,0.00208296
BCD/BTC,1573595118725,2019-11-12T21:45:18.725Z,sell,5.812e-05,3.0,0.00017436
BCD/BTC,1573595119395,2019-11-12T21:45:19.395Z,sell,5.804e-05,31.0,0.00179924
BCD/BTC,1573595119395,2019-11-12T21:45:19.395Z,sell,5.804e-05,1.0,5.804e-05
BCD/BTC,1573595119485,2019-11-12T21:45:19.485Z,buy,5.8e-05,5.0,0.00029
BCD/BTC,1573595120166,2019-11-12T21:45:20.166Z,buy,5.8e-05,8.0,0.000464
BCD/BTC,1573595120166,2019-11-12T21:45:20.166Z,buy,5.801e-05,600.0,0.034806
BCD/BTC,1573595120166,2019-11-12T21:45:20.166Z,buy,5.802e-05,27.0,0.00156654
BCD/BTC,1573595120497,2019-11-12T21:45:20.497Z,sell,5.817e-05,22.0,0.00127974
BCD/BTC,1573595120526,2019-11-12T21:45:20.526Z,sell,5.787e-05,9.0,0.00052083
BCD/BTC,1573595126972,2019-11-12T21:45:26.972Z,sell,5.789e-05,790.0,0.0457331
BCD/BTC,1573595439148,2019-11-12T21:50:39.148Z,sell,5.782e-05,18.0,0.00104076
BCD/BTC,1573596037395,2019-11-12T22:00:37.395Z,sell,5.782e-05,4.0,0.00023128
BCD/BTC,1573596037395,2019-11-12T22:00:37.395Z,sell,5.778e-05,3.0,0.00017334
BCD/BTC,1573596037395,2019-11-12T22:00:37.395Z,sell,5.774e-05,2.0,0.00011548
BCD/BTC,1573596037395,2019-11-12T22:00:37.395Z,sell,5.773e-05,13.0,0.0007504899999999
BCD/BTC,1573596037395,2019-11-12T22:00:37.395Z,sell,5.769e-05,5.0,0.00028845
BCD/BTC,1573596037395,2019-11-12T22:00:37.395Z,sell,5.766e-05,26.0,0.00149916
BCD/BTC,1573596039118,2019-11-12T22:00:39.118Z,sell,5.767e-05,155.0,0.00893885
BCD/BTC,1573596039118,2019-11-12T22:00:39.118Z,sell,5.766e-05,194.0,0.01118604
BCD/BTC,1573596039299,2019-11-12T22:00:39.299Z,sell,5.767e-05,103.0,0.00594001
BCD/BTC,1573596039299,2019-11-12T22:00:39.299Z,sell,5.766e-05,242.0,0.01395372
BCD/BTC,1573596039679,2019-11-12T22:00:39.679Z,sell,5.767e-05,199.0,0.01147633
BCD/BTC,1573596040850,2019-11-12T22:00:40.850Z,sell,5.767e-05,138.0,0.00795846
BCD/BTC,1573596040850,2019-11-12T22:00:40.850Z,sell,5.765e-05,163.0,0.00939695
BCD/BTC,1573596040850,2019-11-12T22:00:40.850Z,sell,5.758e-05,55.0,0.0031669
BCD/BTC,1573596542513,2019-11-12T22:09:02.513Z,sell,5.758e-05,2.0,0.00011516
BCD/BTC,1573596542513,2019-11-12T22:09:02.513Z,sell,5.754e-05,64.0,0.00368256
BCD/BTC,1573596542513,2019-11-12T22:09:02.513Z,sell,5.752e-05,634.0,0.0364676799999999
BCD/BTC,1573596542513,2019-11-12T22:09:02.513Z,sell,5.748e-05,22.0,0.00126456
BCD/BTC,1573596542513,2019-11-12T22:09:02.513Z,sell,5.747e-05,601.0,0.0345394699999999
BCD/BTC,1573596542513,2019-11-12T22:09:02.513Z,sell,5.746e-05,88.0,0.00505648
BCD/BTC,1573596542513,2019-11-12T22:09:02.513Z,sell,5.745e-05,187.0,0.01074315
BCD/BTC,1573596542513,2019-11-12T22:09:02.513Z,sell,5.744e-05,974.0,0.05594656
BCD/BTC,1573596542513,2019-11-12T22:09:02.513Z,sell,5.743e-05,276.0,0.01585068
BCD/BTC,1573596542513,2019-11-12T22:09:02.513Z,sell,5.74e-05,279.0,0.0160146
BCD/BTC,1573596542513,2019-11-12T22:09:02.513Z,sell,5.736e-05,89.0,0.00510504
BCD/BTC,1573596542513,2019-11-12T22:09:02.513Z,sell,5.734e-05,5.0,0.0002867
BCD/BTC,1573596542513,2019-11-12T22:09:02.513Z,sell,5.732e-05,2.0,0.00011464
BCD/BTC,1573596542513,2019-11-12T22:09:02.513Z,sell,5.729e-05,128.0,0.00733312
BCD/BTC,1573596542513,2019-11-12T22:09:02.513Z,sell,5.727e-05,864.0,0.04948128
BCD/BTC,1573596542513,2019-11-12T22:09:02.513Z,sell,5.726e-05,127.0,0.00727202
BCD/BTC,1573596542513,2019-11-12T22:09:02.513Z,sell,5.723e-05,174.0,0.00995802
BCD/BTC,1573596542513,2019-11-12T22:09:02.513Z,sell,5.718e-05,79.0,0.00451722
BCD/BTC,1573596542513,2019-11-12T22:09:02.513Z,sell,5.717e-05,149.0,0.00851833
BCD/BTC,1573596542513,2019-11-12T22:09:02.513Z,sell,5.716e-05,255.0,0.0145758
BCD/BTC,1573596542513,2019-11-12T22:09:02.513Z,sell,5.715e-05,6071.0,0.34695765
BCD/BTC,1573596542513,2019-11-12T22:09:02.513Z,sell,5.714e-05,22.0,0.00125708
BCD/BTC,1573596542513,2019-11-12T22:09:02.513Z,sell,5.709e-05,19.0,0.00108471
BCD/BTC,1573596542513,2019-11-12T22:09:02.513Z,sell,5.708e-05,65.0,0.0037102
BCD/BTC,1573596542513,2019-11-12T22:09:02.513Z,sell,5.707e-05,1469.0,0.08383583
BCD/BTC,1573596542513,2019-11-12T22:09:02.513Z,sell,5.706e-05,198.0,0.01129788
BCD/BTC,1573596543084,2019-11-12T22:09:03.084Z,buy,5.762e-05,4.0,0.00023048
BCD/BTC,1573596543084,2019-11-12T22:09:03.084Z,buy,5.762e-05,141.0,0.00812442
BCD/BTC,1573596543138,2019-11-12T22:09:03.138Z,sell,5.758e-05,49.0,0.00282142
BCD/BTC,1573596543211,2019-11-12T22:09:03.211Z,sell,5.758e-05,1.0,5.758e-05
BCD/BTC,1573596543391,2019-11-12T22:09:03.391Z,buy,5.747e-05,15.0,0.00086205
BCD/BTC,1573596543391,2019-11-12T22:09:03.391Z,buy,5.76e-05,15.0,0.000864
BCD/BTC,1573596543456,2019-11-12T22:09:03.456Z,buy,5.76e-05,222.0,0.0127871999999999
BCD/BTC,1573596543456,2019-11-12T22:09:03.456Z,buy,5.761e-05,39.0,0.00224679
BCD/BTC,1573596543456,2019-11-12T22:09:03.456Z,buy,5.762e-05,170.0,0.0097954
BCD/BTC,1573596543456,2019-11-12T22:09:03.456Z,buy,5.766e-05,2.0,0.00011532
BCD/BTC,1573596543456,2019-11-12T22:09:03.456Z,buy,5.767e-05,798.0,0.04602066
BCD/BTC,1573596543603,2019-11-12T22:09:03.603Z,buy,5.748e-05,22.0,0.00126456
BCD/BTC,1573596543603,2019-11-12T22:09:03.603Z,buy,5.767e-05,8.0,0.00046136
BCD/BTC,1573596543806,2019-11-12T22:09:03.806Z,buy,5.767e-05,9.0,0.00051903
BCD/BTC,1573596544526,2019-11-12T22:09:04.526Z,sell,5.753e-05,3.0,0.00017259
BCD/BTC,1573596548525,2019-11-12T22:09:08.525Z,buy,5.756e-05,2.0,0.00011512
BCD/BTC,1573596548525,2019-11-12T22:09:08.525Z,buy,5.757e-05,237.0,0.01364409
BCD/BTC,1573596548525,2019-11-12T22:09:08.525Z,buy,5.758e-05,749.0,0.04312742
BCD/BTC,1573596548525,2019-11-12T22:09:08.525Z,buy,5.76e-05,62.0,0.0035711999999999
BCD/BTC,1573596548525,2019-11-12T22:09:08.525Z,buy,5.762e-05,192.0,0.01106304
BCD/BTC,1573596548525,2019-11-12T22:09:08.525Z,buy,5.768e-05,1363.0,0.07861784
BCD/BTC,1573596552689,2019-11-12T22:09:12.689Z,buy,5.766e-05,79.0,0.00455514
BCD/BTC,1573596552689,2019-11-12T22:09:12.689Z,buy,5.767e-05,68.0,0.00392156
BCD/BTC,1573596560912,2019-11-12T22:09:20.912Z,buy,5.767e-05,53.0,0.00305651
BCD/BTC,1573596560912,2019-11-12T22:09:20.912Z,buy,5.768e-05,124.0,0.0071523199999999
BCD/BTC,1573596564242,2019-11-12T22:09:24.242Z,buy,5.766e-05,72.0,0.00415152
BCD/BTC,1573596569274,2019-11-12T22:09:29.274Z,buy,5.766e-05,1.0,5.766e-05
BCD/BTC,1573596574530,2019-11-12T22:09:34.530Z,buy,5.763e-05,12.0,0.00069156
BCD/BTC,1573596609981,2019-11-12T22:10:09.981Z,buy,5.754e-05,347.0,0.01996638
BCD/BTC,1573596610055,2019-11-12T22:10:10.055Z,buy,5.754e-05,177.0,0.01018458
BCD/BTC,1573596637487,2019-11-12T22:10:37.487Z,sell,5.717e-05,17.0,0.00097189
BCD/BTC,1573596648063,2019-11-12T22:10:48.063Z,buy,5.747e-05,3.0,0.0001724099999999
BCD/BTC,1573596893456,2019-11-12T22:14:53.456Z,sell,5.728e-05,72.0,0.00412416
BCD/BTC,1573596920894,2019-11-12T22:15:20.894Z,buy,5.735e-05,30.0,0.0017205
BCD/BTC,1573596921021,2019-11-12T22:15:21.021Z,buy,5.735e-05,20.0,0.001147
BCD/BTC,1573596921252,2019-11-12T22:15:21.252Z,buy,5.738e-05,30.0,0.0017214
BCD/BTC,1573596993857,2019-11-12T22:16:33.857Z,buy,5.738e-05,18.0,0.00103284
BCD/BTC,1573597101134,2019-11-12T22:18:21.134Z,buy,5.76e-05,2.0,0.0001152
BCD/BTC,1573597418273,2019-11-12T22:23:38.273Z,buy,5.754e-05,348.0,0.02002392
BCD/BTC,1573597418273,2019-11-12T22:23:38.273Z,buy,5.755e-05,413.0,0.02376815
BCD/BTC,1573597720487,2019-11-12T22:28:40.487Z,buy,5.756e-05,124.0,0.00713744
BCD/BTC,1573597720487,2019-11-12T22:28:40.487Z,buy,5.757e-05,89.0,0.00512373
BCD/BTC,1573598083195,2019-11-12T22:34:43.195Z,buy,5.74e-05,25.0,0.001435
BCD/BTC,1573598088962,2019-11-12T22:34:48.962Z,sell,5.737e-05,150.0,0.0086055
BCD/BTC,1573598146494,2019-11-12T22:35:46.494Z,buy,5.74e-05,11.0,0.0006314
BCD/BTC,1573598188854,2019-11-12T22:36:28.854Z,buy,5.734e-05,25.0,0.0014335
BCD/BTC,1573598191063,2019-11-12T22:36:31.063Z,buy,5.734e-05,25.0,0.0014335
BCD/BTC,1573598230597,2019-11-12T22:37:10.597Z,buy,5.734e-05,2.0,0.00011468
BCD/BTC,1573598260148,2019-11-12T22:37:40.148Z,buy,5.734e-05,25.0,0.0014335
BCD/BTC,1573598314966,2019-11-12T22:38:34.966Z,buy,5.734e-05,25.0,0.0014335
BCD/BTC,1573598315921,2019-11-12T22:38:35.921Z,buy,5.734e-05,25.0,0.0014335
BCD/BTC,1573598316882,2019-11-12T22:38:36.882Z,buy,5.734e-05,24.0,0.00137616
BCD/BTC,1573598316882,2019-11-12T22:38:36.882Z,buy,5.735e-05,1.0,5.735e-05
BCD/BTC,1573598318016,2019-11-12T22:38:38.016Z,buy,5.735e-05,25.0,0.00143375
BCD/BTC,1573598318800,2019-11-12T22:38:38.800Z,buy,5.735e-05,12.0,0.0006881999999999
BCD/BTC,1573598319744,2019-11-12T22:38:39.744Z,buy,5.735e-05,149.0,0.00854515
BCD/BTC,1573598319744,2019-11-12T22:38:39.744Z,buy,5.759e-05,19.0,0.00109421
BCD/BTC,1573598332885,2019-11-12T22:38:52.885Z,buy,5.753e-05,410.0,0.0235873
BCD/BTC,1573598339926,2019-11-12T22:38:59.926Z,buy,5.755e-05,180.0,0.010359
BCD/BTC,1573598358339,2019-11-12T22:39:18.339Z,buy,5.753e-05,62.0,0.00356686
BCD/BTC,1573598358339,2019-11-12T22:39:18.339Z,buy,5.753e-05,62.0,0.00356686
BCD/BTC,1573598713177,2019-11-12T22:45:13.177Z,buy,5.75e-05,1235.0,0.0710125
BCD/BTC,1573598713177,2019-11-12T22:45:13.177Z,buy,5.751e-05,867.0,0.04986117
BCD/BTC,1573598713177,2019-11-12T22:45:13.177Z,buy,5.753e-05,128.0,0.00736384
BCD/BTC,1573598713177,2019-11-12T22:45:13.177Z,buy,5.755e-05,600.0,0.03453
BCD/BTC,1573598713177,2019-11-12T22:45:13.177Z,buy,5.756e-05,36.0,0.00207216
BCD/BTC,1573598713177,2019-11-12T22:45:13.177Z,buy,5.768e-05,149.0,0.0085943199999999
BCD/BTC,1573598713177,2019-11-12T22:45:13.177Z,buy,5.769e-05,5.0,0.00028845
BCD/BTC,1573598713177,2019-11-12T22:45:13.177Z,buy,5.773e-05,13.0,0.0007504899999999
BCD/BTC,1573598713177,2019-11-12T22:45:13.177Z,buy,5.774e-05,144.0,0.00831456
BCD/BTC,1573598713177,2019-11-12T22:45:13.177Z,buy,5.775e-05,6022.0,0.3477705
BCD/BTC,1573598713177,2019-11-12T22:45:13.177Z,buy,5.778e-05,3.0,0.00017334
BCD/BTC,1573598713177,2019-11-12T22:45:13.177Z,buy,5.781e-05,25.0,0.00144525
BCD/BTC,1573598713177,2019-11-12T22:45:13.177Z,buy,5.782e-05,22.0,0.0012720399999999
BCD/BTC,1573598713177,2019-11-12T22:45:13.177Z,buy,5.799e-05,2.0,0.00011598
BCD/BTC,1573598713177,2019-11-12T22:45:13.177Z,buy,5.803e-05,89.0,0.00516467
BCD/BTC,1573598713177,2019-11-12T22:45:13.177Z,buy,5.804e-05,32.0,0.00185728
BCD/BTC,1573598713177,2019-11-12T22:45:13.177Z,buy,5.805e-05,5.0,0.00029025
BCD/BTC,1573598713177,2019-11-12T22:45:13.177Z,buy,5.812e-05,3.0,0.00017436
BCD/BTC,1573598713177,2019-11-12T22:45:13.177Z,buy,5.817e-05,24.0,0.00139608
BCD/BTC,1573598713177,2019-11-12T22:45:13.177Z,buy,5.82e-05,13.0,0.0007566
BCD/BTC,1573598713177,2019-11-12T22:45:13.177Z,buy,5.831e-05,198.0,0.01154538
BCD/BTC,1573598713177,2019-11-12T22:45:13.177Z,buy,5.834e-05,119.0,0.00694246
BCD/BTC,1573598713177,2019-11-12T22:45:13.177Z,buy,5.84e-05,5.0,0.000292
BCD/BTC,1573598713177,2019-11-12T22:45:13.177Z,buy,5.844e-05,32.0,0.00187008
BCD/BTC,1573598713177,2019-11-12T22:45:13.177Z,buy,5.847e-05,3.0,0.00017541
BCD/BTC,1573598713177,2019-11-12T22:45:13.177Z,buy,5.851e-05,22.0,0.00128722
BCD/BTC,1573598713177,2019-11-12T22:45:13.177Z,buy,5.859e-05,273.0,0.01599507
BCD/BTC,1573598713177,2019-11-12T22:45:13.177Z,buy,5.86e-05,593.0,0.0347498
BCD/BTC,1573598713177,2019-11-12T22:45:13.177Z,buy,5.863e-05,35.0,0.00205205
BCD/BTC,1573598713177,2019-11-12T22:45:13.177Z,buy,5.866e-05,13.0,0.00076258
BCD/BTC,1573598713177,2019-11-12T22:45:13.177Z,buy,5.87e-05,34.0,0.0019958
BCD/BTC,1573598713177,2019-11-12T22:45:13.177Z,buy,5.872e-05,290.0,0.0170288
BCD/BTC,1573598713177,2019-11-12T22:45:13.177Z,buy,5.876e-05,181.0,0.01063556
BCD/BTC,1573598713177,2019-11-12T22:45:13.177Z,buy,5.877e-05,1088.0,0.06394176
BCD/BTC,1573598713177,2019-11-12T22:45:13.177Z,buy,5.882e-05,350.0,0.020587
BCD/BTC,1573598713177,2019-11-12T22:45:13.177Z,buy,5.883e-05,63.0,0.0037062899999999
BCD/BTC,1573598713268,2019-11-12T22:45:13.268Z,buy,5.778e-05,78.0,0.00450684
BCD/BTC,1573598713278,2019-11-12T22:45:13.278Z,buy,5.778e-05,8.0,0.00046224
BCD/BTC,1573598713314,2019-11-12T22:45:13.314Z,sell,5.79e-05,78.0,0.0045162
BCD/BTC,1573598713314,2019-11-12T22:45:13.314Z,sell,5.787e-05,259.0,0.01498833
BCD/BTC,1573598713331,2019-11-12T22:45:13.331Z,sell,5.787e-05,149.0,0.00862263
BCD/BTC,1573598713463,2019-11-12T22:45:13.463Z,sell,5.84e-05,2.0,0.0001168
BCD/BTC,1573598713652,2019-11-12T22:45:13.652Z,sell,5.793e-05,744.0,0.04309992
BCD/BTC,1573598714110,2019-11-12T22:45:14.110Z,sell,5.797e-05,30.0,0.0017391
BCD/BTC,1573598714830,2019-11-12T22:45:14.830Z,buy,5.832e-05,5.0,0.0002916
BCD/BTC,1573598714832,2019-11-12T22:45:14.832Z,sell,5.82e-05,13.0,0.0007566
BCD/BTC,1573598714832,2019-11-12T22:45:14.832Z,sell,5.805e-05,5.0,0.00029025
BCD/BTC,1573598714832,2019-11-12T22:45:14.832Z,sell,5.804e-05,13.0,0.00075452
BCD/BTC,1573598715119,2019-11-12T22:45:15.119Z,sell,5.804e-05,19.0,0.00110276
BCD/BTC,1573598715119,2019-11-12T22:45:15.119Z,sell,5.797e-05,6.0,0.00034782
BCD/BTC,1573598715363,2019-11-12T22:45:15.363Z,sell,5.797e-05,227.0,0.01315919
BCD/BTC,1573598715396,2019-11-12T22:45:15.396Z,buy,5.81e-05,3.0,0.0001743
BCD/BTC,1573598715877,2019-11-12T22:45:15.877Z,buy,5.81e-05,2.0,0.0001162
BCD/BTC,1573598715893,2019-11-12T22:45:15.893Z,buy,5.81e-05,3.0,0.0001743
BCD/BTC,1573598716096,2019-11-12T22:45:16.096Z,buy,5.81e-05,22.0,0.0012782
BCD/BTC,1573598716584,2019-11-12T22:45:16.584Z,buy,5.81e-05,1205.0,0.0700105
BCD/BTC,1573598722829,2019-11-12T22:45:22.829Z,sell,5.796e-05,4.0,0.00023184
BCD/BTC,1573598722829,2019-11-12T22:45:22.829Z,sell,5.784e-05,105.0,0.0060732
BCD/BTC,1573598725186,2019-11-12T22:45:25.186Z,sell,5.784e-05,60.0,0.0034704
BCD/BTC,1573598903156,2019-11-12T22:48:23.156Z,sell,5.782e-05,22.0,0.0012720399999999
BCD/BTC,1573598903156,2019-11-12T22:48:23.156Z,sell,5.778e-05,3.0,0.00017334
BCD/BTC,1573598907765,2019-11-12T22:48:27.765Z,sell,5.774e-05,2.0,0.00011548
BCD/BTC,1573598907765,2019-11-12T22:48:27.765Z,sell,5.773e-05,13.0,0.0007504899999999
BCD/BTC,1573598907836,2019-11-12T22:48:27.836Z,buy,5.771e-05,63.0,0.00363573
BCD/BTC,1573598907836,2019-11-12T22:48:27.836Z,buy,5.775e-05,53.0,0.00306075
BCD/BTC,1573598918160,2019-11-12T22:48:38.160Z,sell,5.769e-05,5.0,0.00028845
BCD/BTC,1573598918160,2019-11-12T22:48:38.160Z,sell,5.768e-05,73.0,0.00421064
BCD/BTC,1573598925387,2019-11-12T22:48:45.387Z,buy,5.773e-05,78.0,0.0045029399999999
BCD/BTC,1573598934998,2019-11-12T22:48:54.998Z,sell,5.768e-05,78.0,0.00449904
BCD/BTC,1573598943293,2019-11-12T22:49:03.293Z,buy,5.775e-05,18.0,0.0010395
BCD/BTC,1573598943293,2019-11-12T22:49:03.293Z,buy,5.776e-05,78.0,0.00450528
BCD/BTC,1573598990090,2019-11-12T22:49:50.090Z,buy,5.774e-05,20.0,0.0011548
BCD/BTC,1573598990090,2019-11-12T22:49:50.090Z,buy,5.775e-05,78.0,0.0045045
BCD/BTC,1573599008823,2019-11-12T22:50:08.823Z,sell,5.769e-05,8.0,0.00046152
BCD/BTC,1573599032595,2019-11-12T22:50:32.595Z,buy,5.795e-05,4.0,0.0002318
BCD/BTC,1573599796846,2019-11-12T23:03:16.846Z,buy,5.792e-05,47.0,0.00272224
BCD/BTC,1573599796846,2019-11-12T23:03:16.846Z,buy,5.793e-05,117.0,0.00677781
BCD/BTC,1573599826541,2019-11-12T23:03:46.541Z,sell,5.784e-05,10.0,0.0005784
BCD/BTC,1573599836559,2019-11-12T23:03:56.559Z,buy,5.776e-05,18.0,0.00103968
BCD/BTC,1573599836559,2019-11-12T23:03:56.559Z,buy,5.793e-05,34.0,0.00196962
BCD/BTC,1573600268298,2019-11-12T23:11:08.298Z,sell,5.781e-05,13.0,0.0007515299999999
BCD/BTC,1573600544630,2019-11-12T23:15:44.630Z,sell,5.775e-05,31.0,0.00179025
BCD/BTC,1573600544630,2019-11-12T23:15:44.630Z,sell,5.774e-05,4.0,0.00023096
BCD/BTC,1573600544687,2019-11-12T23:15:44.687Z,sell,5.774e-05,35.0,0.0020209
BCD/BTC,1573600651218,2019-11-12T23:17:31.218Z,buy,5.796e-05,9.0,0.00052164
BCD/BTC,1573601323927,2019-11-12T23:28:43.927Z,buy,5.793e-05,12.0,0.00069516
BCD/BTC,1573601955089,2019-11-12T23:39:15.089Z,sell,5.776e-05,2.0,0.00011552
BCD/BTC,1573601955089,2019-11-12T23:39:15.089Z,sell,5.776e-05,2.0,0.00011552
BCD/BTC,1573602314729,2019-11-12T23:45:14.729Z,buy,5.794e-05,31.0,0.0017961399999999
BCD/BTC,1573602314729,2019-11-12T23:45:14.729Z,buy,5.795e-05,222.0,0.0128649
BCD/BTC,1573602314729,2019-11-12T23:45:14.729Z,buy,5.796e-05,172.0,0.00996912
BCD/BTC,1573602314729,2019-11-12T23:45:14.729Z,buy,5.799e-05,646.0,0.03746154
BCD/BTC,1573603192668,2019-11-12T23:59:52.668Z,sell,5.774e-05,523.0,0.03019802
BCD/BTC,1573603192668,2019-11-12T23:59:52.668Z,sell,5.773e-05,5.0,0.00028865
BCD/BTC,1573603192668,2019-11-12T23:59:52.668Z,sell,5.766e-05,326.0,0.01879716
BCD/BTC,1573603243684,2019-11-13T00:00:43.684Z,sell,5.766e-05,40.0,0.0023064
BCD/BTC,1573603243684,2019-11-13T00:00:43.684Z,sell,5.765e-05,32.0,0.0018448
BCD/BTC,1573603243684,2019-11-13T00:00:43.684Z,sell,5.764e-05,347.0,0.0200010799999999
BCD/BTC,1573603243684,2019-11-13T00:00:43.684Z,sell,5.757e-05,82.0,0.00472074
BCD/BTC,1573603287226,2019-11-13T00:01:27.226Z,sell,5.756e-05,3.0,0.0001726799999999
BCD/BTC,1573603399221,2019-11-13T00:03:19.221Z,buy,5.756e-05,609.0,0.03505404
BCD/BTC,1573604012877,2019-11-13T00:13:32.877Z,sell,5.756e-05,380.0,0.0218727999999999
BCD/BTC,1573604012877,2019-11-13T00:13:32.877Z,sell,5.749e-05,117.0,0.00672633
BCD/BTC,1573604012877,2019-11-13T00:13:32.877Z,sell,5.748e-05,22.0,0.00126456
BCD/BTC,1573604012877,2019-11-13T00:13:32.877Z,sell,5.743e-05,3.0,0.00017229
BCD/BTC,1573604012877,2019-11-13T00:13:32.877Z,sell,5.741e-05,167.0,0.00958747
BCD/BTC,1573604012877,2019-11-13T00:13:32.877Z,sell,5.74e-05,1463.0,0.0839762
BCD/BTC,1573604012877,2019-11-13T00:13:32.877Z,sell,5.739e-05,222.0,0.01274058
BCD/BTC,1573604012877,2019-11-13T00:13:32.877Z,sell,5.737e-05,173.0,0.00992501
BCD/BTC,1573604012908,2019-11-13T00:13:32.908Z,buy,5.737e-05,91.0,0.00522067
BCD/BTC,1573604012910,2019-11-13T00:13:32.910Z,buy,5.737e-05,17.0,0.00097529
BCD/BTC,1573604012912,2019-11-13T00:13:32.912Z,buy,5.737e-05,408.0,0.02340696
BCD/BTC,1573604012927,2019-11-13T00:13:32.927Z,buy,5.737e-05,210.0,0.0120477
BCD/BTC,1573604012955,2019-11-13T00:13:32.955Z,buy,5.736e-05,91.0,0.00521976
BCD/BTC,1573604012955,2019-11-13T00:13:32.955Z,buy,5.737e-05,1404.0,0.08054748
BCD/BTC,1573604013149,2019-11-13T00:13:33.149Z,sell,5.75e-05,100.0,0.00575
BCD/BTC,1573604029361,2019-11-13T00:13:49.361Z,buy,5.776e-05,412.0,0.02379712
BCD/BTC,1573604029361,2019-11-13T00:13:49.361Z,buy,5.777e-05,88.0,0.00508376
BCD/BTC,1573604540319,2019-11-13T00:22:20.319Z,buy,5.777e-05,2.0,0.00011554
BCD/BTC,1573604540319,2019-11-13T00:22:20.319Z,buy,5.778e-05,3.0,0.00017334
BCD/BTC,1573604540319,2019-11-13T00:22:20.319Z,buy,5.78e-05,839.0,0.0484942
BCD/BTC,1573604540319,2019-11-13T00:22:20.319Z,buy,5.781e-05,604.0,0.0349172399999999
BCD/BTC,1573604701989,2019-11-13T00:25:01.989Z,buy,5.78e-05,869.0,0.0502282
BCD/BTC,1573604701989,2019-11-13T00:25:01.989Z,buy,5.781e-05,1621.0,0.09371001
BCD/BTC,1573604704613,2019-11-13T00:25:04.613Z,buy,5.781e-05,104.0,0.0060122399999999
BCD/BTC,1573604705857,2019-11-13T00:25:05.857Z,buy,5.781e-05,25.0,0.00144525
BCD/BTC,1573604706987,2019-11-13T00:25:06.987Z,buy,5.781e-05,25.0,0.00144525
BCD/BTC,1573604940594,2019-11-13T00:29:00.594Z,buy,5.78e-05,68.0,0.0039304
BCD/BTC,1573605088613,2019-11-13T00:31:28.613Z,sell,5.752e-05,347.0,0.01995944
BCD/BTC,1573605088634,2019-11-13T00:31:28.634Z,buy,5.752e-05,26.0,0.00149552
BCD/BTC,1573605088638,2019-11-13T00:31:28.638Z,buy,5.752e-05,12.0,0.00069024
BCD/BTC,1573605088642,2019-11-13T00:31:28.642Z,buy,5.752e-05,63.0,0.0036237599999999
BCD/BTC,1573605098537,2019-11-13T00:31:38.537Z,buy,5.774e-05,65.0,0.0037531
BCD/BTC,1573605104932,2019-11-13T00:31:44.932Z,buy,5.774e-05,18.0,0.00103932
BCD/BTC,1573605104932,2019-11-13T00:31:44.932Z,buy,5.779e-05,12.0,0.00069348
BCD/BTC,1573605170152,2019-11-13T00:32:50.152Z,sell,5.75e-05,3.0,0.0001725
BCD/BTC,1573605170152,2019-11-13T00:32:50.152Z,sell,5.747e-05,12.0,0.0006896399999999
BCD/BTC,1573605170152,2019-11-13T00:32:50.152Z,sell,5.746e-05,74.0,0.00425204
BCD/BTC,1573605176757,2019-11-13T00:32:56.757Z,buy,5.769e-05,82.0,0.00473058
BCD/BTC,1573605176853,2019-11-13T00:32:56.853Z,sell,5.77e-05,158.0,0.0091166
BCD/BTC,1573605496024,2019-11-13T00:38:16.024Z,buy,5.769e-05,25.0,0.00144225
BCD/BTC,1573605496024,2019-11-13T00:38:16.024Z,buy,5.769e-05,25.0,0.00144225
BCD/BTC,1573605599109,2019-11-13T00:39:59.109Z,buy,5.772e-05,38.0,0.00219336
BCD/BTC,1573605599379,2019-11-13T00:39:59.379Z,buy,5.772e-05,20.0,0.0011544
BCD/BTC,1573605599379,2019-11-13T00:39:59.379Z,buy,5.773e-05,5.0,0.00028865
BCD/BTC,1573605600350,2019-11-13T00:40:00.350Z,buy,5.772e-05,25.0,0.001443
BCD/BTC,1573605601465,2019-11-13T00:40:01.465Z,buy,5.772e-05,25.0,0.001443
BCD/BTC,1573605619431,2019-11-13T00:40:19.431Z,buy,5.77e-05,39.0,0.0022502999999999
BCD/BTC,1573605914979,2019-11-13T00:45:14.979Z,buy,5.769e-05,94.0,0.00542286
BCD/BTC,1573607147097,2019-11-13T01:05:47.097Z,buy,5.779e-05,184.0,0.01063336
BCD/BTC,1573607147097,2019-11-13T01:05:47.097Z,buy,5.78e-05,152.0,0.0087856
BCD/BTC,1573607148446,2019-11-13T01:05:48.446Z,buy,5.78e-05,387.0,0.0223686
BCD/BTC,1573607150398,2019-11-13T01:05:50.398Z,buy,5.78e-05,387.0,0.0223686
BCD/BTC,1573607151640,2019-11-13T01:05:51.640Z,buy,5.78e-05,387.0,0.0223686
BCD/BTC,1573607152594,2019-11-13T01:05:52.594Z,buy,5.78e-05,387.0,0.0223686
BCD/BTC,1573607153978,2019-11-13T01:05:53.978Z,buy,5.78e-05,387.0,0.0223686
BCD/BTC,1573607154876,2019-11-13T01:05:54.876Z,buy,5.78e-05,215.0,0.012427
BCD/BTC,1573607156254,2019-11-13T01:05:56.254Z,buy,5.78e-05,19.0,0.0010982
BCD/BTC,1573607862331,2019-11-13T01:17:42.331Z,sell,5.778e-05,31.0,0.00179118
BCD/BTC,1573607862672,2019-11-13T01:17:42.672Z,sell,5.778e-05,31.0,0.00179118
BCD/BTC,1573607862768,2019-11-13T01:17:42.768Z,sell,5.778e-05,156.0,0.00901368
BCD/BTC,1573608198050,2019-11-13T01:23:18.050Z,buy,5.78e-05,262.0,0.0151436
BCD/BTC,1573608381823,2019-11-13T01:26:21.823Z,buy,5.781e-05,2768.0,0.1600180799999999
BCD/BTC,1573608384711,2019-11-13T01:26:24.711Z,buy,5.782e-05,22.0,0.0012720399999999
BCD/BTC,1573608384711,2019-11-13T01:26:24.711Z,buy,5.79e-05,31.0,0.0017948999999999
BCD/BTC,1573608384906,2019-11-13T01:26:24.906Z,buy,5.795e-05,299.0,0.01732705
BCD/BTC,1573608389111,2019-11-13T01:26:29.111Z,buy,5.804e-05,427.0,0.02478308
BCD/BTC,1573608389111,2019-11-13T01:26:29.111Z,buy,5.805e-05,5.0,0.00029025
BCD/BTC,1573608389222,2019-11-13T01:26:29.222Z,sell,5.807e-05,282.0,0.01637574
BCD/BTC,1573608391489,2019-11-13T01:26:31.489Z,sell,5.785e-05,30.0,0.0017354999999999
BCD/BTC,1573608411241,2019-11-13T01:26:51.241Z,buy,5.81e-05,5.0,0.0002905
BCD/BTC,1573608411241,2019-11-13T01:26:51.241Z,buy,5.81e-05,5.0,0.0002905
BCD/BTC,1573609454951,2019-11-13T01:44:14.951Z,buy,5.808e-05,53.0,0.00307824
BCD/BTC,1573609504279,2019-11-13T01:45:04.279Z,sell,5.783e-05,13.0,0.00075179
BCD/BTC,1573609506387,2019-11-13T01:45:06.387Z,sell,5.786e-05,9.0,0.00052074
BCD/BTC,1573609513562,2019-11-13T01:45:13.562Z,buy,5.808e-05,8.0,0.00046464
BCD/BTC,1573609513562,2019-11-13T01:45:13.562Z,buy,5.808e-05,8.0,0.00046464
BCD/BTC,1573619161473,2019-11-13T04:26:01.473Z,sell,5.794e-05,154.0,0.00892276
BCD/BTC,1573619165510,2019-11-13T04:26:05.510Z,sell,5.795e-05,78.0,0.0045201
BCD/BTC,1573619165510,2019-11-13T04:26:05.510Z,sell,5.793e-05,77.0,0.00446061
BCD/BTC,1573619169217,2019-11-13T04:26:09.217Z,sell,5.793e-05,103.0,0.00596679
BCD/BTC,1573619173780,2019-11-13T04:26:13.780Z,sell,5.795e-05,51.0,0.00295545
BCD/BTC,1573619173780,2019-11-13T04:26:13.780Z,sell,5.793e-05,285.0,0.01651005
BCD/BTC,1573619180736,2019-11-13T04:26:20.736Z,sell,5.78e-05,100.0,0.00578
BCD/BTC,1573619180736,2019-11-13T04:26:20.736Z,sell,5.78e-05,100.0,0.00578
BCD/BTC,1573619954450,2019-11-13T04:39:14.450Z,sell,5.769e-05,5.0,0.00028845
BCD/BTC,1573619954450,2019-11-13T04:39:14.450Z,sell,5.765e-05,32.0,0.0018448
BCD/BTC,1573619977941,2019-11-13T04:39:37.941Z,buy,5.765e-05,4.0,0.0002306
BCD/BTC,1573620092235,2019-11-13T04:41:32.235Z,buy,5.778e-05,100.0,0.005778
BCD/BTC,1573620152021,2019-11-13T04:42:32.021Z,buy,5.779e-05,68.0,0.00392972
BCD/BTC,1573620164026,2019-11-13T04:42:44.026Z,buy,5.782e-05,68.0,0.00393176
BCD/BTC,1573620176040,2019-11-13T04:42:56.040Z,buy,5.784e-05,18.0,0.00104112
BCD/BTC,1573620313367,2019-11-13T04:45:13.367Z,sell,5.766e-05,2.0,0.00011532
BCD/BTC,1573620313367,2019-11-13T04:45:13.367Z,sell,5.764e-05,49.0,0.0028243599999999
BCD/BTC,1573620313367,2019-11-13T04:45:13.367Z,sell,5.763e-05,105.0,0.00605115
BCD/BTC,1573620313367,2019-11-13T04:45:13.367Z,sell,5.76e-05,30.0,0.001728
BCD/BTC,1573620313367,2019-11-13T04:45:13.367Z,sell,5.748e-05,22.0,0.00126456
BCD/BTC,1573620313367,2019-11-13T04:45:13.367Z,sell,5.743e-05,3.0,0.00017229
BCD/BTC,1573620313367,2019-11-13T04:45:13.367Z,sell,5.741e-05,89.0,0.00510949
BCD/BTC,1573620313367,2019-11-13T04:45:13.367Z,sell,5.74e-05,175.0,0.010045
BCD/BTC,1573620313367,2019-11-13T04:45:13.367Z,sell,5.734e-05,5.0,0.0002867
BCD/BTC,1573620313367,2019-11-13T04:45:13.367Z,sell,5.732e-05,276.0,0.01582032
BCD/BTC,1573620313367,2019-11-13T04:45:13.367Z,sell,5.73e-05,30.0,0.0017189999999999
BCD/BTC,1573620313367,2019-11-13T04:45:13.367Z,sell,5.728e-05,862.0,0.04937536
BCD/BTC,1573620313367,2019-11-13T04:45:13.367Z,sell,5.727e-05,291.0,0.01666557
BCD/BTC,1573620313367,2019-11-13T04:45:13.367Z,sell,5.726e-05,13.0,0.00074438
BCD/BTC,1573620313367,2019-11-13T04:45:13.367Z,sell,5.722e-05,574.0,0.03284428
BCD/BTC,1573620313367,2019-11-13T04:45:13.367Z,sell,5.721e-05,174.0,0.00995454
BCD/BTC,1573620313367,2019-11-13T04:45:13.367Z,sell,5.72e-05,50.0,0.00286
BCD/BTC,1573620313367,2019-11-13T04:45:13.367Z,sell,5.717e-05,275.0,0.01572175
BCD/BTC,1573620313367,2019-11-13T04:45:13.367Z,sell,5.714e-05,22.0,0.00125708
BCD/BTC,1573620313367,2019-11-13T04:45:13.367Z,sell,5.711e-05,129.0,0.00736719
BCD/BTC,1573620313367,2019-11-13T04:45:13.367Z,sell,5.71e-05,1316.0,0.0751436
BCD/BTC,1573620313367,2019-11-13T04:45:13.367Z,sell,5.708e-05,3.0,0.00017124
BCD/BTC,1573620313367,2019-11-13T04:45:13.367Z,sell,5.705e-05,35.0,0.00199675
BCD/BTC,1573620313367,2019-11-13T04:45:13.367Z,sell,5.703e-05,120.0,0.0068436
BCD/BTC,1573620313367,2019-11-13T04:45:13.367Z,sell,5.7e-05,979.0,0.055803
BCD/BTC,1573620313367,2019-11-13T04:45:13.367Z,sell,5.699e-05,374.0,0.02131426
BCD/BTC,1573620313367,2019-11-13T04:45:13.367Z,sell,5.698e-05,5907.0,0.33658086
BCD/BTC,1573620313367,2019-11-13T04:45:13.367Z,sell,5.689e-05,2.0,0.00011378
BCD/BTC,1573620313367,2019-11-13T04:45:13.367Z,sell,5.688e-05,32.0,0.00182016
BCD/BTC,1573620313367,2019-11-13T04:45:13.367Z,sell,5.68e-05,22.0,0.0012496
BCD/BTC,1573620313367,2019-11-13T04:45:13.367Z,sell,5.679e-05,16.0,0.00090864
BCD/BTC,1573620313367,2019-11-13T04:45:13.367Z,sell,5.676e-05,1894.0,0.1075034399999999
BCD/BTC,1573620314202,2019-11-13T04:45:14.202Z,sell,5.749e-05,22.0,0.00126478
BCD/BTC,1573620314323,2019-11-13T04:45:14.323Z,sell,5.749e-05,22.0,0.00126478
BCD/BTC,1573620314812,2019-11-13T04:45:14.812Z,sell,5.749e-05,25.0,0.00143725
BCD/BTC,1573620314883,2019-11-13T04:45:14.883Z,buy,5.726e-05,7.0,0.00040082
BCD/BTC,1573620315165,2019-11-13T04:45:15.165Z,buy,5.768e-05,218.0,0.0125742399999999
BCD/BTC,1573620315165,2019-11-13T04:45:15.165Z,buy,5.769e-05,5.0,0.00028845
BCD/BTC,1573620315165,2019-11-13T04:45:15.165Z,buy,5.782e-05,22.0,0.0012720399999999
BCD/BTC,1573620315165,2019-11-13T04:45:15.165Z,buy,5.791e-05,149.0,0.00862859
BCD/BTC,1573620315165,2019-11-13T04:45:15.165Z,buy,5.792e-05,471.0,0.02728032
BCD/BTC,1573620315165,2019-11-13T04:45:15.165Z,buy,5.803e-05,36.0,0.00208908
BCD/BTC,1573620315675,2019-11-13T04:45:15.675Z,sell,5.768e-05,5.0,0.0002883999999999
BCD/BTC,1573620316250,2019-11-13T04:45:16.250Z,sell,5.768e-05,13.0,0.00074984
BCD/BTC,1573620316906,2019-11-13T04:45:16.906Z,sell,5.768e-05,3.0,0.0001730399999999
BCD/BTC,1573620317322,2019-11-13T04:45:17.322Z,sell,5.768e-05,4.0,0.00023072
BCD/BTC,1573620317322,2019-11-13T04:45:17.322Z,sell,5.748e-05,22.0,0.00126456
BCD/BTC,1573620317322,2019-11-13T04:45:17.322Z,sell,5.734e-05,4.0,0.00022936
BCD/BTC,1573620318738,2019-11-13T04:45:18.738Z,sell,5.737e-05,2.0,0.00011474
BCD/BTC,1573620323529,2019-11-13T04:45:23.529Z,buy,5.76e-05,30.0,0.001728
BCD/BTC,1573620323529,2019-11-13T04:45:23.529Z,buy,5.772e-05,59.0,0.00340548
BCD/BTC,1573620323529,2019-11-13T04:45:23.529Z,buy,5.773e-05,13.0,0.0007504899999999
BCD/BTC,1573620323529,2019-11-13T04:45:23.529Z,buy,5.774e-05,2.0,0.00011548
BCD/BTC,1573620323529,2019-11-13T04:45:23.529Z,buy,5.778e-05,3.0,0.00017334
BCD/BTC,1573620323529,2019-11-13T04:45:23.529Z,buy,5.782e-05,19.0,0.00109858
BCD/BTC,1573620327526,2019-11-13T04:45:27.526Z,buy,5.781e-05,107.0,0.00618567
BCD/BTC,1573620328344,2019-11-13T04:45:28.344Z,buy,5.781e-05,14.0,0.00080934
BCD/BTC,1573620328344,2019-11-13T04:45:28.344Z,buy,5.782e-05,3.0,0.00017346
BCD/BTC,1573620328344,2019-11-13T04:45:28.344Z,buy,5.79e-05,30.0,0.0017369999999999
BCD/BTC,1573620328344,2019-11-13T04:45:28.344Z,buy,5.803e-05,20.0,0.0011606
BCD/BTC,1573620331525,2019-11-13T04:45:31.525Z,buy,5.804e-05,35.0,0.0020314
BCD/BTC,1573620443344,2019-11-13T04:47:23.344Z,buy,5.805e-05,838.0,0.0486459
BCD/BTC,1573620995494,2019-11-13T04:56:35.494Z,buy,5.805e-05,2.0,0.0001161
BCD/BTC,1573622235795,2019-11-13T05:17:15.795Z,buy,5.796e-05,53.0,0.00307188
BCD/BTC,1573622235795,2019-11-13T05:17:15.795Z,buy,5.797e-05,238.0,0.01379686
BCD/BTC,1573622280194,2019-11-13T05:18:00.194Z,buy,5.797e-05,57.0,0.00330429
BCD/BTC,1573622320836,2019-11-13T05:18:40.836Z,sell,5.771e-05,49.0,0.00282779
BCD/BTC,1573622406559,2019-11-13T05:20:06.559Z,buy,5.797e-05,49.0,0.00284053
BCD/BTC,1573622406559,2019-11-13T05:20:06.559Z,buy,5.798e-05,50.0,0.0028989999999999
BCD/BTC,1573622406559,2019-11-13T05:20:06.559Z,buy,5.797e-05,49.0,0.00284053
BCD/BTC,1573622406559,2019-11-13T05:20:06.559Z,buy,5.798e-05,50.0,0.0028989999999999
BCD/BTC,1573622799830,2019-11-13T05:26:39.830Z,buy,5.801e-05,2.0,0.00011602
BCD/BTC,1573622861554,2019-11-13T05:27:41.554Z,buy,5.801e-05,2.0,0.00011602
BCD/BTC,1573623248450,2019-11-13T05:34:08.450Z,buy,5.796e-05,2.0,0.00011592
BCD/BTC,1573623270419,2019-11-13T05:34:30.419Z,sell,5.769e-05,239.0,0.01378791
BCD/BTC,1573623291440,2019-11-13T05:34:51.440Z,buy,5.795e-05,234.0,0.0135602999999999
BCD/BTC,1573623323107,2019-11-13T05:35:23.107Z,buy,5.796e-05,163.0,0.00944748
BCD/BTC,1573623349610,2019-11-13T05:35:49.610Z,sell,5.77e-05,112.0,0.0064624
BCD/BTC,1573623349610,2019-11-13T05:35:49.610Z,sell,5.769e-05,112.0,0.00646128
BCD/BTC,1573623349610,2019-11-13T05:35:49.610Z,sell,5.765e-05,32.0,0.0018448
BCD/BTC,1573623349610,2019-11-13T05:35:49.610Z,sell,5.762e-05,240.0,0.0138288
BCD/BTC,1573623349610,2019-11-13T05:35:49.610Z,sell,5.761e-05,61.0,0.00351421
BCD/BTC,1573623349610,2019-11-13T05:35:49.610Z,sell,5.76e-05,30.0,0.001728
BCD/BTC,1573623349610,2019-11-13T05:35:49.610Z,sell,5.748e-05,209.0,0.01201332
BCD/BTC,1573623349610,2019-11-13T05:35:49.610Z,sell,5.743e-05,3.0,0.00017229
BCD/BTC,1573623349610,2019-11-13T05:35:49.610Z,sell,5.742e-05,22.0,0.00126324
BCD/BTC,1573623350162,2019-11-13T05:35:50.162Z,sell,5.762e-05,160.0,0.0092192
BCD/BTC,1573623350162,2019-11-13T05:35:50.162Z,sell,5.734e-05,1.0,5.734e-05
BCD/BTC,1573623350162,2019-11-13T05:35:50.162Z,sell,5.732e-05,2.0,0.00011464
BCD/BTC,1573623350162,2019-11-13T05:35:50.162Z,sell,5.73e-05,30.0,0.0017189999999999
BCD/BTC,1573623350162,2019-11-13T05:35:50.162Z,sell,5.726e-05,13.0,0.00074438
BCD/BTC,1573623350162,2019-11-13T05:35:50.162Z,sell,5.722e-05,2.0,0.00011444
BCD/BTC,1573623350162,2019-11-13T05:35:50.162Z,sell,5.714e-05,22.0,0.00125708
BCD/BTC,1573623350162,2019-11-13T05:35:50.162Z,sell,5.709e-05,78.0,0.0044530199999999
BCD/BTC,1573623350162,2019-11-13T05:35:50.162Z,sell,5.708e-05,3.0,0.00017124
BCD/BTC,1573623350162,2019-11-13T05:35:50.162Z,sell,5.704e-05,272.0,0.01551488
BCD/BTC,1573623350816,2019-11-13T05:35:50.816Z,sell,5.743e-05,107.0,0.0061450099999999
BCD/BTC,1573623350816,2019-11-13T05:35:50.816Z,sell,5.733e-05,174.0,0.00997542
BCD/BTC,1573623350816,2019-11-13T05:35:50.816Z,sell,5.704e-05,9.0,0.00051336
BCD/BTC,1573623351411,2019-11-13T05:35:51.411Z,buy,5.748e-05,22.0,0.00126456
BCD/BTC,1573623352290,2019-11-13T05:35:52.290Z,sell,5.745e-05,3.0,0.00017235
BCD/BTC,1573623352359,2019-11-13T05:35:52.359Z,sell,5.745e-05,68.0,0.0039066
BCD/BTC,1573623352359,2019-11-13T05:35:52.359Z,sell,5.744e-05,235.0,0.0134983999999999
BCD/BTC,1573623352359,2019-11-13T05:35:52.359Z,sell,5.743e-05,71.0,0.00407753
BCD/BTC,1573623352359,2019-11-13T05:35:52.359Z,sell,5.733e-05,556.0,0.03187548
BCD/BTC,1573623352359,2019-11-13T05:35:52.359Z,sell,5.73e-05,94.0,0.0053862
BCD/BTC,1573623354132,2019-11-13T05:35:54.132Z,sell,5.745e-05,72.0,0.0041364
BCD/BTC,1573623354132,2019-11-13T05:35:54.132Z,sell,5.73e-05,13.0,0.0007449
BCD/BTC,1573623362851,2019-11-13T05:36:02.851Z,buy,5.759e-05,251.0,0.01445509
BCD/BTC,1573623366199,2019-11-13T05:36:06.199Z,buy,5.759e-05,156.0,0.00898404
BCD/BTC,1573623366199,2019-11-13T05:36:06.199Z,buy,5.76e-05,30.0,0.001728
BCD/BTC,1573623366199,2019-11-13T05:36:06.199Z,buy,5.769e-05,5.0,0.00028845
BCD/BTC,1573623366199,2019-11-13T05:36:06.199Z,buy,5.773e-05,13.0,0.0007504899999999
BCD/BTC,1573623366199,2019-11-13T05:36:06.199Z,buy,5.774e-05,24.0,0.00138576
BCD/BTC,1573623366199,2019-11-13T05:36:06.199Z,buy,5.778e-05,81.0,0.00468018
BCD/BTC,1573623366199,2019-11-13T05:36:06.199Z,buy,5.78e-05,187.0,0.0108086
BCD/BTC,1573623366199,2019-11-13T05:36:06.199Z,buy,5.781e-05,111.0,0.00641691
BCD/BTC,1573623369066,2019-11-13T05:36:09.066Z,buy,5.759e-05,104.0,0.00598936
BCD/BTC,1573623371947,2019-11-13T05:36:11.947Z,buy,5.779e-05,70.0,0.0040453
BCD/BTC,1573623371947,2019-11-13T05:36:11.947Z,buy,5.78e-05,417.0,0.0241026
BCD/BTC,1573623371947,2019-11-13T05:36:11.947Z,buy,5.782e-05,22.0,0.0012720399999999
BCD/BTC,1573623371947,2019-11-13T05:36:11.947Z,buy,5.783e-05,4.0,0.00023132
BCD/BTC,1573623402277,2019-11-13T05:36:42.277Z,buy,5.785e-05,66.0,0.0038180999999999
BCD/BTC,1573623425852,2019-11-13T05:37:05.852Z,buy,5.785e-05,3.0,0.00017355
BCD/BTC,1573623471905,2019-11-13T05:37:51.905Z,buy,5.785e-05,1.0,5.785e-05
BCD/BTC,1573623471905,2019-11-13T05:37:51.905Z,buy,5.786e-05,107.0,0.00619102
BCD/BTC,1573623471905,2019-11-13T05:37:51.905Z,buy,5.787e-05,136.0,0.00787032
BCD/BTC,1573623903112,2019-11-13T05:45:03.112Z,sell,5.774e-05,7.0,0.0004041799999999
BCD/BTC,1573623903112,2019-11-13T05:45:03.112Z,sell,5.76e-05,240.0,0.013824
BCD/BTC,1573623903112,2019-11-13T05:45:03.112Z,sell,5.759e-05,6.0,0.00034554
BCD/BTC,1573623903112,2019-11-13T05:45:03.112Z,sell,5.75e-05,36.0,0.00207
BCD/BTC,1573623918110,2019-11-13T05:45:18.110Z,buy,5.775e-05,10.0,0.0005775
BCD/BTC,1573623918316,2019-11-13T05:45:18.316Z,buy,5.775e-05,28.0,0.001617
BCD/BTC,1573623918316,2019-11-13T05:45:18.316Z,buy,5.787e-05,52.0,0.00300924
BCD/BTC,1573623951035,2019-11-13T05:45:51.035Z,buy,5.785e-05,63.0,0.00364455
BCD/BTC,1573623951035,2019-11-13T05:45:51.035Z,buy,5.786e-05,37.0,0.00214082
BCD/BTC,1573624823538,2019-11-13T06:00:23.538Z,buy,5.789e-05,10.0,0.0005789
BCD/BTC,1573624825540,2019-11-13T06:00:25.540Z,buy,5.789e-05,35.0,0.00202615
BCD/BTC,1573625354142,2019-11-13T06:09:14.142Z,buy,5.789e-05,80.0,0.0046312
BCD/BTC,1573625354164,2019-11-13T06:09:14.164Z,sell,5.789e-05,265.0,0.01534085
BCD/BTC,1573625354164,2019-11-13T06:09:14.164Z,sell,5.789e-05,265.0,0.01534085
BCD/BTC,1573626076894,2019-11-13T06:21:16.894Z,sell,5.764e-05,140.0,0.0080696
BCD/BTC,1573626456157,2019-11-13T06:27:36.157Z,sell,5.765e-05,240.0,0.013836
BCD/BTC,1573626637705,2019-11-13T06:30:37.705Z,buy,5.765e-05,12.0,0.0006918
BCD/BTC,1573626637705,2019-11-13T06:30:37.705Z,buy,5.783e-05,3.0,0.00017349
BCD/BTC,1573627254761,2019-11-13T06:40:54.761Z,buy,5.779e-05,51.0,0.00294729
BCD/BTC,1573627554427,2019-11-13T06:45:54.427Z,sell,5.765e-05,35.0,0.00201775
BCD/BTC,1573627554917,2019-11-13T06:45:54.917Z,sell,5.765e-05,35.0,0.00201775
BCD/BTC,1573627572140,2019-11-13T06:46:12.140Z,sell,5.765e-05,188.0,0.0108382
BCD/BTC,1573627572140,2019-11-13T06:46:12.140Z,sell,5.764e-05,2.0,0.00011528
BCD/BTC,1573628362593,2019-11-13T06:59:22.593Z,buy,5.77e-05,79.0,0.0045583
BCD/BTC,1573628362593,2019-11-13T06:59:22.593Z,buy,5.771e-05,347.0,0.02002537
BCD/BTC,1573628366051,2019-11-13T06:59:26.051Z,buy,5.77e-05,52.0,0.0030004
BCD/BTC,1573628392510,2019-11-13T06:59:52.510Z,buy,5.77e-05,575.0,0.0331775
BCD/BTC,1573628473126,2019-11-13T07:01:13.126Z,sell,5.76e-05,89.0,0.0051264
BCD/BTC,1573628473126,2019-11-13T07:01:13.126Z,sell,5.753e-05,219.0,0.01259907
BCD/BTC,1573628478967,2019-11-13T07:01:18.967Z,buy,5.771e-05,57.0,0.00328947
BCD/BTC,1573628520538,2019-11-13T07:02:00.538Z,sell,5.771e-05,684.0,0.03947364
BCD/BTC,1573628685252,2019-11-13T07:04:45.252Z,buy,5.773e-05,219.0,0.0126428699999999
BCD/BTC,1573628782144,2019-11-13T07:06:22.144Z,buy,5.773e-05,34.0,0.00196282
BCD/BTC,1573628796078,2019-11-13T07:06:36.078Z,buy,5.772e-05,66.0,0.00380952
BCD/BTC,1573628802555,2019-11-13T07:06:42.555Z,buy,5.77e-05,77.0,0.0044429
BCD/BTC,1573628819008,2019-11-13T07:06:59.008Z,buy,5.771e-05,49.0,0.00282779
BCD/BTC,1573628826911,2019-11-13T07:07:06.911Z,buy,5.772e-05,135.0,0.0077922
BCD/BTC,1573628860984,2019-11-13T07:07:40.984Z,buy,5.772e-05,330.0,0.0190476
BCD/BTC,1573628861344,2019-11-13T07:07:41.344Z,buy,5.772e-05,135.0,0.0077922
BCD/BTC,1573628867801,2019-11-13T07:07:47.801Z,buy,5.772e-05,34.0,0.00196248
BCD/BTC,1573628867801,2019-11-13T07:07:47.801Z,buy,5.772e-05,34.0,0.00196248
BCD/BTC,1573628966601,2019-11-13T07:09:26.601Z,sell,5.753e-05,389.0,0.02237917
BCD/BTC,1573628966601,2019-11-13T07:09:26.601Z,sell,5.749e-05,347.0,0.01994903
BCD/BTC,1573628966601,2019-11-13T07:09:26.601Z,sell,5.748e-05,22.0,0.00126456
BCD/BTC,1573628966601,2019-11-13T07:09:26.601Z,sell,5.747e-05,284.0,0.01632148
BCD/BTC,1573628966601,2019-11-13T07:09:26.601Z,sell,5.744e-05,242.0,0.01390048
BCD/BTC,1573628966601,2019-11-13T07:09:26.601Z,sell,5.743e-05,3.0,0.00017229
BCD/BTC,1573628966601,2019-11-13T07:09:26.601Z,sell,5.742e-05,6.0,0.00034452
BCD/BTC,1573628966601,2019-11-13T07:09:26.601Z,sell,5.741e-05,1018.0,0.05844338
BCD/BTC,1573628966601,2019-11-13T07:09:26.601Z,sell,5.738e-05,274.0,0.01572212
BCD/BTC,1573628966601,2019-11-13T07:09:26.601Z,sell,5.735e-05,5.0,0.00028675
BCD/BTC,1573629427855,2019-11-13T07:17:07.855Z,buy,5.759e-05,37.0,0.00213083
BCD/BTC,1573630360801,2019-11-13T07:32:40.801Z,buy,5.762e-05,65.0,0.0037453
BCD/BTC,1573630361170,2019-11-13T07:32:41.170Z,buy,5.761e-05,86.0,0.00495446
BCD/BTC,1573630976967,2019-11-13T07:42:56.967Z,sell,5.74e-05,23.0,0.0013201999999999
BCD/BTC,1573630999943,2019-11-13T07:43:19.943Z,sell,5.741e-05,101.0,0.00579841
BCD/BTC,1573630999943,2019-11-13T07:43:19.943Z,sell,5.74e-05,103.0,0.0059122
BCD/BTC,1573631000411,2019-11-13T07:43:20.411Z,sell,5.739e-05,165.0,0.00946935
BCD/BTC,1573631101250,2019-11-13T07:45:01.250Z,buy,5.739e-05,117.0,0.00671463
BCD/BTC,1573631113525,2019-11-13T07:45:13.525Z,buy,5.739e-05,124.0,0.0071163599999999
BCD/BTC,1573631133528,2019-11-13T07:45:33.528Z,buy,5.739e-05,131.0,0.00751809
BCD/BTC,1573631142661,2019-11-13T07:45:42.661Z,buy,5.739e-05,1874.0,0.10754886
BCD/BTC,1573631143122,2019-11-13T07:45:43.122Z,buy,5.739e-05,142.0,0.00814938
BCD/BTC,1573631146783,2019-11-13T07:45:46.783Z,sell,5.739e-05,240.0,0.0137735999999999
BCD/BTC,1573631146783,2019-11-13T07:45:46.783Z,sell,5.738e-05,3610.0,0.2071418
BCD/BTC,1573631146830,2019-11-13T07:45:46.830Z,sell,5.735e-05,301.0,0.01726235
BCD/BTC,1573631146830,2019-11-13T07:45:46.830Z,sell,5.734e-05,5.0,0.0002867
BCD/BTC,1573631146830,2019-11-13T07:45:46.830Z,sell,5.733e-05,274.0,0.01570842
BCD/BTC,1573631150773,2019-11-13T07:45:50.773Z,sell,5.732e-05,2.0,0.00011464
BCD/BTC,1573631150773,2019-11-13T07:45:50.773Z,sell,5.73e-05,119.0,0.0068187
BCD/BTC,1573631150773,2019-11-13T07:45:50.773Z,sell,5.727e-05,44.0,0.00251988
BCD/BTC,1573631150779,2019-11-13T07:45:50.779Z,sell,5.727e-05,25.0,0.0014317499999999
BCD/BTC,1573631407127,2019-11-13T07:50:07.127Z,buy,5.737e-05,55.0,0.00315535
BCD/BTC,1573631870059,2019-11-13T07:57:50.059Z,buy,5.736e-05,6.0,0.00034416
BCD/BTC,1573631871157,2019-11-13T07:57:51.157Z,buy,5.736e-05,6.0,0.00034416
BCD/BTC,1573631886450,2019-11-13T07:58:06.450Z,buy,5.736e-05,57.0,0.00326952
BCD/BTC,1573632067864,2019-11-13T08:01:07.864Z,buy,5.746e-05,12.0,0.00068952
BCD/BTC,1573632067864,2019-11-13T08:01:07.864Z,buy,5.746e-05,12.0,0.00068952
BCD/BTC,1573632504190,2019-11-13T08:08:24.190Z,sell,5.737e-05,66.0,0.00378642
BCD/BTC,1573632732437,2019-11-13T08:12:12.437Z,buy,5.753e-05,107.0,0.00615571
BCD/BTC,1573632810098,2019-11-13T08:13:30.098Z,sell,5.737e-05,374.0,0.02145638
BCD/BTC,1573632810098,2019-11-13T08:13:30.098Z,sell,5.735e-05,174.0,0.0099788999999999
BCD/BTC,1573632810098,2019-11-13T08:13:30.098Z,sell,5.729e-05,182.0,0.01042678
BCD/BTC,1573632810098,2019-11-13T08:13:30.098Z,sell,5.728e-05,187.0,0.01071136
BCD/BTC,1573632810098,2019-11-13T08:13:30.098Z,sell,5.727e-05,192.0,0.01099584
BCD/BTC,1573632810098,2019-11-13T08:13:30.098Z,sell,5.726e-05,304.0,0.01740704
BCD/BTC,1573632810098,2019-11-13T08:13:30.098Z,sell,5.725e-05,311.0,0.01780475
BCD/BTC,1573632810098,2019-11-13T08:13:30.098Z,sell,5.723e-05,376.0,0.02151848
BCD/BTC,1573632813279,2019-11-13T08:13:33.279Z,sell,5.729e-05,122.0,0.00698938
BCD/BTC,1573632820616,2019-11-13T08:13:40.616Z,buy,5.748e-05,26.0,0.0014944799999999
BCD/BTC,1573632825886,2019-11-13T08:13:45.886Z,sell,5.724e-05,81.0,0.00463644
BCD/BTC,1573632825886,2019-11-13T08:13:45.886Z,sell,5.723e-05,3.0,0.00017169
BCD/BTC,1573632825886,2019-11-13T08:13:45.886Z,sell,5.722e-05,192.0,0.01098624
BCD/BTC,1573632825886,2019-11-13T08:13:45.886Z,sell,5.72e-05,36.0,0.0020592
BCD/BTC,1573632825886,2019-11-13T08:13:45.886Z,sell,5.719e-05,230.0,0.0131536999999999
BCD/BTC,1573632825916,2019-11-13T08:13:45.916Z,buy,5.719e-05,155.0,0.00886445
BCD/BTC,1573632825928,2019-11-13T08:13:45.928Z,buy,5.719e-05,503.0,0.0287665699999999
BCD/BTC,1573632834523,2019-11-13T08:13:54.523Z,buy,5.748e-05,211.0,0.01212828
BCD/BTC,1573632836637,2019-11-13T08:13:56.637Z,sell,5.726e-05,111.0,0.00635586
BCD/BTC,1573632836637,2019-11-13T08:13:56.637Z,sell,5.725e-05,909.0,0.05204025
BCD/BTC,1573632836686,2019-11-13T08:13:56.686Z,buy,5.725e-05,94.0,0.0053815
BCD/BTC,1573632836928,2019-11-13T08:13:56.928Z,buy,5.725e-05,6.0,0.0003435
BCD/BTC,1573632840759,2019-11-13T08:14:00.759Z,sell,5.731e-05,128.0,0.00733568
BCD/BTC,1573632847640,2019-11-13T08:14:07.640Z,sell,5.72e-05,63.0,0.0036036
BCD/BTC,1573632847772,2019-11-13T08:14:07.772Z,buy,5.719e-05,1107.0,0.06330933
BCD/BTC,1573632847882,2019-11-13T08:14:07.882Z,buy,5.719e-05,71.0,0.00406049
BCD/BTC,1573632864838,2019-11-13T08:14:24.838Z,buy,5.746e-05,61.0,0.00350506
BCD/BTC,1573632866944,2019-11-13T08:14:26.944Z,sell,5.717e-05,61.0,0.00348737
BCD/BTC,1573632866944,2019-11-13T08:14:26.944Z,sell,5.716e-05,699.0,0.03995484
BCD/BTC,1573632874794,2019-11-13T08:14:34.794Z,sell,5.719e-05,126.0,0.00720594
BCD/BTC,1573632874794,2019-11-13T08:14:34.794Z,sell,5.718e-05,539.0,0.03082002
BCD/BTC,1573632883231,2019-11-13T08:14:43.231Z,sell,5.715e-05,943.0,0.05389245
BCD/BTC,1573632898181,2019-11-13T08:14:58.181Z,sell,5.714e-05,22.0,0.00125708
BCD/BTC,1573632898181,2019-11-13T08:14:58.181Z,sell,5.713e-05,192.0,0.01096896
BCD/BTC,1573632898181,2019-11-13T08:14:58.181Z,sell,5.708e-05,289.0,0.01649612
BCD/BTC,1573632898181,2019-11-13T08:14:58.181Z,sell,5.707e-05,17.0,0.00097019
BCD/BTC,1573632903872,2019-11-13T08:15:03.872Z,buy,5.708e-05,52.0,0.00296816
BCD/BTC,1573632903887,2019-11-13T08:15:03.887Z,buy,5.708e-05,164.0,0.00936112
BCD/BTC,1573632903890,2019-11-13T08:15:03.890Z,buy,5.708e-05,138.0,0.00787704
BCD/BTC,1573632903922,2019-11-13T08:15:03.922Z,buy,5.708e-05,74.0,0.00422392
BCD/BTC,1573632903926,2019-11-13T08:15:03.926Z,buy,5.708e-05,52.0,0.00296816
BCD/BTC,1573632903955,2019-11-13T08:15:03.955Z,buy,5.708e-05,186.0,0.01061688
BCD/BTC,1573632904257,2019-11-13T08:15:04.257Z,buy,5.719e-05,4.0,0.00022876
BCD/BTC,1573632904257,2019-11-13T08:15:04.257Z,buy,5.738e-05,36.0,0.00206568
BCD/BTC,1573632913286,2019-11-13T08:15:13.286Z,buy,5.74e-05,44.0,0.0025256
BCD/BTC,1573632930081,2019-11-13T08:15:30.081Z,sell,5.715e-05,80.0,0.004572
BCD/BTC,1573632930081,2019-11-13T08:15:30.081Z,sell,5.714e-05,511.0,0.02919854
BCD/BTC,1573632930081,2019-11-13T08:15:30.081Z,sell,5.707e-05,175.0,0.00998725
BCD/BTC,1573632930081,2019-11-13T08:15:30.081Z,sell,5.706e-05,6.0,0.00034236
BCD/BTC,1573632930081,2019-11-13T08:15:30.081Z,sell,5.7e-05,35.0,0.001995
BCD/BTC,1573632930081,2019-11-13T08:15:30.081Z,sell,5.698e-05,16.0,0.00091168
BCD/BTC,1573632930081,2019-11-13T08:15:30.081Z,sell,5.69e-05,138.0,0.0078522
BCD/BTC,1573632930081,2019-11-13T08:15:30.081Z,sell,5.689e-05,2.0,0.00011378
BCD/BTC,1573632930081,2019-11-13T08:15:30.081Z,sell,5.688e-05,32.0,0.00182016
BCD/BTC,1573632930081,2019-11-13T08:15:30.081Z,sell,5.685e-05,6.0,0.0003411
BCD/BTC,1573632930081,2019-11-13T08:15:30.081Z,sell,5.684e-05,999.0,0.05678316
BCD/BTC,1573632931878,2019-11-13T08:15:31.878Z,buy,5.726e-05,32.0,0.00183232
BCD/BTC,1573632931878,2019-11-13T08:15:31.878Z,buy,5.734e-05,5.0,0.0002867
BCD/BTC,1573632931878,2019-11-13T08:15:31.878Z,buy,5.737e-05,11.0,0.00063107
BCD/BTC,1573632935118,2019-11-13T08:15:35.118Z,sell,5.7e-05,888.0,0.050616
BCD/BTC,1573632935118,2019-11-13T08:15:35.118Z,sell,5.688e-05,32.0,0.00182016
BCD/BTC,1573632935118,2019-11-13T08:15:35.118Z,sell,5.686e-05,8.0,0.00045488
BCD/BTC,1573632935118,2019-11-13T08:15:35.118Z,sell,5.685e-05,257.0,0.01461045
BCD/BTC,1573632935151,2019-11-13T08:15:35.151Z,buy,5.685e-05,213.0,0.01210905
BCD/BTC,1573632935153,2019-11-13T08:15:35.153Z,buy,5.685e-05,3.0,0.00017055
BCD/BTC,1573632935862,2019-11-13T08:15:35.862Z,buy,5.726e-05,30.0,0.0017178
BCD/BTC,1573632966064,2019-11-13T08:16:06.064Z,sell,5.697e-05,2.0,0.00011394
BCD/BTC,1573632966189,2019-11-13T08:16:06.189Z,buy,5.723e-05,165.0,0.00944295
BCD/BTC,1573632966666,2019-11-13T08:16:06.666Z,buy,5.723e-05,71.0,0.0040633299999999
BCD/BTC,1573632966666,2019-11-13T08:16:06.666Z,buy,5.724e-05,94.0,0.00538056
BCD/BTC,1573632970385,2019-11-13T08:16:10.385Z,buy,5.723e-05,158.0,0.00904234
BCD/BTC,1573632970385,2019-11-13T08:16:10.385Z,buy,5.724e-05,7.0,0.00040068
BCD/BTC,1573632982361,2019-11-13T08:16:22.361Z,buy,5.723e-05,15.0,0.00085845
BCD/BTC,1573633024131,2019-11-13T08:17:04.131Z,sell,5.698e-05,49.0,0.00279202
BCD/BTC,1573633027039,2019-11-13T08:17:07.039Z,buy,5.719e-05,29.0,0.00165851
BCD/BTC,1573633032756,2019-11-13T08:17:12.756Z,sell,5.698e-05,2.0,0.00011396
BCD/BTC,1573633049238,2019-11-13T08:17:29.238Z,sell,5.698e-05,2.0,0.00011396
BCD/BTC,1573633084057,2019-11-13T08:18:04.057Z,buy,5.698e-05,938.0,0.05344724
BCD/BTC,1573633084402,2019-11-13T08:18:04.402Z,buy,5.698e-05,60.0,0.0034188
BCD/BTC,1573633085910,2019-11-13T08:18:05.910Z,buy,5.723e-05,69.0,0.00394887
BCD/BTC,1573633094214,2019-11-13T08:18:14.214Z,buy,5.72e-05,34.0,0.0019448
BCD/BTC,1573633100784,2019-11-13T08:18:20.784Z,buy,5.722e-05,84.0,0.00480648
BCD/BTC,1573633100784,2019-11-13T08:18:20.784Z,buy,5.723e-05,313.0,0.01791299
BCD/BTC,1573633207823,2019-11-13T08:20:07.823Z,buy,5.723e-05,396.0,0.02266308
BCD/BTC,1573633207992,2019-11-13T08:20:07.992Z,buy,5.723e-05,135.0,0.00772605
BCD/BTC,1573633209299,2019-11-13T08:20:09.299Z,buy,5.722e-05,58.0,0.00331876
BCD/BTC,1573633209299,2019-11-13T08:20:09.299Z,buy,5.723e-05,442.0,0.02529566
BCD/BTC,1573633214537,2019-11-13T08:20:14.537Z,buy,5.722e-05,57.0,0.00326154
BCD/BTC,1573633270100,2019-11-13T08:21:10.100Z,buy,5.726e-05,2.0,0.00011452
BCD/BTC,1573633270100,2019-11-13T08:21:10.100Z,buy,5.729e-05,38.0,0.00217702
BCD/BTC,1573633273585,2019-11-13T08:21:13.585Z,buy,5.722e-05,135.0,0.0077246999999999
BCD/BTC,1573633280175,2019-11-13T08:21:20.175Z,buy,5.722e-05,49.0,0.00280378
BCD/BTC,1573633376940,2019-11-13T08:22:56.940Z,buy,5.722e-05,660.0,0.0377652
BCD/BTC,1573633451011,2019-11-13T08:24:11.011Z,buy,5.72e-05,28.0,0.0016016
BCD/BTC,1573633451011,2019-11-13T08:24:11.011Z,buy,5.722e-05,812.0,0.04646264
BCD/BTC,1573633528134,2019-11-13T08:25:28.134Z,buy,5.709e-05,37.0,0.00211233
BCD/BTC,1573633528173,2019-11-13T08:25:28.173Z,buy,5.709e-05,225.0,0.0128452499999999
BCD/BTC,1573633529236,2019-11-13T08:25:29.236Z,buy,5.729e-05,19.0,0.00108851
BCD/BTC,1573633529236,2019-11-13T08:25:29.236Z,buy,5.73e-05,30.0,0.0017189999999999
BCD/BTC,1573633529236,2019-11-13T08:25:29.236Z,buy,5.732e-05,2.0,0.00011464
BCD/BTC,1573633529236,2019-11-13T08:25:29.236Z,buy,5.734e-05,5.0,0.0002867
BCD/BTC,1573633529236,2019-11-13T08:25:29.236Z,buy,5.737e-05,79.0,0.00453223
BCD/BTC,1573633547532,2019-11-13T08:25:47.532Z,buy,5.738e-05,222.0,0.01273836
BCD/BTC,1573633682776,2019-11-13T08:28:02.776Z,buy,5.707e-05,120.0,0.0068484
BCD/BTC,1573633705595,2019-11-13T08:28:25.595Z,buy,5.738e-05,6.0,0.00034428
BCD/BTC,1573633705595,2019-11-13T08:28:25.595Z,buy,5.741e-05,92.0,0.00528172
BCD/BTC,1573633705770,2019-11-13T08:28:25.770Z,buy,5.741e-05,32.0,0.00183712
BCD/BTC,1573633806238,2019-11-13T08:30:06.238Z,buy,5.741e-05,88.0,0.00505208
BCD/BTC,1573633974135,2019-11-13T08:32:54.135Z,buy,5.74e-05,9.0,0.0005166
BCD/BTC,1573634285560,2019-11-13T08:38:05.560Z,buy,5.739e-05,135.0,0.00774765
BCD/BTC,1573634298910,2019-11-13T08:38:18.910Z,buy,5.74e-05,135.0,0.007749
BCD/BTC,1573634318704,2019-11-13T08:38:38.704Z,buy,5.74e-05,47.0,0.0026977999999999
BCD/BTC,1573634318704,2019-11-13T08:38:38.704Z,buy,5.741e-05,493.0,0.02830313
BCD/BTC,1573634328086,2019-11-13T08:38:48.086Z,buy,5.741e-05,135.0,0.00775035
BCD/BTC,1573634337886,2019-11-13T08:38:57.886Z,buy,5.741e-05,87.0,0.00499467
BCD/BTC,1573634372341,2019-11-13T08:39:32.341Z,buy,5.741e-05,135.0,0.00775035
BCD/BTC,1573634378842,2019-11-13T08:39:38.842Z,buy,5.741e-05,135.0,0.00775035
BCD/BTC,1573634385370,2019-11-13T08:39:45.370Z,buy,5.741e-05,135.0,0.00775035
BCD/BTC,1573634391867,2019-11-13T08:39:51.867Z,buy,5.741e-05,135.0,0.00775035
BCD/BTC,1573634398391,2019-11-13T08:39:58.391Z,buy,5.741e-05,135.0,0.00775035
BCD/BTC,1573634406203,2019-11-13T08:40:06.203Z,buy,5.741e-05,135.0,0.00775035
BCD/BTC,1573634412796,2019-11-13T08:40:12.796Z,buy,5.741e-05,135.0,0.00775035
BCD/BTC,1573634419357,2019-11-13T08:40:19.357Z,buy,5.741e-05,135.0,0.00775035
BCD/BTC,1573634426175,2019-11-13T08:40:26.175Z,buy,5.741e-05,75.0,0.00430575
BCD/BTC,1573634442803,2019-11-13T08:40:42.803Z,buy,5.741e-05,25.0,0.00143525
BCD/BTC,1573634444134,2019-11-13T08:40:44.134Z,buy,5.741e-05,25.0,0.00143525
BCD/BTC,1573634445113,2019-11-13T08:40:45.113Z,buy,5.741e-05,25.0,0.00143525
BCD/BTC,1573634446214,2019-11-13T08:40:46.214Z,buy,5.741e-05,25.0,0.00143525
BCD/BTC,1573634447238,2019-11-13T08:40:47.238Z,buy,5.741e-05,25.0,0.00143525
BCD/BTC,1573634448410,2019-11-13T08:40:48.410Z,buy,5.741e-05,25.0,0.00143525
BCD/BTC,1573634449616,2019-11-13T08:40:49.616Z,buy,5.741e-05,25.0,0.00143525
BCD/BTC,1573634450788,2019-11-13T08:40:50.788Z,buy,5.741e-05,25.0,0.00143525
BCD/BTC,1573634452464,2019-11-13T08:40:52.464Z,buy,5.741e-05,25.0,0.00143525
BCD/BTC,1573634453604,2019-11-13T08:40:53.604Z,buy,5.741e-05,25.0,0.00143525
BCD/BTC,1573634454659,2019-11-13T08:40:54.659Z,buy,5.741e-05,25.0,0.00143525
BCD/BTC,1573634455884,2019-11-13T08:40:55.884Z,buy,5.741e-05,25.0,0.00143525
BCD/BTC,1573634457065,2019-11-13T08:40:57.065Z,buy,5.741e-05,25.0,0.00143525
BCD/BTC,1573634458248,2019-11-13T08:40:58.248Z,buy,5.741e-05,25.0,0.00143525
BCD/BTC,1573634459416,2019-11-13T08:40:59.416Z,buy,5.741e-05,25.0,0.00143525
BCD/BTC,1573634460779,2019-11-13T08:41:00.779Z,buy,5.741e-05,25.0,0.00143525
BCD/BTC,1573634461891,2019-11-13T08:41:01.891Z,buy,5.741e-05,25.0,0.00143525
BCD/BTC,1573634463236,2019-11-13T08:41:03.236Z,buy,5.741e-05,25.0,0.00143525
BCD/BTC,1573634465136,2019-11-13T08:41:05.136Z,buy,5.741e-05,25.0,0.00143525
BCD/BTC,1573634466076,2019-11-13T08:41:06.076Z,buy,5.741e-05,25.0,0.00143525
BCD/BTC,1573634467604,2019-11-13T08:41:07.604Z,buy,5.741e-05,25.0,0.00143525
BCD/BTC,1573634469017,2019-11-13T08:41:09.017Z,buy,5.741e-05,25.0,0.00143525
BCD/BTC,1573634470633,2019-11-13T08:41:10.633Z,buy,5.741e-05,25.0,0.00143525
BCD/BTC,1573634471898,2019-11-13T08:41:11.898Z,buy,5.741e-05,25.0,0.00143525
BCD/BTC,1573634473356,2019-11-13T08:41:13.356Z,buy,5.741e-05,25.0,0.00143525
BCD/BTC,1573634474630,2019-11-13T08:41:14.630Z,buy,5.741e-05,25.0,0.00143525
BCD/BTC,1573634476026,2019-11-13T08:41:16.026Z,buy,5.741e-05,25.0,0.00143525
BCD/BTC,1573634745653,2019-11-13T08:45:45.653Z,buy,5.741e-05,1270.0,0.0729107
BCD/BTC,1573635297479,2019-11-13T08:54:57.479Z,buy,5.74e-05,575.0,0.033005
BCD/BTC,1573635297479,2019-11-13T08:54:57.479Z,buy,5.741e-05,1925.0,0.11051425
BCD/BTC,1573635457463,2019-11-13T08:57:37.463Z,buy,5.741e-05,1480.0,0.0849668
BCD/BTC,1573635487039,2019-11-13T08:58:07.039Z,buy,5.74e-05,22.0,0.0012628
BCD/BTC,1573635487094,2019-11-13T08:58:07.094Z,buy,5.74e-05,33.0,0.0018942
BCD/BTC,1573635487445,2019-11-13T08:58:07.445Z,buy,5.74e-05,422.0,0.0242228
BCD/BTC,1573635487886,2019-11-13T08:58:07.886Z,buy,5.74e-05,381.0,0.0218694
BCD/BTC,1573635489175,2019-11-13T08:58:09.175Z,buy,5.74e-05,379.0,0.0217546
BCD/BTC,1573635489175,2019-11-13T08:58:09.175Z,buy,5.741e-05,46.0,0.00264086
BCD/BTC,1573635491028,2019-11-13T08:58:11.028Z,buy,5.741e-05,428.0,0.02457148
BCD/BTC,1573635494024,2019-11-13T08:58:14.024Z,buy,5.741e-05,95.0,0.00545395
BCD/BTC,1573635529352,2019-11-13T08:58:49.352Z,buy,5.741e-05,74.0,0.00424834
BCD/BTC,1573635529352,2019-11-13T08:58:49.352Z,buy,5.741e-05,74.0,0.00424834
BCD/BTC,1573635969108,2019-11-13T09:06:09.108Z,buy,5.741e-05,402.0,0.02307882
BCD/BTC,1573635969723,2019-11-13T09:06:09.723Z,buy,5.741e-05,256.0,0.01469696
BCD/BTC,1573635969755,2019-11-13T09:06:09.755Z,buy,5.741e-05,497.0,0.02853277
BCD/BTC,1573635971096,2019-11-13T09:06:11.096Z,buy,5.741e-05,256.0,0.01469696
BCD/BTC,1573635971123,2019-11-13T09:06:11.123Z,buy,5.741e-05,402.0,0.02307882
BCD/BTC,1573635971156,2019-11-13T09:06:11.156Z,buy,5.741e-05,497.0,0.02853277
BCD/BTC,1573635979280,2019-11-13T09:06:19.280Z,buy,5.741e-05,110.0,0.0063151
BCD/BTC,1573635979437,2019-11-13T09:06:19.437Z,buy,5.741e-05,100.0,0.005741
BCD/BTC,1573636074458,2019-11-13T09:07:54.458Z,buy,5.741e-05,50.0,0.0028705
BCD/BTC,1573636145471,2019-11-13T09:09:05.471Z,sell,5.712e-05,347.0,0.01982064
BCD/BTC,1573636145471,2019-11-13T09:09:05.471Z,sell,5.711e-05,240.0,0.0137064
BCD/BTC,1573636145471,2019-11-13T09:09:05.471Z,sell,5.709e-05,233.0,0.01330197
BCD/BTC,1573636258898,2019-11-13T09:10:58.898Z,buy,5.729e-05,175.0,0.01002575
BCD/BTC,1573636580684,2019-11-13T09:16:20.684Z,buy,5.735e-05,158.0,0.0090613
BCD/BTC,1573636599184,2019-11-13T09:16:39.184Z,buy,5.732e-05,16.0,0.00091712
BCD/BTC,1573636599184,2019-11-13T09:16:39.184Z,buy,5.733e-05,141.0,0.00808353
BCD/BTC,1573636620591,2019-11-13T09:17:00.591Z,buy,5.739e-05,50.0,0.0028695
BCD/BTC,1573636621040,2019-11-13T09:17:01.040Z,buy,5.739e-05,107.0,0.00614073
BCD/BTC,1573636678083,2019-11-13T09:17:58.083Z,buy,5.74e-05,57.0,0.0032718
BCD/BTC,1573636700942,2019-11-13T09:18:20.942Z,buy,5.74e-05,118.0,0.0067732
BCD/BTC,1573636841157,2019-11-13T09:20:41.157Z,buy,5.74e-05,13.0,0.0007462
BCD/BTC,1573636841415,2019-11-13T09:20:41.415Z,buy,5.74e-05,30.0,0.001722
BCD/BTC,1573636842391,2019-11-13T09:20:42.391Z,buy,5.74e-05,88.0,0.0050512
BCD/BTC,1573636874441,2019-11-13T09:21:14.441Z,buy,5.74e-05,500.0,0.0287
BCD/BTC,1573636889686,2019-11-13T09:21:29.686Z,buy,5.74e-05,4.0,0.0002296
BCD/BTC,1573637156753,2019-11-13T09:25:56.753Z,buy,5.74e-05,158.0,0.0090692
BCD/BTC,1573637195919,2019-11-13T09:26:35.919Z,buy,5.741e-05,410.0,0.0235381
BCD/BTC,1573637213454,2019-11-13T09:26:53.454Z,buy,5.741e-05,2.0,0.00011482
BCD/BTC,1573637743894,2019-11-13T09:35:43.894Z,buy,5.74e-05,575.0,0.033005
BCD/BTC,1573637743894,2019-11-13T09:35:43.894Z,buy,5.741e-05,1555.0,0.08927255
BCD/BTC,1573637777752,2019-11-13T09:36:17.752Z,buy,5.74e-05,575.0,0.033005
BCD/BTC,1573637779597,2019-11-13T09:36:19.597Z,sell,5.74e-05,15.0,0.000861
BCD/BTC,1573637960764,2019-11-13T09:39:20.764Z,sell,5.714e-05,349.0,0.01994186
BCD/BTC,1573637966977,2019-11-13T09:39:26.977Z,buy,5.714e-05,47.0,0.00268558
BCD/BTC,1573638008369,2019-11-13T09:40:08.369Z,buy,5.738e-05,110.0,0.0063118
BCD/BTC,1573638131381,2019-11-13T09:42:11.381Z,buy,5.738e-05,239.0,0.01371382
BCD/BTC,1573638131381,2019-11-13T09:42:11.381Z,buy,5.739e-05,139.0,0.00797721
BCD/BTC,1573638132999,2019-11-13T09:42:12.999Z,buy,5.738e-05,110.0,0.0063118
BCD/BTC,1573638134373,2019-11-13T09:42:14.373Z,buy,5.737e-05,9.0,0.00051633
BCD/BTC,1573638436498,2019-11-13T09:47:16.498Z,sell,5.705e-05,44.0,0.0025101999999999
BCD/BTC,1573638541785,2019-11-13T09:49:01.785Z,sell,5.716e-05,117.0,0.00668772
BCD/BTC,1573638735793,2019-11-13T09:52:15.793Z,sell,5.717e-05,56.0,0.00320152
BCD/BTC,1573638994247,2019-11-13T09:56:34.247Z,buy,5.717e-05,333.0,0.01903761
BCD/BTC,1573639065603,2019-11-13T09:57:45.603Z,buy,5.717e-05,350.0,0.0200095
BCD/BTC,1573639065698,2019-11-13T09:57:45.698Z,buy,5.717e-05,240.0,0.0137208
BCD/BTC,1573639066776,2019-11-13T09:57:46.776Z,buy,5.717e-05,124.0,0.00708908
BCD/BTC,1573639126578,2019-11-13T09:58:46.578Z,buy,5.717e-05,18.0,0.00102906
BCD/BTC,1573639126578,2019-11-13T09:58:46.578Z,buy,5.717e-05,18.0,0.00102906
BCD/BTC,1573639132591,2019-11-13T09:58:52.591Z,buy,5.717e-05,13.0,0.00074321
BCD/BTC,1573639132591,2019-11-13T09:58:52.591Z,buy,5.739e-05,217.0,0.01245363
BCD/BTC,1573639132591,2019-11-13T09:58:52.591Z,buy,5.74e-05,55.0,0.003157
BCD/BTC,1573639132591,2019-11-13T09:58:52.591Z,buy,5.741e-05,2115.0,0.12142215
BCD/BTC,1573639353204,2019-11-13T10:02:33.204Z,buy,5.741e-05,1078.0,0.06188798
BCD/BTC,1573639353204,2019-11-13T10:02:33.204Z,buy,5.742e-05,1422.0,0.08165124
BCD/BTC,1573639363689,2019-11-13T10:02:43.689Z,sell,5.717e-05,240.0,0.0137208
BCD/BTC,1573639363986,2019-11-13T10:02:43.986Z,buy,5.717e-05,45.0,0.00257265
BCD/BTC,1573639366966,2019-11-13T10:02:46.966Z,buy,5.717e-05,35.0,0.00200095
BCD/BTC,1573639429699,2019-11-13T10:03:49.699Z,buy,5.717e-05,321.0,0.01835157
BCD/BTC,1573639429902,2019-11-13T10:03:49.902Z,buy,5.717e-05,239.0,0.01366363
BCD/BTC,1573639430080,2019-11-13T10:03:50.080Z,buy,5.717e-05,50.0,0.0028585
BCD/BTC,1573639434338,2019-11-13T10:03:54.338Z,buy,5.717e-05,277.0,0.01583609
BCD/BTC,1573639434412,2019-11-13T10:03:54.412Z,buy,5.717e-05,400.0,0.022868
BCD/BTC,1573639435621,2019-11-13T10:03:55.621Z,buy,5.717e-05,111.0,0.00634587
BCD/BTC,1573639435884,2019-11-13T10:03:55.884Z,buy,5.717e-05,68.0,0.00388756
BCD/BTC,1573639436654,2019-11-13T10:03:56.654Z,buy,5.717e-05,9.0,0.00051453
BCD/BTC,1573639524372,2019-11-13T10:05:24.372Z,buy,5.73e-05,354.0,0.0202842
BCD/BTC,1573639541374,2019-11-13T10:05:41.374Z,buy,5.73e-05,68.0,0.0038964
BCD/BTC,1573639552192,2019-11-13T10:05:52.192Z,buy,5.73e-05,9.0,0.0005157
BCD/BTC,1573639597729,2019-11-13T10:06:37.729Z,buy,5.72e-05,237.0,0.0135564
BCD/BTC,1573639597735,2019-11-13T10:06:37.735Z,buy,5.72e-05,707.0,0.0404404
BCD/BTC,1573639597792,2019-11-13T10:06:37.792Z,buy,5.72e-05,46.0,0.0026312
BCD/BTC,1573639597852,2019-11-13T10:06:37.852Z,buy,5.72e-05,21.0,0.0012012
BCD/BTC,1573639618954,2019-11-13T10:06:58.954Z,buy,5.725e-05,375.0,0.02146875
BCD/BTC,1573639620073,2019-11-13T10:07:00.073Z,buy,5.725e-05,332.0,0.019007
BCD/BTC,1573639626419,2019-11-13T10:07:06.419Z,buy,5.725e-05,42.0,0.0024045
BCD/BTC,1573639638785,2019-11-13T10:07:18.785Z,buy,5.725e-05,10.0,0.0005725
BCD/BTC,1573639638785,2019-11-13T10:07:18.785Z,buy,5.73e-05,317.0,0.0181641
BCD/BTC,1573639641920,2019-11-13T10:07:21.920Z,buy,5.73e-05,372.0,0.0213156
BCD/BTC,1573639644545,2019-11-13T10:07:24.545Z,buy,5.73e-05,208.0,0.0119184
BCD/BTC,1573639652509,2019-11-13T10:07:32.509Z,buy,5.73e-05,20.0,0.0011459999999999
BCD/BTC,1573639652509,2019-11-13T10:07:32.509Z,buy,5.732e-05,351.0,0.02011932
BCD/BTC,1573639662484,2019-11-13T10:07:42.484Z,buy,5.732e-05,335.0,0.0192022
BCD/BTC,1573639665195,2019-11-13T10:07:45.195Z,buy,5.732e-05,360.0,0.0206352
BCD/BTC,1573639669080,2019-11-13T10:07:49.080Z,buy,5.732e-05,85.0,0.0048722
BCD/BTC,1573639689720,2019-11-13T10:08:09.720Z,buy,5.732e-05,7.0,0.00040124
BCD/BTC,1573639709923,2019-11-13T10:08:29.923Z,sell,5.732e-05,146.0,0.00836872
BCD/BTC,1573639727957,2019-11-13T10:08:47.957Z,buy,5.736e-05,63.0,0.00361368
BCD/BTC,1573639727966,2019-11-13T10:08:47.966Z,buy,5.736e-05,2.0,0.00011472
BCD/BTC,1573639728019,2019-11-13T10:08:48.019Z,buy,5.736e-05,88.0,0.00504768
BCD/BTC,1573639728025,2019-11-13T10:08:48.025Z,buy,5.736e-05,18.0,0.00103248
BCD/BTC,1573639859318,2019-11-13T10:10:59.318Z,buy,5.736e-05,33.0,0.00189288
BCD/BTC,1573639881879,2019-11-13T10:11:21.879Z,buy,5.735e-05,148.0,0.0084878
BCD/BTC,1573639907789,2019-11-13T10:11:47.789Z,buy,5.735e-05,343.0,0.01967105
BCD/BTC,1573639907892,2019-11-13T10:11:47.892Z,buy,5.735e-05,648.0,0.0371627999999999
BCD/BTC,1573639920436,2019-11-13T10:12:00.436Z,buy,5.736e-05,7.0,0.00040152
BCD/BTC,1573639971375,2019-11-13T10:12:51.375Z,buy,5.742e-05,202.0,0.01159884
BCD/BTC,1573640085326,2019-11-13T10:14:45.326Z,buy,5.742e-05,11.0,0.00063162
BCD/BTC,1573640085326,2019-11-13T10:14:45.326Z,buy,5.743e-05,3.0,0.00017229
BCD/BTC,1573640085326,2019-11-13T10:14:45.326Z,buy,5.748e-05,22.0,0.00126456
BCD/BTC,1573640085326,2019-11-13T10:14:45.326Z,buy,5.753e-05,12.0,0.00069036
BCD/BTC,1573640085326,2019-11-13T10:14:45.326Z,buy,5.755e-05,1638.0,0.0942669
BCD/BTC,1573640085399,2019-11-13T10:14:45.399Z,buy,5.755e-05,471.0,0.02710605
BCD/BTC,1573640085500,2019-11-13T10:14:45.500Z,buy,5.755e-05,1193.0,0.06865715
BCD/BTC,1573640278562,2019-11-13T10:17:58.562Z,buy,5.755e-05,36.0,0.0020718
BCD/BTC,1573640399238,2019-11-13T10:19:59.238Z,buy,5.755e-05,119.0,0.00684845
BCD/BTC,1573640734695,2019-11-13T10:25:34.695Z,sell,5.735e-05,2.0,0.0001147
BCD/BTC,1573640734695,2019-11-13T10:25:34.695Z,sell,5.733e-05,348.0,0.01995084
BCD/BTC,1573640953984,2019-11-13T10:29:13.984Z,sell,5.732e-05,100.0,0.005732
BCD/BTC,1573641578415,2019-11-13T10:39:38.415Z,buy,5.751e-05,323.0,0.01857573
BCD/BTC,1573641831140,2019-11-13T10:43:51.140Z,buy,5.751e-05,25.0,0.00143775
BCD/BTC,1573641831140,2019-11-13T10:43:51.140Z,buy,5.752e-05,314.0,0.01806128
BCD/BTC,1573642213964,2019-11-13T10:50:13.964Z,sell,5.733e-05,2.0,0.00011466
BCD/BTC,1573642433950,2019-11-13T10:53:53.950Z,sell,5.739e-05,10.0,0.0005739
BCD/BTC,1573642434537,2019-11-13T10:53:54.537Z,buy,5.739e-05,78.0,0.00447642
BCD/BTC,1573642434551,2019-11-13T10:53:54.551Z,buy,5.739e-05,412.0,0.0236446799999999
BCD/BTC,1573642434551,2019-11-13T10:53:54.551Z,buy,5.752e-05,39.0,0.00224328
BCD/BTC,1573642434551,2019-11-13T10:53:54.551Z,buy,5.754e-05,94.0,0.00540876
BCD/BTC,1573642434551,2019-11-13T10:53:54.551Z,buy,5.755e-05,25.0,0.00143875
BCD/BTC,1573642713742,2019-11-13T10:58:33.742Z,buy,5.74e-05,383.0,0.0219842
BCD/BTC,1573642717129,2019-11-13T10:58:37.129Z,buy,5.74e-05,100.0,0.00574
BCD/BTC,1573642717129,2019-11-13T10:58:37.129Z,buy,5.74e-05,100.0,0.00574
BCD/BTC,1573642810982,2019-11-13T11:00:10.982Z,sell,5.734e-05,17.0,0.00097478
BCD/BTC,1573642898628,2019-11-13T11:01:38.628Z,buy,5.755e-05,26.0,0.0014963
BCD/BTC,1573643011799,2019-11-13T11:03:31.799Z,buy,5.755e-05,1190.0,0.0684845
BCD/BTC,1573643033546,2019-11-13T11:03:53.546Z,buy,5.755e-05,940.0,0.054097
BCD/BTC,1573643342260,2019-11-13T11:09:02.260Z,buy,5.755e-05,39.0,0.00224445
BCD/BTC,1573643343084,2019-11-13T11:09:03.084Z,buy,5.755e-05,25.0,0.00143875
BCD/BTC,1573643789947,2019-11-13T11:16:29.947Z,buy,5.755e-05,135.0,0.00776925
BCD/BTC,1573643796510,2019-11-13T11:16:36.510Z,buy,5.755e-05,119.0,0.00684845
BCD/BTC,1573643803077,2019-11-13T11:16:43.077Z,buy,5.755e-05,135.0,0.00776925
BCD/BTC,1573643808706,2019-11-13T11:16:48.706Z,buy,5.755e-05,364.0,0.0209482
BCD/BTC,1573643809552,2019-11-13T11:16:49.552Z,buy,5.755e-05,91.0,0.00523705
BCD/BTC,1573643816127,2019-11-13T11:16:56.127Z,buy,5.755e-05,52.0,0.0029926
BCD/BTC,1573643816516,2019-11-13T11:16:56.516Z,buy,5.755e-05,364.0,0.0209482
BCD/BTC,1573643822708,2019-11-13T11:17:02.708Z,buy,5.755e-05,55.0,0.00316525
BCD/BTC,1573643822787,2019-11-13T11:17:02.787Z,buy,5.755e-05,625.0,0.03596875
BCD/BTC,1573643822990,2019-11-13T11:17:02.990Z,buy,5.755e-05,385.0,0.02215675
BCD/BTC,1573643829480,2019-11-13T11:17:09.480Z,buy,5.755e-05,46.0,0.0026473
BCD/BTC,1573643829874,2019-11-13T11:17:09.874Z,buy,5.755e-05,385.0,0.02215675
BCD/BTC,1573643830091,2019-11-13T11:17:10.091Z,buy,5.755e-05,171.0,0.00984105
BCD/BTC,1573643833257,2019-11-13T11:17:13.257Z,sell,5.749e-05,527.0,0.03029723
BCD/BTC,1573643833519,2019-11-13T11:17:13.519Z,buy,5.755e-05,171.0,0.00984105
BCD/BTC,1573643833611,2019-11-13T11:17:13.611Z,buy,5.755e-05,385.0,0.02215675
BCD/BTC,1573643834799,2019-11-13T11:17:14.799Z,buy,5.755e-05,171.0,0.00984105
BCD/BTC,1573643835896,2019-11-13T11:17:15.896Z,buy,5.755e-05,55.0,0.00316525
BCD/BTC,1573643836987,2019-11-13T11:17:16.987Z,buy,5.755e-05,35.0,0.00201425
BCD/BTC,1573643838166,2019-11-13T11:17:18.166Z,buy,5.755e-05,100.0,0.005755
BCD/BTC,1573643838376,2019-11-13T11:17:18.376Z,buy,5.755e-05,22.0,0.0012661
BCD/BTC,1573643842406,2019-11-13T11:17:22.406Z,buy,5.755e-05,13.0,0.00074815
BCD/BTC,1573643843464,2019-11-13T11:17:23.464Z,buy,5.755e-05,9.0,0.00051795
BCD/BTC,1573643844840,2019-11-13T11:17:24.840Z,buy,5.755e-05,89.0,0.00512195
BCD/BTC,1573643878237,2019-11-13T11:17:58.237Z,buy,5.755e-05,25.0,0.00143875
BCD/BTC,1573643878515,2019-11-13T11:17:58.515Z,buy,5.755e-05,415.0,0.02388325
BCD/BTC,1573643879266,2019-11-13T11:17:59.266Z,buy,5.755e-05,25.0,0.00143875
BCD/BTC,1573643880159,2019-11-13T11:18:00.159Z,buy,5.755e-05,396.0,0.0227898
BCD/BTC,1573643914014,2019-11-13T11:18:34.014Z,buy,5.755e-05,447.0,0.02572485
BCD/BTC,1573643915858,2019-11-13T11:18:35.858Z,buy,5.755e-05,447.0,0.02572485
BCD/BTC,1573643917993,2019-11-13T11:18:37.993Z,buy,5.755e-05,429.0,0.02468895
BCD/BTC,1573644052465,2019-11-13T11:20:52.465Z,buy,5.754e-05,11.0,0.00063294
BCD/BTC,1573644053473,2019-11-13T11:20:53.473Z,buy,5.754e-05,9.0,0.00051786
BCD/BTC,1573644121585,2019-11-13T11:22:01.585Z,buy,5.754e-05,5.0,0.0002877
BCD/BTC,1573644399658,2019-11-13T11:26:39.658Z,sell,5.733e-05,346.0,0.01983618
BCD/BTC,1573644409924,2019-11-13T11:26:49.924Z,sell,5.732e-05,183.0,0.01048956
BCD/BTC,1573644428117,2019-11-13T11:27:08.117Z,sell,5.719e-05,230.0,0.0131536999999999
BCD/BTC,1573644432852,2019-11-13T11:27:12.852Z,sell,5.719e-05,426.0,0.02436294
BCD/BTC,1573644433807,2019-11-13T11:27:13.807Z,buy,5.743e-05,31.0,0.0017803299999999
BCD/BTC,1573644433981,2019-11-13T11:27:13.981Z,buy,5.743e-05,206.0,0.01183058
BCD/BTC,1573644435160,2019-11-13T11:27:15.160Z,buy,5.742e-05,66.0,0.00378972
BCD/BTC,1573644435458,2019-11-13T11:27:15.458Z,buy,5.742e-05,9.0,0.00051678
BCD/BTC,1573644436827,2019-11-13T11:27:16.827Z,buy,5.72e-05,102.0,0.0058344
BCD/BTC,1573644440441,2019-11-13T11:27:20.441Z,sell,5.72e-05,162.0,0.0092664
BCD/BTC,1573644440441,2019-11-13T11:27:20.441Z,sell,5.719e-05,221.0,0.01263899
BCD/BTC,1573644440484,2019-11-13T11:27:20.484Z,buy,5.719e-05,5.0,0.00028595
BCD/BTC,1573644443334,2019-11-13T11:27:23.334Z,sell,5.72e-05,54.0,0.0030888
BCD/BTC,1573644446006,2019-11-13T11:27:26.006Z,sell,5.719e-05,57.0,0.00325983
BCD/BTC,1573644455418,2019-11-13T11:27:35.418Z,buy,5.744e-05,30.0,0.0017232
BCD/BTC,1573644494053,2019-11-13T11:28:14.053Z,buy,5.744e-05,258.0,0.01481952
BCD/BTC,1573644896325,2019-11-13T11:34:56.325Z,sell,5.731e-05,228.0,0.0130666799999999
BCD/BTC,1573644956009,2019-11-13T11:35:56.009Z,buy,5.753e-05,135.0,0.00776655
BCD/BTC,1573644964086,2019-11-13T11:36:04.086Z,buy,5.753e-05,135.0,0.00776655
BCD/BTC,1573644998969,2019-11-13T11:36:38.969Z,buy,5.753e-05,18.0,0.00103554
BCD/BTC,1573644998969,2019-11-13T11:36:38.969Z,buy,5.754e-05,7.0,0.00040278
BCD/BTC,1573644999328,2019-11-13T11:36:39.328Z,buy,5.754e-05,135.0,0.0077679
BCD/BTC,1573645001641,2019-11-13T11:36:41.641Z,buy,5.754e-05,29.0,0.00166866
BCD/BTC,1573645002093,2019-11-13T11:36:42.093Z,buy,5.754e-05,52.0,0.00299208
BCD/BTC,1573645002093,2019-11-13T11:36:42.093Z,buy,5.755e-05,332.0,0.0191066
BCD/BTC,1573645002711,2019-11-13T11:36:42.711Z,buy,5.754e-05,149.0,0.00857346
BCD/BTC,1573645002711,2019-11-13T11:36:42.711Z,buy,5.755e-05,224.0,0.0128912
BCD/BTC,1573645006037,2019-11-13T11:36:46.037Z,buy,5.755e-05,135.0,0.00776925
BCD/BTC,1573645009452,2019-11-13T11:36:49.452Z,buy,5.755e-05,25.0,0.00143875
BCD/BTC,1573645009526,2019-11-13T11:36:49.526Z,buy,5.755e-05,396.0,0.0227898
BCD/BTC,1573645011087,2019-11-13T11:36:51.087Z,buy,5.755e-05,25.0,0.00143875
BCD/BTC,1573645011468,2019-11-13T11:36:51.468Z,buy,5.755e-05,460.0,0.026473
BCD/BTC,1573645012190,2019-11-13T11:36:52.190Z,buy,5.755e-05,25.0,0.00143875
BCD/BTC,1573645012512,2019-11-13T11:36:52.512Z,buy,5.755e-05,114.0,0.0065607
BCD/BTC,1573645012538,2019-11-13T11:36:52.538Z,buy,5.755e-05,4.0,0.0002302
BCD/BTC,1573645012538,2019-11-13T11:36:52.538Z,buy,5.759e-05,69.0,0.00397371
BCD/BTC,1573645013154,2019-11-13T11:36:53.154Z,buy,5.759e-05,25.0,0.00143975
BCD/BTC,1573645232723,2019-11-13T11:40:32.723Z,buy,5.759e-05,5.0,0.00028795
BCD/BTC,1573645272353,2019-11-13T11:41:12.353Z,buy,5.76e-05,30.0,0.001728
BCD/BTC,1573645275703,2019-11-13T11:41:15.703Z,buy,5.761e-05,39.0,0.00224679
BCD/BTC,1573645275703,2019-11-13T11:41:15.703Z,buy,5.761e-05,39.0,0.00224679
BCD/BTC,1573646618879,2019-11-13T12:03:38.879Z,buy,5.76e-05,27.0,0.0015551999999999
BCD/BTC,1573646865101,2019-11-13T12:07:45.101Z,buy,5.76e-05,54.0,0.0031103999999999
BCD/BTC,1573646888014,2019-11-13T12:08:08.014Z,buy,5.761e-05,98.0,0.0056457799999999
BCD/BTC,1573647109168,2019-11-13T12:11:49.168Z,buy,5.765e-05,5.0,0.00028825
BCD/BTC,1573647117852,2019-11-13T12:11:57.852Z,buy,5.765e-05,35.0,0.00201775
BCD/BTC,1573647128082,2019-11-13T12:12:08.082Z,sell,5.765e-05,2.0,0.0001153
BCD/BTC,1573647146899,2019-11-13T12:12:26.899Z,buy,5.769e-05,818.0,0.04719042
BCD/BTC,1573647164443,2019-11-13T12:12:44.443Z,sell,5.769e-05,12.0,0.00069228
BCD/BTC,1573647164532,2019-11-13T12:12:44.532Z,sell,5.769e-05,165.0,0.0095188499999999
BCD/BTC,1573647166443,2019-11-13T12:12:46.443Z,sell,5.769e-05,2.0,0.00011538
BCD/BTC,1573647276109,2019-11-13T12:14:36.109Z,sell,5.769e-05,591.0,0.03409479
BCD/BTC,1573647284280,2019-11-13T12:14:44.280Z,sell,5.769e-05,915.0,0.0527863499999999
BCD/BTC,1573647516735,2019-11-13T12:18:36.735Z,sell,5.744e-05,26.0,0.00149344
BCD/BTC,1573648657116,2019-11-13T12:37:37.116Z,buy,5.764e-05,34.0,0.00195976
BCD/BTC,1573648657116,2019-11-13T12:37:37.116Z,buy,5.764e-05,34.0,0.00195976
BCD/BTC,1573649003688,2019-11-13T12:43:23.688Z,sell,5.751e-05,55.0,0.00316305
BCD/BTC,1573650044868,2019-11-13T13:00:44.868Z,sell,5.751e-05,269.0,0.01547019
BCD/BTC,1573650679577,2019-11-13T13:11:19.577Z,sell,5.75e-05,1779.0,0.1022925
BCD/BTC,1573650679612,2019-11-13T13:11:19.612Z,buy,5.75e-05,59.0,0.0033925
BCD/BTC,1573650679846,2019-11-13T13:11:19.846Z,buy,5.75e-05,132.0,0.00759
BCD/BTC,1573650679968,2019-11-13T13:11:19.968Z,buy,5.75e-05,31.0,0.0017825
BCD/BTC,1573650680000,2019-11-13T13:11:20.000Z,sell,5.76e-05,168.0,0.0096768
BCD/BTC,1573650712076,2019-11-13T13:11:52.076Z,buy,5.764e-05,10.0,0.0005763999999999
BCD/BTC,1573650712076,2019-11-13T13:11:52.076Z,buy,5.766e-05,16.0,0.00092256
BCD/BTC,1573650850742,2019-11-13T13:14:10.742Z,buy,5.762e-05,66.0,0.00380292
BCD/BTC,1573650850742,2019-11-13T13:14:10.742Z,buy,5.763e-05,224.0,0.01290912
BCD/BTC,1573650851058,2019-11-13T13:14:11.058Z,buy,5.762e-05,42.0,0.00242004
BCD/BTC,1573650852039,2019-11-13T13:14:12.039Z,buy,5.762e-05,25.0,0.0014405
BCD/BTC,1573650852039,2019-11-13T13:14:12.039Z,buy,5.769e-05,139.0,0.00801891
BCD/BTC,1573650852404,2019-11-13T13:14:12.404Z,buy,5.761e-05,22.0,0.00126742
BCD/BTC,1573650852414,2019-11-13T13:14:12.414Z,buy,5.761e-05,11.0,0.00063371
BCD/BTC,1573650852690,2019-11-13T13:14:12.690Z,buy,5.761e-05,33.0,0.00190113
BCD/BTC,1573650855981,2019-11-13T13:14:15.981Z,buy,5.768e-05,9.0,0.00051912
BCD/BTC,1573650856478,2019-11-13T13:14:16.478Z,sell,5.742e-05,61.0,0.00350262
BCD/BTC,1573650919188,2019-11-13T13:15:19.188Z,buy,5.769e-05,114.0,0.00657666
BCD/BTC,1573650952074,2019-11-13T13:15:52.074Z,buy,5.769e-05,200.0,0.011538
BCD/BTC,1573650952440,2019-11-13T13:15:52.440Z,buy,5.769e-05,9.0,0.00051921
BCD/BTC,1573651059906,2019-11-13T13:17:39.906Z,buy,5.769e-05,3.0,0.00017307
BCD/BTC,1573651332654,2019-11-13T13:22:12.654Z,buy,5.768e-05,6.0,0.0003460799999999
BCD/BTC,1573651332654,2019-11-13T13:22:12.654Z,buy,5.769e-05,500.0,0.028845
BCD/BTC,1573651333027,2019-11-13T13:22:13.027Z,buy,5.769e-05,135.0,0.00778815
BCD/BTC,1573651346133,2019-11-13T13:22:26.133Z,buy,5.769e-05,36.0,0.00207684
BCD/BTC,1573651827141,2019-11-13T13:30:27.141Z,sell,5.758e-05,7.0,0.00040306
BCD/BTC,1573651827141,2019-11-13T13:30:27.141Z,sell,5.746e-05,28.0,0.00160888
BCD/BTC,1573651875575,2019-11-13T13:31:15.575Z,buy,5.765e-05,178.0,0.0102617
BCD/BTC,1573651875736,2019-11-13T13:31:15.736Z,buy,5.765e-05,10.0,0.0005765
BCD/BTC,1573651875784,2019-11-13T13:31:15.784Z,buy,5.765e-05,437.0,0.0251930499999999
BCD/BTC,1573651876630,2019-11-13T13:31:16.630Z,buy,5.765e-05,178.0,0.0102617
BCD/BTC,1573651877542,2019-11-13T13:31:17.542Z,buy,5.765e-05,440.0,0.025366
BCD/BTC,1573651877987,2019-11-13T13:31:17.987Z,buy,5.765e-05,178.0,0.0102617
BCD/BTC,1573651878819,2019-11-13T13:31:18.819Z,buy,5.765e-05,178.0,0.0102617
BCD/BTC,1573651879074,2019-11-13T13:31:19.074Z,buy,5.765e-05,440.0,0.025366
BCD/BTC,1573651880570,2019-11-13T13:31:20.570Z,buy,5.765e-05,178.0,0.0102617
BCD/BTC,1573651880834,2019-11-13T13:31:20.834Z,buy,5.765e-05,443.0,0.0255389499999999
BCD/BTC,1573651881956,2019-11-13T13:31:21.956Z,buy,5.765e-05,178.0,0.0102617
BCD/BTC,1573651882011,2019-11-13T13:31:22.011Z,buy,5.765e-05,446.0,0.0257119
BCD/BTC,1573651883401,2019-11-13T13:31:23.401Z,buy,5.765e-05,178.0,0.0102617
BCD/BTC,1573651883531,2019-11-13T13:31:23.531Z,buy,5.765e-05,446.0,0.0257119
BCD/BTC,1573651884721,2019-11-13T13:31:24.721Z,buy,5.765e-05,446.0,0.0257119
BCD/BTC,1573651885667,2019-11-13T13:31:25.667Z,buy,5.765e-05,45.0,0.0025942499999999
BCD/BTC,1573651886727,2019-11-13T13:31:26.727Z,buy,5.764e-05,27.0,0.00155628
BCD/BTC,1573651887014,2019-11-13T13:31:27.014Z,buy,5.764e-05,1.0,5.764e-05
BCD/BTC,1573651887014,2019-11-13T13:31:27.014Z,buy,5.765e-05,67.0,0.0038625499999999
BCD/BTC,1573651910209,2019-11-13T13:31:50.209Z,buy,5.765e-05,77.0,0.00443905
BCD/BTC,1573651916802,2019-11-13T13:31:56.802Z,buy,5.765e-05,70.0,0.0040355
BCD/BTC,1573651922082,2019-11-13T13:32:02.082Z,buy,5.765e-05,25.0,0.00144125
BCD/BTC,1573651923247,2019-11-13T13:32:03.247Z,buy,5.765e-05,25.0,0.00144125
BCD/BTC,1573651923380,2019-11-13T13:32:03.380Z,buy,5.765e-05,270.0,0.0155655
BCD/BTC,1573651924311,2019-11-13T13:32:04.311Z,buy,5.765e-05,25.0,0.00144125
BCD/BTC,1573651926385,2019-11-13T13:32:06.385Z,buy,5.765e-05,25.0,0.00144125
BCD/BTC,1573651927607,2019-11-13T13:32:07.607Z,buy,5.765e-05,25.0,0.00144125
BCD/BTC,1573651928918,2019-11-13T13:32:08.918Z,buy,5.765e-05,25.0,0.00144125
BCD/BTC,1573651930028,2019-11-13T13:32:10.028Z,buy,5.765e-05,25.0,0.00144125
BCD/BTC,1573651930670,2019-11-13T13:32:10.670Z,buy,5.765e-05,32.0,0.0018448
BCD/BTC,1573651931039,2019-11-13T13:32:11.039Z,buy,5.765e-05,25.0,0.00144125
BCD/BTC,1573651932111,2019-11-13T13:32:12.111Z,buy,5.765e-05,25.0,0.00144125
BCD/BTC,1573651979007,2019-11-13T13:32:59.007Z,buy,5.765e-05,67.0,0.0038625499999999
BCD/BTC,1573652007894,2019-11-13T13:33:27.894Z,buy,5.765e-05,135.0,0.00778275
BCD/BTC,1573652218028,2019-11-13T13:36:58.028Z,buy,5.765e-05,18.0,0.0010377
BCD/BTC,1573652218028,2019-11-13T13:36:58.028Z,buy,5.765e-05,18.0,0.0010377
BCD/BTC,1573652517990,2019-11-13T13:41:57.990Z,buy,5.765e-05,30.0,0.0017295
BCD/BTC,1573652575600,2019-11-13T13:42:55.600Z,buy,5.765e-05,135.0,0.00778275
BCD/BTC,1573652584938,2019-11-13T13:43:04.938Z,buy,5.765e-05,84.0,0.0048426
BCD/BTC,1573652591502,2019-11-13T13:43:11.502Z,buy,5.765e-05,135.0,0.00778275
BCD/BTC,1573652597987,2019-11-13T13:43:17.987Z,buy,5.765e-05,113.0,0.00651445
BCD/BTC,1573652896939,2019-11-13T13:48:16.939Z,buy,5.765e-05,111.0,0.00639915
BCD/BTC,1573653924491,2019-11-13T14:05:24.491Z,buy,5.765e-05,135.0,0.00778275
BCD/BTC,1573653931068,2019-11-13T14:05:31.068Z,buy,5.765e-05,55.0,0.00317075
BCD/BTC,1573654133729,2019-11-13T14:08:53.729Z,buy,5.765e-05,111.0,0.00639915
BCD/BTC,1573654262934,2019-11-13T14:11:02.934Z,buy,5.765e-05,198.0,0.0114147
BCD/BTC,1573654325646,2019-11-13T14:12:05.646Z,buy,5.765e-05,127.0,0.00732155
BCD/BTC,1573654325815,2019-11-13T14:12:05.815Z,buy,5.765e-05,281.0,0.01619965
BCD/BTC,1573654326682,2019-11-13T14:12:06.682Z,buy,5.765e-05,127.0,0.00732155
BCD/BTC,1573654326879,2019-11-13T14:12:06.879Z,buy,5.765e-05,164.0,0.0094546
BCD/BTC,1573654341099,2019-11-13T14:12:21.099Z,buy,5.765e-05,302.0,0.0174103
BCD/BTC,1573654341235,2019-11-13T14:12:21.235Z,buy,5.765e-05,376.0,0.0216764
BCD/BTC,1573654341877,2019-11-13T14:12:21.877Z,buy,5.765e-05,376.0,0.0216764
BCD/BTC,1573654344139,2019-11-13T14:12:24.139Z,buy,5.765e-05,191.0,0.0110111499999999
BCD/BTC,1573654392099,2019-11-13T14:13:12.099Z,buy,5.765e-05,9.0,0.00051885
BCD/BTC,1573654393325,2019-11-13T14:13:13.325Z,buy,5.765e-05,9.0,0.00051885
BCD/BTC,1573654394761,2019-11-13T14:13:14.761Z,buy,5.765e-05,9.0,0.00051885
BCD/BTC,1573654443546,2019-11-13T14:14:03.546Z,buy,5.765e-05,2310.0,0.1331715
BCD/BTC,1573654461721,2019-11-13T14:14:21.721Z,buy,5.765e-05,1800.0,0.10377
BCD/BTC,1573655369685,2019-11-13T14:29:29.685Z,buy,5.765e-05,111.0,0.00639915
BCD/BTC,1573655369685,2019-11-13T14:29:29.685Z,buy,5.765e-05,111.0,0.00639915
BCD/BTC,1573656255271,2019-11-13T14:44:15.271Z,sell,5.748e-05,197.0,0.01132356
BCD/BTC,1573656318119,2019-11-13T14:45:18.119Z,buy,5.764e-05,2.0,0.00011528
BCD/BTC,1573656427360,2019-11-13T14:47:07.360Z,buy,5.764e-05,15.0,0.0008646
BCD/BTC,1573656440099,2019-11-13T14:47:20.099Z,sell,5.764e-05,4.0,0.00023056
BCD/BTC,1573656440099,2019-11-13T14:47:20.099Z,sell,5.748e-05,577.0,0.03316596
BCD/BTC,1573656440099,2019-11-13T14:47:20.099Z,sell,5.747e-05,226.0,0.01298822
BCD/BTC,1573656440100,2019-11-13T14:47:20.100Z,sell,5.747e-05,668.0,0.03838996
BCD/BTC,1573656440119,2019-11-13T14:47:20.119Z,sell,5.745e-05,163.0,0.00936435
BCD/BTC,1573656440125,2019-11-13T14:47:20.125Z,sell,5.745e-05,77.0,0.00442365
BCD/BTC,1573656440125,2019-11-13T14:47:20.125Z,sell,5.744e-05,135.0,0.0077544
BCD/BTC,1573656440162,2019-11-13T14:47:20.162Z,buy,5.764e-05,140.0,0.0080696
BCD/BTC,1573656440162,2019-11-13T14:47:20.162Z,buy,5.765e-05,664.0,0.0382796
BCD/BTC,1573656566237,2019-11-13T14:49:26.237Z,sell,5.744e-05,1027.0,0.0589908799999999
BCD/BTC,1573656810758,2019-11-13T14:53:30.758Z,sell,5.745e-05,428.0,0.0245886
BCD/BTC,1573656810758,2019-11-13T14:53:30.758Z,sell,5.744e-05,1415.0,0.0812776
BCD/BTC,1573656810791,2019-11-13T14:53:30.791Z,buy,5.744e-05,608.0,0.03492352
BCD/BTC,1573656810810,2019-11-13T14:53:30.810Z,buy,5.744e-05,34.0,0.00195296
BCD/BTC,1573656811043,2019-11-13T14:53:31.043Z,buy,5.744e-05,103.0,0.00591632
BCD/BTC,1573656811159,2019-11-13T14:53:31.159Z,buy,5.744e-05,128.0,0.00735232
BCD/BTC,1573656811459,2019-11-13T14:53:31.459Z,sell,5.75e-05,110.0,0.006325
BCD/BTC,1573656811962,2019-11-13T14:53:31.962Z,sell,5.75e-05,282.0,0.016215
BCD/BTC,1573656823169,2019-11-13T14:53:43.169Z,buy,5.759e-05,80.0,0.0046072
BCD/BTC,1573656823169,2019-11-13T14:53:43.169Z,buy,5.76e-05,348.0,0.0200447999999999
BCD/BTC,1573656823169,2019-11-13T14:53:43.169Z,buy,5.765e-05,280.0,0.016142
BCD/BTC,1573656823169,2019-11-13T14:53:43.169Z,buy,5.766e-05,193.0,0.01112838
BCD/BTC,1573656823169,2019-11-13T14:53:43.169Z,buy,5.767e-05,752.0,0.04336784
BCD/BTC,1573657010903,2019-11-13T14:56:50.903Z,sell,5.745e-05,62.0,0.0035619
BCD/BTC,1573657010903,2019-11-13T14:56:50.903Z,sell,5.744e-05,81.0,0.0046526399999999
BCD/BTC,1573657147823,2019-11-13T14:59:07.823Z,buy,5.763e-05,14.0,0.00080682
BCD/BTC,1573657625293,2019-11-13T15:07:05.293Z,buy,5.758e-05,93.0,0.00535494
BCD/BTC,1573657625293,2019-11-13T15:07:05.293Z,buy,5.759e-05,348.0,0.02004132
BCD/BTC,1573657845629,2019-11-13T15:10:45.629Z,sell,5.759e-05,92.0,0.00529828
BCD/BTC,1573658253624,2019-11-13T15:17:33.624Z,buy,5.766e-05,53.0,0.00305598
BCD/BTC,1573658253624,2019-11-13T15:17:33.624Z,buy,5.767e-05,380.0,0.0219146
BCD/BTC,1573658253656,2019-11-13T15:17:33.656Z,buy,5.767e-05,182.0,0.01049594
BCD/BTC,1573658257224,2019-11-13T15:17:37.224Z,buy,5.772e-05,5.0,0.0002886
BCD/BTC,1573658257224,2019-11-13T15:17:37.224Z,buy,5.773e-05,13.0,0.0007504899999999
BCD/BTC,1573658257224,2019-11-13T15:17:37.224Z,buy,5.774e-05,2.0,0.00011548
BCD/BTC,1573658257224,2019-11-13T15:17:37.224Z,buy,5.778e-05,227.0,0.01311606
BCD/BTC,1573658257224,2019-11-13T15:17:37.224Z,buy,5.781e-05,3.0,0.00017343
BCD/BTC,1573658257224,2019-11-13T15:17:37.224Z,buy,5.782e-05,22.0,0.0012720399999999
BCD/BTC,1573658257224,2019-11-13T15:17:37.224Z,buy,5.783e-05,161.0,0.00931063
BCD/BTC,1573658258789,2019-11-13T15:17:38.789Z,sell,5.762e-05,856.0,0.04932272
BCD/BTC,1573658258789,2019-11-13T15:17:38.789Z,sell,5.761e-05,223.0,0.01284703
BCD/BTC,1573658391788,2019-11-13T15:19:51.788Z,buy,5.76e-05,84.0,0.0048384
BCD/BTC,1573658452881,2019-11-13T15:20:52.881Z,buy,5.76e-05,2327.0,0.1340352
BCD/BTC,1573658518283,2019-11-13T15:21:58.283Z,buy,5.76e-05,38.0,0.0021888
BCD/BTC,1573658518290,2019-11-13T15:21:58.290Z,buy,5.76e-05,26.0,0.0014976
BCD/BTC,1573658622199,2019-11-13T15:23:42.199Z,buy,5.76e-05,12.0,0.0006912
BCD/BTC,1573658622199,2019-11-13T15:23:42.199Z,buy,5.76e-05,12.0,0.0006912
BCD/BTC,1573659072670,2019-11-13T15:31:12.670Z,buy,5.758e-05,112.0,0.00644896
BCD/BTC,1573659087578,2019-11-13T15:31:27.578Z,buy,5.757e-05,254.0,0.01462278
BCD/BTC,1573659140945,2019-11-13T15:32:20.945Z,buy,5.758e-05,2.0,0.00011516
BCD/BTC,1573660314484,2019-11-13T15:51:54.484Z,sell,5.758e-05,112.0,0.00644896
BCD/BTC,1573661119628,2019-11-13T16:05:19.628Z,sell,5.748e-05,26.0,0.0014944799999999
BCD/BTC,1573661119628,2019-11-13T16:05:19.628Z,sell,5.743e-05,9.0,0.00051687
BCD/BTC,1573661119628,2019-11-13T16:05:19.628Z,sell,5.741e-05,348.0,0.01997868
BCD/BTC,1573661119628,2019-11-13T16:05:19.628Z,sell,5.74e-05,200.0,0.01148
BCD/BTC,1573661119628,2019-11-13T16:05:19.628Z,sell,5.734e-05,5.0,0.0002867
BCD/BTC,1573661119628,2019-11-13T16:05:19.628Z,sell,5.732e-05,2.0,0.00011464
BCD/BTC,1573661119628,2019-11-13T16:05:19.628Z,sell,5.73e-05,38.0,0.0021774
BCD/BTC,1573661119628,2019-11-13T16:05:19.628Z,sell,5.726e-05,19.0,0.00108794
BCD/BTC,1573661119628,2019-11-13T16:05:19.628Z,sell,5.725e-05,28.0,0.001603
BCD/BTC,1573661119628,2019-11-13T16:05:19.628Z,sell,5.722e-05,193.0,0.01104346
BCD/BTC,1573661119628,2019-11-13T16:05:19.628Z,sell,5.721e-05,574.0,0.03283854
BCD/BTC,1573661162046,2019-11-13T16:06:02.046Z,buy,5.745e-05,3.0,0.00017235
BCD/BTC,1573661162046,2019-11-13T16:06:02.046Z,buy,5.749e-05,7.0,0.00040243
BCD/BTC,1573661286560,2019-11-13T16:08:06.560Z,buy,5.748e-05,25.0,0.001437
BCD/BTC,1573661287656,2019-11-13T16:08:07.656Z,buy,5.758e-05,25.0,0.0014395
BCD/BTC,1573661635417,2019-11-13T16:13:55.417Z,buy,5.758e-05,25.0,0.0014395
BCD/BTC,1573661733273,2019-11-13T16:15:33.273Z,buy,5.754e-05,109.0,0.00627186
BCD/BTC,1573661733504,2019-11-13T16:15:33.504Z,buy,5.753e-05,16.0,0.00092048
BCD/BTC,1573661734663,2019-11-13T16:15:34.663Z,buy,5.753e-05,74.0,0.00425722
BCD/BTC,1573661734663,2019-11-13T16:15:34.663Z,buy,5.753e-05,74.0,0.00425722
BCD/BTC,1573662572837,2019-11-13T16:29:32.837Z,buy,5.744e-05,25.0,0.001436
BCD/BTC,1573662573935,2019-11-13T16:29:33.935Z,buy,5.744e-05,25.0,0.001436
BCD/BTC,1573662581699,2019-11-13T16:29:41.699Z,buy,5.743e-05,25.0,0.00143575
BCD/BTC,1573662582743,2019-11-13T16:29:42.743Z,buy,5.743e-05,25.0,0.00143575
BCD/BTC,1573662826620,2019-11-13T16:33:46.620Z,buy,5.743e-05,25.0,0.00143575
BCD/BTC,1573662827737,2019-11-13T16:33:47.737Z,buy,5.743e-05,25.0,0.00143575
BCD/BTC,1573662828754,2019-11-13T16:33:48.754Z,buy,5.743e-05,25.0,0.00143575
BCD/BTC,1573662829769,2019-11-13T16:33:49.769Z,buy,5.743e-05,25.0,0.00143575
BCD/BTC,1573662830768,2019-11-13T16:33:50.768Z,buy,5.743e-05,25.0,0.00143575
BCD/BTC,1573662831696,2019-11-13T16:33:51.696Z,buy,5.743e-05,25.0,0.00143575
BCD/BTC,1573662832850,2019-11-13T16:33:52.850Z,buy,5.743e-05,25.0,0.00143575
BCD/BTC,1573662834062,2019-11-13T16:33:54.062Z,buy,5.743e-05,25.0,0.00143575
BCD/BTC,1573662835209,2019-11-13T16:33:55.209Z,buy,5.743e-05,25.0,0.00143575
BCD/BTC,1573662836151,2019-11-13T16:33:56.151Z,buy,5.743e-05,25.0,0.00143575
BCD/BTC,1573662837246,2019-11-13T16:33:57.246Z,buy,5.743e-05,25.0,0.00143575
BCD/BTC,1573662838231,2019-11-13T16:33:58.231Z,buy,5.743e-05,25.0,0.00143575
BCD/BTC,1573662839181,2019-11-13T16:33:59.181Z,buy,5.743e-05,25.0,0.00143575
BCD/BTC,1573662840109,2019-11-13T16:34:00.109Z,buy,5.743e-05,25.0,0.00143575
BCD/BTC,1573662841222,2019-11-13T16:34:01.222Z,buy,5.743e-05,25.0,0.00143575
BCD/BTC,1573662842231,2019-11-13T16:34:02.231Z,buy,5.743e-05,25.0,0.00143575
BCD/BTC,1573662843237,2019-11-13T16:34:03.237Z,buy,5.743e-05,25.0,0.00143575
BCD/BTC,1573662844184,2019-11-13T16:34:04.184Z,buy,5.743e-05,25.0,0.00143575
BCD/BTC,1573662845394,2019-11-13T16:34:05.394Z,buy,5.743e-05,25.0,0.00143575
BCD/BTC,1573662846574,2019-11-13T16:34:06.574Z,buy,5.743e-05,25.0,0.00143575
BCD/BTC,1573662847512,2019-11-13T16:34:07.512Z,buy,5.743e-05,25.0,0.00143575
BCD/BTC,1573662888351,2019-11-13T16:34:48.351Z,buy,5.743e-05,25.0,0.00143575
BCD/BTC,1573662889563,2019-11-13T16:34:49.563Z,buy,5.743e-05,25.0,0.00143575
BCD/BTC,1573662890528,2019-11-13T16:34:50.528Z,buy,5.743e-05,25.0,0.00143575
BCD/BTC,1573662901209,2019-11-13T16:35:01.209Z,buy,5.743e-05,25.0,0.00143575
BCD/BTC,1573663028203,2019-11-13T16:37:08.203Z,buy,5.743e-05,2.0,0.00011486
BCD/BTC,1573663414790,2019-11-13T16:43:34.790Z,sell,5.735e-05,15.0,0.00086025
BCD/BTC,1573663955389,2019-11-13T16:52:35.389Z,sell,5.735e-05,155.0,0.00888925
BCD/BTC,1573663955389,2019-11-13T16:52:35.389Z,sell,5.734e-05,50.0,0.002867
BCD/BTC,1573663955389,2019-11-13T16:52:35.389Z,sell,5.73e-05,133.0,0.0076209
BCD/BTC,1573664010140,2019-11-13T16:53:30.140Z,buy,5.743e-05,6.0,0.00034458
BCD/BTC,1573664010140,2019-11-13T16:53:30.140Z,buy,5.758e-05,4.0,0.00023032
BCD/BTC,1573664102418,2019-11-13T16:55:02.418Z,buy,5.753e-05,3.0,0.00017259
BCD/BTC,1573664102445,2019-11-13T16:55:02.445Z,buy,5.753e-05,50.0,0.0028765
BCD/BTC,1573664102475,2019-11-13T16:55:02.475Z,buy,5.753e-05,87.0,0.00500511
BCD/BTC,1573664125428,2019-11-13T16:55:25.428Z,buy,5.754e-05,1.0,5.754e-05
BCD/BTC,1573664376999,2019-11-13T16:59:36.999Z,sell,5.731e-05,144.0,0.00825264
BCD/BTC,1573664376999,2019-11-13T16:59:36.999Z,sell,5.73e-05,46.0,0.0026357999999999
BCD/BTC,1573664547440,2019-11-13T17:02:27.440Z,sell,5.73e-05,11.0,0.0006303
BCD/BTC,1573665178074,2019-11-13T17:12:58.074Z,sell,5.733e-05,34.0,0.00194922
BCD/BTC,1573665178074,2019-11-13T17:12:58.074Z,sell,5.733e-05,34.0,0.00194922
BCD/BTC,1573665423582,2019-11-13T17:17:03.582Z,buy,5.75e-05,32.0,0.00184
BCD/BTC,1573665720323,2019-11-13T17:22:00.323Z,sell,5.75e-05,3.0,0.0001725
BCD/BTC,1573665720323,2019-11-13T17:22:00.323Z,sell,5.731e-05,9.0,0.00051579
BCD/BTC,1573665720373,2019-11-13T17:22:00.373Z,buy,5.751e-05,348.0,0.02001348
BCD/BTC,1573665720373,2019-11-13T17:22:00.373Z,buy,5.752e-05,43.0,0.00247336
BCD/BTC,1573665720380,2019-11-13T17:22:00.380Z,buy,5.752e-05,18.0,0.00103536
BCD/BTC,1573665720728,2019-11-13T17:22:00.728Z,buy,5.756e-05,32.0,0.00184192
BCD/BTC,1573665721185,2019-11-13T17:22:01.185Z,buy,5.76e-05,19.0,0.0010944
BCD/BTC,1573665721185,2019-11-13T17:22:01.185Z,buy,5.76e-05,599.0,0.0345023999999999
BCD/BTC,1573665721185,2019-11-13T17:22:01.185Z,buy,5.76e-05,8.0,0.0004608
BCD/BTC,1573665725810,2019-11-13T17:22:05.810Z,buy,5.76e-05,359.0,0.0206784
BCD/BTC,1573665735907,2019-11-13T17:22:15.907Z,buy,5.76e-05,373.0,0.0214848
BCD/BTC,1573665802902,2019-11-13T17:23:22.902Z,buy,5.76e-05,10.0,0.000576
BCD/BTC,1573665959798,2019-11-13T17:25:59.798Z,buy,5.76e-05,138.0,0.0079487999999999
BCD/BTC,1573665995542,2019-11-13T17:26:35.542Z,buy,5.76e-05,26.0,0.0014976
BCD/BTC,1573665995599,2019-11-13T17:26:35.599Z,buy,5.76e-05,26.0,0.0014976
BCD/BTC,1573666067470,2019-11-13T17:27:47.470Z,buy,5.76e-05,322.0,0.0185472
BCD/BTC,1573666227625,2019-11-13T17:30:27.625Z,buy,5.76e-05,37.0,0.0021311999999999
BCD/BTC,1573666281785,2019-11-13T17:31:21.785Z,buy,5.76e-05,100.0,0.0057599999999999
BCD/BTC,1573666511666,2019-11-13T17:35:11.666Z,buy,5.76e-05,181.0,0.0104256
BCD/BTC,1573666578773,2019-11-13T17:36:18.773Z,sell,5.759e-05,67.0,0.00385853
BCD/BTC,1573666578869,2019-11-13T17:36:18.869Z,sell,5.759e-05,25.0,0.00143975
BCD/BTC,1573666641075,2019-11-13T17:37:21.075Z,sell,5.734e-05,33.0,0.00189222
BCD/BTC,1573666872120,2019-11-13T17:41:12.120Z,buy,5.757e-05,33.0,0.00189981
BCD/BTC,1573666881305,2019-11-13T17:41:21.305Z,buy,5.758e-05,48.0,0.00276384
BCD/BTC,1573666989160,2019-11-13T17:43:09.160Z,buy,5.76e-05,32.0,0.0018432
BCD/BTC,1573667009716,2019-11-13T17:43:29.716Z,buy,5.759e-05,27.0,0.00155493
BCD/BTC,1573667033289,2019-11-13T17:43:53.289Z,buy,5.759e-05,88.0,0.00506792
BCD/BTC,1573667040551,2019-11-13T17:44:00.551Z,buy,5.759e-05,55.0,0.00316745
BCD/BTC,1573667049597,2019-11-13T17:44:09.597Z,buy,5.759e-05,53.0,0.00305227
BCD/BTC,1573667056502,2019-11-13T17:44:16.502Z,buy,5.759e-05,135.0,0.00777465
BCD/BTC,1573667063416,2019-11-13T17:44:23.416Z,buy,5.759e-05,135.0,0.00777465
BCD/BTC,1573667070358,2019-11-13T17:44:30.358Z,buy,5.759e-05,135.0,0.00777465
BCD/BTC,1573667077217,2019-11-13T17:44:37.217Z,buy,5.759e-05,135.0,0.00777465
BCD/BTC,1573667084170,2019-11-13T17:44:44.170Z,buy,5.759e-05,135.0,0.00777465
BCD/BTC,1573667091075,2019-11-13T17:44:51.075Z,buy,5.759e-05,100.0,0.005759
BCD/BTC,1573667098040,2019-11-13T17:44:58.040Z,buy,5.759e-05,72.0,0.00414648
BCD/BTC,1573667109077,2019-11-13T17:45:09.077Z,buy,5.759e-05,135.0,0.00777465
BCD/BTC,1573667116050,2019-11-13T17:45:16.050Z,buy,5.76e-05,32.0,0.0018432
BCD/BTC,1573667123026,2019-11-13T17:45:23.026Z,buy,5.76e-05,91.0,0.0052416
BCD/BTC,1573667134276,2019-11-13T17:45:34.276Z,buy,5.76e-05,69.0,0.0039743999999999
BCD/BTC,1573667166204,2019-11-13T17:46:06.204Z,buy,5.76e-05,135.0,0.007776
BCD/BTC,1573667173187,2019-11-13T17:46:13.187Z,buy,5.76e-05,135.0,0.007776
BCD/BTC,1573667180152,2019-11-13T17:46:20.152Z,buy,5.76e-05,60.0,0.003456
BCD/BTC,1573667232073,2019-11-13T17:47:12.073Z,buy,5.76e-05,8.0,0.0004608
BCD/BTC,1573667550713,2019-11-13T17:52:30.713Z,sell,5.738e-05,6.0,0.00034428
BCD/BTC,1573667729646,2019-11-13T17:55:29.646Z,sell,5.739e-05,186.0,0.01067454
BCD/BTC,1573667765465,2019-11-13T17:56:05.465Z,buy,5.759e-05,135.0,0.00777465
BCD/BTC,1573667781455,2019-11-13T17:56:21.455Z,buy,5.759e-05,46.0,0.00264914
BCD/BTC,1573667880521,2019-11-13T17:58:00.521Z,buy,5.759e-05,5.0,0.00028795
BCD/BTC,1573667880521,2019-11-13T17:58:00.521Z,buy,5.76e-05,20.0,0.001152
BCD/BTC,1573667881156,2019-11-13T17:58:01.156Z,buy,5.76e-05,135.0,0.007776
BCD/BTC,1573667885831,2019-11-13T17:58:05.831Z,buy,5.76e-05,25.0,0.0014399999999999
BCD/BTC,1573667887499,2019-11-13T17:58:07.499Z,buy,5.76e-05,25.0,0.0014399999999999
BCD/BTC,1573667889100,2019-11-13T17:58:09.100Z,buy,5.76e-05,135.0,0.007776
BCD/BTC,1573667896041,2019-11-13T17:58:16.041Z,buy,5.76e-05,135.0,0.007776
BCD/BTC,1573667899357,2019-11-13T17:58:19.357Z,buy,5.759e-05,25.0,0.00143975
BCD/BTC,1573667901031,2019-11-13T17:58:21.031Z,buy,5.759e-05,25.0,0.00143975
BCD/BTC,1573667902678,2019-11-13T17:58:22.678Z,buy,5.76e-05,25.0,0.0014399999999999
BCD/BTC,1573667903083,2019-11-13T17:58:23.083Z,buy,5.76e-05,135.0,0.007776
BCD/BTC,1573667910001,2019-11-13T17:58:30.001Z,buy,5.76e-05,135.0,0.007776
BCD/BTC,1573667911097,2019-11-13T17:58:31.097Z,buy,5.76e-05,173.0,0.0099648
BCD/BTC,1573667916965,2019-11-13T17:58:36.965Z,buy,5.76e-05,135.0,0.007776
BCD/BTC,1573667925064,2019-11-13T17:58:45.064Z,buy,5.76e-05,135.0,0.007776
BCD/BTC,1573668037463,2019-11-13T18:00:37.463Z,buy,5.76e-05,25.0,0.0014399999999999
BCD/BTC,1573668106493,2019-11-13T18:01:46.493Z,buy,5.76e-05,21.0,0.0012096
BCD/BTC,1573668242315,2019-11-13T18:04:02.315Z,buy,5.76e-05,2.0,0.0001152
BCD/BTC,1573668681071,2019-11-13T18:11:21.071Z,buy,5.76e-05,25.0,0.0014399999999999
BCD/BTC,1573668682661,2019-11-13T18:11:22.661Z,buy,5.76e-05,25.0,0.0014399999999999
BCD/BTC,1573668684240,2019-11-13T18:11:24.240Z,buy,5.76e-05,25.0,0.0014399999999999
BCD/BTC,1573668686197,2019-11-13T18:11:26.197Z,buy,5.76e-05,25.0,0.0014399999999999
BCD/BTC,1573668686197,2019-11-13T18:11:26.197Z,buy,5.76e-05,25.0,0.0014399999999999
BCD/BTC,1573668934977,2019-11-13T18:15:34.977Z,sell,5.732e-05,23.0,0.00131836
BCD/BTC,1573668948487,2019-11-13T18:15:48.487Z,buy,5.738e-05,25.0,0.0014345
BCD/BTC,1573668950182,2019-11-13T18:15:50.182Z,buy,5.738e-05,25.0,0.0014345
BCD/BTC,1573668951756,2019-11-13T18:15:51.756Z,buy,5.738e-05,25.0,0.0014345
BCD/BTC,1573668953402,2019-11-13T18:15:53.402Z,buy,5.738e-05,25.0,0.0014345
BCD/BTC,1573668955065,2019-11-13T18:15:55.065Z,buy,5.738e-05,25.0,0.0014345
BCD/BTC,1573668956689,2019-11-13T18:15:56.689Z,buy,5.738e-05,25.0,0.0014345
BCD/BTC,1573668958312,2019-11-13T18:15:58.312Z,buy,5.738e-05,25.0,0.0014345
BCD/BTC,1573668960386,2019-11-13T18:16:00.386Z,buy,5.738e-05,25.0,0.0014345
BCD/BTC,1573668961917,2019-11-13T18:16:01.917Z,buy,5.738e-05,25.0,0.0014345
BCD/BTC,1573668963512,2019-11-13T18:16:03.512Z,buy,5.738e-05,25.0,0.0014345
BCD/BTC,1573668965067,2019-11-13T18:16:05.067Z,buy,5.738e-05,25.0,0.0014345
BCD/BTC,1573668966742,2019-11-13T18:16:06.742Z,buy,5.738e-05,25.0,0.0014345
BCD/BTC,1573668968318,2019-11-13T18:16:08.318Z,buy,5.738e-05,25.0,0.0014345
BCD/BTC,1573668969843,2019-11-13T18:16:09.843Z,buy,5.738e-05,25.0,0.0014345
BCD/BTC,1573668971443,2019-11-13T18:16:11.443Z,buy,5.738e-05,25.0,0.0014345
BCD/BTC,1573668973328,2019-11-13T18:16:13.328Z,buy,5.738e-05,25.0,0.0014345
BCD/BTC,1573668975649,2019-11-13T18:16:15.649Z,buy,5.738e-05,25.0,0.0014345
BCD/BTC,1573668977298,2019-11-13T18:16:17.298Z,buy,5.738e-05,25.0,0.0014345
BCD/BTC,1573668978924,2019-11-13T18:16:18.924Z,buy,5.738e-05,25.0,0.0014345
BCD/BTC,1573668980537,2019-11-13T18:16:20.537Z,buy,5.738e-05,25.0,0.0014345
BCD/BTC,1573668982106,2019-11-13T18:16:22.106Z,buy,5.738e-05,25.0,0.0014345
BCD/BTC,1573668983630,2019-11-13T18:16:23.630Z,buy,5.738e-05,25.0,0.0014345
BCD/BTC,1573668985223,2019-11-13T18:16:25.223Z,buy,5.738e-05,25.0,0.0014345
BCD/BTC,1573668988014,2019-11-13T18:16:28.014Z,buy,5.738e-05,25.0,0.0014345
BCD/BTC,1573668989590,2019-11-13T18:16:29.590Z,buy,5.738e-05,25.0,0.0014345
BCD/BTC,1573668999130,2019-11-13T18:16:39.130Z,buy,5.738e-05,13.0,0.00074594
BCD/BTC,1573669024856,2019-11-13T18:17:04.856Z,buy,5.738e-05,429.0,0.02461602
BCD/BTC,1573669282732,2019-11-13T18:21:22.732Z,buy,5.738e-05,40.0,0.0022952
BCD/BTC,1573669324835,2019-11-13T18:22:04.835Z,buy,5.738e-05,34.0,0.00195092
BCD/BTC,1573669533181,2019-11-13T18:25:33.181Z,buy,5.738e-05,129.0,0.00740202
BCD/BTC,1573669533756,2019-11-13T18:25:33.756Z,buy,5.738e-05,6.0,0.00034428
BCD/BTC,1573669745158,2019-11-13T18:29:05.158Z,sell,5.73e-05,97.0,0.0055581
BCD/BTC,1573669907250,2019-11-13T18:31:47.250Z,buy,5.738e-05,958.0,0.05497004
BCD/BTC,1573670026984,2019-11-13T18:33:46.984Z,buy,5.738e-05,87.0,0.00499206
BCD/BTC,1573670383060,2019-11-13T18:39:43.060Z,sell,5.734e-05,233.0,0.01336022
BCD/BTC,1573670575906,2019-11-13T18:42:55.906Z,buy,5.734e-05,20.0,0.0011468
BCD/BTC,1573670584389,2019-11-13T18:43:04.389Z,sell,5.73e-05,145.0,0.0083085
BCD/BTC,1573670900876,2019-11-13T18:48:20.876Z,buy,5.729e-05,75.0,0.00429675
BCD/BTC,1573670904264,2019-11-13T18:48:24.264Z,buy,5.729e-05,69.0,0.00395301
BCD/BTC,1573670916631,2019-11-13T18:48:36.631Z,buy,5.729e-05,368.0,0.02108272
BCD/BTC,1573670917925,2019-11-13T18:48:37.925Z,buy,5.729e-05,38.0,0.00217702
BCD/BTC,1573670925512,2019-11-13T18:48:45.512Z,buy,5.729e-05,368.0,0.02108272
BCD/BTC,1573670926381,2019-11-13T18:48:46.381Z,buy,5.729e-05,19.0,0.00108851
BCD/BTC,1573670947951,2019-11-13T18:49:07.951Z,buy,5.729e-05,2.0,0.00011458
BCD/BTC,1573671231243,2019-11-13T18:53:51.243Z,sell,5.714e-05,22.0,0.00125708
BCD/BTC,1573671231243,2019-11-13T18:53:51.243Z,sell,5.711e-05,18.0,0.00102798
BCD/BTC,1573671231243,2019-11-13T18:53:51.243Z,sell,5.71e-05,350.0,0.019985
BCD/BTC,1573671231285,2019-11-13T18:53:51.285Z,buy,5.71e-05,40.0,0.002284
BCD/BTC,1573671231313,2019-11-13T18:53:51.313Z,buy,5.71e-05,2.0,0.0001142
BCD/BTC,1573671269543,2019-11-13T18:54:29.543Z,buy,5.729e-05,35.0,0.00200515
BCD/BTC,1573671270042,2019-11-13T18:54:30.042Z,buy,5.729e-05,37.0,0.00211973
BCD/BTC,1573671442490,2019-11-13T18:57:22.490Z,buy,5.729e-05,134.0,0.00767686
BCD/BTC,1573671458290,2019-11-13T18:57:38.290Z,buy,5.729e-05,9.0,0.00051561
BCD/BTC,1573671921148,2019-11-13T19:05:21.148Z,buy,5.731e-05,312.0,0.01788072
BCD/BTC,1573671954249,2019-11-13T19:05:54.249Z,buy,5.731e-05,34.0,0.00194854
BCD/BTC,1573671957147,2019-11-13T19:05:57.147Z,buy,5.732e-05,34.0,0.00194888
BCD/BTC,1573671968782,2019-11-13T19:06:08.782Z,buy,5.731e-05,4.0,0.00022924
BCD/BTC,1573671968782,2019-11-13T19:06:08.782Z,buy,5.732e-05,29.0,0.00166228
BCD/BTC,1573671969390,2019-11-13T19:06:09.390Z,buy,5.732e-05,28.0,0.00160496
BCD/BTC,1573671970296,2019-11-13T19:06:10.296Z,buy,5.732e-05,11.0,0.00063052
BCD/BTC,1573672050813,2019-11-13T19:07:30.813Z,buy,5.732e-05,30.0,0.0017196
BCD/BTC,1573672050839,2019-11-13T19:07:30.839Z,buy,5.732e-05,1.0,5.732e-05
BCD/BTC,1573672050839,2019-11-13T19:07:30.839Z,buy,5.734e-05,29.0,0.00166286
BCD/BTC,1573672050839,2019-11-13T19:07:30.839Z,buy,5.732e-05,1.0,5.732e-05
BCD/BTC,1573672050839,2019-11-13T19:07:30.839Z,buy,5.734e-05,29.0,0.00166286
BCD/BTC,1573672770695,2019-11-13T19:19:30.695Z,sell,5.716e-05,17.0,0.00097172
BCD/BTC,1573672867819,2019-11-13T19:21:07.819Z,buy,5.734e-05,25.0,0.0014335
BCD/BTC,1573672869448,2019-11-13T19:21:09.448Z,buy,5.734e-05,25.0,0.0014335
BCD/BTC,1573672871219,2019-11-13T19:21:11.219Z,buy,5.734e-05,25.0,0.0014335
BCD/BTC,1573672872974,2019-11-13T19:21:12.974Z,buy,5.734e-05,25.0,0.0014335
BCD/BTC,1573672874593,2019-11-13T19:21:14.593Z,buy,5.734e-05,25.0,0.0014335
BCD/BTC,1573672877126,2019-11-13T19:21:17.126Z,buy,5.734e-05,25.0,0.0014335
BCD/BTC,1573672879281,2019-11-13T19:21:19.281Z,buy,5.734e-05,25.0,0.0014335
BCD/BTC,1573672880929,2019-11-13T19:21:20.929Z,buy,5.734e-05,25.0,0.0014335
BCD/BTC,1573672883050,2019-11-13T19:21:23.050Z,buy,5.734e-05,25.0,0.0014335
BCD/BTC,1573672884613,2019-11-13T19:21:24.613Z,buy,5.734e-05,25.0,0.0014335
BCD/BTC,1573672886196,2019-11-13T19:21:26.196Z,buy,5.734e-05,25.0,0.0014335
BCD/BTC,1573672887866,2019-11-13T19:21:27.866Z,buy,5.734e-05,25.0,0.0014335
BCD/BTC,1573672889487,2019-11-13T19:21:29.487Z,buy,5.734e-05,25.0,0.0014335
BCD/BTC,1573672891098,2019-11-13T19:21:31.098Z,buy,5.734e-05,25.0,0.0014335
BCD/BTC,1573672892751,2019-11-13T19:21:32.751Z,buy,5.734e-05,25.0,0.0014335
BCD/BTC,1573672894401,2019-11-13T19:21:34.401Z,buy,5.734e-05,25.0,0.0014335
BCD/BTC,1573672896046,2019-11-13T19:21:36.046Z,buy,5.734e-05,25.0,0.0014335
BCD/BTC,1573672897877,2019-11-13T19:21:37.877Z,buy,5.734e-05,25.0,0.0014335
BCD/BTC,1573672899529,2019-11-13T19:21:39.529Z,buy,5.734e-05,25.0,0.0014335
BCD/BTC,1573672901136,2019-11-13T19:21:41.136Z,buy,5.734e-05,25.0,0.0014335
BCD/BTC,1573672903476,2019-11-13T19:21:43.476Z,buy,5.734e-05,25.0,0.0014335
BCD/BTC,1573672905029,2019-11-13T19:21:45.029Z,buy,5.734e-05,25.0,0.0014335
BCD/BTC,1573672906800,2019-11-13T19:21:46.800Z,buy,5.734e-05,25.0,0.0014335
BCD/BTC,1573672908331,2019-11-13T19:21:48.331Z,buy,5.734e-05,25.0,0.0014335
BCD/BTC,1573672910028,2019-11-13T19:21:50.028Z,buy,5.734e-05,25.0,0.0014335
BCD/BTC,1573672911793,2019-11-13T19:21:51.793Z,buy,5.734e-05,25.0,0.0014335
BCD/BTC,1573672913945,2019-11-13T19:21:53.945Z,buy,5.734e-05,25.0,0.0014335
BCD/BTC,1573672914897,2019-11-13T19:21:54.897Z,buy,5.734e-05,270.0,0.0154818
BCD/BTC,1573672915520,2019-11-13T19:21:55.520Z,buy,5.734e-05,25.0,0.0014335
BCD/BTC,1573672917803,2019-11-13T19:21:57.803Z,buy,5.734e-05,25.0,0.0014335
BCD/BTC,1573672919594,2019-11-13T19:21:59.594Z,buy,5.734e-05,25.0,0.0014335
BCD/BTC,1573672921369,2019-11-13T19:22:01.369Z,buy,5.734e-05,25.0,0.0014335
BCD/BTC,1573672921952,2019-11-13T19:22:01.952Z,buy,5.734e-05,162.0,0.00928908
BCD/BTC,1573672923025,2019-11-13T19:22:03.025Z,buy,5.734e-05,25.0,0.0014335
BCD/BTC,1573672924668,2019-11-13T19:22:04.668Z,buy,5.734e-05,25.0,0.0014335
BCD/BTC,1573672926356,2019-11-13T19:22:06.356Z,buy,5.734e-05,25.0,0.0014335
BCD/BTC,1573672928025,2019-11-13T19:22:08.025Z,buy,5.734e-05,25.0,0.0014335
BCD/BTC,1573672929637,2019-11-13T19:22:09.637Z,buy,5.734e-05,25.0,0.0014335
BCD/BTC,1573672930397,2019-11-13T19:22:10.397Z,buy,5.734e-05,86.0,0.00493124
BCD/BTC,1573672931333,2019-11-13T19:22:11.333Z,buy,5.734e-05,25.0,0.0014335
BCD/BTC,1573672969757,2019-11-13T19:22:49.757Z,buy,5.734e-05,83.0,0.00475922
BCD/BTC,1573673211287,2019-11-13T19:26:51.287Z,buy,5.748e-05,22.0,0.00126456
BCD/BTC,1573673211287,2019-11-13T19:26:51.287Z,buy,5.749e-05,36.0,0.00206964
BCD/BTC,1573673211884,2019-11-13T19:26:51.884Z,buy,5.749e-05,2.0,0.00011498
BCD/BTC,1573673391316,2019-11-13T19:29:51.316Z,buy,5.749e-05,25.0,0.00143725
BCD/BTC,1573673400176,2019-11-13T19:30:00.176Z,buy,5.749e-05,12.0,0.00068988
BCD/BTC,1573673400176,2019-11-13T19:30:00.176Z,buy,5.755e-05,13.0,0.00074815
BCD/BTC,1573673400862,2019-11-13T19:30:00.862Z,buy,5.755e-05,41.0,0.00235955
BCD/BTC,1573673401913,2019-11-13T19:30:01.913Z,buy,5.749e-05,2.0,0.00011498
BCD/BTC,1573673401913,2019-11-13T19:30:01.913Z,buy,5.755e-05,21.0,0.00120855
BCD/BTC,1573673401913,2019-11-13T19:30:01.913Z,buy,5.76e-05,2.0,0.0001152
BCD/BTC,1573673728860,2019-11-13T19:35:28.860Z,sell,5.742e-05,50.0,0.002871
BCD/BTC,1573673728860,2019-11-13T19:35:28.860Z,sell,5.742e-05,50.0,0.002871
BCD/BTC,1573676186051,2019-11-13T20:16:26.051Z,sell,5.736e-05,103.0,0.00590808
BCD/BTC,1573676233327,2019-11-13T20:17:13.327Z,buy,5.757e-05,5.0,0.00028785
BCD/BTC,1573676688428,2019-11-13T20:24:48.428Z,buy,5.754e-05,43.0,0.00247422
BCD/BTC,1573676706419,2019-11-13T20:25:06.419Z,buy,5.754e-05,128.0,0.00736512
BCD/BTC,1573676706419,2019-11-13T20:25:06.419Z,buy,5.755e-05,306.0,0.0176103
BCD/BTC,1573676710725,2019-11-13T20:25:10.725Z,sell,5.737e-05,10.0,0.0005737
BCD/BTC,1573677137245,2019-11-13T20:32:17.245Z,buy,5.737e-05,33.0,0.00189321
BCD/BTC,1573677137245,2019-11-13T20:32:17.245Z,buy,5.737e-05,33.0,0.00189321
BCD/BTC,1573680596047,2019-11-13T21:29:56.047Z,sell,5.735e-05,25.0,0.00143375
BCD/BTC,1573680596047,2019-11-13T21:29:56.047Z,sell,5.735e-05,25.0,0.00143375
BCD/BTC,1573681110291,2019-11-13T21:38:30.291Z,sell,5.735e-05,9.0,0.0005161499999999
BCD/BTC,1573681315216,2019-11-13T21:41:55.216Z,sell,5.735e-05,200.0,0.01147
BCD/BTC,1573681418278,2019-11-13T21:43:38.278Z,sell,5.735e-05,506.0,0.0290191
BCD/BTC,1573682364137,2019-11-13T21:59:24.137Z,buy,5.748e-05,50.0,0.002874
BCD/BTC,1573682364137,2019-11-13T21:59:24.137Z,buy,5.749e-05,158.0,0.00908342
BCD/BTC,1573682373783,2019-11-13T21:59:33.783Z,buy,5.749e-05,41.0,0.00235709
BCD/BTC,1573682384427,2019-11-13T21:59:44.427Z,sell,5.734e-05,10.0,0.0005734
BCD/BTC,1573682752729,2019-11-13T22:05:52.729Z,buy,5.749e-05,219.0,0.01259031
BCD/BTC,1573682753323,2019-11-13T22:05:53.323Z,buy,5.749e-05,10.0,0.0005749
BCD/BTC,1573682788496,2019-11-13T22:06:28.496Z,sell,5.734e-05,9.0,0.00051606
BCD/BTC,1573682813029,2019-11-13T22:06:53.029Z,buy,5.749e-05,69.0,0.00396681
BCD/BTC,1573682813146,2019-11-13T22:06:53.146Z,buy,5.749e-05,44.0,0.00252956
BCD/BTC,1573682813318,2019-11-13T22:06:53.318Z,buy,5.749e-05,4.0,0.00022996
BCD/BTC,1573682813318,2019-11-13T22:06:53.318Z,buy,5.749e-05,4.0,0.00022996
BCD/BTC,1573686070733,2019-11-13T23:01:10.733Z,sell,5.734e-05,17.0,0.00097478
BCD/BTC,1573686163335,2019-11-13T23:02:43.335Z,buy,5.749e-05,24.0,0.00137976
BCD/BTC,1573686166815,2019-11-13T23:02:46.815Z,buy,5.749e-05,24.0,0.00137976
BCD/BTC,1573686268360,2019-11-13T23:04:28.360Z,buy,5.75e-05,25.0,0.0014375
BCD/BTC,1573686269295,2019-11-13T23:04:29.295Z,buy,5.75e-05,25.0,0.0014375
BCD/BTC,1573686270224,2019-11-13T23:04:30.224Z,buy,5.75e-05,25.0,0.0014375
BCD/BTC,1573686331614,2019-11-13T23:05:31.614Z,buy,5.75e-05,101.0,0.0058075
BCD/BTC,1573686331614,2019-11-13T23:05:31.614Z,buy,5.75e-05,101.0,0.0058075
BCD/BTC,1573686724448,2019-11-13T23:12:04.448Z,buy,5.76e-05,100.0,0.0057599999999999
BCD/BTC,1573686748409,2019-11-13T23:12:28.409Z,sell,5.749e-05,10.0,0.0005749
BCD/BTC,1573686968583,2019-11-13T23:16:08.583Z,buy,5.76e-05,1600.0,0.0921599999999999
BCD/BTC,1573687216905,2019-11-13T23:20:16.905Z,buy,5.76e-05,520.0,0.029952
BCD/BTC,1573687435183,2019-11-13T23:23:55.183Z,buy,5.76e-05,2.0,0.0001152
BCD/BTC,1573687435183,2019-11-13T23:23:55.183Z,buy,5.761e-05,2.0,0.00011522
BCD/BTC,1573687455190,2019-11-13T23:24:15.190Z,buy,5.76e-05,455.0,0.026208
BCD/BTC,1573688681007,2019-11-13T23:44:41.007Z,buy,5.761e-05,106.0,0.00610666
BCD/BTC,1573688681556,2019-11-13T23:44:41.556Z,buy,5.761e-05,5.0,0.00028805
BCD/BTC,1573689188918,2019-11-13T23:53:08.918Z,sell,5.76e-05,103.0,0.0059327999999999
BCD/BTC,1573689188949,2019-11-13T23:53:08.949Z,sell,5.76e-05,308.0,0.0177407999999999
BCD/BTC,1573689418638,2019-11-13T23:56:58.638Z,sell,5.751e-05,10.0,0.0005751
BCD/BTC,1573689584412,2019-11-13T23:59:44.412Z,sell,5.753e-05,10.0,0.0005752999999999
BCD/BTC,1573689642358,2019-11-14T00:00:42.358Z,sell,5.753e-05,10.0,0.0005752999999999
BCD/BTC,1573689690028,2019-11-14T00:01:30.028Z,sell,5.754e-05,7.0,0.00040278
BCD/BTC,1573689690028,2019-11-14T00:01:30.028Z,sell,5.754e-05,7.0,0.00040278
BCD/BTC,1573690179185,2019-11-14T00:09:39.185Z,sell,5.75e-05,19.0,0.0010925
BCD/BTC,1573690179185,2019-11-14T00:09:39.185Z,sell,5.749e-05,419.0,0.02408831
BCD/BTC,1573690179185,2019-11-14T00:09:39.185Z,sell,5.738e-05,4.0,0.00022952
BCD/BTC,1573691340071,2019-11-14T00:29:00.071Z,buy,5.754e-05,1667.0,0.09591918
BCD/BTC,1573692425168,2019-11-14T00:47:05.168Z,buy,5.763e-05,14.0,0.00080682
BCD/BTC,1573692425168,2019-11-14T00:47:05.168Z,buy,5.763e-05,14.0,0.00080682
BCD/BTC,1573693505471,2019-11-14T01:05:05.471Z,buy,5.762e-05,1.0,5.762e-05
BCD/BTC,1573693867538,2019-11-14T01:11:07.538Z,buy,5.762e-05,2.0,0.00011524
BCD/BTC,1573693867538,2019-11-14T01:11:07.538Z,buy,5.762e-05,2.0,0.00011524
BCD/BTC,1573696084713,2019-11-14T01:48:04.713Z,buy,5.763e-05,52.0,0.00299676
BCD/BTC,1573696090459,2019-11-14T01:48:10.459Z,buy,5.763e-05,92.0,0.00530196
BCD/BTC,1573696094676,2019-11-14T01:48:14.676Z,buy,5.763e-05,9.0,0.00051867
BCD/BTC,1573696095502,2019-11-14T01:48:15.502Z,buy,5.763e-05,34.0,0.00195942
BCD/BTC,1573696096456,2019-11-14T01:48:16.456Z,buy,5.763e-05,28.0,0.00161364
BCD/BTC,1573696239023,2019-11-14T01:50:39.023Z,buy,5.766e-05,28.0,0.00161448
BCD/BTC,1573696479118,2019-11-14T01:54:39.118Z,buy,5.769e-05,5.0,0.00028845
BCD/BTC,1573696479118,2019-11-14T01:54:39.118Z,buy,5.773e-05,13.0,0.0007504899999999
BCD/BTC,1573696479118,2019-11-14T01:54:39.118Z,buy,5.774e-05,1.0,5.774e-05
BCD/BTC,1573696482332,2019-11-14T01:54:42.332Z,buy,5.774e-05,14.0,0.0008083599999999
BCD/BTC,1573696485100,2019-11-14T01:54:45.100Z,buy,5.775e-05,9.0,0.00051975
BCD/BTC,1573696487844,2019-11-14T01:54:47.844Z,buy,5.775e-05,9.0,0.00051975
BCD/BTC,1573696491211,2019-11-14T01:54:51.211Z,buy,5.775e-05,9.0,0.00051975
BCD/BTC,1573696493012,2019-11-14T01:54:53.012Z,buy,5.775e-05,9.0,0.00051975
BCD/BTC,1573696498318,2019-11-14T01:54:58.318Z,buy,5.775e-05,9.0,0.00051975
BCD/BTC,1573696500397,2019-11-14T01:55:00.397Z,buy,5.775e-05,4.0,0.000231
BCD/BTC,1573696996200,2019-11-14T02:03:16.200Z,buy,5.774e-05,29.0,0.00167446
BCD/BTC,1573696996200,2019-11-14T02:03:16.200Z,buy,5.775e-05,25.0,0.00144375
BCD/BTC,1573697008333,2019-11-14T02:03:28.333Z,buy,5.775e-05,29.0,0.00167475
BCD/BTC,1573697464947,2019-11-14T02:11:04.947Z,buy,5.775e-05,48.0,0.002772
BCD/BTC,1573697465163,2019-11-14T02:11:05.163Z,buy,5.775e-05,39.0,0.00225225
BCD/BTC,1573697465200,2019-11-14T02:11:05.200Z,buy,5.775e-05,48.0,0.002772
BCD/BTC,1573697465350,2019-11-14T02:11:05.350Z,buy,5.775e-05,18.0,0.0010395
BCD/BTC,1573697465804,2019-11-14T02:11:05.804Z,buy,5.775e-05,45.0,0.00259875
BCD/BTC,1573697465954,2019-11-14T02:11:05.954Z,buy,5.775e-05,39.0,0.00225225
BCD/BTC,1573697465954,2019-11-14T02:11:05.954Z,buy,5.775e-05,39.0,0.00225225
BCD/BTC,1573697515806,2019-11-14T02:11:55.806Z,buy,5.774e-05,35.0,0.0020209
BCD/BTC,1573697517098,2019-11-14T02:11:57.098Z,buy,5.774e-05,29.0,0.00167446
BCD/BTC,1573697523784,2019-11-14T02:12:03.784Z,buy,5.774e-05,24.0,0.00138576
BCD/BTC,1573697526112,2019-11-14T02:12:06.112Z,buy,5.774e-05,21.0,0.00121254
BCD/BTC,1573697526980,2019-11-14T02:12:06.980Z,buy,5.774e-05,17.0,0.00098158
BCD/BTC,1573697528419,2019-11-14T02:12:08.419Z,buy,5.775e-05,9.0,0.00051975
BCD/BTC,1573697596235,2019-11-14T02:13:16.235Z,buy,5.774e-05,48.0,0.00277152
BCD/BTC,1573697596684,2019-11-14T02:13:16.684Z,buy,5.774e-05,48.0,0.00277152
BCD/BTC,1573697597930,2019-11-14T02:13:17.930Z,buy,5.774e-05,48.0,0.00277152
BCD/BTC,1573697598951,2019-11-14T02:13:18.951Z,buy,5.774e-05,43.0,0.00248282
BCD/BTC,1573697598951,2019-11-14T02:13:18.951Z,buy,5.775e-05,5.0,0.00028875
BCD/BTC,1573697600879,2019-11-14T02:13:20.879Z,buy,5.775e-05,48.0,0.002772
BCD/BTC,1573697601797,2019-11-14T02:13:21.797Z,buy,5.775e-05,48.0,0.002772
BCD/BTC,1573697616907,2019-11-14T02:13:36.907Z,buy,5.775e-05,48.0,0.002772
BCD/BTC,1573697618640,2019-11-14T02:13:38.640Z,buy,5.775e-05,48.0,0.002772
BCD/BTC,1573697618972,2019-11-14T02:13:38.972Z,buy,5.775e-05,48.0,0.002772
BCD/BTC,1573697621334,2019-11-14T02:13:41.334Z,buy,5.775e-05,48.0,0.002772
BCD/BTC,1573697621667,2019-11-14T02:13:41.667Z,buy,5.775e-05,48.0,0.002772
BCD/BTC,1573697624912,2019-11-14T02:13:44.912Z,buy,5.775e-05,48.0,0.002772
BCD/BTC,1573697626912,2019-11-14T02:13:46.912Z,buy,5.775e-05,27.0,0.00155925
BCD/BTC,1573697628248,2019-11-14T02:13:48.248Z,buy,5.775e-05,21.0,0.00121275
BCD/BTC,1573697630614,2019-11-14T02:13:50.614Z,buy,5.775e-05,16.0,0.000924
BCD/BTC,1573697631816,2019-11-14T02:13:51.816Z,buy,5.775e-05,16.0,0.000924
BCD/BTC,1573697632825,2019-11-14T02:13:52.825Z,buy,5.775e-05,12.0,0.000693
BCD/BTC,1573697634631,2019-11-14T02:13:54.631Z,buy,5.775e-05,9.0,0.00051975
BCD/BTC,1573697637051,2019-11-14T02:13:57.051Z,buy,5.775e-05,9.0,0.00051975
BCD/BTC,1573697638252,2019-11-14T02:13:58.252Z,buy,5.775e-05,9.0,0.00051975
BCD/BTC,1573697644675,2019-11-14T02:14:04.675Z,buy,5.775e-05,30.0,0.0017325
BCD/BTC,1573697647244,2019-11-14T02:14:07.244Z,buy,5.775e-05,23.0,0.00132825
BCD/BTC,1573697647609,2019-11-14T02:14:07.609Z,buy,5.775e-05,12.0,0.000693
BCD/BTC,1573697649057,2019-11-14T02:14:09.057Z,buy,5.775e-05,39.0,0.00225225
BCD/BTC,1573697653437,2019-11-14T02:14:13.437Z,buy,5.775e-05,31.0,0.00179025
BCD/BTC,1573697654721,2019-11-14T02:14:14.721Z,buy,5.775e-05,23.0,0.00132825
BCD/BTC,1573697657864,2019-11-14T02:14:17.864Z,buy,5.775e-05,55.0,0.00317625
BCD/BTC,1573697659026,2019-11-14T02:14:19.026Z,buy,5.775e-05,55.0,0.00317625
BCD/BTC,1573698134407,2019-11-14T02:22:14.407Z,buy,5.774e-05,66.0,0.00381084
BCD/BTC,1573698616929,2019-11-14T02:30:16.929Z,sell,5.748e-05,237.0,0.01362276
BCD/BTC,1573698616929,2019-11-14T02:30:16.929Z,sell,5.747e-05,347.0,0.01994209
BCD/BTC,1573698616929,2019-11-14T02:30:16.929Z,sell,5.746e-05,866.0,0.04976036
BCD/BTC,1573699235060,2019-11-14T02:40:35.060Z,sell,5.746e-05,2.0,0.00011492
BCD/BTC,1573699235060,2019-11-14T02:40:35.060Z,sell,5.739e-05,76.0,0.00436164
BCD/BTC,1573699408973,2019-11-14T02:43:28.973Z,sell,5.75e-05,41.0,0.0023575
BCD/BTC,1573699420961,2019-11-14T02:43:40.961Z,buy,5.763e-05,64.0,0.00368832
BCD/BTC,1573699421060,2019-11-14T02:43:41.060Z,buy,5.763e-05,90.0,0.0051867
BCD/BTC,1573699421125,2019-11-14T02:43:41.125Z,buy,5.764e-05,1.0,5.764e-05
BCD/BTC,1573699438485,2019-11-14T02:43:58.485Z,buy,5.764e-05,10.0,0.0005763999999999
BCD/BTC,1573699506204,2019-11-14T02:45:06.204Z,buy,5.764e-05,52.0,0.0029972799999999
BCD/BTC,1573699518051,2019-11-14T02:45:18.051Z,buy,5.764e-05,308.0,0.01775312
BCD/BTC,1573700187115,2019-11-14T02:56:27.115Z,buy,5.75e-05,447.0,0.0257025
BCD/BTC,1573700187123,2019-11-14T02:56:27.123Z,buy,5.75e-05,214.0,0.012305
BCD/BTC,1573700187124,2019-11-14T02:56:27.124Z,buy,5.75e-05,556.0,0.03197
BCD/BTC,1573700187766,2019-11-14T02:56:27.766Z,buy,5.75e-05,1279.0,0.0735425
BCD/BTC,1573700187895,2019-11-14T02:56:27.895Z,buy,5.75e-05,193.0,0.0110975
BCD/BTC,1573700187989,2019-11-14T02:56:27.989Z,buy,5.764e-05,2.0,0.00011528
BCD/BTC,1573700188023,2019-11-14T02:56:28.023Z,sell,5.77e-05,103.0,0.0059431
BCD/BTC,1573700188076,2019-11-14T02:56:28.076Z,sell,5.77e-05,22.0,0.0012694
BCD/BTC,1573700188097,2019-11-14T02:56:28.097Z,sell,5.77e-05,2.0,0.0001154
BCD/BTC,1573700188141,2019-11-14T02:56:28.141Z,sell,5.77e-05,9.0,0.0005193
BCD/BTC,1573700188882,2019-11-14T02:56:28.882Z,sell,5.77e-05,16.0,0.0009232
BCD/BTC,1573700195317,2019-11-14T02:56:35.317Z,buy,5.773e-05,171.0,0.00987183
BCD/BTC,1573700195516,2019-11-14T02:56:35.516Z,buy,5.773e-05,171.0,0.00987183
BCD/BTC,1573700203488,2019-11-14T02:56:43.488Z,buy,5.773e-05,5.0,0.00028865
BCD/BTC,1573700203488,2019-11-14T02:56:43.488Z,buy,5.774e-05,239.0,0.01379986
BCD/BTC,1573700218993,2019-11-14T02:56:58.993Z,buy,5.774e-05,50.0,0.002887
BCD/BTC,1573700218993,2019-11-14T02:56:58.993Z,buy,5.775e-05,121.0,0.00698775
BCD/BTC,1573700219265,2019-11-14T02:56:59.265Z,buy,5.775e-05,171.0,0.00987525
BCD/BTC,1573700220018,2019-11-14T02:57:00.018Z,buy,5.775e-05,156.0,0.009009
BCD/BTC,1573700220292,2019-11-14T02:57:00.292Z,buy,5.775e-05,171.0,0.00987525
BCD/BTC,1573700220292,2019-11-14T02:57:00.292Z,buy,5.775e-05,171.0,0.00987525
BCD/BTC,1573701557667,2019-11-14T03:19:17.667Z,buy,5.755e-05,434.0,0.0249767
BCD/BTC,1573701558162,2019-11-14T03:19:18.162Z,buy,5.755e-05,204.0,0.0117402
BCD/BTC,1573701558173,2019-11-14T03:19:18.173Z,buy,5.755e-05,200.0,0.01151
BCD/BTC,1573701558349,2019-11-14T03:19:18.349Z,buy,5.755e-05,27.0,0.00155385
BCD/BTC,1573701558452,2019-11-14T03:19:18.452Z,buy,5.755e-05,83.0,0.00477665
BCD/BTC,1573701558698,2019-11-14T03:19:18.698Z,buy,5.755e-05,402.0,0.0231351
BCD/BTC,1573701558997,2019-11-14T03:19:18.997Z,buy,5.755e-05,128.0,0.0073664
BCD/BTC,1573701559332,2019-11-14T03:19:19.332Z,buy,5.755e-05,204.0,0.0117402
BCD/BTC,1573701559739,2019-11-14T03:19:19.739Z,buy,5.755e-05,402.0,0.0231351
BCD/BTC,1573701560021,2019-11-14T03:19:20.021Z,buy,5.755e-05,128.0,0.0073664
BCD/BTC,1573701560225,2019-11-14T03:19:20.225Z,buy,5.755e-05,383.0,0.02204165
BCD/BTC,1573701618582,2019-11-14T03:20:18.582Z,buy,5.755e-05,135.0,0.00776925
BCD/BTC,1573701620124,2019-11-14T03:20:20.124Z,buy,5.755e-05,883.0,0.05081665
BCD/BTC,1573701620124,2019-11-14T03:20:20.124Z,buy,5.773e-05,177.0,0.01021821
BCD/BTC,1573701620124,2019-11-14T03:20:20.124Z,buy,5.774e-05,1041.0,0.06010734
BCD/BTC,1573701627833,2019-11-14T03:20:27.833Z,buy,5.774e-05,2.0,0.00011548
BCD/BTC,1573701627833,2019-11-14T03:20:27.833Z,buy,5.775e-05,1362.0,0.0786555
BCD/BTC,1573701640718,2019-11-14T03:20:40.718Z,buy,5.775e-05,102.0,0.0058905
BCD/BTC,1573702175639,2019-11-14T03:29:35.639Z,buy,5.775e-05,10.0,0.0005775
BCD/BTC,1573702856231,2019-11-14T03:40:56.231Z,buy,5.774e-05,607.0,0.03504818
BCD/BTC,1573702856231,2019-11-14T03:40:56.231Z,buy,5.775e-05,743.0,0.04290825
BCD/BTC,1573703130396,2019-11-14T03:45:30.396Z,sell,5.764e-05,5.0,0.0002881999999999
BCD/BTC,1573703130396,2019-11-14T03:45:30.396Z,sell,5.753e-05,138.0,0.00793914
BCD/BTC,1573703429260,2019-11-14T03:50:29.260Z,buy,5.772e-05,91.0,0.00525252
BCD/BTC,1573703578602,2019-11-14T03:52:58.602Z,sell,5.751e-05,5.0,0.00028755
BCD/BTC,1573703578602,2019-11-14T03:52:58.602Z,sell,5.749e-05,5.0,0.00028745
BCD/BTC,1573703578602,2019-11-14T03:52:58.602Z,sell,5.748e-05,71.0,0.00408108
BCD/BTC,1573703584410,2019-11-14T03:53:04.410Z,sell,5.751e-05,204.0,0.01173204
BCD/BTC,1573703593955,2019-11-14T03:53:13.955Z,sell,5.751e-05,83.0,0.00477333
BCD/BTC,1573703593955,2019-11-14T03:53:13.955Z,sell,5.749e-05,83.0,0.00477167
BCD/BTC,1573703593955,2019-11-14T03:53:13.955Z,sell,5.748e-05,178.0,0.01023144
BCD/BTC,1573703593955,2019-11-14T03:53:13.955Z,sell,5.751e-05,83.0,0.00477333
BCD/BTC,1573703593955,2019-11-14T03:53:13.955Z,sell,5.749e-05,83.0,0.00477167
BCD/BTC,1573703593955,2019-11-14T03:53:13.955Z,sell,5.748e-05,178.0,0.01023144
BCD/BTC,1573705028162,2019-11-14T04:17:08.162Z,buy,5.76e-05,3.0,0.0001728
BCD/BTC,1573705104252,2019-11-14T04:18:24.252Z,buy,5.758e-05,87.0,0.00500946
BCD/BTC,1573705104256,2019-11-14T04:18:24.256Z,buy,5.758e-05,4.0,0.00023032
BCD/BTC,1573705104256,2019-11-14T04:18:24.256Z,buy,5.759e-05,207.0,0.01192113
BCD/BTC,1573705104296,2019-11-14T04:18:24.296Z,buy,5.758e-05,61.0,0.00351238
BCD/BTC,1573705104296,2019-11-14T04:18:24.296Z,buy,5.763e-05,2.0,0.00011526
BCD/BTC,1573705104317,2019-11-14T04:18:24.317Z,buy,5.768e-05,55.0,0.0031723999999999
BCD/BTC,1573705104317,2019-11-14T04:18:24.317Z,buy,5.773e-05,123.0,0.00710079
BCD/BTC,1573705107001,2019-11-14T04:18:27.001Z,buy,5.772e-05,48.0,0.00277056
BCD/BTC,1573705583685,2019-11-14T04:26:23.685Z,buy,5.767e-05,38.0,0.00219146
BCD/BTC,1573705586481,2019-11-14T04:26:26.481Z,buy,5.769e-05,53.0,0.00305757
BCD/BTC,1573705594294,2019-11-14T04:26:34.294Z,sell,5.75e-05,22.0,0.001265
BCD/BTC,1573705594559,2019-11-14T04:26:34.559Z,buy,5.75e-05,9.0,0.0005175
BCD/BTC,1573705594582,2019-11-14T04:26:34.582Z,buy,5.75e-05,7.0,0.0004025
BCD/BTC,1573705701920,2019-11-14T04:28:21.920Z,buy,5.77e-05,85.0,0.0049045
BCD/BTC,1573705702421,2019-11-14T04:28:22.421Z,buy,5.77e-05,34.0,0.0019618
BCD/BTC,1573705702576,2019-11-14T04:28:22.576Z,buy,5.77e-05,124.0,0.0071548
BCD/BTC,1573706359793,2019-11-14T04:39:19.793Z,buy,5.774e-05,193.0,0.01114382
BCD/BTC,1573706359793,2019-11-14T04:39:19.793Z,buy,5.775e-05,780.0,0.045045
BCD/BTC,1573706382230,2019-11-14T04:39:42.230Z,buy,5.775e-05,736.0,0.042504
BCD/BTC,1573706522052,2019-11-14T04:42:02.052Z,buy,5.775e-05,309.0,0.01784475
BCD/BTC,1573706524952,2019-11-14T04:42:04.952Z,buy,5.778e-05,3.0,0.00017334
BCD/BTC,1573706524952,2019-11-14T04:42:04.952Z,buy,5.779e-05,101.0,0.00583679
BCD/BTC,1573706543569,2019-11-14T04:42:23.569Z,buy,5.779e-05,6.0,0.00034674
BCD/BTC,1573706616286,2019-11-14T04:43:36.286Z,sell,5.758e-05,464.0,0.02671712
BCD/BTC,1573706616286,2019-11-14T04:43:36.286Z,sell,5.757e-05,231.0,0.01329867
BCD/BTC,1573706616326,2019-11-14T04:43:36.326Z,buy,5.757e-05,894.0,0.05146758
BCD/BTC,1573706616584,2019-11-14T04:43:36.584Z,buy,5.757e-05,57.0,0.0032814899999999
BCD/BTC,1573706636705,2019-11-14T04:43:56.705Z,buy,5.776e-05,357.0,0.02062032
BCD/BTC,1573706724250,2019-11-14T04:45:24.250Z,buy,5.775e-05,107.0,0.00617925
BCD/BTC,1573706724250,2019-11-14T04:45:24.250Z,buy,5.776e-05,215.0,0.0124184
BCD/BTC,1573706724474,2019-11-14T04:45:24.474Z,buy,5.776e-05,53.0,0.00306128
BCD/BTC,1573706724474,2019-11-14T04:45:24.474Z,buy,5.777e-05,112.0,0.0064702399999999
BCD/BTC,1573706724474,2019-11-14T04:45:24.474Z,buy,5.78e-05,89.0,0.0051442
BCD/BTC,1573706724474,2019-11-14T04:45:24.474Z,buy,5.782e-05,22.0,0.0012720399999999
BCD/BTC,1573706740083,2019-11-14T04:45:40.083Z,buy,5.79e-05,82.0,0.0047478
BCD/BTC,1573706863726,2019-11-14T04:47:43.726Z,sell,5.76e-05,30.0,0.001728
BCD/BTC,1573706863726,2019-11-14T04:47:43.726Z,sell,5.753e-05,80.0,0.0046023999999999
BCD/BTC,1573706863726,2019-11-14T04:47:43.726Z,sell,5.76e-05,30.0,0.001728
BCD/BTC,1573706863726,2019-11-14T04:47:43.726Z,sell,5.753e-05,80.0,0.0046023999999999
BCD/BTC,1573707918638,2019-11-14T05:05:18.638Z,buy,5.769e-05,286.0,0.01649934
BCD/BTC,1573707943938,2019-11-14T05:05:43.938Z,buy,5.772e-05,110.0,0.0063492
BCD/BTC,1573707953431,2019-11-14T05:05:53.431Z,buy,5.773e-05,111.0,0.0064080299999999
BCD/BTC,1573707953431,2019-11-14T05:05:53.431Z,buy,5.774e-05,173.0,0.00998902
BCD/BTC,1573707953431,2019-11-14T05:05:53.431Z,buy,5.779e-05,111.0,0.00641469
BCD/BTC,1573707956274,2019-11-14T05:05:56.274Z,buy,5.78e-05,179.0,0.0103462
BCD/BTC,1573709028883,2019-11-14T05:23:48.883Z,buy,5.779e-05,4.0,0.00023116
BCD/BTC,1573709072320,2019-11-14T05:24:32.320Z,buy,5.778e-05,7.0,0.00040446
BCD/BTC,1573709698024,2019-11-14T05:34:58.024Z,buy,5.772e-05,535.0,0.0308802
BCD/BTC,1573709698024,2019-11-14T05:34:58.024Z,buy,5.773e-05,477.0,0.02753721
BCD/BTC,1573709977521,2019-11-14T05:39:37.521Z,buy,5.763e-05,1249.0,0.07197987
BCD/BTC,1573710070239,2019-11-14T05:41:10.239Z,buy,5.767e-05,569.0,0.03281423
BCD/BTC,1573710144011,2019-11-14T05:42:24.011Z,sell,5.76e-05,60.0,0.003456
BCD/BTC,1573710144096,2019-11-14T05:42:24.096Z,sell,5.76e-05,9.0,0.0005184
BCD/BTC,1573710144280,2019-11-14T05:42:24.280Z,buy,5.75e-05,98.0,0.005635
BCD/BTC,1573710145172,2019-11-14T05:42:25.172Z,buy,5.75e-05,25.0,0.0014375
BCD/BTC,1573710146262,2019-11-14T05:42:26.262Z,sell,5.748e-05,22.0,0.00126456
BCD/BTC,1573710146262,2019-11-14T05:42:26.262Z,sell,5.747e-05,17.0,0.0009769899999999
BCD/BTC,1573710171267,2019-11-14T05:42:51.267Z,sell,5.748e-05,115.0,0.0066102
BCD/BTC,1573710216103,2019-11-14T05:43:36.103Z,sell,5.748e-05,88.0,0.00505824
BCD/BTC,1573710217163,2019-11-14T05:43:37.163Z,sell,5.748e-05,46.0,0.00264408
BCD/BTC,1573710218281,2019-11-14T05:43:38.281Z,sell,5.748e-05,33.0,0.00189684
BCD/BTC,1573710220416,2019-11-14T05:43:40.416Z,sell,5.748e-05,30.0,0.0017244
BCD/BTC,1573710222216,2019-11-14T05:43:42.216Z,sell,5.748e-05,30.0,0.0017244
BCD/BTC,1573710324046,2019-11-14T05:45:24.046Z,sell,5.744e-05,5.0,0.0002872
BCD/BTC,1573710324046,2019-11-14T05:45:24.046Z,sell,5.743e-05,3.0,0.00017229
BCD/BTC,1573710324046,2019-11-14T05:45:24.046Z,sell,5.741e-05,1.0,5.741e-05
BCD/BTC,1573710324066,2019-11-14T05:45:24.066Z,sell,5.741e-05,4.0,0.00022964
BCD/BTC,1573710324399,2019-11-14T05:45:24.399Z,sell,5.734e-05,30.0,0.0017202
BCD/BTC,1573710325155,2019-11-14T05:45:25.155Z,sell,5.734e-05,9.0,0.00051606
BCD/BTC,1573710325155,2019-11-14T05:45:25.155Z,sell,5.733e-05,183.0,0.01049139
BCD/BTC,1573710325155,2019-11-14T05:45:25.155Z,sell,5.732e-05,127.0,0.00727964
BCD/BTC,1573710326900,2019-11-14T05:45:26.900Z,sell,5.732e-05,99.0,0.00567468
BCD/BTC,1573710326900,2019-11-14T05:45:26.900Z,sell,5.73e-05,110.0,0.006303
BCD/BTC,1573710327768,2019-11-14T05:45:27.768Z,sell,5.733e-05,9.0,0.00051597
BCD/BTC,1573710329397,2019-11-14T05:45:29.397Z,sell,5.733e-05,14.0,0.00080262
BCD/BTC,1573710355630,2019-11-14T05:45:55.630Z,sell,5.731e-05,5.0,0.00028655
BCD/BTC,1573710359297,2019-11-14T05:45:59.297Z,sell,5.73e-05,255.0,0.0146115
BCD/BTC,1573710359503,2019-11-14T05:45:59.503Z,sell,5.73e-05,147.0,0.0084231
BCD/BTC,1573710359503,2019-11-14T05:45:59.503Z,sell,5.726e-05,13.0,0.00074438
BCD/BTC,1573710359503,2019-11-14T05:45:59.503Z,sell,5.725e-05,28.0,0.001603
BCD/BTC,1573710360219,2019-11-14T05:46:00.219Z,buy,5.72e-05,60.0,0.003432
BCD/BTC,1573710360317,2019-11-14T05:46:00.317Z,buy,5.72e-05,275.0,0.01573
BCD/BTC,1573710360616,2019-11-14T05:46:00.616Z,buy,5.72e-05,28.0,0.0016016
BCD/BTC,1573710360616,2019-11-14T05:46:00.616Z,buy,5.73e-05,76.0,0.0043548
BCD/BTC,1573710360616,2019-11-14T05:46:00.616Z,buy,5.746e-05,26.0,0.00149396
BCD/BTC,1573710360616,2019-11-14T05:46:00.616Z,buy,5.72e-05,28.0,0.0016016
BCD/BTC,1573710360616,2019-11-14T05:46:00.616Z,buy,5.73e-05,76.0,0.0043548
BCD/BTC,1573710360616,2019-11-14T05:46:00.616Z,buy,5.746e-05,26.0,0.00149396
BCD/BTC,1573710819643,2019-11-14T05:53:39.643Z,sell,5.715e-05,109.0,0.00622935
BCD/BTC,1573710819643,2019-11-14T05:53:39.643Z,sell,5.714e-05,22.0,0.00125708
BCD/BTC,1573710819643,2019-11-14T05:53:39.643Z,sell,5.713e-05,174.0,0.0099406199999999
BCD/BTC,1573710819643,2019-11-14T05:53:39.643Z,sell,5.708e-05,3.0,0.00017124
BCD/BTC,1573710819643,2019-11-14T05:53:39.643Z,sell,5.706e-05,22.0,0.0012553199999999
BCD/BTC,1573711319492,2019-11-14T06:01:59.492Z,buy,5.733e-05,37.0,0.00212121
BCD/BTC,1573711372690,2019-11-14T06:02:52.690Z,sell,5.713e-05,38.0,0.0021709399999999
BCD/BTC,1573711372690,2019-11-14T06:02:52.690Z,sell,5.712e-05,65.0,0.0037128
BCD/BTC,1573711535801,2019-11-14T06:05:35.801Z,buy,5.726e-05,1.0,5.726e-05
BCD/BTC,1573711565901,2019-11-14T06:06:05.901Z,buy,5.725e-05,135.0,0.00772875
BCD/BTC,1573711572473,2019-11-14T06:06:12.473Z,buy,5.725e-05,135.0,0.00772875
BCD/BTC,1573711574836,2019-11-14T06:06:14.836Z,buy,5.725e-05,79.0,0.00452275
BCD/BTC,1573711743453,2019-11-14T06:09:03.453Z,buy,5.726e-05,112.0,0.00641312
BCD/BTC,1573712146286,2019-11-14T06:15:46.286Z,buy,5.725e-05,11.0,0.00062975
BCD/BTC,1573712146287,2019-11-14T06:15:46.287Z,buy,5.725e-05,14.0,0.0008015
BCD/BTC,1573712146464,2019-11-14T06:15:46.464Z,buy,5.725e-05,3.0,0.00017175
BCD/BTC,1573712177472,2019-11-14T06:16:17.472Z,buy,5.743e-05,3.0,0.00017229
BCD/BTC,1573712177472,2019-11-14T06:16:17.472Z,buy,5.748e-05,14.0,0.00080472
BCD/BTC,1573712796119,2019-11-14T06:26:36.119Z,buy,5.748e-05,8.0,0.00045984
BCD/BTC,1573712800801,2019-11-14T06:26:40.801Z,buy,5.76e-05,30.0,0.001728
BCD/BTC,1573712800879,2019-11-14T06:26:40.879Z,sell,5.764e-05,354.0,0.02040456
BCD/BTC,1573712825917,2019-11-14T06:27:05.917Z,buy,5.766e-05,18.0,0.00103788
BCD/BTC,1573713149745,2019-11-14T06:32:29.745Z,buy,5.74e-05,846.0,0.0485604
BCD/BTC,1573713538996,2019-11-14T06:38:58.996Z,sell,5.731e-05,73.0,0.00418363
BCD/BTC,1573713538996,2019-11-14T06:38:58.996Z,sell,5.73e-05,22.0,0.0012606
BCD/BTC,1573713538997,2019-11-14T06:38:58.997Z,sell,5.73e-05,8.0,0.0004584
BCD/BTC,1573713539074,2019-11-14T06:38:59.074Z,buy,5.73e-05,176.0,0.0100848
BCD/BTC,1573713539156,2019-11-14T06:38:59.156Z,sell,5.732e-05,26.0,0.00149032
BCD/BTC,1573713539156,2019-11-14T06:38:59.156Z,sell,5.732e-05,26.0,0.00149032
BCD/BTC,1573714827314,2019-11-14T07:00:27.314Z,sell,5.736e-05,54.0,0.00309744
BCD/BTC,1573714832207,2019-11-14T07:00:32.207Z,buy,5.759e-05,80.0,0.0046072
BCD/BTC,1573714834965,2019-11-14T07:00:34.965Z,buy,5.759e-05,80.0,0.0046072
BCD/BTC,1573715242422,2019-11-14T07:07:22.422Z,sell,5.744e-05,62.0,0.00356128
BCD/BTC,1573715242422,2019-11-14T07:07:22.422Z,sell,5.737e-05,8.0,0.00045896
BCD/BTC,1573716927917,2019-11-14T07:35:27.917Z,buy,5.737e-05,255.0,0.01462935
BCD/BTC,1573716927917,2019-11-14T07:35:27.917Z,buy,5.737e-05,255.0,0.01462935
BCD/BTC,1573717621169,2019-11-14T07:47:01.169Z,sell,5.738e-05,28.0,0.00160664
BCD/BTC,1573717621169,2019-11-14T07:47:01.169Z,sell,5.733e-05,314.0,0.01800162
BCD/BTC,1573717621169,2019-11-14T07:47:01.169Z,sell,5.732e-05,125.0,0.007165
BCD/BTC,1573717621169,2019-11-14T07:47:01.169Z,sell,5.728e-05,65.0,0.0037232
BCD/BTC,1573717621169,2019-11-14T07:47:01.169Z,sell,5.725e-05,176.0,0.010076
BCD/BTC,1573717621169,2019-11-14T07:47:01.169Z,sell,5.715e-05,227.0,0.01297305
BCD/BTC,1573717621169,2019-11-14T07:47:01.169Z,sell,5.714e-05,22.0,0.00125708
BCD/BTC,1573717621169,2019-11-14T07:47:01.169Z,sell,5.709e-05,188.0,0.01073292
BCD/BTC,1573717621169,2019-11-14T07:47:01.169Z,sell,5.708e-05,191.0,0.01090228
BCD/BTC,1573717621169,2019-11-14T07:47:01.169Z,sell,5.706e-05,17.0,0.00097002
BCD/BTC,1573717621169,2019-11-14T07:47:01.169Z,sell,5.705e-05,175.0,0.00998375
BCD/BTC,1573717621169,2019-11-14T07:47:01.169Z,sell,5.704e-05,870.0,0.0496248
BCD/BTC,1573717621169,2019-11-14T07:47:01.169Z,sell,5.703e-05,940.0,0.0536082
BCD/BTC,1573717621169,2019-11-14T07:47:01.169Z,sell,5.702e-05,1571.0,0.08957842
BCD/BTC,1573717621169,2019-11-14T07:47:01.169Z,sell,5.701e-05,6970.0,0.3973597
BCD/BTC,1573717621169,2019-11-14T07:47:01.169Z,sell,5.7e-05,2120.0,0.12084
BCD/BTC,1573717621169,2019-11-14T07:47:01.169Z,sell,5.7e-05,594.0,0.033858
BCD/BTC,1573717628443,2019-11-14T07:47:08.443Z,buy,5.73e-05,30.0,0.0017189999999999
BCD/BTC,1573717628443,2019-11-14T07:47:08.443Z,buy,5.733e-05,169.0,0.00968877
BCD/BTC,1573717631070,2019-11-14T07:47:11.070Z,buy,5.734e-05,5.0,0.0002867
BCD/BTC,1573717631070,2019-11-14T07:47:11.070Z,buy,5.739e-05,258.0,0.01480662
BCD/BTC,1573717635360,2019-11-14T07:47:15.360Z,sell,5.71e-05,1806.0,0.1031226
BCD/BTC,1573717635360,2019-11-14T07:47:15.360Z,sell,5.705e-05,65.0,0.0037082499999999
BCD/BTC,1573717635360,2019-11-14T07:47:15.360Z,sell,5.7e-05,129.0,0.007353
BCD/BTC,1573717636929,2019-11-14T07:47:16.929Z,buy,5.736e-05,115.0,0.0065964
BCD/BTC,1573717653107,2019-11-14T07:47:33.107Z,sell,5.734e-05,153.0,0.00877302
BCD/BTC,1573717695988,2019-11-14T07:48:15.988Z,buy,5.731e-05,79.0,0.0045274899999999
BCD/BTC,1573717726369,2019-11-14T07:48:46.369Z,buy,5.729e-05,347.0,0.01987963
BCD/BTC,1573717835122,2019-11-14T07:50:35.122Z,buy,5.729e-05,1.0,5.729e-05
BCD/BTC,1573717835122,2019-11-14T07:50:35.122Z,buy,5.736e-05,24.0,0.00137664
BCD/BTC,1573717836050,2019-11-14T07:50:36.050Z,buy,5.737e-05,25.0,0.00143425
BCD/BTC,1573717837047,2019-11-14T07:50:37.047Z,buy,5.736e-05,25.0,0.001434
BCD/BTC,1573717838002,2019-11-14T07:50:38.002Z,buy,5.736e-05,25.0,0.001434
BCD/BTC,1573717838531,2019-11-14T07:50:38.531Z,buy,5.736e-05,52.0,0.00298272
BCD/BTC,1573717939281,2019-11-14T07:52:19.281Z,buy,5.736e-05,97.0,0.00556392
BCD/BTC,1573717986704,2019-11-14T07:53:06.704Z,buy,5.736e-05,65.0,0.0037283999999999
BCD/BTC,1573718089416,2019-11-14T07:54:49.416Z,buy,5.736e-05,66.0,0.00378576
BCD/BTC,1573718092189,2019-11-14T07:54:52.189Z,buy,5.736e-05,65.0,0.0037283999999999
BCD/BTC,1573718105760,2019-11-14T07:55:05.760Z,buy,5.737e-05,60.0,0.0034422
BCD/BTC,1573718191323,2019-11-14T07:56:31.323Z,buy,5.737e-05,142.0,0.00814654
BCD/BTC,1573718369123,2019-11-14T07:59:29.123Z,buy,5.734e-05,136.0,0.00779824
BCD/BTC,1573718490658,2019-11-14T08:01:30.658Z,buy,5.734e-05,25.0,0.0014335
BCD/BTC,1573718496240,2019-11-14T08:01:36.240Z,buy,5.734e-05,25.0,0.0014335
BCD/BTC,1573718497649,2019-11-14T08:01:37.649Z,buy,5.734e-05,2.0,0.00011468
BCD/BTC,1573718497649,2019-11-14T08:01:37.649Z,buy,5.735e-05,23.0,0.00131905
BCD/BTC,1573718499006,2019-11-14T08:01:39.006Z,buy,5.735e-05,25.0,0.00143375
BCD/BTC,1573718507497,2019-11-14T08:01:47.497Z,buy,5.729e-05,25.0,0.00143225
BCD/BTC,1573718508586,2019-11-14T08:01:48.586Z,buy,5.729e-05,25.0,0.00143225
BCD/BTC,1573718510008,2019-11-14T08:01:50.008Z,buy,5.729e-05,25.0,0.00143225
BCD/BTC,1573718511273,2019-11-14T08:01:51.273Z,buy,5.729e-05,25.0,0.00143225
BCD/BTC,1573718641573,2019-11-14T08:04:01.573Z,buy,5.729e-05,25.0,0.00143225
BCD/BTC,1573718642855,2019-11-14T08:04:02.855Z,buy,5.729e-05,15.0,0.00085935
BCD/BTC,1573718642855,2019-11-14T08:04:02.855Z,buy,5.743e-05,3.0,0.00017229
BCD/BTC,1573718642855,2019-11-14T08:04:02.855Z,buy,5.746e-05,7.0,0.00040222
BCD/BTC,1573719281054,2019-11-14T08:14:41.054Z,buy,5.746e-05,10.0,0.0005746
BCD/BTC,1573719281054,2019-11-14T08:14:41.054Z,buy,5.748e-05,22.0,0.00126456
BCD/BTC,1573719281054,2019-11-14T08:14:41.054Z,buy,5.749e-05,142.0,0.00816358
BCD/BTC,1573719539039,2019-11-14T08:18:59.039Z,buy,5.755e-05,1480.0,0.085174
BCD/BTC,1573719539039,2019-11-14T08:18:59.039Z,buy,5.756e-05,71.0,0.00408676
BCD/BTC,1573719539039,2019-11-14T08:18:59.039Z,buy,5.757e-05,869.0,0.05002833
BCD/BTC,1573719539039,2019-11-14T08:18:59.039Z,buy,5.758e-05,174.0,0.01001892
BCD/BTC,1573719597022,2019-11-14T08:19:57.022Z,buy,5.76e-05,30.0,0.001728
BCD/BTC,1573719597022,2019-11-14T08:19:57.022Z,buy,5.762e-05,40.0,0.0023048
BCD/BTC,1573719831364,2019-11-14T08:23:51.364Z,buy,5.766e-05,10.0,0.0005766
BCD/BTC,1573719831364,2019-11-14T08:23:51.364Z,buy,5.769e-05,5.0,0.00028845
BCD/BTC,1573719831364,2019-11-14T08:23:51.364Z,buy,5.773e-05,13.0,0.0007504899999999
BCD/BTC,1573719831364,2019-11-14T08:23:51.364Z,buy,5.778e-05,3.0,0.00017334
BCD/BTC,1573719831364,2019-11-14T08:23:51.364Z,buy,5.78e-05,19.0,0.0010982
BCD/BTC,1573719996326,2019-11-14T08:26:36.326Z,buy,5.779e-05,79.0,0.00456541
BCD/BTC,1573720026973,2019-11-14T08:27:06.973Z,buy,5.779e-05,75.0,0.00433425
BCD/BTC,1573720150152,2019-11-14T08:29:10.152Z,buy,5.778e-05,42.0,0.00242676
BCD/BTC,1573720150152,2019-11-14T08:29:10.152Z,buy,5.778e-05,42.0,0.00242676
BCD/BTC,1573720623067,2019-11-14T08:37:03.067Z,buy,5.777e-05,100.0,0.005777
BCD/BTC,1573720786838,2019-11-14T08:39:46.838Z,sell,5.756e-05,292.0,0.01680752
BCD/BTC,1573720932115,2019-11-14T08:42:12.115Z,sell,5.757e-05,55.0,0.00316635
BCD/BTC,1573720993588,2019-11-14T08:43:13.588Z,sell,5.756e-05,55.0,0.0031658
BCD/BTC,1573721000334,2019-11-14T08:43:20.334Z,sell,5.755e-05,243.0,0.01398465
BCD/BTC,1573721089157,2019-11-14T08:44:49.157Z,buy,5.754e-05,213.0,0.01225602
BCD/BTC,1573721092604,2019-11-14T08:44:52.604Z,buy,5.754e-05,189.0,0.01087506
BCD/BTC,1573721135330,2019-11-14T08:45:35.330Z,buy,5.755e-05,517.0,0.02975335
BCD/BTC,1573721152213,2019-11-14T08:45:52.213Z,buy,5.756e-05,174.0,0.01001544
BCD/BTC,1573721257406,2019-11-14T08:47:37.406Z,buy,5.756e-05,994.0,0.05721464
BCD/BTC,1573721498604,2019-11-14T08:51:38.604Z,sell,5.743e-05,3.0,0.00017229
BCD/BTC,1573721498604,2019-11-14T08:51:38.604Z,sell,5.734e-05,5.0,0.0002867
BCD/BTC,1573721498604,2019-11-14T08:51:38.604Z,sell,5.731e-05,348.0,0.01994388
BCD/BTC,1573721498604,2019-11-14T08:51:38.604Z,sell,5.73e-05,30.0,0.0017189999999999
BCD/BTC,1573721498604,2019-11-14T08:51:38.604Z,sell,5.727e-05,242.0,0.01385934
BCD/BTC,1573721498604,2019-11-14T08:51:38.604Z,sell,5.726e-05,13.0,0.00074438
BCD/BTC,1573721498604,2019-11-14T08:51:38.604Z,sell,5.725e-05,28.0,0.001603
BCD/BTC,1573721498604,2019-11-14T08:51:38.604Z,sell,5.716e-05,194.0,0.01108904
BCD/BTC,1573721498604,2019-11-14T08:51:38.604Z,sell,5.715e-05,870.0,0.0497205
BCD/BTC,1573721498604,2019-11-14T08:51:38.604Z,sell,5.714e-05,38.0,0.00217132
BCD/BTC,1573721498604,2019-11-14T08:51:38.604Z,sell,5.709e-05,1326.0,0.0757013399999999
BCD/BTC,1573721498604,2019-11-14T08:51:38.604Z,sell,5.708e-05,3.0,0.00017124
BCD/BTC,1573721498604,2019-11-14T08:51:38.604Z,sell,5.7e-05,1899.0,0.108243
BCD/BTC,1573721498604,2019-11-14T08:51:38.604Z,sell,5.694e-05,175.0,0.0099645
BCD/BTC,1573721498604,2019-11-14T08:51:38.604Z,sell,5.691e-05,611.0,0.03477201
BCD/BTC,1573721498604,2019-11-14T08:51:38.604Z,sell,5.69e-05,1111.0,0.0632159
BCD/BTC,1573721498604,2019-11-14T08:51:38.604Z,sell,5.685e-05,28.0,0.0015918
BCD/BTC,1573721498604,2019-11-14T08:51:38.604Z,sell,5.682e-05,176.0,0.01000032
BCD/BTC,1573721498604,2019-11-14T08:51:38.604Z,sell,5.68e-05,59.0,0.0033512
BCD/BTC,1573721498604,2019-11-14T08:51:38.604Z,sell,5.679e-05,136.0,0.00772344
BCD/BTC,1573721498604,2019-11-14T08:51:38.604Z,sell,5.674e-05,1215.0,0.0689391
BCD/BTC,1573721498604,2019-11-14T08:51:38.604Z,sell,5.673e-05,3.0,0.00017019
BCD/BTC,1573721498604,2019-11-14T08:51:38.604Z,sell,5.672e-05,2376.0,0.13476672
BCD/BTC,1573721499739,2019-11-14T08:51:39.739Z,sell,5.727e-05,22.0,0.00125994
BCD/BTC,1573721500406,2019-11-14T08:51:40.406Z,sell,5.727e-05,28.0,0.00160356
BCD/BTC,1573721500416,2019-11-14T08:51:40.416Z,sell,5.727e-05,13.0,0.00074451
BCD/BTC,1573721500514,2019-11-14T08:51:40.514Z,buy,5.73e-05,30.0,0.0017189999999999
BCD/BTC,1573721500729,2019-11-14T08:51:40.729Z,buy,5.734e-05,5.0,0.0002867
BCD/BTC,1573721500749,2019-11-14T08:51:40.749Z,sell,5.74e-05,3.0,0.0001722
BCD/BTC,1573721500958,2019-11-14T08:51:40.958Z,buy,5.747e-05,30.0,0.0017241
BCD/BTC,1573721503031,2019-11-14T08:51:43.031Z,buy,5.741e-05,4.0,0.00022964
BCD/BTC,1573721533310,2019-11-14T08:52:13.310Z,buy,5.742e-05,30.0,0.0017226
BCD/BTC,1573721533606,2019-11-14T08:52:13.606Z,buy,5.742e-05,62.0,0.00356004
BCD/BTC,1573721550468,2019-11-14T08:52:30.468Z,buy,5.741e-05,23.0,0.00132043
BCD/BTC,1573721554651,2019-11-14T08:52:34.651Z,buy,5.741e-05,171.0,0.00981711
BCD/BTC,1573721554651,2019-11-14T08:52:34.651Z,buy,5.742e-05,351.0,0.02015442
BCD/BTC,1573721554651,2019-11-14T08:52:34.651Z,buy,5.743e-05,461.0,0.02647523
BCD/BTC,1573721656669,2019-11-14T08:54:16.669Z,sell,5.74e-05,2.0,0.0001148
BCD/BTC,1573721698082,2019-11-14T08:54:58.082Z,buy,5.74e-05,890.0,0.051086
BCD/BTC,1573721934280,2019-11-14T08:58:54.280Z,buy,5.74e-05,24.0,0.0013776
BCD/BTC,1573722029429,2019-11-14T09:00:29.429Z,buy,5.748e-05,22.0,0.00126456
BCD/BTC,1573722029429,2019-11-14T09:00:29.429Z,buy,5.75e-05,60.0,0.00345
BCD/BTC,1573722029429,2019-11-14T09:00:29.429Z,buy,5.751e-05,1629.0,0.09368379
BCD/BTC,1573722100818,2019-11-14T09:01:40.818Z,buy,5.753e-05,135.0,0.00776655
BCD/BTC,1573722103050,2019-11-14T09:01:43.050Z,buy,5.753e-05,25.0,0.00143825
BCD/BTC,1573722132608,2019-11-14T09:02:12.608Z,buy,5.753e-05,135.0,0.00776655
BCD/BTC,1573722133969,2019-11-14T09:02:13.969Z,buy,5.753e-05,25.0,0.00143825
BCD/BTC,1573722135171,2019-11-14T09:02:15.171Z,buy,5.753e-05,25.0,0.00143825
BCD/BTC,1573722136118,2019-11-14T09:02:16.118Z,buy,5.753e-05,25.0,0.00143825
BCD/BTC,1573722137262,2019-11-14T09:02:17.262Z,buy,5.752e-05,25.0,0.001438
BCD/BTC,1573722138508,2019-11-14T09:02:18.508Z,buy,5.752e-05,25.0,0.001438
BCD/BTC,1573722139183,2019-11-14T09:02:19.183Z,buy,5.752e-05,135.0,0.0077652
BCD/BTC,1573722139492,2019-11-14T09:02:19.492Z,buy,5.752e-05,25.0,0.001438
BCD/BTC,1573722140615,2019-11-14T09:02:20.615Z,buy,5.752e-05,25.0,0.001438
BCD/BTC,1573722141586,2019-11-14T09:02:21.586Z,buy,5.752e-05,25.0,0.001438
BCD/BTC,1573722145000,2019-11-14T09:02:25.000Z,buy,5.753e-05,25.0,0.00143825
BCD/BTC,1573722145869,2019-11-14T09:02:25.869Z,buy,5.753e-05,74.0,0.00425722
BCD/BTC,1573722148017,2019-11-14T09:02:28.017Z,sell,5.744e-05,348.0,0.01998912
BCD/BTC,1573722148017,2019-11-14T09:02:28.017Z,sell,5.743e-05,432.0,0.02480976
BCD/BTC,1573722200687,2019-11-14T09:03:20.687Z,sell,5.743e-05,2.0,0.00011486
BCD/BTC,1573722261989,2019-11-14T09:04:21.989Z,sell,5.74e-05,118.0,0.0067732
BCD/BTC,1573722261989,2019-11-14T09:04:21.989Z,sell,5.738e-05,815.0,0.0467647
BCD/BTC,1573722261989,2019-11-14T09:04:21.989Z,sell,5.715e-05,204.0,0.0116586
BCD/BTC,1573722261989,2019-11-14T09:04:21.989Z,sell,5.714e-05,22.0,0.00125708
BCD/BTC,1573722261989,2019-11-14T09:04:21.989Z,sell,5.708e-05,3.0,0.00017124
BCD/BTC,1573722261989,2019-11-14T09:04:21.989Z,sell,5.7e-05,35.0,0.001995
BCD/BTC,1573722261989,2019-11-14T09:04:21.989Z,sell,5.696e-05,189.0,0.01076544
BCD/BTC,1573722261989,2019-11-14T09:04:21.989Z,sell,5.695e-05,189.0,0.01076355
BCD/BTC,1573722261989,2019-11-14T09:04:21.989Z,sell,5.688e-05,63.0,0.00358344
BCD/BTC,1573722261989,2019-11-14T09:04:21.989Z,sell,5.685e-05,28.0,0.0015918
BCD/BTC,1573722261989,2019-11-14T09:04:21.989Z,sell,5.684e-05,194.0,0.0110269599999999
BCD/BTC,1573722261989,2019-11-14T09:04:21.989Z,sell,5.683e-05,585.0,0.03324555
BCD/BTC,1573722261989,2019-11-14T09:04:21.989Z,sell,5.681e-05,3444.0,0.19565364
BCD/BTC,1573722371573,2019-11-14T09:06:11.573Z,buy,5.717e-05,40.0,0.0022868
BCD/BTC,1573722591033,2019-11-14T09:09:51.033Z,sell,5.696e-05,37.0,0.00210752
BCD/BTC,1573722694389,2019-11-14T09:11:34.389Z,sell,5.696e-05,2.0,0.00011392
BCD/BTC,1573722694507,2019-11-14T09:11:34.507Z,buy,5.696e-05,68.0,0.0038732799999999
BCD/BTC,1573722694519,2019-11-14T09:11:34.519Z,buy,5.696e-05,141.0,0.00803136
BCD/BTC,1573722694708,2019-11-14T09:11:34.708Z,buy,5.696e-05,55.0,0.0031328
BCD/BTC,1573722694886,2019-11-14T09:11:34.886Z,buy,5.696e-05,156.0,0.00888576
BCD/BTC,1573722694998,2019-11-14T09:11:34.998Z,buy,5.695e-05,120.0,0.006834
BCD/BTC,1573722696060,2019-11-14T09:11:36.060Z,buy,5.695e-05,25.0,0.00142375
BCD/BTC,1573722696510,2019-11-14T09:11:36.510Z,buy,5.695e-05,35.0,0.00199325
BCD/BTC,1573722697207,2019-11-14T09:11:37.207Z,buy,5.695e-05,25.0,0.00142375
BCD/BTC,1573722698365,2019-11-14T09:11:38.365Z,buy,5.695e-05,25.0,0.00142375
BCD/BTC,1573722699348,2019-11-14T09:11:39.348Z,buy,5.695e-05,10.0,0.0005695
BCD/BTC,1573722699348,2019-11-14T09:11:39.348Z,buy,5.696e-05,15.0,0.0008544
BCD/BTC,1573722700069,2019-11-14T09:11:40.069Z,buy,5.695e-05,21.0,0.00119595
BCD/BTC,1573722701010,2019-11-14T09:11:41.010Z,buy,5.695e-05,25.0,0.00142375
BCD/BTC,1573722701630,2019-11-14T09:11:41.630Z,buy,5.695e-05,64.0,0.0036448
BCD/BTC,1573722701815,2019-11-14T09:11:41.815Z,buy,5.695e-05,11.0,0.00062645
BCD/BTC,1573722701815,2019-11-14T09:11:41.815Z,buy,5.696e-05,29.0,0.00165184
BCD/BTC,1573722702176,2019-11-14T09:11:42.176Z,buy,5.696e-05,25.0,0.001424
BCD/BTC,1573722703016,2019-11-14T09:11:43.016Z,buy,5.696e-05,101.0,0.00575296
BCD/BTC,1573722703169,2019-11-14T09:11:43.169Z,buy,5.696e-05,25.0,0.001424
BCD/BTC,1573722704118,2019-11-14T09:11:44.118Z,buy,5.696e-05,25.0,0.001424
BCD/BTC,1573722705344,2019-11-14T09:11:45.344Z,buy,5.696e-05,25.0,0.001424
BCD/BTC,1573722732349,2019-11-14T09:12:12.349Z,buy,5.696e-05,135.0,0.0076895999999999
BCD/BTC,1573722734318,2019-11-14T09:12:14.318Z,buy,5.696e-05,25.0,0.001424
BCD/BTC,1573722735254,2019-11-14T09:12:15.254Z,buy,5.696e-05,25.0,0.001424
BCD/BTC,1573722736271,2019-11-14T09:12:16.271Z,buy,5.696e-05,25.0,0.001424
BCD/BTC,1573722737219,2019-11-14T09:12:17.219Z,buy,5.696e-05,25.0,0.001424
BCD/BTC,1573722738411,2019-11-14T09:12:18.411Z,buy,5.696e-05,25.0,0.001424
BCD/BTC,1573722738850,2019-11-14T09:12:18.850Z,buy,5.696e-05,135.0,0.0076895999999999
BCD/BTC,1573722739361,2019-11-14T09:12:19.361Z,buy,5.696e-05,25.0,0.001424
BCD/BTC,1573722740496,2019-11-14T09:12:20.496Z,buy,5.696e-05,25.0,0.001424
BCD/BTC,1573722926104,2019-11-14T09:15:26.104Z,sell,5.69e-05,35.0,0.0019915
BCD/BTC,1573723044844,2019-11-14T09:17:24.844Z,sell,5.689e-05,33.0,0.00187737
BCD/BTC,1573723449229,2019-11-14T09:24:09.229Z,buy,5.704e-05,14.0,0.00079856
BCD/BTC,1573723450550,2019-11-14T09:24:10.550Z,buy,5.703e-05,14.0,0.00079842
BCD/BTC,1573723453108,2019-11-14T09:24:13.108Z,buy,5.703e-05,2.0,0.00011406
BCD/BTC,1573723518534,2019-11-14T09:25:18.534Z,sell,5.683e-05,231.0,0.01312773
BCD/BTC,1573723518553,2019-11-14T09:25:18.553Z,buy,5.683e-05,136.0,0.00772888
BCD/BTC,1573723547548,2019-11-14T09:25:47.548Z,buy,5.703e-05,116.0,0.00661548
BCD/BTC,1573723549502,2019-11-14T09:25:49.502Z,buy,5.703e-05,57.0,0.00325071
BCD/BTC,1573723549502,2019-11-14T09:25:49.502Z,buy,5.704e-05,59.0,0.00336536
BCD/BTC,1573723606346,2019-11-14T09:26:46.346Z,buy,5.698e-05,25.0,0.0014245
BCD/BTC,1573723702399,2019-11-14T09:28:22.399Z,buy,5.698e-05,71.0,0.00404558
BCD/BTC,1573723719704,2019-11-14T09:28:39.704Z,buy,5.698e-05,135.0,0.0076923
BCD/BTC,1573723719704,2019-11-14T09:28:39.704Z,buy,5.698e-05,135.0,0.0076923
BCD/BTC,1573723753083,2019-11-14T09:29:13.083Z,buy,5.702e-05,42.0,0.00239484
BCD/BTC,1573723905134,2019-11-14T09:31:45.134Z,buy,5.699e-05,74.0,0.00421726
BCD/BTC,1573723949955,2019-11-14T09:32:29.955Z,buy,5.686e-05,8.0,0.00045488
BCD/BTC,1573723949955,2019-11-14T09:32:29.955Z,buy,5.7e-05,32.0,0.001824
BCD/BTC,1573723949984,2019-11-14T09:32:29.984Z,buy,5.7e-05,40.0,0.00228
BCD/BTC,1573723950407,2019-11-14T09:32:30.407Z,buy,5.701e-05,78.0,0.00444678
BCD/BTC,1573723950407,2019-11-14T09:32:30.407Z,buy,5.705e-05,57.0,0.0032518499999999
BCD/BTC,1573723956981,2019-11-14T09:32:36.981Z,buy,5.704e-05,91.0,0.00519064
BCD/BTC,1573723976242,2019-11-14T09:32:56.242Z,buy,5.707e-05,135.0,0.00770445
BCD/BTC,1573724047274,2019-11-14T09:34:07.274Z,buy,5.699e-05,62.0,0.00353338
BCD/BTC,1573724049473,2019-11-14T09:34:09.473Z,buy,5.699e-05,1.0,5.699e-05
BCD/BTC,1573724049473,2019-11-14T09:34:09.473Z,buy,5.708e-05,11.0,0.00062788
BCD/BTC,1573724064537,2019-11-14T09:34:24.537Z,buy,5.708e-05,89.0,0.00508012
BCD/BTC,1573724064564,2019-11-14T09:34:24.564Z,buy,5.71e-05,43.0,0.0024553
BCD/BTC,1573724064564,2019-11-14T09:34:24.564Z,buy,5.712e-05,32.0,0.00182784
BCD/BTC,1573724064564,2019-11-14T09:34:24.564Z,buy,5.713e-05,21.0,0.00119973
BCD/BTC,1573724064564,2019-11-14T09:34:24.564Z,buy,5.714e-05,24.0,0.0013713599999999
BCD/BTC,1573724064564,2019-11-14T09:34:24.564Z,buy,5.716e-05,18.0,0.00102888
BCD/BTC,1573724064564,2019-11-14T09:34:24.564Z,buy,5.718e-05,14.0,0.00080052
BCD/BTC,1573724375495,2019-11-14T09:39:35.495Z,buy,5.725e-05,1.0,5.725e-05
BCD/BTC,1573725900556,2019-11-14T10:05:00.556Z,buy,5.724e-05,3.0,0.00017172
BCD/BTC,1573725900698,2019-11-14T10:05:00.698Z,buy,5.725e-05,19.0,0.00108775
BCD/BTC,1573726036652,2019-11-14T10:07:16.652Z,sell,5.724e-05,274.0,0.01568376
BCD/BTC,1573726629012,2019-11-14T10:17:09.012Z,buy,5.725e-05,8.0,0.000458
BCD/BTC,1573726629012,2019-11-14T10:17:09.012Z,buy,5.729e-05,239.0,0.01369231
BCD/BTC,1573726629012,2019-11-14T10:17:09.012Z,buy,5.725e-05,8.0,0.000458
BCD/BTC,1573726629012,2019-11-14T10:17:09.012Z,buy,5.729e-05,239.0,0.01369231
BCD/BTC,1573728249855,2019-11-14T10:44:09.855Z,sell,5.719e-05,100.0,0.005719
BCD/BTC,1573728262427,2019-11-14T10:44:22.427Z,sell,5.721e-05,79.0,0.00451959
BCD/BTC,1573728271622,2019-11-14T10:44:31.622Z,sell,5.722e-05,314.0,0.01796708
BCD/BTC,1573728271622,2019-11-14T10:44:31.622Z,sell,5.721e-05,113.0,0.00646473
BCD/BTC,1573728274296,2019-11-14T10:44:34.296Z,sell,5.722e-05,144.0,0.00823968
BCD/BTC,1573728332429,2019-11-14T10:45:32.429Z,buy,5.724e-05,1.0,5.724e-05
BCD/BTC,1573728347303,2019-11-14T10:45:47.303Z,sell,5.72e-05,42.0,0.0024024
BCD/BTC,1573728351269,2019-11-14T10:45:51.269Z,sell,5.694e-05,47.0,0.00267618
BCD/BTC,1573728417224,2019-11-14T10:46:57.224Z,buy,5.714e-05,14.0,0.00079996
BCD/BTC,1573728420087,2019-11-14T10:47:00.087Z,buy,5.713e-05,14.0,0.0007998199999999
BCD/BTC,1573728423103,2019-11-14T10:47:03.103Z,buy,5.713e-05,14.0,0.0007998199999999
BCD/BTC,1573728429340,2019-11-14T10:47:09.340Z,buy,5.712e-05,22.0,0.00125664
BCD/BTC,1573728545089,2019-11-14T10:49:05.089Z,buy,5.722e-05,1.0,5.722e-05
BCD/BTC,1573728682129,2019-11-14T10:51:22.129Z,sell,5.694e-05,985.0,0.0560859
BCD/BTC,1573728837392,2019-11-14T10:53:57.392Z,buy,5.692e-05,6.0,0.00034152
BCD/BTC,1573728866139,2019-11-14T10:54:26.139Z,buy,5.708e-05,14.0,0.00079912
BCD/BTC,1573729283850,2019-11-14T11:01:23.850Z,buy,5.69e-05,9.0,0.0005121
BCD/BTC,1573729285165,2019-11-14T11:01:25.165Z,buy,5.69e-05,9.0,0.0005121
BCD/BTC,1573729331686,2019-11-14T11:02:11.686Z,buy,5.69e-05,2.0,0.0001138
BCD/BTC,1573729331686,2019-11-14T11:02:11.686Z,buy,5.711e-05,23.0,0.00131353
BCD/BTC,1573729332144,2019-11-14T11:02:12.144Z,buy,5.711e-05,135.0,0.00770985
BCD/BTC,1573729332716,2019-11-14T11:02:12.716Z,buy,5.71e-05,25.0,0.0014275
BCD/BTC,1573729333878,2019-11-14T11:02:13.878Z,buy,5.71e-05,25.0,0.0014275
BCD/BTC,1573729334031,2019-11-14T11:02:14.031Z,buy,5.71e-05,101.0,0.0057671
BCD/BTC,1573729390043,2019-11-14T11:03:10.043Z,buy,5.714e-05,101.0,0.00577114
BCD/BTC,1573729390043,2019-11-14T11:03:10.043Z,buy,5.715e-05,99.0,0.00565785
BCD/BTC,1573729390200,2019-11-14T11:03:10.200Z,buy,5.714e-05,67.0,0.0038283799999999
BCD/BTC,1573729390200,2019-11-14T11:03:10.200Z,buy,5.717e-05,34.0,0.00194378
BCD/BTC,1573729391446,2019-11-14T11:03:11.446Z,buy,5.714e-05,25.0,0.0014284999999999
BCD/BTC,1573729577988,2019-11-14T11:06:17.988Z,buy,5.716e-05,5.0,0.0002858
BCD/BTC,1573729577988,2019-11-14T11:06:17.988Z,buy,5.716e-05,5.0,0.0002858
BCD/BTC,1573730580098,2019-11-14T11:23:00.098Z,buy,5.713e-05,110.0,0.0062843
BCD/BTC,1573730580457,2019-11-14T11:23:00.457Z,buy,5.716e-05,25.0,0.001429
BCD/BTC,1573730580787,2019-11-14T11:23:00.787Z,buy,5.716e-05,127.0,0.00725932
BCD/BTC,1573730580787,2019-11-14T11:23:00.787Z,buy,5.717e-05,869.0,0.04968073
BCD/BTC,1573730581470,2019-11-14T11:23:01.470Z,buy,5.726e-05,25.0,0.0014314999999999
BCD/BTC,1573730582603,2019-11-14T11:23:02.603Z,buy,5.726e-05,25.0,0.0014314999999999
BCD/BTC,1573730583979,2019-11-14T11:23:03.979Z,buy,5.726e-05,25.0,0.0014314999999999
BCD/BTC,1573730584059,2019-11-14T11:23:04.059Z,buy,5.726e-05,669.0,0.03830694
BCD/BTC,1573730584059,2019-11-14T11:23:04.059Z,buy,5.727e-05,25.0,0.0014317499999999
BCD/BTC,1573730584959,2019-11-14T11:23:04.959Z,buy,5.725e-05,25.0,0.00143125
BCD/BTC,1573730586007,2019-11-14T11:23:06.007Z,buy,5.725e-05,25.0,0.00143125
BCD/BTC,1573730586697,2019-11-14T11:23:06.697Z,buy,5.725e-05,194.0,0.0111065
BCD/BTC,1573730586839,2019-11-14T11:23:06.839Z,buy,5.727e-05,25.0,0.0014317499999999
BCD/BTC,1573730586839,2019-11-14T11:23:06.839Z,buy,5.73e-05,30.0,0.0017189999999999
BCD/BTC,1573730586839,2019-11-14T11:23:06.839Z,buy,5.734e-05,5.0,0.0002867
BCD/BTC,1573730586839,2019-11-14T11:23:06.839Z,buy,5.743e-05,8.0,0.00045944
BCD/BTC,1573730586839,2019-11-14T11:23:06.839Z,buy,5.748e-05,22.0,0.00126456
BCD/BTC,1573730586892,2019-11-14T11:23:06.892Z,sell,5.748e-05,22.0,0.00126456
BCD/BTC,1573730586930,2019-11-14T11:23:06.930Z,sell,5.748e-05,73.0,0.00419604
BCD/BTC,1573730586930,2019-11-14T11:23:06.930Z,sell,5.748e-05,9.0,0.0005173199999999
BCD/BTC,1573730587258,2019-11-14T11:23:07.258Z,buy,5.742e-05,25.0,0.0014355
BCD/BTC,1573730589892,2019-11-14T11:23:09.892Z,buy,5.742e-05,167.0,0.00958914
BCD/BTC,1573730594679,2019-11-14T11:23:14.679Z,sell,5.714e-05,22.0,0.00125708
BCD/BTC,1573730594679,2019-11-14T11:23:14.679Z,sell,5.709e-05,39.0,0.0022265099999999
BCD/BTC,1573730596436,2019-11-14T11:23:16.436Z,sell,5.709e-05,61.0,0.00348249
BCD/BTC,1573730598024,2019-11-14T11:23:18.024Z,sell,5.709e-05,61.0,0.00348249
BCD/BTC,1573730604391,2019-11-14T11:23:24.391Z,sell,5.709e-05,61.0,0.00348249
BCD/BTC,1573730619552,2019-11-14T11:23:39.552Z,sell,5.709e-05,18.0,0.00102762
BCD/BTC,1573730619552,2019-11-14T11:23:39.552Z,sell,5.708e-05,3.0,0.00017124
BCD/BTC,1573730619552,2019-11-14T11:23:39.552Z,sell,5.701e-05,40.0,0.0022804
BCD/BTC,1573730619565,2019-11-14T11:23:39.565Z,sell,5.701e-05,52.0,0.00296452
BCD/BTC,1573730620096,2019-11-14T11:23:40.096Z,sell,5.709e-05,61.0,0.00348249
BCD/BTC,1573730681139,2019-11-14T11:24:41.139Z,buy,5.741e-05,18.0,0.00103338
BCD/BTC,1573730684828,2019-11-14T11:24:44.828Z,sell,5.713e-05,61.0,0.00348493
BCD/BTC,1573730700351,2019-11-14T11:25:00.351Z,sell,5.714e-05,22.0,0.00125708
BCD/BTC,1573731065984,2019-11-14T11:31:05.984Z,sell,5.708e-05,63.0,0.00359604
BCD/BTC,1573731738651,2019-11-14T11:42:18.651Z,buy,5.707e-05,45.0,0.00256815
BCD/BTC,1573731739089,2019-11-14T11:42:19.089Z,buy,5.707e-05,30.0,0.0017121
BCD/BTC,1573731745240,2019-11-14T11:42:25.240Z,buy,5.707e-05,17.0,0.00097019
BCD/BTC,1573731745240,2019-11-14T11:42:25.240Z,buy,5.708e-05,59.0,0.00336772
BCD/BTC,1573731949245,2019-11-14T11:45:49.245Z,sell,5.7e-05,28.0,0.001596
BCD/BTC,1573731955787,2019-11-14T11:45:55.787Z,sell,5.7e-05,7.0,0.000399
BCD/BTC,1573731955787,2019-11-14T11:45:55.787Z,sell,5.693e-05,79.0,0.00449747
BCD/BTC,1573732281249,2019-11-14T11:51:21.249Z,buy,5.697e-05,25.0,0.00142425
BCD/BTC,1573732282481,2019-11-14T11:51:22.481Z,buy,5.697e-05,18.0,0.00102546
BCD/BTC,1573732284878,2019-11-14T11:51:24.878Z,buy,5.698e-05,18.0,0.00102564
BCD/BTC,1573732392583,2019-11-14T11:53:12.583Z,sell,5.693e-05,271.0,0.0154280299999999
BCD/BTC,1573732396890,2019-11-14T11:53:16.890Z,sell,5.688e-05,174.0,0.0098971199999999
BCD/BTC,1573732396890,2019-11-14T11:53:16.890Z,sell,5.685e-05,28.0,0.0015918
BCD/BTC,1573732397129,2019-11-14T11:53:17.129Z,buy,5.683e-05,482.0,0.02739206
BCD/BTC,1573732397129,2019-11-14T11:53:17.129Z,buy,5.683e-05,482.0,0.02739206
BCD/BTC,1573733462870,2019-11-14T12:11:02.870Z,buy,5.695e-05,105.0,0.00597975
BCD/BTC,1573733553724,2019-11-14T12:12:33.724Z,buy,5.695e-05,81.0,0.00461295
BCD/BTC,1573733799035,2019-11-14T12:16:39.035Z,buy,5.71e-05,107.0,0.0061097
BCD/BTC,1573733799035,2019-11-14T12:16:39.035Z,buy,5.711e-05,245.0,0.01399195
BCD/BTC,1573733799035,2019-11-14T12:16:39.035Z,buy,5.715e-05,584.0,0.0333756
BCD/BTC,1573733799035,2019-11-14T12:16:39.035Z,buy,5.725e-05,28.0,0.001603
BCD/BTC,1573733799035,2019-11-14T12:16:39.035Z,buy,5.73e-05,30.0,0.0017189999999999
BCD/BTC,1573733799035,2019-11-14T12:16:39.035Z,buy,5.733e-05,125.0,0.00716625
BCD/BTC,1573733799035,2019-11-14T12:16:39.035Z,buy,5.734e-05,3689.0,0.21152726
BCD/BTC,1573733799592,2019-11-14T12:16:39.592Z,buy,5.71e-05,72.0,0.0041112
BCD/BTC,1573733799592,2019-11-14T12:16:39.592Z,buy,5.734e-05,27.0,0.00154818
BCD/BTC,1573733799592,2019-11-14T12:16:39.592Z,buy,5.742e-05,114.0,0.00654588
BCD/BTC,1573733800157,2019-11-14T12:16:40.157Z,buy,5.731e-05,9.0,0.00051579
BCD/BTC,1573733813688,2019-11-14T12:16:53.688Z,sell,5.702e-05,125.0,0.0071275
BCD/BTC,1573733813764,2019-11-14T12:16:53.764Z,sell,5.7e-05,35.0,0.001995
BCD/BTC,1573733819278,2019-11-14T12:16:59.278Z,sell,5.697e-05,65.0,0.00370305
BCD/BTC,1573734002830,2019-11-14T12:20:02.830Z,sell,5.714e-05,88.0,0.00502832
BCD/BTC,1573734002952,2019-11-14T12:20:02.952Z,sell,5.714e-05,54.0,0.0030855599999999
BCD/BTC,1573734043424,2019-11-14T12:20:43.424Z,buy,5.718e-05,209.0,0.01195062
BCD/BTC,1573734043632,2019-11-14T12:20:43.632Z,sell,5.718e-05,160.0,0.0091488
BCD/BTC,1573734043754,2019-11-14T12:20:43.754Z,sell,5.718e-05,584.0,0.03339312
BCD/BTC,1573734044614,2019-11-14T12:20:44.614Z,sell,5.718e-05,76.0,0.00434568
BCD/BTC,1573734044764,2019-11-14T12:20:44.764Z,sell,5.718e-05,144.0,0.00823392
BCD/BTC,1573734049968,2019-11-14T12:20:49.968Z,sell,5.718e-05,1278.0,0.07307604
BCD/BTC,1573734050026,2019-11-14T12:20:50.026Z,sell,5.718e-05,92.0,0.00526056
BCD/BTC,1573734050119,2019-11-14T12:20:50.119Z,sell,5.718e-05,208.0,0.01189344
BCD/BTC,1573734050946,2019-11-14T12:20:50.946Z,sell,5.718e-05,670.0,0.0383106
BCD/BTC,1573734051213,2019-11-14T12:20:51.213Z,sell,5.718e-05,93.0,0.00531774
BCD/BTC,1573734051236,2019-11-14T12:20:51.236Z,sell,5.718e-05,32.0,0.00182976
BCD/BTC,1573734051960,2019-11-14T12:20:51.960Z,sell,5.718e-05,262.0,0.01498116
BCD/BTC,1573734052261,2019-11-14T12:20:52.261Z,sell,5.718e-05,64.0,0.00365952
BCD/BTC,1573734053324,2019-11-14T12:20:53.324Z,sell,5.718e-05,91.0,0.00520338
BCD/BTC,1573734053418,2019-11-14T12:20:53.418Z,sell,5.718e-05,47.0,0.00268746
BCD/BTC,1573734054459,2019-11-14T12:20:54.459Z,sell,5.718e-05,30.0,0.0017154
BCD/BTC,1573734162696,2019-11-14T12:22:42.696Z,buy,5.719e-05,5.0,0.00028595
BCD/BTC,1573734578123,2019-11-14T12:29:38.123Z,sell,5.698e-05,21.0,0.00119658
BCD/BTC,1573734776919,2019-11-14T12:32:56.919Z,sell,5.699e-05,216.0,0.01230984
BCD/BTC,1573734777101,2019-11-14T12:32:57.101Z,sell,5.699e-05,26.0,0.00148174
BCD/BTC,1573734777101,2019-11-14T12:32:57.101Z,sell,5.698e-05,151.0,0.00860398
BCD/BTC,1573735164472,2019-11-14T12:39:24.472Z,sell,5.697e-05,15.0,0.0008545499999999
BCD/BTC,1573735170078,2019-11-14T12:39:30.078Z,buy,5.713e-05,78.0,0.00445614
BCD/BTC,1573735301765,2019-11-14T12:41:41.765Z,buy,5.71e-05,2.0,0.0001142
BCD/BTC,1573735551615,2019-11-14T12:45:51.615Z,buy,5.705e-05,100.0,0.005705
BCD/BTC,1573735656990,2019-11-14T12:47:36.990Z,buy,5.703e-05,333.0,0.01899099
BCD/BTC,1573735665866,2019-11-14T12:47:45.866Z,buy,5.703e-05,732.0,0.04174596
BCD/BTC,1573735834484,2019-11-14T12:50:34.484Z,sell,5.707e-05,28.0,0.00159796
BCD/BTC,1573735834739,2019-11-14T12:50:34.739Z,sell,5.708e-05,2.0,0.00011416
BCD/BTC,1573735877983,2019-11-14T12:51:17.983Z,sell,5.71e-05,150.0,0.008565
BCD/BTC,1573735877983,2019-11-14T12:51:17.983Z,sell,5.709e-05,161.0,0.00919149
BCD/BTC,1573735877983,2019-11-14T12:51:17.983Z,sell,5.707e-05,150.0,0.0085605
BCD/BTC,1573735877983,2019-11-14T12:51:17.983Z,sell,5.704e-05,174.0,0.00992496
BCD/BTC,1573735877983,2019-11-14T12:51:17.983Z,sell,5.699e-05,195.0,0.01111305
BCD/BTC,1573735877983,2019-11-14T12:51:17.983Z,sell,5.698e-05,750.0,0.042735
BCD/BTC,1573735883571,2019-11-14T12:51:23.571Z,sell,5.699e-05,41.0,0.00233659
BCD/BTC,1573735883571,2019-11-14T12:51:23.571Z,sell,5.699e-05,41.0,0.00233659
BCD/BTC,1573736154083,2019-11-14T12:55:54.083Z,sell,5.698e-05,83.0,0.00472934
BCD/BTC,1573736210155,2019-11-14T12:56:50.155Z,sell,5.698e-05,19.0,0.00108262
BCD/BTC,1573736324261,2019-11-14T12:58:44.261Z,sell,5.698e-05,5.0,0.0002849
BCD/BTC,1573736579111,2019-11-14T13:02:59.111Z,sell,5.698e-05,52.0,0.00296296
BCD/BTC,1573737251756,2019-11-14T13:14:11.756Z,sell,5.698e-05,5.0,0.0002849
BCD/BTC,1573737251756,2019-11-14T13:14:11.756Z,sell,5.697e-05,15.0,0.0008545499999999
BCD/BTC,1573739052019,2019-11-14T13:44:12.019Z,sell,5.698e-05,551.0,0.03139598
BCD/BTC,1573739052019,2019-11-14T13:44:12.019Z,sell,5.697e-05,847.0,0.04825359
BCD/BTC,1573739052019,2019-11-14T13:44:12.019Z,sell,5.695e-05,1000.0,0.05695
BCD/BTC,1573739259325,2019-11-14T13:47:39.325Z,sell,5.686e-05,18.0,0.00102348
BCD/BTC,1573739259325,2019-11-14T13:47:39.325Z,sell,5.686e-05,18.0,0.00102348
BCD/BTC,1573739677712,2019-11-14T13:54:37.712Z,sell,5.694e-05,186.0,0.01059084
BCD/BTC,1573740513148,2019-11-14T14:08:33.148Z,buy,5.71e-05,318.0,0.0181577999999999
BCD/BTC,1573740513632,2019-11-14T14:08:33.632Z,buy,5.71e-05,451.0,0.0257521
BCD/BTC,1573740614087,2019-11-14T14:10:14.087Z,buy,5.72e-05,2.0,0.0001144
BCD/BTC,1573740668391,2019-11-14T14:11:08.391Z,sell,5.721e-05,2.0,0.00011442
BCD/BTC,1573740687027,2019-11-14T14:11:27.027Z,buy,5.73e-05,30.0,0.0017189999999999
BCD/BTC,1573740728033,2019-11-14T14:12:08.033Z,sell,5.73e-05,10.0,0.0005729999999999
BCD/BTC,1573740752641,2019-11-14T14:12:32.641Z,sell,5.73e-05,18.0,0.0010314
BCD/BTC,1573740868402,2019-11-14T14:14:28.402Z,buy,5.734e-05,5.0,0.0002867
BCD/BTC,1573740903321,2019-11-14T14:15:03.321Z,buy,5.743e-05,3.0,0.00017229
BCD/BTC,1573740903321,2019-11-14T14:15:03.321Z,buy,5.745e-05,2.0,0.0001149
BCD/BTC,1573740903321,2019-11-14T14:15:03.321Z,buy,5.748e-05,22.0,0.00126456
BCD/BTC,1573740903321,2019-11-14T14:15:03.321Z,buy,5.75e-05,67.0,0.0038525
BCD/BTC,1573740908008,2019-11-14T14:15:08.008Z,buy,5.746e-05,3.0,0.00017238
BCD/BTC,1573740933361,2019-11-14T14:15:33.361Z,sell,5.745e-05,10.0,0.0005745
BCD/BTC,1573740944257,2019-11-14T14:15:44.257Z,sell,5.745e-05,31.0,0.00178095
BCD/BTC,1573741180294,2019-11-14T14:19:40.294Z,sell,5.749e-05,25.0,0.00143725
BCD/BTC,1573741197307,2019-11-14T14:19:57.307Z,sell,5.726e-05,25.0,0.0014314999999999
BCD/BTC,1573741242469,2019-11-14T14:20:42.469Z,sell,5.727e-05,10.0,0.0005727
BCD/BTC,1573741522324,2019-11-14T14:25:22.324Z,buy,5.746e-05,25.0,0.0014365
BCD/BTC,1573741532817,2019-11-14T14:25:32.817Z,sell,5.728e-05,25.0,0.001432
BCD/BTC,1573741563820,2019-11-14T14:26:03.820Z,sell,5.726e-05,9.0,0.00051534
BCD/BTC,1573741798047,2019-11-14T14:29:58.047Z,buy,5.744e-05,87.0,0.00499728
BCD/BTC,1573741802949,2019-11-14T14:30:02.949Z,buy,5.754e-05,16.0,0.00092064
BCD/BTC,1573741802949,2019-11-14T14:30:02.949Z,buy,5.76e-05,30.0,0.001728
BCD/BTC,1573741807915,2019-11-14T14:30:07.915Z,buy,5.763e-05,174.0,0.01002762
BCD/BTC,1573741807915,2019-11-14T14:30:07.915Z,buy,5.766e-05,28.0,0.00161448
BCD/BTC,1573741824572,2019-11-14T14:30:24.572Z,buy,5.769e-05,5.0,0.00028845
BCD/BTC,1573741828270,2019-11-14T14:30:28.270Z,sell,5.772e-05,9.0,0.00051948
BCD/BTC,1573741828897,2019-11-14T14:30:28.897Z,buy,5.773e-05,13.0,0.0007504899999999
BCD/BTC,1573741853206,2019-11-14T14:30:53.206Z,buy,5.778e-05,3.0,0.00017334
BCD/BTC,1573741871675,2019-11-14T14:31:11.675Z,sell,5.78e-05,68.0,0.0039304
BCD/BTC,1573742045800,2019-11-14T14:34:05.800Z,sell,5.781e-05,32.0,0.00184992
BCD/BTC,1573742046003,2019-11-14T14:34:06.003Z,sell,5.781e-05,40.0,0.0023124
BCD/BTC,1573742049353,2019-11-14T14:34:09.353Z,sell,5.781e-05,26.0,0.0015030599999999
BCD/BTC,1573742049444,2019-11-14T14:34:09.444Z,sell,5.781e-05,37.0,0.00213897
BCD/BTC,1573742069666,2019-11-14T14:34:29.666Z,buy,5.782e-05,22.0,0.0012720399999999
BCD/BTC,1573742069666,2019-11-14T14:34:29.666Z,buy,5.79e-05,278.0,0.0160961999999999
BCD/BTC,1573742102688,2019-11-14T14:35:02.688Z,sell,5.783e-05,17.0,0.00098311
BCD/BTC,1573742593854,2019-11-14T14:43:13.854Z,sell,5.786e-05,119.0,0.00688534
BCD/BTC,1573742857015,2019-11-14T14:47:37.015Z,sell,5.785e-05,45.0,0.0026032499999999
BCD/BTC,1573742857281,2019-11-14T14:47:37.281Z,sell,5.785e-05,47.0,0.00271895
BCD/BTC,1573742857281,2019-11-14T14:47:37.281Z,sell,5.785e-05,47.0,0.00271895
BCD/BTC,1573742974857,2019-11-14T14:49:34.857Z,buy,5.781e-05,241.0,0.0139322099999999
BCD/BTC,1573742984615,2019-11-14T14:49:44.615Z,buy,5.779e-05,79.0,0.00456541
BCD/BTC,1573743034566,2019-11-14T14:50:34.566Z,buy,5.775e-05,42.0,0.0024255
BCD/BTC,1573743035127,2019-11-14T14:50:35.127Z,buy,5.781e-05,2.0,0.00011562
BCD/BTC,1573743470851,2019-11-14T14:57:50.851Z,sell,5.751e-05,235.0,0.01351485
BCD/BTC,1573743689151,2019-11-14T15:01:29.151Z,buy,5.749e-05,81.0,0.00465669
BCD/BTC,1573743689210,2019-11-14T15:01:29.210Z,buy,5.749e-05,220.0,0.0126478
BCD/BTC,1573743770503,2019-11-14T15:02:50.503Z,buy,5.749e-05,291.0,0.01672959
BCD/BTC,1573743815332,2019-11-14T15:03:35.332Z,buy,5.751e-05,436.0,0.02507436
BCD/BTC,1573744541582,2019-11-14T15:15:41.582Z,sell,5.754e-05,173.0,0.00995442
BCD/BTC,1573745117810,2019-11-14T15:25:17.810Z,sell,5.758e-05,346.0,0.01992268
BCD/BTC,1573745493638,2019-11-14T15:31:33.638Z,buy,5.782e-05,2.0,0.00011564
BCD/BTC,1573745920583,2019-11-14T15:38:40.583Z,buy,5.782e-05,123.0,0.00711186
BCD/BTC,1573746011638,2019-11-14T15:40:11.638Z,sell,5.78e-05,47.0,0.0027166
BCD/BTC,1573746013772,2019-11-14T15:40:13.772Z,sell,5.784e-05,55.0,0.0031812
BCD/BTC,1573746016167,2019-11-14T15:40:16.167Z,sell,5.784e-05,55.0,0.0031812
BCD/BTC,1573746019122,2019-11-14T15:40:19.122Z,sell,5.784e-05,11.0,0.00063624
BCD/BTC,1573746254722,2019-11-14T15:44:14.722Z,buy,5.788e-05,159.0,0.00920292
BCD/BTC,1573746440034,2019-11-14T15:47:20.034Z,sell,5.788e-05,922.0,0.05336536
BCD/BTC,1573746440034,2019-11-14T15:47:20.034Z,sell,5.763e-05,101.0,0.00582063
BCD/BTC,1573746440034,2019-11-14T15:47:20.034Z,sell,5.762e-05,47.0,0.00270814
BCD/BTC,1573746440034,2019-11-14T15:47:20.034Z,sell,5.788e-05,922.0,0.05336536
BCD/BTC,1573746440034,2019-11-14T15:47:20.034Z,sell,5.763e-05,101.0,0.00582063
BCD/BTC,1573746440034,2019-11-14T15:47:20.034Z,sell,5.762e-05,47.0,0.00270814
BCD/BTC,1573746693082,2019-11-14T15:51:33.082Z,buy,5.767e-05,20.0,0.0011534
BCD/BTC,1573746855328,2019-11-14T15:54:15.328Z,sell,5.762e-05,8.0,0.00046096
BCD/BTC,1573746855328,2019-11-14T15:54:15.328Z,sell,5.76e-05,44.0,0.0025344
BCD/BTC,1573747139817,2019-11-14T15:58:59.817Z,buy,5.77e-05,114.0,0.0065778
BCD/BTC,1573747139817,2019-11-14T15:58:59.817Z,buy,5.771e-05,78.0,0.00450138
BCD/BTC,1573747151625,2019-11-14T15:59:11.625Z,sell,5.748e-05,22.0,0.00126456
BCD/BTC,1573747151625,2019-11-14T15:59:11.625Z,sell,5.744e-05,64.0,0.00367616
BCD/BTC,1573747151625,2019-11-14T15:59:11.625Z,sell,5.743e-05,3.0,0.00017229
BCD/BTC,1573747151625,2019-11-14T15:59:11.625Z,sell,5.734e-05,84.0,0.00481656
BCD/BTC,1573747151625,2019-11-14T15:59:11.625Z,sell,5.73e-05,30.0,0.0017189999999999
BCD/BTC,1573747151625,2019-11-14T15:59:11.625Z,sell,5.726e-05,13.0,0.00074438
BCD/BTC,1573747151625,2019-11-14T15:59:11.625Z,sell,5.725e-05,34.0,0.0019465
BCD/BTC,1573747163170,2019-11-14T15:59:23.170Z,sell,5.73e-05,154.0,0.0088241999999999
BCD/BTC,1573747328325,2019-11-14T16:02:08.325Z,buy,5.728e-05,2.0,0.00011456
BCD/BTC,1573747328567,2019-11-14T16:02:08.567Z,buy,5.728e-05,9.0,0.00051552
BCD/BTC,1573747328617,2019-11-14T16:02:08.617Z,buy,5.728e-05,9.0,0.00051552
BCD/BTC,1573748286084,2019-11-14T16:18:06.084Z,sell,5.728e-05,93.0,0.00532704
BCD/BTC,1573748286084,2019-11-14T16:18:06.084Z,sell,5.727e-05,174.0,0.00996498
BCD/BTC,1573748286084,2019-11-14T16:18:06.084Z,sell,5.726e-05,351.0,0.02009826
BCD/BTC,1573748286084,2019-11-14T16:18:06.084Z,sell,5.725e-05,28.0,0.001603
BCD/BTC,1573748286084,2019-11-14T16:18:06.084Z,sell,5.724e-05,414.0,0.02369736
BCD/BTC,1573749383165,2019-11-14T16:36:23.165Z,sell,5.724e-05,22.0,0.00125928
BCD/BTC,1573749900688,2019-11-14T16:45:00.688Z,sell,5.725e-05,6.0,0.0003435
BCD/BTC,1573749900688,2019-11-14T16:45:00.688Z,sell,5.725e-05,6.0,0.0003435
BCD/BTC,1573750749404,2019-11-14T16:59:09.404Z,buy,5.725e-05,58.0,0.0033205
BCD/BTC,1573750749415,2019-11-14T16:59:09.415Z,buy,5.725e-05,7.0,0.00040075
BCD/BTC,1573750782543,2019-11-14T16:59:42.543Z,buy,5.75e-05,59.0,0.0033925
BCD/BTC,1573750783387,2019-11-14T16:59:43.387Z,buy,5.75e-05,59.0,0.0033925
BCD/BTC,1573750783701,2019-11-14T16:59:43.701Z,buy,5.75e-05,59.0,0.0033925
BCD/BTC,1573750783940,2019-11-14T16:59:43.940Z,buy,5.75e-05,12.0,0.00069
BCD/BTC,1573750868363,2019-11-14T17:01:08.363Z,sell,5.75e-05,2.0,0.000115
BCD/BTC,1573751024019,2019-11-14T17:03:44.019Z,sell,5.75e-05,38.0,0.002185
BCD/BTC,1573751024019,2019-11-14T17:03:44.019Z,sell,5.731e-05,42.0,0.0024070199999999
BCD/BTC,1573751024019,2019-11-14T17:03:44.019Z,sell,5.722e-05,94.0,0.0053786799999999
BCD/BTC,1573751623254,2019-11-14T17:13:43.254Z,sell,5.721e-05,15.0,0.00085815
BCD/BTC,1573752038921,2019-11-14T17:20:38.921Z,buy,5.727e-05,325.0,0.01861275
BCD/BTC,1573752933422,2019-11-14T17:35:33.422Z,sell,5.723e-05,84.0,0.00480732
BCD/BTC,1573752933422,2019-11-14T17:35:33.422Z,sell,5.722e-05,66.0,0.00377652
BCD/BTC,1573752933422,2019-11-14T17:35:33.422Z,sell,5.723e-05,84.0,0.00480732
BCD/BTC,1573752933422,2019-11-14T17:35:33.422Z,sell,5.722e-05,66.0,0.00377652
BCD/BTC,1573754184873,2019-11-14T17:56:24.873Z,sell,5.722e-05,263.0,0.0150488599999999
BCD/BTC,1573754184897,2019-11-14T17:56:24.897Z,buy,5.722e-05,96.0,0.00549312
BCD/BTC,1573754187131,2019-11-14T17:56:27.131Z,buy,5.722e-05,50.0,0.002861
BCD/BTC,1573754657791,2019-11-14T18:04:17.791Z,buy,5.722e-05,9.0,0.00051498
BCD/BTC,1573754657791,2019-11-14T18:04:17.791Z,buy,5.728e-05,60.0,0.0034368
BCD/BTC,1573755117380,2019-11-14T18:11:57.380Z,buy,5.735e-05,20.0,0.001147
BCD/BTC,1573755119040,2019-11-14T18:11:59.040Z,buy,5.733e-05,176.0,0.01009008
BCD/BTC,1573755119040,2019-11-14T18:11:59.040Z,buy,5.734e-05,289.0,0.01657126
BCD/BTC,1573755150293,2019-11-14T18:12:30.293Z,buy,5.741e-05,31.0,0.00177971
BCD/BTC,1573755156892,2019-11-14T18:12:36.892Z,buy,5.741e-05,10.0,0.0005741
BCD/BTC,1573755160364,2019-11-14T18:12:40.364Z,buy,5.741e-05,10.0,0.0005741
BCD/BTC,1573755171971,2019-11-14T18:12:51.971Z,sell,5.723e-05,20.0,0.0011446
BCD/BTC,1573755504282,2019-11-14T18:18:24.282Z,buy,5.741e-05,3.0,0.00017223
BCD/BTC,1573755504282,2019-11-14T18:18:24.282Z,buy,5.741e-05,3.0,0.00017223
BCD/BTC,1573756790240,2019-11-14T18:39:50.240Z,sell,5.723e-05,115.0,0.00658145
BCD/BTC,1573756811655,2019-11-14T18:40:11.655Z,buy,5.741e-05,2.0,0.00011482
BCD/BTC,1573758297914,2019-11-14T19:04:57.914Z,buy,5.74e-05,49.0,0.0028126
BCD/BTC,1573758366148,2019-11-14T19:06:06.148Z,buy,5.74e-05,69.0,0.0039606
BCD/BTC,1573758829205,2019-11-14T19:13:49.205Z,buy,5.74e-05,47.0,0.0026977999999999
BCD/BTC,1573758829205,2019-11-14T19:13:49.205Z,buy,5.741e-05,272.0,0.01561552
BCD/BTC,1573758873788,2019-11-14T19:14:33.788Z,buy,5.726e-05,213.0,0.01219638
BCD/BTC,1573758875592,2019-11-14T19:14:35.592Z,buy,5.725e-05,10.0,0.0005725
BCD/BTC,1573758875592,2019-11-14T19:14:35.592Z,buy,5.725e-05,10.0,0.0005725
BCD/BTC,1573759110789,2019-11-14T19:18:30.789Z,buy,5.724e-05,2.0,0.00011448
BCD/BTC,1573759111010,2019-11-14T19:18:31.010Z,sell,5.723e-05,4.0,0.00022892
BCD/BTC,1573759111010,2019-11-14T19:18:31.010Z,sell,5.721e-05,38.0,0.00217398
BCD/BTC,1573759599330,2019-11-14T19:26:39.330Z,sell,5.721e-05,30.0,0.0017163
BCD/BTC,1573759646081,2019-11-14T19:27:26.081Z,buy,5.722e-05,96.0,0.00549312
BCD/BTC,1573760012022,2019-11-14T19:33:32.022Z,sell,5.721e-05,17.0,0.00097257
BCD/BTC,1573760016536,2019-11-14T19:33:36.536Z,buy,5.718e-05,106.0,0.00606108
BCD/BTC,1573760058069,2019-11-14T19:34:18.069Z,buy,5.717e-05,921.0,0.05265357
BCD/BTC,1573760254256,2019-11-14T19:37:34.256Z,buy,5.739e-05,71.0,0.00407469
BCD/BTC,1573760254256,2019-11-14T19:37:34.256Z,buy,5.74e-05,874.0,0.0501676
BCD/BTC,1573760254256,2019-11-14T19:37:34.256Z,buy,5.741e-05,418.0,0.02399738
BCD/BTC,1573760279877,2019-11-14T19:37:59.877Z,buy,5.739e-05,144.0,0.00826416
BCD/BTC,1573760279877,2019-11-14T19:37:59.877Z,buy,5.741e-05,1151.0,0.06607891
BCD/BTC,1573760301943,2019-11-14T19:38:21.943Z,buy,5.741e-05,548.0,0.03146068
BCD/BTC,1573760562102,2019-11-14T19:42:42.102Z,buy,5.741e-05,4.0,0.00022964
BCD/BTC,1573760896426,2019-11-14T19:48:16.426Z,buy,5.741e-05,18.0,0.00103338
BCD/BTC,1573760917437,2019-11-14T19:48:37.437Z,sell,5.714e-05,18.0,0.00102852
BCD/BTC,1573761050117,2019-11-14T19:50:50.117Z,buy,5.736e-05,4.0,0.00022944
BCD/BTC,1573761053116,2019-11-14T19:50:53.116Z,buy,5.741e-05,29.0,0.00166489
BCD/BTC,1573761054679,2019-11-14T19:50:54.679Z,buy,5.741e-05,110.0,0.0063151
BCD/BTC,1573761131219,2019-11-14T19:52:11.219Z,buy,5.726e-05,135.0,0.0077300999999999
BCD/BTC,1573761133989,2019-11-14T19:52:13.989Z,buy,5.726e-05,25.0,0.0014314999999999
BCD/BTC,1573761135538,2019-11-14T19:52:15.538Z,buy,5.726e-05,25.0,0.0014314999999999
BCD/BTC,1573761137160,2019-11-14T19:52:17.160Z,buy,5.726e-05,25.0,0.0014314999999999
BCD/BTC,1573761142070,2019-11-14T19:52:22.070Z,buy,5.726e-05,1018.0,0.05829068
BCD/BTC,1573761142233,2019-11-14T19:52:22.233Z,sell,5.726e-05,115.0,0.0065848999999999
BCD/BTC,1573761213828,2019-11-14T19:53:33.828Z,buy,5.741e-05,1475.0,0.08467975
BCD/BTC,1573761213828,2019-11-14T19:53:33.828Z,buy,5.746e-05,570.0,0.0327522
BCD/BTC,1573761213854,2019-11-14T19:53:33.854Z,sell,5.746e-05,110.0,0.0063206
BCD/BTC,1573761213858,2019-11-14T19:53:33.858Z,sell,5.746e-05,200.0,0.011492
BCD/BTC,1573761244987,2019-11-14T19:54:04.987Z,sell,5.726e-05,174.0,0.00996324
BCD/BTC,1573761244987,2019-11-14T19:54:04.987Z,sell,5.715e-05,87.0,0.00497205
BCD/BTC,1573761245467,2019-11-14T19:54:05.467Z,sell,5.716e-05,242.0,0.01383272
BCD/BTC,1573761245467,2019-11-14T19:54:05.467Z,sell,5.715e-05,19.0,0.00108585
BCD/BTC,1573762215059,2019-11-14T20:10:15.059Z,buy,5.715e-05,3.0,0.00017145
BCD/BTC,1573762215059,2019-11-14T20:10:15.059Z,buy,5.719e-05,22.0,0.00125818
BCD/BTC,1573762215059,2019-11-14T20:10:15.059Z,buy,5.744e-05,17.0,0.00097648
BCD/BTC,1573762215611,2019-11-14T20:10:15.611Z,buy,5.743e-05,2.0,0.00011486
BCD/BTC,1573762230101,2019-11-14T20:10:30.101Z,sell,5.717e-05,123.0,0.00703191
BCD/BTC,1573762230738,2019-11-14T20:10:30.738Z,sell,5.718e-05,225.0,0.0128655
BCD/BTC,1573762231047,2019-11-14T20:10:31.047Z,sell,5.718e-05,35.0,0.0020013
BCD/BTC,1573762231047,2019-11-14T20:10:31.047Z,sell,5.717e-05,39.0,0.00222963
BCD/BTC,1573762231047,2019-11-14T20:10:31.047Z,sell,5.716e-05,83.0,0.00474428
BCD/BTC,1573762231154,2019-11-14T20:10:31.154Z,sell,5.719e-05,30.0,0.0017157
BCD/BTC,1573762231344,2019-11-14T20:10:31.344Z,sell,5.719e-05,127.0,0.00726313
BCD/BTC,1573762231347,2019-11-14T20:10:31.347Z,sell,5.719e-05,5.0,0.00028595
BCD/BTC,1573762231347,2019-11-14T20:10:31.347Z,sell,5.716e-05,51.0,0.00291516
BCD/BTC,1573762463614,2019-11-14T20:14:23.614Z,sell,5.716e-05,13.0,0.00074308
BCD/BTC,1573762463614,2019-11-14T20:14:23.614Z,sell,5.716e-05,13.0,0.00074308
BCD/BTC,1573762902478,2019-11-14T20:21:42.478Z,buy,5.726e-05,25.0,0.0014314999999999
BCD/BTC,1573762904343,2019-11-14T20:21:44.343Z,buy,5.729e-05,25.0,0.00143225
BCD/BTC,1573762906898,2019-11-14T20:21:46.898Z,buy,5.725e-05,135.0,0.00772875
BCD/BTC,1573762908449,2019-11-14T20:21:48.449Z,buy,5.725e-05,25.0,0.00143125
BCD/BTC,1573762909480,2019-11-14T20:21:49.480Z,buy,5.725e-05,20.0,0.001145
BCD/BTC,1573762910074,2019-11-14T20:21:50.074Z,buy,5.724e-05,25.0,0.001431
BCD/BTC,1573762912379,2019-11-14T20:21:52.379Z,buy,5.724e-05,25.0,0.001431
BCD/BTC,1573762913926,2019-11-14T20:21:53.926Z,buy,5.729e-05,25.0,0.00143225
BCD/BTC,1573762915081,2019-11-14T20:21:55.081Z,buy,5.728e-05,20.0,0.0011456
BCD/BTC,1573763017481,2019-11-14T20:23:37.481Z,sell,5.714e-05,4.0,0.00022856
BCD/BTC,1573763233288,2019-11-14T20:27:13.288Z,sell,5.714e-05,2.0,0.00011428
BCD/BTC,1573763234064,2019-11-14T20:27:14.064Z,buy,5.714e-05,49.0,0.00279986
BCD/BTC,1573763234641,2019-11-14T20:27:14.641Z,buy,5.738e-05,25.0,0.0014345
BCD/BTC,1573763647507,2019-11-14T20:34:07.507Z,buy,5.724e-05,84.0,0.00480816
BCD/BTC,1573763647507,2019-11-14T20:34:07.507Z,buy,5.726e-05,51.0,0.00292026
BCD/BTC,1573763648144,2019-11-14T20:34:08.144Z,buy,5.726e-05,25.0,0.0014314999999999
BCD/BTC,1573763854886,2019-11-14T20:37:34.886Z,buy,5.723e-05,92.0,0.00526516
BCD/BTC,1573764501194,2019-11-14T20:48:21.194Z,sell,5.71e-05,27.0,0.0015417
BCD/BTC,1573764501881,2019-11-14T20:48:21.881Z,buy,5.709e-05,135.0,0.0077071499999999
BCD/BTC,1573764504040,2019-11-14T20:48:24.040Z,buy,5.709e-05,25.0,0.00142725
BCD/BTC,1573764505692,2019-11-14T20:48:25.692Z,buy,5.709e-05,25.0,0.00142725
BCD/BTC,1573764507288,2019-11-14T20:48:27.288Z,buy,5.709e-05,25.0,0.00142725
BCD/BTC,1573764508814,2019-11-14T20:48:28.814Z,buy,5.709e-05,135.0,0.0077071499999999
BCD/BTC,1573764509355,2019-11-14T20:48:29.355Z,buy,5.709e-05,25.0,0.00142725
BCD/BTC,1573764511096,2019-11-14T20:48:31.096Z,buy,5.709e-05,25.0,0.00142725
BCD/BTC,1573764512704,2019-11-14T20:48:32.704Z,buy,5.709e-05,25.0,0.00142725
BCD/BTC,1573764514268,2019-11-14T20:48:34.268Z,buy,5.709e-05,25.0,0.00142725
BCD/BTC,1573764515739,2019-11-14T20:48:35.739Z,buy,5.709e-05,135.0,0.0077071499999999
BCD/BTC,1573764515808,2019-11-14T20:48:35.808Z,buy,5.709e-05,22.0,0.0012559799999999
BCD/BTC,1573764515808,2019-11-14T20:48:35.808Z,buy,5.739e-05,3.0,0.00017217
BCD/BTC,1573765420740,2019-11-14T21:03:40.740Z,buy,5.736e-05,18.0,0.00103248
BCD/BTC,1573765436721,2019-11-14T21:03:56.721Z,sell,5.708e-05,3.0,0.00017124
BCD/BTC,1573765436950,2019-11-14T21:03:56.950Z,buy,5.708e-05,9.0,0.00051372
BCD/BTC,1573765437049,2019-11-14T21:03:57.049Z,buy,5.708e-05,6.0,0.00034248
BCD/BTC,1573765476997,2019-11-14T21:04:36.997Z,sell,5.717e-05,2.0,0.00011434
BCD/BTC,1573765476997,2019-11-14T21:04:36.997Z,sell,5.709e-05,21.0,0.00119889
BCD/BTC,1573765476997,2019-11-14T21:04:36.997Z,sell,5.708e-05,17.0,0.00097036
BCD/BTC,1573765658334,2019-11-14T21:07:38.334Z,buy,5.737e-05,2.0,0.00011474
BCD/BTC,1573765768858,2019-11-14T21:09:28.858Z,buy,5.737e-05,164.0,0.00940868
BCD/BTC,1573765769468,2019-11-14T21:09:29.468Z,buy,5.737e-05,10.0,0.0005737
BCD/BTC,1573765809960,2019-11-14T21:10:09.960Z,sell,5.709e-05,36.0,0.00205524
BCD/BTC,1573765809960,2019-11-14T21:10:09.960Z,sell,5.709e-05,36.0,0.00205524
BCD/BTC,1573766362634,2019-11-14T21:19:22.634Z,sell,5.71e-05,242.0,0.0138182
BCD/BTC,1573766362634,2019-11-14T21:19:22.634Z,sell,5.709e-05,140.0,0.0079925999999999
BCD/BTC,1573766362634,2019-11-14T21:19:22.634Z,sell,5.707e-05,130.0,0.0074191
BCD/BTC,1573766362634,2019-11-14T21:19:22.634Z,sell,5.701e-05,82.0,0.00467482
BCD/BTC,1573766362634,2019-11-14T21:19:22.634Z,sell,5.7e-05,35.0,0.001995
BCD/BTC,1573766362661,2019-11-14T21:19:22.661Z,buy,5.7e-05,82.0,0.004674
BCD/BTC,1573766362665,2019-11-14T21:19:22.665Z,buy,5.7e-05,601.0,0.034257
BCD/BTC,1573766362670,2019-11-14T21:19:22.670Z,buy,5.7e-05,575.0,0.032775
BCD/BTC,1573766362674,2019-11-14T21:19:22.674Z,buy,5.7e-05,407.0,0.023199
BCD/BTC,1573766362678,2019-11-14T21:19:22.678Z,buy,5.7e-05,57.0,0.003249
BCD/BTC,1573766362766,2019-11-14T21:19:22.766Z,buy,5.7e-05,1134.0,0.064638
BCD/BTC,1573766362772,2019-11-14T21:19:22.772Z,buy,5.738e-05,80.0,0.0045904
BCD/BTC,1573766362772,2019-11-14T21:19:22.772Z,buy,5.739e-05,209.0,0.01199451
BCD/BTC,1573766362772,2019-11-14T21:19:22.772Z,buy,5.74e-05,1490.0,0.085526
BCD/BTC,1573766362772,2019-11-14T21:19:22.772Z,buy,5.742e-05,570.0,0.0327294
BCD/BTC,1573766362772,2019-11-14T21:19:22.772Z,buy,5.743e-05,3.0,0.00017229
BCD/BTC,1573766363338,2019-11-14T21:19:23.338Z,buy,5.738e-05,52.0,0.00298376
BCD/BTC,1573766363938,2019-11-14T21:19:23.938Z,sell,5.711e-05,190.0,0.0108509
BCD/BTC,1573766393253,2019-11-14T21:19:53.253Z,buy,5.727e-05,54.0,0.00309258
BCD/BTC,1573766393253,2019-11-14T21:19:53.253Z,buy,5.728e-05,109.0,0.00624352
BCD/BTC,1573766393253,2019-11-14T21:19:53.253Z,buy,5.73e-05,30.0,0.0017189999999999
BCD/BTC,1573766393253,2019-11-14T21:19:53.253Z,buy,5.733e-05,330.0,0.0189189
BCD/BTC,1573766393253,2019-11-14T21:19:53.253Z,buy,5.734e-05,5.0,0.0002867
BCD/BTC,1573766393253,2019-11-14T21:19:53.253Z,buy,5.746e-05,570.0,0.0327522
BCD/BTC,1573766393253,2019-11-14T21:19:53.253Z,buy,5.747e-05,6.0,0.0003448199999999
BCD/BTC,1573766393253,2019-11-14T21:19:53.253Z,buy,5.748e-05,22.0,0.00126456
BCD/BTC,1573766393253,2019-11-14T21:19:53.253Z,buy,5.76e-05,30.0,0.001728
BCD/BTC,1573766393253,2019-11-14T21:19:53.253Z,buy,5.766e-05,28.0,0.00161448
BCD/BTC,1573766393253,2019-11-14T21:19:53.253Z,buy,5.768e-05,549.0,0.03166632
BCD/BTC,1573766394280,2019-11-14T21:19:54.280Z,buy,5.727e-05,50.0,0.0028634999999999
BCD/BTC,1573766394664,2019-11-14T21:19:54.664Z,buy,5.727e-05,6.0,0.00034362
BCD/BTC,1573766442408,2019-11-14T21:20:42.408Z,sell,5.737e-05,242.0,0.01388354
BCD/BTC,1573766464545,2019-11-14T21:21:04.545Z,sell,5.738e-05,151.0,0.00866438
BCD/BTC,1573766464565,2019-11-14T21:21:04.565Z,sell,5.738e-05,10.0,0.0005738
BCD/BTC,1573766464777,2019-11-14T21:21:04.777Z,sell,5.732e-05,71.0,0.00406972
BCD/BTC,1573766497474,2019-11-14T21:21:37.474Z,sell,5.731e-05,85.0,0.00487135
BCD/BTC,1573766497474,2019-11-14T21:21:37.474Z,sell,5.73e-05,20.0,0.0011459999999999
BCD/BTC,1573767216534,2019-11-14T21:33:36.534Z,sell,5.737e-05,56.0,0.00321272
BCD/BTC,1573767231775,2019-11-14T21:33:51.775Z,sell,5.737e-05,348.0,0.01996476
BCD/BTC,1573767487251,2019-11-14T21:38:07.251Z,buy,5.737e-05,2.0,0.00011474
BCD/BTC,1573767509612,2019-11-14T21:38:29.612Z,sell,5.737e-05,4.0,0.00022948
BCD/BTC,1573767714723,2019-11-14T21:41:54.723Z,sell,5.737e-05,9.0,0.00051633
BCD/BTC,1573767822221,2019-11-14T21:43:42.221Z,buy,5.738e-05,2.0,0.00011476
BCD/BTC,1573767868101,2019-11-14T21:44:28.101Z,sell,5.73e-05,4.0,0.0002292
BCD/BTC,1573768260978,2019-11-14T21:51:00.978Z,buy,5.73e-05,11.0,0.0006303
BCD/BTC,1573768260978,2019-11-14T21:51:00.978Z,buy,5.731e-05,89.0,0.0051005899999999
BCD/BTC,1573768987316,2019-11-14T22:03:07.316Z,sell,5.725e-05,15.0,0.00085875
BCD/BTC,1573768987534,2019-11-14T22:03:07.534Z,sell,5.725e-05,13.0,0.00074425
BCD/BTC,1573768987534,2019-11-14T22:03:07.534Z,sell,5.717e-05,90.0,0.0051453
BCD/BTC,1573768987565,2019-11-14T22:03:07.565Z,buy,5.716e-05,65.0,0.0037154
BCD/BTC,1573768998511,2019-11-14T22:03:18.511Z,sell,5.725e-05,9.0,0.00051525
BCD/BTC,1573769001141,2019-11-14T22:03:21.141Z,sell,5.714e-05,22.0,0.00125708
BCD/BTC,1573769003624,2019-11-14T22:03:23.624Z,sell,5.709e-05,111.0,0.00633699
BCD/BTC,1573769006087,2019-11-14T22:03:26.087Z,sell,5.708e-05,3.0,0.00017124
BCD/BTC,1573769006859,2019-11-14T22:03:26.859Z,sell,5.701e-05,193.0,0.01100293
BCD/BTC,1573769099916,2019-11-14T22:04:59.916Z,buy,5.723e-05,107.0,0.00612361
BCD/BTC,1573769211126,2019-11-14T22:06:51.126Z,buy,5.726e-05,94.0,0.00538244
BCD/BTC,1573769253068,2019-11-14T22:07:33.068Z,buy,5.726e-05,412.0,0.02359112
BCD/BTC,1573769253068,2019-11-14T22:07:33.068Z,buy,5.726e-05,412.0,0.02359112
BCD/BTC,1573769647519,2019-11-14T22:14:07.519Z,sell,5.726e-05,17.0,0.0009734199999999
BCD/BTC,1573769861358,2019-11-14T22:17:41.358Z,buy,5.743e-05,3.0,0.00017229
BCD/BTC,1573769892619,2019-11-14T22:18:12.619Z,sell,5.73e-05,16.0,0.0009168
BCD/BTC,1573770940749,2019-11-14T22:35:40.749Z,buy,5.747e-05,53.0,0.0030459099999999
BCD/BTC,1573771803133,2019-11-14T22:50:03.133Z,sell,5.747e-05,101.0,0.00580447
BCD/BTC,1573771982259,2019-11-14T22:53:02.259Z,sell,5.733e-05,2.0,0.00011466
BCD/BTC,1573771982259,2019-11-14T22:53:02.259Z,sell,5.732e-05,2.0,0.00011464
BCD/BTC,1573771982259,2019-11-14T22:53:02.259Z,sell,5.731e-05,2.0,0.00011462
BCD/BTC,1573771982259,2019-11-14T22:53:02.259Z,sell,5.73e-05,2.0,0.0001146
BCD/BTC,1573771982259,2019-11-14T22:53:02.259Z,sell,5.729e-05,2.0,0.00011458
BCD/BTC,1573771982259,2019-11-14T22:53:02.259Z,sell,5.726e-05,3.0,0.0001717799999999
BCD/BTC,1573771982259,2019-11-14T22:53:02.259Z,sell,5.722e-05,348.0,0.01991256
BCD/BTC,1573771982259,2019-11-14T22:53:02.259Z,sell,5.721e-05,174.0,0.00995454
BCD/BTC,1573771982259,2019-11-14T22:53:02.259Z,sell,5.72e-05,4.0,0.0002288
BCD/BTC,1573771982259,2019-11-14T22:53:02.259Z,sell,5.71e-05,2.0,0.0001142
BCD/BTC,1573771982259,2019-11-14T22:53:02.259Z,sell,5.708e-05,176.0,0.01004608
BCD/BTC,1573771982259,2019-11-14T22:53:02.259Z,sell,5.707e-05,872.0,0.04976504
BCD/BTC,1573771982259,2019-11-14T22:53:02.259Z,sell,5.706e-05,227.0,0.01295262
BCD/BTC,1573771982259,2019-11-14T22:53:02.259Z,sell,5.702e-05,2.0,0.00011404
BCD/BTC,1573771982259,2019-11-14T22:53:02.259Z,sell,5.701e-05,17.0,0.00096917
BCD/BTC,1573771982259,2019-11-14T22:53:02.259Z,sell,5.7e-05,35.0,0.001995
BCD/BTC,1573771982259,2019-11-14T22:53:02.259Z,sell,5.697e-05,5.0,0.00028485
BCD/BTC,1573771982259,2019-11-14T22:53:02.259Z,sell,5.688e-05,6.0,0.00034128
BCD/BTC,1573771982259,2019-11-14T22:53:02.259Z,sell,5.685e-05,28.0,0.0015918
BCD/BTC,1573771982259,2019-11-14T22:53:02.259Z,sell,5.684e-05,190.0,0.0107996
BCD/BTC,1573771983003,2019-11-14T22:53:03.003Z,buy,5.737e-05,147.0,0.00843339
BCD/BTC,1573771984404,2019-11-14T22:53:04.404Z,buy,5.724e-05,25.0,0.001431
BCD/BTC,1573771985384,2019-11-14T22:53:05.384Z,buy,5.724e-05,25.0,0.001431
BCD/BTC,1573771985541,2019-11-14T22:53:05.541Z,buy,5.724e-05,97.0,0.00555228
BCD/BTC,1573771985541,2019-11-14T22:53:05.541Z,buy,5.725e-05,25.0,0.00143125
BCD/BTC,1573771986491,2019-11-14T22:53:06.491Z,buy,5.723e-05,25.0,0.00143075
BCD/BTC,1573771987424,2019-11-14T22:53:07.424Z,buy,5.723e-05,25.0,0.00143075
BCD/BTC,1573771988320,2019-11-14T22:53:08.320Z,buy,5.723e-05,25.0,0.00143075
BCD/BTC,1573771989234,2019-11-14T22:53:09.234Z,buy,5.724e-05,25.0,0.001431
BCD/BTC,1573771990152,2019-11-14T22:53:10.152Z,buy,5.724e-05,25.0,0.001431
BCD/BTC,1573771991088,2019-11-14T22:53:11.088Z,buy,5.724e-05,25.0,0.001431
BCD/BTC,1573771992696,2019-11-14T22:53:12.696Z,buy,5.724e-05,23.0,0.00131652
BCD/BTC,1573771992696,2019-11-14T22:53:12.696Z,buy,5.725e-05,2.0,0.0001145
BCD/BTC,1573771993764,2019-11-14T22:53:13.764Z,buy,5.723e-05,25.0,0.00143075
BCD/BTC,1573771994165,2019-11-14T22:53:14.165Z,buy,5.723e-05,97.0,0.00555131
BCD/BTC,1573771994728,2019-11-14T22:53:14.728Z,buy,5.725e-05,1.0,5.725e-05
BCD/BTC,1573771994728,2019-11-14T22:53:14.728Z,buy,5.73e-05,24.0,0.0013752
BCD/BTC,1573771995381,2019-11-14T22:53:15.381Z,buy,5.73e-05,6.0,0.0003438
BCD/BTC,1573771995381,2019-11-14T22:53:15.381Z,buy,5.734e-05,5.0,0.0002867
BCD/BTC,1573771995381,2019-11-14T22:53:15.381Z,buy,5.737e-05,7.0,0.00040159
BCD/BTC,1573771995702,2019-11-14T22:53:15.702Z,buy,5.737e-05,25.0,0.00143425
BCD/BTC,1573771998905,2019-11-14T22:53:18.905Z,buy,5.728e-05,25.0,0.001432
BCD/BTC,1573772000090,2019-11-14T22:53:20.090Z,buy,5.728e-05,23.0,0.00131744
BCD/BTC,1573772000090,2019-11-14T22:53:20.090Z,buy,5.741e-05,2.0,0.00011482
BCD/BTC,1573772007916,2019-11-14T22:53:27.916Z,buy,5.741e-05,15.0,0.00086115
BCD/BTC,1573772007916,2019-11-14T22:53:27.916Z,buy,5.743e-05,3.0,0.00017229
BCD/BTC,1573772007916,2019-11-14T22:53:27.916Z,buy,5.744e-05,194.0,0.01114336
BCD/BTC,1573772007916,2019-11-14T22:53:27.916Z,buy,5.747e-05,330.0,0.0189651
BCD/BTC,1573772010181,2019-11-14T22:53:30.181Z,buy,5.748e-05,17.0,0.00097716
BCD/BTC,1573772015542,2019-11-14T22:53:35.542Z,buy,5.748e-05,5.0,0.0002874
BCD/BTC,1573772047367,2019-11-14T22:54:07.367Z,buy,5.759e-05,50.0,0.0028795
BCD/BTC,1573772049656,2019-11-14T22:54:09.656Z,buy,5.759e-05,143.0,0.00823537
BCD/BTC,1573772049682,2019-11-14T22:54:09.682Z,sell,5.759e-05,5.0,0.00028795
BCD/BTC,1573772049719,2019-11-14T22:54:09.719Z,sell,5.759e-05,282.0,0.01624038
BCD/BTC,1573772049850,2019-11-14T22:54:09.850Z,sell,5.73e-05,46.0,0.0026357999999999
BCD/BTC,1573772049850,2019-11-14T22:54:09.850Z,sell,5.729e-05,236.0,0.01352044
BCD/BTC,1573772096188,2019-11-14T22:54:56.188Z,buy,5.755e-05,21.0,0.00120855
BCD/BTC,1573772117259,2019-11-14T22:55:17.259Z,buy,5.752e-05,146.0,0.00839792
BCD/BTC,1573772331332,2019-11-14T22:58:51.332Z,sell,5.752e-05,5.0,0.0002876
BCD/BTC,1573772334079,2019-11-14T22:58:54.079Z,sell,5.752e-05,5.0,0.0002876
BCD/BTC,1573772334228,2019-11-14T22:58:54.228Z,sell,5.752e-05,228.0,0.0131145599999999
BCD/BTC,1573772344142,2019-11-14T22:59:04.142Z,sell,5.752e-05,113.0,0.0064997599999999
BCD/BTC,1573772345315,2019-11-14T22:59:05.315Z,sell,5.752e-05,142.0,0.0081678399999999
BCD/BTC,1573772440713,2019-11-14T23:00:40.713Z,sell,5.751e-05,30.0,0.0017253
BCD/BTC,1573772440885,2019-11-14T23:00:40.885Z,sell,5.751e-05,217.0,0.01247967
BCD/BTC,1573772506586,2019-11-14T23:01:46.586Z,buy,5.753e-05,18.0,0.00103554
BCD/BTC,1573772506586,2019-11-14T23:01:46.586Z,buy,5.757e-05,15.0,0.00086355
BCD/BTC,1573772795689,2019-11-14T23:06:35.689Z,buy,5.756e-05,11.0,0.00063316
BCD/BTC,1573772798858,2019-11-14T23:06:38.858Z,sell,5.748e-05,17.0,0.00097716
BCD/BTC,1573772798858,2019-11-14T23:06:38.858Z,sell,5.748e-05,17.0,0.00097716
BCD/BTC,1573772915027,2019-11-14T23:08:35.027Z,sell,5.748e-05,350.0,0.020118
BCD/BTC,1573772972538,2019-11-14T23:09:32.538Z,buy,5.756e-05,418.0,0.0240600799999999
BCD/BTC,1573773193996,2019-11-14T23:13:13.996Z,buy,5.757e-05,31.0,0.00178467
BCD/BTC,1573773193996,2019-11-14T23:13:13.996Z,buy,5.76e-05,30.0,0.001728
BCD/BTC,1573773193996,2019-11-14T23:13:13.996Z,buy,5.766e-05,28.0,0.00161448
BCD/BTC,1573773193996,2019-11-14T23:13:13.996Z,buy,5.769e-05,5.0,0.00028845
BCD/BTC,1573773193996,2019-11-14T23:13:13.996Z,buy,5.772e-05,348.0,0.02008656
BCD/BTC,1573773193996,2019-11-14T23:13:13.996Z,buy,5.773e-05,13.0,0.0007504899999999
BCD/BTC,1573773193996,2019-11-14T23:13:13.996Z,buy,5.775e-05,330.0,0.0190575
BCD/BTC,1573773193996,2019-11-14T23:13:13.996Z,buy,5.778e-05,83.0,0.00479574
BCD/BTC,1573773193996,2019-11-14T23:13:13.996Z,buy,5.779e-05,871.0,0.05033509
BCD/BTC,1573773193996,2019-11-14T23:13:13.996Z,buy,5.78e-05,173.0,0.0099994
BCD/BTC,1573773193996,2019-11-14T23:13:13.996Z,buy,5.782e-05,18.0,0.00104076
BCD/BTC,1573773200339,2019-11-14T23:13:20.339Z,sell,5.752e-05,11.0,0.00063272
BCD/BTC,1573773207972,2019-11-14T23:13:27.972Z,buy,5.78e-05,30.0,0.001734
BCD/BTC,1573773207972,2019-11-14T23:13:27.972Z,buy,5.781e-05,69.0,0.00398889
BCD/BTC,1573773207972,2019-11-14T23:13:27.972Z,buy,5.782e-05,4.0,0.00023128
BCD/BTC,1573773207972,2019-11-14T23:13:27.972Z,buy,5.786e-05,53.0,0.0030665799999999
BCD/BTC,1573773207972,2019-11-14T23:13:27.972Z,buy,5.79e-05,255.0,0.0147645
BCD/BTC,1573773244053,2019-11-14T23:14:04.053Z,buy,5.789e-05,570.0,0.0329973
BCD/BTC,1573773244053,2019-11-14T23:14:04.053Z,buy,5.79e-05,34.0,0.0019686
BCD/BTC,1573773244053,2019-11-14T23:14:04.053Z,buy,5.794e-05,143.0,0.00828542
BCD/BTC,1573773244053,2019-11-14T23:14:04.053Z,buy,5.799e-05,91.0,0.00527709
BCD/BTC,1573773244053,2019-11-14T23:14:04.053Z,buy,5.8e-05,942.0,0.054636
BCD/BTC,1573773245464,2019-11-14T23:14:05.464Z,buy,5.8e-05,834.0,0.048372
BCD/BTC,1573773245726,2019-11-14T23:14:05.726Z,sell,5.762e-05,242.0,0.01394404
BCD/BTC,1573773245726,2019-11-14T23:14:05.726Z,sell,5.761e-05,11.0,0.00063371
BCD/BTC,1573773245726,2019-11-14T23:14:05.726Z,sell,5.76e-05,30.0,0.001728
BCD/BTC,1573773245726,2019-11-14T23:14:05.726Z,sell,5.757e-05,242.0,0.01393194
BCD/BTC,1573773245726,2019-11-14T23:14:05.726Z,sell,5.756e-05,395.0,0.0227361999999999
BCD/BTC,1573773246584,2019-11-14T23:14:06.584Z,sell,5.759e-05,233.0,0.01341847
BCD/BTC,1573773248850,2019-11-14T23:14:08.850Z,sell,5.762e-05,194.0,0.01117828
BCD/BTC,1573773248850,2019-11-14T23:14:08.850Z,sell,5.757e-05,80.0,0.0046056
BCD/BTC,1573773248850,2019-11-14T23:14:08.850Z,sell,5.755e-05,91.0,0.00523705
BCD/BTC,1573773248850,2019-11-14T23:14:08.850Z,sell,5.752e-05,317.0,0.0182338399999999
BCD/BTC,1573773249001,2019-11-14T23:14:09.001Z,sell,5.762e-05,81.0,0.00466722
BCD/BTC,1573773249671,2019-11-14T23:14:09.671Z,sell,5.749e-05,640.0,0.0367936
BCD/BTC,1573773257929,2019-11-14T23:14:17.929Z,sell,5.751e-05,49.0,0.00281799
BCD/BTC,1573773262205,2019-11-14T23:14:22.205Z,sell,5.749e-05,63.0,0.00362187
BCD/BTC,1573773265739,2019-11-14T23:14:25.739Z,buy,5.758e-05,2.0,0.00011516
BCD/BTC,1573773265739,2019-11-14T23:14:25.739Z,buy,5.759e-05,33.0,0.00190047
BCD/BTC,1573773278879,2019-11-14T23:14:38.879Z,sell,5.763e-05,12.0,0.00069156
BCD/BTC,1573773278886,2019-11-14T23:14:38.886Z,sell,5.749e-05,2.0,0.00011498
BCD/BTC,1573773279024,2019-11-14T23:14:39.024Z,sell,5.749e-05,90.0,0.0051741
BCD/BTC,1573773279336,2019-11-14T23:14:39.336Z,sell,5.749e-05,90.0,0.0051741
BCD/BTC,1573773279473,2019-11-14T23:14:39.473Z,sell,5.749e-05,90.0,0.0051741
BCD/BTC,1573773279475,2019-11-14T23:14:39.475Z,sell,5.749e-05,90.0,0.0051741
BCD/BTC,1573773279475,2019-11-14T23:14:39.475Z,sell,5.749e-05,5.0,0.00028745
BCD/BTC,1573773279475,2019-11-14T23:14:39.475Z,sell,5.748e-05,22.0,0.00126456
BCD/BTC,1573773279475,2019-11-14T23:14:39.475Z,sell,5.747e-05,48.0,0.0027585599999999
BCD/BTC,1573773279484,2019-11-14T23:14:39.484Z,sell,5.747e-05,61.0,0.00350567
BCD/BTC,1573773279543,2019-11-14T23:14:39.543Z,buy,5.78e-05,90.0,0.005202
BCD/BTC,1573773327590,2019-11-14T23:15:27.590Z,buy,5.771e-05,242.0,0.01396582
BCD/BTC,1573773327590,2019-11-14T23:15:27.590Z,buy,5.772e-05,11.0,0.00063492
BCD/BTC,1573773327590,2019-11-14T23:15:27.590Z,buy,5.773e-05,179.0,0.01033367
BCD/BTC,1573773327590,2019-11-14T23:15:27.590Z,buy,5.777e-05,68.0,0.00392836
BCD/BTC,1573773346053,2019-11-14T23:15:46.053Z,buy,5.778e-05,52.0,0.00300456
BCD/BTC,1573773384831,2019-11-14T23:16:24.831Z,sell,5.772e-05,78.0,0.00450216
BCD/BTC,1573773384855,2019-11-14T23:16:24.855Z,sell,5.772e-05,576.0,0.03324672
BCD/BTC,1573773384965,2019-11-14T23:16:24.965Z,sell,5.772e-05,9.0,0.00051948
BCD/BTC,1573773385746,2019-11-14T23:16:25.746Z,sell,5.772e-05,150.0,0.008658
BCD/BTC,1573773403840,2019-11-14T23:16:43.840Z,sell,5.748e-05,80.0,0.0045984
BCD/BTC,1573773403840,2019-11-14T23:16:43.840Z,sell,5.747e-05,63.0,0.00362061
BCD/BTC,1573773415487,2019-11-14T23:16:55.487Z,sell,5.748e-05,23.0,0.00132204
BCD/BTC,1573773840419,2019-11-14T23:24:00.419Z,buy,5.756e-05,38.0,0.0021872799999999
BCD/BTC,1573773842279,2019-11-14T23:24:02.279Z,buy,5.756e-05,25.0,0.001439
BCD/BTC,1573774137265,2019-11-14T23:28:57.265Z,sell,5.745e-05,168.0,0.0096516
BCD/BTC,1573774137265,2019-11-14T23:28:57.265Z,sell,5.743e-05,3.0,0.00017229
BCD/BTC,1573774137265,2019-11-14T23:28:57.265Z,sell,5.735e-05,64.0,0.0036704
BCD/BTC,1573774137265,2019-11-14T23:28:57.265Z,sell,5.734e-05,5.0,0.0002867
BCD/BTC,1573774137265,2019-11-14T23:28:57.265Z,sell,5.73e-05,30.0,0.0017189999999999
BCD/BTC,1573774137265,2019-11-14T23:28:57.265Z,sell,5.726e-05,13.0,0.00074438
BCD/BTC,1573774137265,2019-11-14T23:28:57.265Z,sell,5.725e-05,28.0,0.001603
BCD/BTC,1573774137265,2019-11-14T23:28:57.265Z,sell,5.72e-05,191.0,0.0109252
BCD/BTC,1573774137265,2019-11-14T23:28:57.265Z,sell,5.715e-05,150.0,0.0085725
BCD/BTC,1573774154454,2019-11-14T23:29:14.454Z,buy,5.737e-05,135.0,0.00774495
BCD/BTC,1573774154699,2019-11-14T23:29:14.699Z,buy,5.737e-05,15.0,0.00086055
BCD/BTC,1573774154699,2019-11-14T23:29:14.699Z,buy,5.751e-05,10.0,0.0005751
BCD/BTC,1573774178021,2019-11-14T23:29:38.021Z,buy,5.747e-05,2.0,0.00011494
BCD/BTC,1573774339564,2019-11-14T23:32:19.564Z,buy,5.744e-05,152.0,0.00873088
BCD/BTC,1573774591511,2019-11-14T23:36:31.511Z,buy,5.745e-05,290.0,0.0166605
BCD/BTC,1573774676810,2019-11-14T23:37:56.810Z,buy,5.751e-05,1.0,5.751e-05
BCD/BTC,1573774815989,2019-11-14T23:40:15.989Z,buy,5.751e-05,50.0,0.0028755
BCD/BTC,1573774840373,2019-11-14T23:40:40.373Z,buy,5.752e-05,191.0,0.0109863199999999
BCD/BTC,1573774840373,2019-11-14T23:40:40.373Z,buy,5.759e-05,160.0,0.0092144
BCD/BTC,1573775102823,2019-11-14T23:45:02.823Z,sell,5.759e-05,21.0,0.00120939
BCD/BTC,1573775102823,2019-11-14T23:45:02.823Z,sell,5.73e-05,116.0,0.0066468
BCD/BTC,1573775102823,2019-11-14T23:45:02.823Z,sell,5.729e-05,347.0,0.01987963
BCD/BTC,1573775102823,2019-11-14T23:45:02.823Z,sell,5.728e-05,912.0,0.05223936
BCD/BTC,1573775102823,2019-11-14T23:45:02.823Z,sell,5.725e-05,228.0,0.013053
BCD/BTC,1573775102823,2019-11-14T23:45:02.823Z,sell,5.72e-05,380.0,0.021736
BCD/BTC,1573775102823,2019-11-14T23:45:02.823Z,sell,5.715e-05,62.0,0.0035433
BCD/BTC,1573775102823,2019-11-14T23:45:02.823Z,sell,5.714e-05,22.0,0.00125708
BCD/BTC,1573775102823,2019-11-14T23:45:02.823Z,sell,5.71e-05,192.0,0.0109632
BCD/BTC,1573775165610,2019-11-14T23:46:05.610Z,sell,5.717e-05,12.0,0.00068604
BCD/BTC,1573775303128,2019-11-14T23:48:23.128Z,buy,5.745e-05,168.0,0.0096516
BCD/BTC,1573775303128,2019-11-14T23:48:23.128Z,buy,5.747e-05,226.0,0.01298822
BCD/BTC,1573775303128,2019-11-14T23:48:23.128Z,buy,5.748e-05,22.0,0.00126456
BCD/BTC,1573775303128,2019-11-14T23:48:23.128Z,buy,5.751e-05,14.0,0.00080514
BCD/BTC,1573775447737,2019-11-14T23:50:47.737Z,buy,5.752e-05,3.0,0.00017256
BCD/BTC,1573776004739,2019-11-15T00:00:04.739Z,buy,5.74e-05,39.0,0.0022386
BCD/BTC,1573776065899,2019-11-15T00:01:05.899Z,sell,5.739e-05,281.0,0.01612659
BCD/BTC,1573776066122,2019-11-15T00:01:06.122Z,sell,5.739e-05,3.0,0.00017217
BCD/BTC,1573776091413,2019-11-15T00:01:31.413Z,sell,5.739e-05,3.0,0.00017217
BCD/BTC,1573776137364,2019-11-15T00:02:17.364Z,sell,5.739e-05,168.0,0.0096415199999999
BCD/BTC,1573776137720,2019-11-15T00:02:17.720Z,sell,5.739e-05,170.0,0.0097562999999999
BCD/BTC,1573776299735,2019-11-15T00:04:59.735Z,buy,5.748e-05,62.0,0.00356376
BCD/BTC,1573776299735,2019-11-15T00:04:59.735Z,buy,5.757e-05,348.0,0.02003436
BCD/BTC,1573776299735,2019-11-15T00:04:59.735Z,buy,5.758e-05,90.0,0.0051822
BCD/BTC,1573776299735,2019-11-15T00:04:59.735Z,buy,5.76e-05,71.0,0.0040896
BCD/BTC,1573776299735,2019-11-15T00:04:59.735Z,buy,5.748e-05,62.0,0.00356376
BCD/BTC,1573776299735,2019-11-15T00:04:59.735Z,buy,5.757e-05,348.0,0.02003436
BCD/BTC,1573776299735,2019-11-15T00:04:59.735Z,buy,5.758e-05,90.0,0.0051822
BCD/BTC,1573776299735,2019-11-15T00:04:59.735Z,buy,5.76e-05,71.0,0.0040896
BCD/BTC,1573777061288,2019-11-15T00:17:41.288Z,buy,5.756e-05,2.0,0.00011512
BCD/BTC,1573777061288,2019-11-15T00:17:41.288Z,buy,5.76e-05,2.0,0.0001152
BCD/BTC,1573777061288,2019-11-15T00:17:41.288Z,buy,5.764e-05,2.0,0.00011528
BCD/BTC,1573777061288,2019-11-15T00:17:41.288Z,buy,5.766e-05,5.0,0.0002883
BCD/BTC,1573777073941,2019-11-15T00:17:53.941Z,buy,5.766e-05,23.0,0.00132618
BCD/BTC,1573777074825,2019-11-15T00:17:54.825Z,sell,5.768e-05,31.0,0.0017880799999999
BCD/BTC,1573777078866,2019-11-15T00:17:58.866Z,buy,5.769e-05,5.0,0.00028845
BCD/BTC,1573777078866,2019-11-15T00:17:58.866Z,buy,5.773e-05,13.0,0.0007504899999999
BCD/BTC,1573777078866,2019-11-15T00:17:58.866Z,buy,5.778e-05,3.0,0.00017334
BCD/BTC,1573777079103,2019-11-15T00:17:59.103Z,sell,5.78e-05,30.0,0.001734
BCD/BTC,1573777079814,2019-11-15T00:17:59.814Z,sell,5.78e-05,360.0,0.020808
BCD/BTC,1573777079936,2019-11-15T00:17:59.936Z,sell,5.78e-05,55.0,0.003179
BCD/BTC,1573777534414,2019-11-15T00:25:34.414Z,sell,5.748e-05,135.0,0.0077598
BCD/BTC,1573777536722,2019-11-15T00:25:36.722Z,sell,5.749e-05,25.0,0.00143725
BCD/BTC,1573777537690,2019-11-15T00:25:37.690Z,sell,5.749e-05,25.0,0.00143725
BCD/BTC,1573777874772,2019-11-15T00:31:14.772Z,sell,5.747e-05,25.0,0.0014367499999999
BCD/BTC,1573777875746,2019-11-15T00:31:15.746Z,sell,5.747e-05,25.0,0.0014367499999999
BCD/BTC,1573777876669,2019-11-15T00:31:16.669Z,sell,5.747e-05,25.0,0.0014367499999999
BCD/BTC,1573777877583,2019-11-15T00:31:17.583Z,sell,5.747e-05,13.0,0.0007471099999999
BCD/BTC,1573777877583,2019-11-15T00:31:17.583Z,sell,5.743e-05,3.0,0.00017229
BCD/BTC,1573777877583,2019-11-15T00:31:17.583Z,sell,5.734e-05,5.0,0.0002867
BCD/BTC,1573777877583,2019-11-15T00:31:17.583Z,sell,5.73e-05,4.0,0.0002292
BCD/BTC,1573777890063,2019-11-15T00:31:30.063Z,sell,5.73e-05,25.0,0.0014325
BCD/BTC,1573777891033,2019-11-15T00:31:31.033Z,sell,5.73e-05,1.0,5.73e-05
BCD/BTC,1573777891033,2019-11-15T00:31:31.033Z,sell,5.727e-05,6.0,0.00034362
BCD/BTC,1573777891033,2019-11-15T00:31:31.033Z,sell,5.726e-05,18.0,0.00103068
BCD/BTC,1573777892129,2019-11-15T00:31:32.129Z,sell,5.727e-05,25.0,0.0014317499999999
BCD/BTC,1573777895336,2019-11-15T00:31:35.336Z,sell,5.728e-05,25.0,0.001432
BCD/BTC,1573777896326,2019-11-15T00:31:36.326Z,sell,5.726e-05,25.0,0.0014314999999999
BCD/BTC,1573779733362,2019-11-15T01:02:13.362Z,buy,5.741e-05,1.0,5.741e-05
BCD/BTC,1573779783271,2019-11-15T01:03:03.271Z,sell,5.741e-05,39.0,0.00223899
BCD/BTC,1573779783271,2019-11-15T01:03:03.271Z,sell,5.741e-05,39.0,0.00223899
BCD/BTC,1573780376529,2019-11-15T01:12:56.529Z,sell,5.741e-05,82.0,0.00470762
BCD/BTC,1573780376529,2019-11-15T01:12:56.529Z,sell,5.726e-05,2.0,0.00011452
BCD/BTC,1573780376529,2019-11-15T01:12:56.529Z,sell,5.725e-05,28.0,0.001603
BCD/BTC,1573780376529,2019-11-15T01:12:56.529Z,sell,5.72e-05,109.0,0.0062348
BCD/BTC,1573780376529,2019-11-15T01:12:56.529Z,sell,5.719e-05,87.0,0.00497553
BCD/BTC,1573780376529,2019-11-15T01:12:56.529Z,sell,5.718e-05,107.0,0.0061182599999999
BCD/BTC,1573780376529,2019-11-15T01:12:56.529Z,sell,5.717e-05,629.0,0.03595993
BCD/BTC,1573780376545,2019-11-15T01:12:56.545Z,buy,5.717e-05,81.0,0.00463077
BCD/BTC,1573780376545,2019-11-15T01:12:56.545Z,buy,5.717e-05,1.0,5.717e-05
BCD/BTC,1573780431069,2019-11-15T01:13:51.069Z,sell,5.715e-05,43.0,0.00245745
BCD/BTC,1573780431486,2019-11-15T01:13:51.486Z,sell,5.715e-05,9.0,0.00051435
BCD/BTC,1573780432363,2019-11-15T01:13:52.363Z,sell,5.715e-05,9.0,0.00051435
BCD/BTC,1573780433372,2019-11-15T01:13:53.372Z,sell,5.715e-05,7.0,0.00040005
BCD/BTC,1573780433372,2019-11-15T01:13:53.372Z,sell,5.714e-05,2.0,0.00011428
BCD/BTC,1573780433675,2019-11-15T01:13:53.675Z,sell,5.716e-05,38.0,0.00217208
BCD/BTC,1573780434166,2019-11-15T01:13:54.166Z,sell,5.716e-05,68.0,0.00388688
BCD/BTC,1573780434588,2019-11-15T01:13:54.588Z,sell,5.716e-05,9.0,0.00051444
BCD/BTC,1573780435547,2019-11-15T01:13:55.547Z,sell,5.716e-05,9.0,0.00051444
BCD/BTC,1573780436302,2019-11-15T01:13:56.302Z,sell,5.716e-05,9.0,0.00051444
BCD/BTC,1573780436572,2019-11-15T01:13:56.572Z,sell,5.716e-05,2.0,0.00011432
BCD/BTC,1573780436572,2019-11-15T01:13:56.572Z,sell,5.714e-05,7.0,0.00039998
BCD/BTC,1573780436734,2019-11-15T01:13:56.734Z,sell,5.714e-05,13.0,0.0007428199999999
BCD/BTC,1573780436734,2019-11-15T01:13:56.734Z,sell,5.71e-05,7.0,0.0003997
BCD/BTC,1573780439418,2019-11-15T01:13:59.418Z,sell,5.71e-05,4.0,0.0002284
BCD/BTC,1573780439418,2019-11-15T01:13:59.418Z,sell,5.709e-05,220.0,0.0125598
BCD/BTC,1573780439429,2019-11-15T01:13:59.429Z,sell,5.709e-05,7.0,0.00039963
BCD/BTC,1573780439429,2019-11-15T01:13:59.429Z,sell,5.708e-05,3.0,0.00017124
BCD/BTC,1573780439568,2019-11-15T01:13:59.568Z,sell,5.704e-05,11.0,0.00062744
BCD/BTC,1573780439598,2019-11-15T01:13:59.598Z,buy,5.702e-05,2.0,0.00011404
BCD/BTC,1573780440420,2019-11-15T01:14:00.420Z,buy,5.702e-05,270.0,0.0153954
BCD/BTC,1573780440428,2019-11-15T01:14:00.428Z,buy,5.702e-05,232.0,0.01322864
BCD/BTC,1573780440428,2019-11-15T01:14:00.428Z,buy,5.707e-05,208.0,0.01187056
BCD/BTC,1573780440428,2019-11-15T01:14:00.428Z,buy,5.708e-05,180.0,0.0102744
BCD/BTC,1573780460275,2019-11-15T01:14:20.275Z,sell,5.701e-05,73.0,0.00416173
BCD/BTC,1573780518656,2019-11-15T01:15:18.656Z,sell,5.7e-05,33.0,0.001881
BCD/BTC,1573780519025,2019-11-15T01:15:19.025Z,sell,5.7e-05,2.0,0.000114
BCD/BTC,1573780519025,2019-11-15T01:15:19.025Z,sell,5.693e-05,16.0,0.00091088
BCD/BTC,1573780542939,2019-11-15T01:15:42.939Z,sell,5.703e-05,179.0,0.01020837
BCD/BTC,1573780542948,2019-11-15T01:15:42.948Z,sell,5.703e-05,5.0,0.00028515
BCD/BTC,1573780543253,2019-11-15T01:15:43.253Z,buy,5.697e-05,5.0,0.00028485
BCD/BTC,1573780543680,2019-11-15T01:15:43.680Z,buy,5.697e-05,352.0,0.02005344
BCD/BTC,1573780545751,2019-11-15T01:15:45.751Z,sell,5.692e-05,6.0,0.00034152
BCD/BTC,1573780545751,2019-11-15T01:15:45.751Z,sell,5.69e-05,175.0,0.0099575
BCD/BTC,1573780545772,2019-11-15T01:15:45.772Z,buy,5.697e-05,5.0,0.00028485
BCD/BTC,1573780548146,2019-11-15T01:15:48.146Z,buy,5.697e-05,5.0,0.00028485
BCD/BTC,1573780550391,2019-11-15T01:15:50.391Z,buy,5.697e-05,347.0,0.01976859
BCD/BTC,1573780557853,2019-11-15T01:15:57.853Z,sell,5.691e-05,3.0,0.00017073
BCD/BTC,1573780557853,2019-11-15T01:15:57.853Z,sell,5.69e-05,35.0,0.0019915
BCD/BTC,1573780668577,2019-11-15T01:17:48.577Z,sell,5.695e-05,49.0,0.00279055
BCD/BTC,1573780669378,2019-11-15T01:17:49.378Z,sell,5.695e-05,49.0,0.00279055
BCD/BTC,1573780670413,2019-11-15T01:17:50.413Z,sell,5.695e-05,49.0,0.00279055
BCD/BTC,1573780672146,2019-11-15T01:17:52.146Z,sell,5.695e-05,49.0,0.00279055
BCD/BTC,1573780672330,2019-11-15T01:17:52.330Z,sell,5.695e-05,49.0,0.00279055
BCD/BTC,1573780685381,2019-11-15T01:18:05.381Z,sell,5.695e-05,49.0,0.00279055
BCD/BTC,1573780686424,2019-11-15T01:18:06.424Z,sell,5.695e-05,49.0,0.00279055
BCD/BTC,1573780687518,2019-11-15T01:18:07.518Z,sell,5.695e-05,49.0,0.00279055
BCD/BTC,1573780700621,2019-11-15T01:18:20.621Z,sell,5.695e-05,49.0,0.00279055
BCD/BTC,1573780735065,2019-11-15T01:18:55.065Z,sell,5.695e-05,53.0,0.00301835
BCD/BTC,1573780736481,2019-11-15T01:18:56.481Z,sell,5.695e-05,53.0,0.00301835
BCD/BTC,1573780736965,2019-11-15T01:18:56.965Z,sell,5.695e-05,51.0,0.00290445
BCD/BTC,1573780737412,2019-11-15T01:18:57.412Z,sell,5.695e-05,50.0,0.0028475
BCD/BTC,1573780742642,2019-11-15T01:19:02.642Z,sell,5.694e-05,9.0,0.00051246
BCD/BTC,1573780743596,2019-11-15T01:19:03.596Z,sell,5.694e-05,9.0,0.00051246
BCD/BTC,1573780744199,2019-11-15T01:19:04.199Z,sell,5.695e-05,54.0,0.0030753
BCD/BTC,1573780745008,2019-11-15T01:19:05.008Z,sell,5.695e-05,54.0,0.0030753
BCD/BTC,1573780745540,2019-11-15T01:19:05.540Z,sell,5.695e-05,54.0,0.0030753
BCD/BTC,1573780745946,2019-11-15T01:19:05.946Z,sell,5.694e-05,9.0,0.00051246
BCD/BTC,1573780754508,2019-11-15T01:19:14.508Z,sell,5.694e-05,9.0,0.00051246
BCD/BTC,1573780755444,2019-11-15T01:19:15.444Z,sell,5.694e-05,49.0,0.00279006
BCD/BTC,1573780756559,2019-11-15T01:19:16.559Z,sell,5.694e-05,50.0,0.002847
BCD/BTC,1573780756891,2019-11-15T01:19:16.891Z,sell,5.694e-05,56.0,0.00318864
BCD/BTC,1573780757506,2019-11-15T01:19:17.506Z,sell,5.693e-05,60.0,0.0034158
BCD/BTC,1573780763538,2019-11-15T01:19:23.538Z,sell,5.693e-05,49.0,0.00278957
BCD/BTC,1573780766518,2019-11-15T01:19:26.518Z,sell,5.693e-05,49.0,0.00278957
BCD/BTC,1573780766838,2019-11-15T01:19:26.838Z,sell,5.693e-05,49.0,0.00278957
BCD/BTC,1573780767635,2019-11-15T01:19:27.635Z,sell,5.693e-05,49.0,0.00278957
BCD/BTC,1573780768653,2019-11-15T01:19:28.653Z,sell,5.693e-05,45.0,0.00256185
BCD/BTC,1573780769687,2019-11-15T01:19:29.687Z,sell,5.693e-05,39.0,0.00222027
BCD/BTC,1573780770047,2019-11-15T01:19:30.047Z,sell,5.693e-05,32.0,0.00182176
BCD/BTC,1573780772458,2019-11-15T01:19:32.458Z,sell,5.693e-05,28.0,0.00159404
BCD/BTC,1573780773435,2019-11-15T01:19:33.435Z,sell,5.693e-05,21.0,0.00119553
BCD/BTC,1573780773694,2019-11-15T01:19:33.694Z,sell,5.693e-05,12.0,0.0006831599999999
BCD/BTC,1573780774839,2019-11-15T01:19:34.839Z,sell,5.693e-05,9.0,0.00051237
BCD/BTC,1573780776458,2019-11-15T01:19:36.458Z,sell,5.693e-05,9.0,0.00051237
BCD/BTC,1573780778348,2019-11-15T01:19:38.348Z,sell,5.693e-05,9.0,0.00051237
BCD/BTC,1573780779390,2019-11-15T01:19:39.390Z,sell,5.693e-05,9.0,0.00051237
BCD/BTC,1573780780531,2019-11-15T01:19:40.531Z,sell,5.693e-05,9.0,0.00051237
BCD/BTC,1573780781713,2019-11-15T01:19:41.713Z,sell,5.693e-05,9.0,0.00051237
BCD/BTC,1573780782283,2019-11-15T01:19:42.283Z,sell,5.693e-05,9.0,0.00051237
BCD/BTC,1573780871480,2019-11-15T01:21:11.480Z,sell,5.69e-05,43.0,0.0024467
BCD/BTC,1573780940705,2019-11-15T01:22:20.705Z,sell,5.69e-05,73.0,0.0041537
BCD/BTC,1573780940865,2019-11-15T01:22:20.865Z,sell,5.69e-05,28.0,0.0015932
BCD/BTC,1573780940865,2019-11-15T01:22:20.865Z,sell,5.685e-05,3.0,0.00017055
BCD/BTC,1573780941127,2019-11-15T01:22:21.127Z,sell,5.69e-05,110.0,0.006259
BCD/BTC,1573780952463,2019-11-15T01:22:32.463Z,sell,5.685e-05,9.0,0.00051165
BCD/BTC,1573780953317,2019-11-15T01:22:33.317Z,sell,5.685e-05,9.0,0.00051165
BCD/BTC,1573781466863,2019-11-15T01:31:06.863Z,buy,5.712e-05,246.0,0.01405152
BCD/BTC,1573781466863,2019-11-15T01:31:06.863Z,buy,5.713e-05,181.0,0.0103405299999999
BCD/BTC,1573781478204,2019-11-15T01:31:18.204Z,sell,5.689e-05,82.0,0.00466498
BCD/BTC,1573781478204,2019-11-15T01:31:18.204Z,sell,5.688e-05,263.0,0.01495944
BCD/BTC,1573781478204,2019-11-15T01:31:18.204Z,sell,5.687e-05,795.0,0.04521165
BCD/BTC,1573781478283,2019-11-15T01:31:18.283Z,sell,5.687e-05,228.0,0.01296636
BCD/BTC,1573781478283,2019-11-15T01:31:18.283Z,sell,5.685e-05,7.0,0.00039795
BCD/BTC,1573781478283,2019-11-15T01:31:18.283Z,sell,5.684e-05,542.0,0.03080728
BCD/BTC,1573781478382,2019-11-15T01:31:18.382Z,sell,5.689e-05,82.0,0.00466498
BCD/BTC,1573781478382,2019-11-15T01:31:18.382Z,sell,5.684e-05,370.0,0.0210308
BCD/BTC,1573781478387,2019-11-15T01:31:18.387Z,sell,5.684e-05,373.0,0.02120132
BCD/BTC,1573781478387,2019-11-15T01:31:18.387Z,sell,5.68e-05,22.0,0.0012496
BCD/BTC,1573781478387,2019-11-15T01:31:18.387Z,sell,5.679e-05,13.0,0.00073827
BCD/BTC,1573781478405,2019-11-15T01:31:18.405Z,buy,5.678e-05,2.0,0.00011356
BCD/BTC,1573781478413,2019-11-15T01:31:18.413Z,buy,5.678e-05,153.0,0.00868734
BCD/BTC,1573781478419,2019-11-15T01:31:18.419Z,buy,5.678e-05,56.0,0.00317968
BCD/BTC,1573781478466,2019-11-15T01:31:18.466Z,buy,5.678e-05,104.0,0.00590512
BCD/BTC,1573781483059,2019-11-15T01:31:23.059Z,buy,5.688e-05,5.0,0.0002844
BCD/BTC,1573781912723,2019-11-15T01:38:32.723Z,buy,5.688e-05,28.0,0.00159264
BCD/BTC,1573782471526,2019-11-15T01:47:51.526Z,buy,5.701e-05,184.0,0.01048984
BCD/BTC,1573782802824,2019-11-15T01:53:22.824Z,buy,5.688e-05,110.0,0.0062568
BCD/BTC,1573782802824,2019-11-15T01:53:22.824Z,buy,5.71e-05,160.0,0.009136
BCD/BTC,1573782802824,2019-11-15T01:53:22.824Z,buy,5.711e-05,185.0,0.01056535
BCD/BTC,1573782802824,2019-11-15T01:53:22.824Z,buy,5.712e-05,351.0,0.02004912
BCD/BTC,1573782802824,2019-11-15T01:53:22.824Z,buy,5.714e-05,22.0,0.00125708
BCD/BTC,1573782802824,2019-11-15T01:53:22.824Z,buy,5.723e-05,421.0,0.02409383
BCD/BTC,1573783155967,2019-11-15T01:59:15.967Z,buy,5.714e-05,25.0,0.0014284999999999
BCD/BTC,1573783158471,2019-11-15T01:59:18.471Z,buy,5.714e-05,25.0,0.0014284999999999
BCD/BTC,1573783158840,2019-11-15T01:59:18.840Z,buy,5.714e-05,122.0,0.00697108
BCD/BTC,1573783160458,2019-11-15T01:59:20.458Z,buy,5.714e-05,25.0,0.0014284999999999
BCD/BTC,1573783162262,2019-11-15T01:59:22.262Z,buy,5.713e-05,25.0,0.0014282499999999
BCD/BTC,1573783196491,2019-11-15T01:59:56.491Z,buy,5.718e-05,34.0,0.00194412
BCD/BTC,1573783352912,2019-11-15T02:02:32.912Z,buy,5.722e-05,25.0,0.0014305
BCD/BTC,1573783354077,2019-11-15T02:02:34.077Z,buy,5.722e-05,25.0,0.0014305
BCD/BTC,1573783355390,2019-11-15T02:02:35.390Z,buy,5.722e-05,135.0,0.0077246999999999
BCD/BTC,1573783355395,2019-11-15T02:02:35.395Z,buy,5.722e-05,25.0,0.0014305
BCD/BTC,1573783356767,2019-11-15T02:02:36.767Z,buy,5.72e-05,25.0,0.00143
BCD/BTC,1573783358063,2019-11-15T02:02:38.063Z,buy,5.72e-05,25.0,0.00143
BCD/BTC,1573783359000,2019-11-15T02:02:39.000Z,buy,5.719e-05,25.0,0.00142975
BCD/BTC,1573783360491,2019-11-15T02:02:40.491Z,buy,5.718e-05,25.0,0.0014295
BCD/BTC,1573783361587,2019-11-15T02:02:41.587Z,buy,5.717e-05,25.0,0.00142925
BCD/BTC,1573783361865,2019-11-15T02:02:41.865Z,buy,5.717e-05,65.0,0.00371605
BCD/BTC,1573783361865,2019-11-15T02:02:41.865Z,buy,5.718e-05,25.0,0.0014295
BCD/BTC,1573783362469,2019-11-15T02:02:42.469Z,buy,5.718e-05,25.0,0.0014295
BCD/BTC,1573783363461,2019-11-15T02:02:43.461Z,buy,5.718e-05,25.0,0.0014295
BCD/BTC,1573783364501,2019-11-15T02:02:44.501Z,buy,5.718e-05,25.0,0.0014295
BCD/BTC,1573783365465,2019-11-15T02:02:45.465Z,buy,5.718e-05,25.0,0.0014295
BCD/BTC,1573783366468,2019-11-15T02:02:46.468Z,buy,5.718e-05,25.0,0.0014295
BCD/BTC,1573783367438,2019-11-15T02:02:47.438Z,buy,5.718e-05,25.0,0.0014295
BCD/BTC,1573783368360,2019-11-15T02:02:48.360Z,buy,5.718e-05,25.0,0.0014295
BCD/BTC,1573783368451,2019-11-15T02:02:48.451Z,buy,5.718e-05,135.0,0.0077193
BCD/BTC,1573783369355,2019-11-15T02:02:49.355Z,buy,5.718e-05,25.0,0.0014295
BCD/BTC,1573783370333,2019-11-15T02:02:50.333Z,buy,5.718e-05,25.0,0.0014295
BCD/BTC,1573783372055,2019-11-15T02:02:52.055Z,buy,5.718e-05,25.0,0.0014295
BCD/BTC,1573783373089,2019-11-15T02:02:53.089Z,buy,5.718e-05,25.0,0.0014295
BCD/BTC,1573783374241,2019-11-15T02:02:54.241Z,buy,5.718e-05,25.0,0.0014295
BCD/BTC,1573783375139,2019-11-15T02:02:55.139Z,buy,5.718e-05,25.0,0.0014295
BCD/BTC,1573783376187,2019-11-15T02:02:56.187Z,buy,5.718e-05,25.0,0.0014295
BCD/BTC,1573783377925,2019-11-15T02:02:57.925Z,buy,5.718e-05,25.0,0.0014295
BCD/BTC,1573783378948,2019-11-15T02:02:58.948Z,buy,5.718e-05,25.0,0.0014295
BCD/BTC,1573783379962,2019-11-15T02:02:59.962Z,buy,5.718e-05,25.0,0.0014295
BCD/BTC,1573783381263,2019-11-15T02:03:01.263Z,buy,5.718e-05,25.0,0.0014295
BCD/BTC,1573783381623,2019-11-15T02:03:01.623Z,buy,5.718e-05,135.0,0.0077193
BCD/BTC,1573783382227,2019-11-15T02:03:02.227Z,buy,5.718e-05,25.0,0.0014295
BCD/BTC,1573783382227,2019-11-15T02:03:02.227Z,buy,5.718e-05,25.0,0.0014295
BCD/BTC,1573783383278,2019-11-15T02:03:03.278Z,buy,5.718e-05,25.0,0.0014295
BCD/BTC,1573783384246,2019-11-15T02:03:04.246Z,buy,5.718e-05,25.0,0.0014295
BCD/BTC,1573783385288,2019-11-15T02:03:05.288Z,buy,5.723e-05,2.0,0.00011446
BCD/BTC,1573783385288,2019-11-15T02:03:05.288Z,buy,5.725e-05,23.0,0.00131675
BCD/BTC,1573783386512,2019-11-15T02:03:06.512Z,buy,5.724e-05,25.0,0.001431
BCD/BTC,1573783387603,2019-11-15T02:03:07.603Z,buy,5.724e-05,25.0,0.001431
BCD/BTC,1573783388516,2019-11-15T02:03:08.516Z,buy,5.724e-05,135.0,0.0077274
BCD/BTC,1573783388542,2019-11-15T02:03:08.542Z,buy,5.724e-05,25.0,0.001431
BCD/BTC,1573783389606,2019-11-15T02:03:09.606Z,buy,5.724e-05,25.0,0.001431
BCD/BTC,1573783390687,2019-11-15T02:03:10.687Z,buy,5.724e-05,25.0,0.001431
BCD/BTC,1573783391912,2019-11-15T02:03:11.912Z,buy,5.724e-05,25.0,0.001431
BCD/BTC,1573783392933,2019-11-15T02:03:12.933Z,buy,5.724e-05,25.0,0.001431
BCD/BTC,1573783394137,2019-11-15T02:03:14.137Z,buy,5.724e-05,25.0,0.001431
BCD/BTC,1573783403707,2019-11-15T02:03:23.707Z,buy,5.724e-05,135.0,0.0077274
BCD/BTC,1573783404931,2019-11-15T02:03:24.931Z,buy,5.724e-05,25.0,0.001431
BCD/BTC,1573783406167,2019-11-15T02:03:26.167Z,buy,5.724e-05,25.0,0.001431
BCD/BTC,1573783407363,2019-11-15T02:03:27.363Z,buy,5.724e-05,25.0,0.001431
BCD/BTC,1573783408373,2019-11-15T02:03:28.373Z,buy,5.724e-05,25.0,0.001431
BCD/BTC,1573783440006,2019-11-15T02:04:00.006Z,buy,5.724e-05,135.0,0.0077274
BCD/BTC,1573783451654,2019-11-15T02:04:11.654Z,buy,5.724e-05,25.0,0.001431
BCD/BTC,1573783587919,2019-11-15T02:06:27.919Z,buy,5.702e-05,25.0,0.0014255
BCD/BTC,1573783589059,2019-11-15T02:06:29.059Z,buy,5.702e-05,25.0,0.0014255
BCD/BTC,1573783590261,2019-11-15T02:06:30.261Z,buy,5.702e-05,25.0,0.0014255
BCD/BTC,1573784122218,2019-11-15T02:15:22.218Z,sell,5.702e-05,2.0,0.00011404
BCD/BTC,1573784122218,2019-11-15T02:15:22.218Z,sell,5.687e-05,23.0,0.00130801
BCD/BTC,1573784123236,2019-11-15T02:15:23.236Z,sell,5.687e-05,25.0,0.00142175
BCD/BTC,1573784124521,2019-11-15T02:15:24.521Z,sell,5.687e-05,25.0,0.00142175
BCD/BTC,1573784125587,2019-11-15T02:15:25.587Z,sell,5.688e-05,25.0,0.0014219999999999
BCD/BTC,1573784126800,2019-11-15T02:15:26.800Z,sell,5.688e-05,25.0,0.0014219999999999
BCD/BTC,1573784127929,2019-11-15T02:15:27.929Z,sell,5.689e-05,135.0,0.00768015
BCD/BTC,1573784128271,2019-11-15T02:15:28.271Z,sell,5.689e-05,25.0,0.00142225
BCD/BTC,1573784129349,2019-11-15T02:15:29.349Z,sell,5.689e-05,25.0,0.00142225
BCD/BTC,1573784130302,2019-11-15T02:15:30.302Z,sell,5.689e-05,25.0,0.00142225
BCD/BTC,1573784131423,2019-11-15T02:15:31.423Z,sell,5.689e-05,25.0,0.00142225
BCD/BTC,1573784132594,2019-11-15T02:15:32.594Z,sell,5.689e-05,25.0,0.00142225
BCD/BTC,1573784133769,2019-11-15T02:15:33.769Z,sell,5.689e-05,25.0,0.00142225
BCD/BTC,1573784134883,2019-11-15T02:15:34.883Z,sell,5.689e-05,25.0,0.00142225
BCD/BTC,1573784136125,2019-11-15T02:15:36.125Z,sell,5.689e-05,25.0,0.00142225
BCD/BTC,1573784137330,2019-11-15T02:15:37.330Z,sell,5.684e-05,25.0,0.001421
BCD/BTC,1573784189435,2019-11-15T02:16:29.435Z,sell,5.684e-05,238.0,0.0135279199999999
BCD/BTC,1573784192900,2019-11-15T02:16:32.900Z,sell,5.684e-05,158.0,0.00898072
BCD/BTC,1573784197532,2019-11-15T02:16:37.532Z,sell,5.684e-05,106.0,0.00602504
BCD/BTC,1573784202773,2019-11-15T02:16:42.773Z,sell,5.683e-05,2.0,0.00011366
BCD/BTC,1573784202773,2019-11-15T02:16:42.773Z,sell,5.681e-05,69.0,0.00391989
BCD/BTC,1573784206491,2019-11-15T02:16:46.491Z,sell,5.68e-05,22.0,0.0012496
BCD/BTC,1573784206491,2019-11-15T02:16:46.491Z,sell,5.678e-05,48.0,0.00272544
BCD/BTC,1573784211141,2019-11-15T02:16:51.141Z,sell,5.678e-05,617.0,0.03503326
BCD/BTC,1573784370058,2019-11-15T02:19:30.058Z,sell,5.678e-05,2.0,0.00011356
BCD/BTC,1573784370106,2019-11-15T02:19:30.106Z,buy,5.678e-05,26.0,0.00147628
BCD/BTC,1573784370155,2019-11-15T02:19:30.155Z,buy,5.678e-05,26.0,0.00147628
BCD/BTC,1573784370168,2019-11-15T02:19:30.168Z,buy,5.678e-05,128.0,0.00726784
BCD/BTC,1573784880741,2019-11-15T02:28:00.741Z,sell,5.678e-05,233.0,0.01322974
BCD/BTC,1573784880741,2019-11-15T02:28:00.741Z,sell,5.677e-05,2.0,0.00011354
BCD/BTC,1573784881823,2019-11-15T02:28:01.823Z,buy,5.677e-05,34.0,0.00193018
BCD/BTC,1573784923352,2019-11-15T02:28:43.352Z,sell,5.674e-05,1249.0,0.07086826
BCD/BTC,1573784944044,2019-11-15T02:29:04.044Z,sell,5.673e-05,3.0,0.00017019
BCD/BTC,1573784944044,2019-11-15T02:29:04.044Z,sell,5.67e-05,45.0,0.0025515
BCD/BTC,1573784944044,2019-11-15T02:29:04.044Z,sell,5.668e-05,5.0,0.0002834
BCD/BTC,1573784944044,2019-11-15T02:29:04.044Z,sell,5.665e-05,107.0,0.00606155
BCD/BTC,1573785254765,2019-11-15T02:34:14.765Z,sell,5.665e-05,89.0,0.00504185
BCD/BTC,1573785259333,2019-11-15T02:34:19.333Z,sell,5.656e-05,111.0,0.00627816
BCD/BTC,1573785259333,2019-11-15T02:34:19.333Z,sell,5.653e-05,31.0,0.00175243
BCD/BTC,1573785259333,2019-11-15T02:34:19.333Z,sell,5.652e-05,50.0,0.002826
BCD/BTC,1573785261035,2019-11-15T02:34:21.035Z,buy,5.652e-05,258.0,0.01458216
BCD/BTC,1573785261070,2019-11-15T02:34:21.070Z,buy,5.652e-05,710.0,0.0401292
BCD/BTC,1573785300477,2019-11-15T02:35:00.477Z,buy,5.69e-05,72.0,0.0040968
BCD/BTC,1573785300477,2019-11-15T02:35:00.477Z,buy,5.69e-05,152.0,0.0086488
BCD/BTC,1573785301017,2019-11-15T02:35:01.017Z,buy,5.69e-05,3.0,0.0001707
BCD/BTC,1573785314874,2019-11-15T02:35:14.874Z,buy,5.692e-05,64.0,0.00364288
BCD/BTC,1573785456070,2019-11-15T02:37:36.070Z,buy,5.686e-05,64.0,0.00363904
BCD/BTC,1573785517918,2019-11-15T02:38:37.918Z,sell,5.663e-05,76.0,0.0043038799999999
BCD/BTC,1573785517918,2019-11-15T02:38:37.918Z,sell,5.662e-05,67.0,0.0037935399999999
BCD/BTC,1573785517918,2019-11-15T02:38:37.918Z,sell,5.66e-05,68.0,0.0038488
BCD/BTC,1573785518094,2019-11-15T02:38:38.094Z,sell,5.663e-05,151.0,0.00855113
BCD/BTC,1573785518094,2019-11-15T02:38:38.094Z,sell,5.66e-05,17.0,0.0009622
BCD/BTC,1573785518094,2019-11-15T02:38:38.094Z,sell,5.656e-05,2.0,0.00011312
BCD/BTC,1573785518094,2019-11-15T02:38:38.094Z,sell,5.653e-05,48.0,0.00271344
BCD/BTC,1573785518135,2019-11-15T02:38:38.135Z,sell,5.653e-05,25.0,0.00141325
BCD/BTC,1573785619576,2019-11-15T02:40:19.576Z,sell,5.654e-05,3.0,0.00016962
BCD/BTC,1573785619576,2019-11-15T02:40:19.576Z,sell,5.653e-05,187.0,0.01057111
BCD/BTC,1573785619576,2019-11-15T02:40:19.576Z,sell,5.652e-05,1298.0,0.07336296
BCD/BTC,1573785619576,2019-11-15T02:40:19.576Z,sell,5.651e-05,873.0,0.04933323
BCD/BTC,1573785622609,2019-11-15T02:40:22.609Z,buy,5.651e-05,844.0,0.04769444
BCD/BTC,1573785760043,2019-11-15T02:42:40.043Z,buy,5.68e-05,51.0,0.0028967999999999
BCD/BTC,1573785762224,2019-11-15T02:42:42.224Z,buy,5.678e-05,83.0,0.00471274
BCD/BTC,1573785861171,2019-11-15T02:44:21.171Z,buy,5.678e-05,225.0,0.0127755
BCD/BTC,1573785861171,2019-11-15T02:44:21.171Z,buy,5.679e-05,210.0,0.0119259
BCD/BTC,1573785885373,2019-11-15T02:44:45.373Z,buy,5.684e-05,143.0,0.0081281199999999
BCD/BTC,1573785885376,2019-11-15T02:44:45.376Z,buy,5.684e-05,41.0,0.00233044
BCD/BTC,1573785885376,2019-11-15T02:44:45.376Z,buy,5.685e-05,85.0,0.00483225
BCD/BTC,1573785885499,2019-11-15T02:44:45.499Z,buy,5.683e-05,143.0,0.00812669
BCD/BTC,1573785885499,2019-11-15T02:44:45.499Z,buy,5.687e-05,39.0,0.00221793
BCD/BTC,1573785885594,2019-11-15T02:44:45.594Z,sell,5.691e-05,144.0,0.00819504
BCD/BTC,1573785895526,2019-11-15T02:44:55.526Z,buy,5.69e-05,67.0,0.0038123
BCD/BTC,1573785895526,2019-11-15T02:44:55.526Z,buy,5.691e-05,148.0,0.00842268
BCD/BTC,1573785895526,2019-11-15T02:44:55.526Z,buy,5.692e-05,312.0,0.01775904
BCD/BTC,1573785896942,2019-11-15T02:44:56.942Z,buy,5.689e-05,34.0,0.00193426
BCD/BTC,1573786200156,2019-11-15T02:50:00.156Z,buy,5.696e-05,2.0,0.00011392
BCD/BTC,1573786202537,2019-11-15T02:50:02.537Z,buy,5.698e-05,2.0,0.00011396
BCD/BTC,1573786207094,2019-11-15T02:50:07.094Z,buy,5.698e-05,2.0,0.00011396
BCD/BTC,1573786209632,2019-11-15T02:50:09.632Z,buy,5.698e-05,2.0,0.00011396
BCD/BTC,1573786211710,2019-11-15T02:50:11.710Z,buy,5.698e-05,2.0,0.00011396
BCD/BTC,1573786214084,2019-11-15T02:50:14.084Z,buy,5.698e-05,2.0,0.00011396
BCD/BTC,1573786220094,2019-11-15T02:50:20.094Z,buy,5.698e-05,2.0,0.00011396
BCD/BTC,1573786223354,2019-11-15T02:50:23.354Z,buy,5.698e-05,2.0,0.00011396
BCD/BTC,1573786227099,2019-11-15T02:50:27.099Z,buy,5.698e-05,2.0,0.00011396
BCD/BTC,1573786229109,2019-11-15T02:50:29.109Z,buy,5.698e-05,2.0,0.00011396
BCD/BTC,1573786233100,2019-11-15T02:50:33.100Z,buy,5.698e-05,2.0,0.00011396
BCD/BTC,1573786236102,2019-11-15T02:50:36.102Z,buy,5.698e-05,2.0,0.00011396
BCD/BTC,1573786416762,2019-11-15T02:53:36.762Z,sell,5.674e-05,6.0,0.00034044
BCD/BTC,1573786545946,2019-11-15T02:55:45.946Z,sell,5.667e-05,23.0,0.0013034099999999
BCD/BTC,1573786546145,2019-11-15T02:55:46.145Z,sell,5.667e-05,31.0,0.00175677
BCD/BTC,1573786556971,2019-11-15T02:55:56.971Z,buy,5.695e-05,54.0,0.0030753
BCD/BTC,1573786557012,2019-11-15T02:55:57.012Z,sell,5.695e-05,108.0,0.0061506
BCD/BTC,1573786557107,2019-11-15T02:55:57.107Z,sell,5.695e-05,171.0,0.00973845
BCD/BTC,1573786557107,2019-11-15T02:55:57.107Z,sell,5.695e-05,171.0,0.00973845
BCD/BTC,1573787288364,2019-11-15T03:08:08.364Z,sell,5.661e-05,234.0,0.01324674
BCD/BTC,1573787826154,2019-11-15T03:17:06.154Z,sell,5.684e-05,211.0,0.0119932399999999
BCD/BTC,1573788306109,2019-11-15T03:25:06.109Z,sell,5.657e-05,46.0,0.00260222
BCD/BTC,1573788538712,2019-11-15T03:28:58.712Z,buy,5.671e-05,41.0,0.00232511
BCD/BTC,1573788984030,2019-11-15T03:36:24.030Z,buy,5.669e-05,231.0,0.01309539
BCD/BTC,1573789082151,2019-11-15T03:38:02.151Z,buy,5.672e-05,3.0,0.0001701599999999
BCD/BTC,1573789190102,2019-11-15T03:39:50.102Z,buy,5.672e-05,5.0,0.0002836
BCD/BTC,1573789781338,2019-11-15T03:49:41.338Z,sell,5.657e-05,30.0,0.0016971
BCD/BTC,1573789992602,2019-11-15T03:53:12.602Z,sell,5.657e-05,10.0,0.0005657
BCD/BTC,1573790054463,2019-11-15T03:54:14.463Z,sell,5.657e-05,5.0,0.00028285
BCD/BTC,1573790054463,2019-11-15T03:54:14.463Z,sell,5.652e-05,55.0,0.0031086
BCD/BTC,1573790054463,2019-11-15T03:54:14.463Z,sell,5.657e-05,5.0,0.00028285
BCD/BTC,1573790054463,2019-11-15T03:54:14.463Z,sell,5.652e-05,55.0,0.0031086
BCD/BTC,1573790196828,2019-11-15T03:56:36.828Z,sell,5.651e-05,13.0,0.00073463
BCD/BTC,1573790737233,2019-11-15T04:05:37.233Z,buy,5.671e-05,16.0,0.00090736
BCD/BTC,1573790997767,2019-11-15T04:09:57.767Z,sell,5.651e-05,178.0,0.01005878
BCD/BTC,1573791658625,2019-11-15T04:20:58.625Z,sell,5.65e-05,35.0,0.0019775
BCD/BTC,1573792033940,2019-11-15T04:27:13.940Z,buy,5.65e-05,20.0,0.00113
BCD/BTC,1573792033940,2019-11-15T04:27:13.940Z,buy,5.666e-05,5.0,0.0002833
BCD/BTC,1573792037721,2019-11-15T04:27:17.721Z,buy,5.664e-05,99.0,0.00560736
BCD/BTC,1573792039723,2019-11-15T04:27:19.723Z,buy,5.664e-05,25.0,0.001416
BCD/BTC,1573792057938,2019-11-15T04:27:37.938Z,buy,5.67e-05,5.0,0.0002835
BCD/BTC,1573792597919,2019-11-15T04:36:37.919Z,buy,5.669e-05,218.0,0.01235842
BCD/BTC,1573792597919,2019-11-15T04:36:37.919Z,buy,5.67e-05,106.0,0.0060102
BCD/BTC,1573792833469,2019-11-15T04:40:33.469Z,sell,5.66e-05,8.0,0.0004528
BCD/BTC,1573792833469,2019-11-15T04:40:33.469Z,sell,5.653e-05,23.0,0.00130019
BCD/BTC,1573792853843,2019-11-15T04:40:53.843Z,buy,5.67e-05,2.0,0.0001134
BCD/BTC,1573792853843,2019-11-15T04:40:53.843Z,buy,5.683e-05,131.0,0.00744473
BCD/BTC,1573792853843,2019-11-15T04:40:53.843Z,buy,5.684e-05,429.0,0.02438436
BCD/BTC,1573792872886,2019-11-15T04:41:12.886Z,buy,5.683e-05,99.0,0.00562617
BCD/BTC,1573792875261,2019-11-15T04:41:15.261Z,sell,5.657e-05,86.0,0.00486502
BCD/BTC,1573792875261,2019-11-15T04:41:15.261Z,sell,5.656e-05,330.0,0.0186648
BCD/BTC,1573792875261,2019-11-15T04:41:15.261Z,sell,5.655e-05,213.0,0.01204515
BCD/BTC,1573792875325,2019-11-15T04:41:15.325Z,sell,5.653e-05,176.0,0.00994928
BCD/BTC,1573792875462,2019-11-15T04:41:15.462Z,buy,5.655e-05,3100.0,0.175305
BCD/BTC,1573792875793,2019-11-15T04:41:15.793Z,buy,5.655e-05,3092.0,0.1748526
BCD/BTC,1573792876650,2019-11-15T04:41:16.650Z,buy,5.655e-05,25.0,0.00141375
BCD/BTC,1573792877894,2019-11-15T04:41:17.894Z,buy,5.655e-05,25.0,0.00141375
BCD/BTC,1573792877907,2019-11-15T04:41:17.907Z,buy,5.655e-05,1770.0,0.1000935
BCD/BTC,1573792878038,2019-11-15T04:41:18.038Z,buy,5.655e-05,84.0,0.0047501999999999
BCD/BTC,1573792878038,2019-11-15T04:41:18.038Z,buy,5.683e-05,30.0,0.0017049
BCD/BTC,1573792878038,2019-11-15T04:41:18.038Z,buy,5.684e-05,2.0,0.00011368
BCD/BTC,1573792878038,2019-11-15T04:41:18.038Z,buy,5.694e-05,154.0,0.00876876
BCD/BTC,1573793197830,2019-11-15T04:46:37.830Z,buy,5.672e-05,135.0,0.0076572
BCD/BTC,1573793229087,2019-11-15T04:47:09.087Z,buy,5.672e-05,135.0,0.0076572
BCD/BTC,1573793230882,2019-11-15T04:47:10.882Z,buy,5.653e-05,4.0,0.00022612
BCD/BTC,1573793230882,2019-11-15T04:47:10.882Z,buy,5.673e-05,21.0,0.00119133
BCD/BTC,1573793235579,2019-11-15T04:47:15.579Z,buy,5.672e-05,105.0,0.0059556
BCD/BTC,1573793242140,2019-11-15T04:47:22.140Z,buy,5.673e-05,135.0,0.00765855
BCD/BTC,1573793251668,2019-11-15T04:47:31.668Z,buy,5.673e-05,135.0,0.00765855
BCD/BTC,1573793258176,2019-11-15T04:47:38.176Z,buy,5.673e-05,135.0,0.00765855
BCD/BTC,1573793264701,2019-11-15T04:47:44.701Z,buy,5.673e-05,135.0,0.00765855
BCD/BTC,1573793271161,2019-11-15T04:47:51.161Z,buy,5.673e-05,135.0,0.00765855
BCD/BTC,1573793277667,2019-11-15T04:47:57.667Z,buy,5.673e-05,135.0,0.00765855
BCD/BTC,1573793290136,2019-11-15T04:48:10.136Z,buy,5.673e-05,25.0,0.00141825
BCD/BTC,1573793291247,2019-11-15T04:48:11.247Z,buy,5.673e-05,25.0,0.00141825
BCD/BTC,1573793291307,2019-11-15T04:48:11.307Z,buy,5.673e-05,102.0,0.00578646
BCD/BTC,1573793292368,2019-11-15T04:48:12.368Z,buy,5.673e-05,25.0,0.00141825
BCD/BTC,1573793292437,2019-11-15T04:48:12.437Z,buy,5.673e-05,55.0,0.00312015
BCD/BTC,1573793292855,2019-11-15T04:48:12.855Z,buy,5.673e-05,97.0,0.00550281
BCD/BTC,1573793293535,2019-11-15T04:48:13.535Z,buy,5.696e-05,25.0,0.001424
BCD/BTC,1573793397757,2019-11-15T04:49:57.757Z,buy,5.683e-05,76.0,0.00431908
BCD/BTC,1573793397757,2019-11-15T04:49:57.757Z,buy,5.697e-05,5.0,0.00028485
BCD/BTC,1573793397757,2019-11-15T04:49:57.757Z,buy,5.7e-05,36.0,0.002052
BCD/BTC,1573793397757,2019-11-15T04:49:57.757Z,buy,5.708e-05,3.0,0.00017124
BCD/BTC,1573793397757,2019-11-15T04:49:57.757Z,buy,5.714e-05,15.0,0.0008571
BCD/BTC,1573793397757,2019-11-15T04:49:57.757Z,buy,5.683e-05,76.0,0.00431908
BCD/BTC,1573793397757,2019-11-15T04:49:57.757Z,buy,5.697e-05,5.0,0.00028485
BCD/BTC,1573793397757,2019-11-15T04:49:57.757Z,buy,5.7e-05,36.0,0.002052
BCD/BTC,1573793397757,2019-11-15T04:49:57.757Z,buy,5.708e-05,3.0,0.00017124
BCD/BTC,1573793397757,2019-11-15T04:49:57.757Z,buy,5.714e-05,15.0,0.0008571
BCD/BTC,1573794525919,2019-11-15T05:08:45.919Z,buy,5.713e-05,1739.0,0.09934907
BCD/BTC,1573794525919,2019-11-15T05:08:45.919Z,buy,5.714e-05,9.0,0.00051426
BCD/BTC,1573794525919,2019-11-15T05:08:45.919Z,buy,5.725e-05,5.0,0.00028625
BCD/BTC,1573794525919,2019-11-15T05:08:45.919Z,buy,5.726e-05,13.0,0.00074438
BCD/BTC,1573794525919,2019-11-15T05:08:45.919Z,buy,5.729e-05,209.0,0.01197361
BCD/BTC,1573794525919,2019-11-15T05:08:45.919Z,buy,5.73e-05,155.0,0.0088814999999999
BCD/BTC,1573794543239,2019-11-15T05:09:03.239Z,buy,5.73e-05,25.0,0.0014325
BCD/BTC,1573794544142,2019-11-15T05:09:04.142Z,buy,5.724e-05,2.0,0.00011448
BCD/BTC,1573794544142,2019-11-15T05:09:04.142Z,buy,5.73e-05,23.0,0.0013178999999999
BCD/BTC,1573794545520,2019-11-15T05:09:05.520Z,buy,5.73e-05,25.0,0.0014325
BCD/BTC,1573794546677,2019-11-15T05:09:06.677Z,buy,5.73e-05,25.0,0.0014325
BCD/BTC,1573794547659,2019-11-15T05:09:07.659Z,buy,5.73e-05,25.0,0.0014325
BCD/BTC,1573794548443,2019-11-15T05:09:08.443Z,buy,5.73e-05,135.0,0.0077354999999999
BCD/BTC,1573794548731,2019-11-15T05:09:08.731Z,buy,5.73e-05,25.0,0.0014325
BCD/BTC,1573794549960,2019-11-15T05:09:09.960Z,buy,5.73e-05,25.0,0.0014325
BCD/BTC,1573794550961,2019-11-15T05:09:10.961Z,buy,5.73e-05,25.0,0.0014325
BCD/BTC,1573794552570,2019-11-15T05:09:12.570Z,buy,5.73e-05,25.0,0.0014325
BCD/BTC,1573794553510,2019-11-15T05:09:13.510Z,buy,5.73e-05,25.0,0.0014325
BCD/BTC,1573794554540,2019-11-15T05:09:14.540Z,buy,5.73e-05,25.0,0.0014325
BCD/BTC,1573794554983,2019-11-15T05:09:14.983Z,buy,5.73e-05,55.0,0.0031515
BCD/BTC,1573794555576,2019-11-15T05:09:15.576Z,buy,5.73e-05,25.0,0.0014325
BCD/BTC,1573794556581,2019-11-15T05:09:16.581Z,buy,5.73e-05,25.0,0.0014325
BCD/BTC,1573794557551,2019-11-15T05:09:17.551Z,buy,5.73e-05,25.0,0.0014325
BCD/BTC,1573794558310,2019-11-15T05:09:18.310Z,buy,5.73e-05,81.0,0.0046413
BCD/BTC,1573794558608,2019-11-15T05:09:18.608Z,buy,5.73e-05,25.0,0.0014325
BCD/BTC,1573794559634,2019-11-15T05:09:19.634Z,buy,5.73e-05,25.0,0.0014325
BCD/BTC,1573794560569,2019-11-15T05:09:20.569Z,buy,5.73e-05,25.0,0.0014325
BCD/BTC,1573794561674,2019-11-15T05:09:21.674Z,buy,5.73e-05,270.0,0.0154709999999999
BCD/BTC,1573794561727,2019-11-15T05:09:21.727Z,buy,5.73e-05,25.0,0.0014325
BCD/BTC,1573794562731,2019-11-15T05:09:22.731Z,buy,5.73e-05,25.0,0.0014325
BCD/BTC,1573794563780,2019-11-15T05:09:23.780Z,buy,5.73e-05,25.0,0.0014325
BCD/BTC,1573794564790,2019-11-15T05:09:24.790Z,buy,5.73e-05,25.0,0.0014325
BCD/BTC,1573794565867,2019-11-15T05:09:25.867Z,buy,5.73e-05,25.0,0.0014325
BCD/BTC,1573794567129,2019-11-15T05:09:27.129Z,buy,5.73e-05,25.0,0.0014325
BCD/BTC,1573794568261,2019-11-15T05:09:28.261Z,buy,5.73e-05,540.0,0.0309419999999999
BCD/BTC,1573794568266,2019-11-15T05:09:28.266Z,buy,5.73e-05,25.0,0.0014325
BCD/BTC,1573794569496,2019-11-15T05:09:29.496Z,buy,5.73e-05,25.0,0.0014325
BCD/BTC,1573794570712,2019-11-15T05:09:30.712Z,buy,5.73e-05,25.0,0.0014325
BCD/BTC,1573794571699,2019-11-15T05:09:31.699Z,buy,5.73e-05,25.0,0.0014325
BCD/BTC,1573794572702,2019-11-15T05:09:32.702Z,buy,5.73e-05,25.0,0.0014325
BCD/BTC,1573794583142,2019-11-15T05:09:43.142Z,buy,5.73e-05,25.0,0.0014325
BCD/BTC,1573794584042,2019-11-15T05:09:44.042Z,buy,5.73e-05,25.0,0.0014325
BCD/BTC,1573794701764,2019-11-15T05:11:41.764Z,sell,5.701e-05,176.0,0.01003376
BCD/BTC,1573794701912,2019-11-15T05:11:41.912Z,sell,5.7e-05,256.0,0.014592
BCD/BTC,1573794723380,2019-11-15T05:12:03.380Z,buy,5.701e-05,25.0,0.0014252499999999
BCD/BTC,1573794724314,2019-11-15T05:12:04.314Z,buy,5.701e-05,25.0,0.0014252499999999
BCD/BTC,1573794774805,2019-11-15T05:12:54.805Z,buy,5.701e-05,135.0,0.0076963499999999
BCD/BTC,1573794776763,2019-11-15T05:12:56.763Z,buy,5.701e-05,25.0,0.0014252499999999
BCD/BTC,1573794908207,2019-11-15T05:15:08.207Z,sell,5.7e-05,7.0,0.000399
BCD/BTC,1573795345135,2019-11-15T05:22:25.135Z,buy,5.712e-05,70.0,0.0039984
BCD/BTC,1573795345135,2019-11-15T05:22:25.135Z,buy,5.713e-05,233.0,0.01331129
BCD/BTC,1573795345135,2019-11-15T05:22:25.135Z,buy,5.714e-05,1937.0,0.11068018
BCD/BTC,1573795346680,2019-11-15T05:22:26.680Z,buy,5.712e-05,76.0,0.00434112
BCD/BTC,1573795352596,2019-11-15T05:22:32.596Z,sell,5.7e-05,2.0,0.000114
BCD/BTC,1573795352596,2019-11-15T05:22:32.596Z,sell,5.693e-05,153.0,0.0087102899999999
BCD/BTC,1573795352596,2019-11-15T05:22:32.596Z,sell,5.69e-05,196.0,0.0111524
BCD/BTC,1573795352596,2019-11-15T05:22:32.596Z,sell,5.688e-05,350.0,0.019908
BCD/BTC,1573795352596,2019-11-15T05:22:32.596Z,sell,5.685e-05,28.0,0.0015918
BCD/BTC,1573795352596,2019-11-15T05:22:32.596Z,sell,5.68e-05,22.0,0.0012496
BCD/BTC,1573795352596,2019-11-15T05:22:32.596Z,sell,5.679e-05,13.0,0.00073827
BCD/BTC,1573795352596,2019-11-15T05:22:32.596Z,sell,5.676e-05,136.0,0.00771936
BCD/BTC,1573795353305,2019-11-15T05:22:33.305Z,buy,5.713e-05,132.0,0.00754116
BCD/BTC,1573795354646,2019-11-15T05:22:34.646Z,buy,5.707e-05,25.0,0.00142675
BCD/BTC,1573795815506,2019-11-15T05:30:15.506Z,buy,5.695e-05,25.0,0.00142375
BCD/BTC,1573795817696,2019-11-15T05:30:17.696Z,buy,5.696e-05,79.0,0.00449984
BCD/BTC,1573795818863,2019-11-15T05:30:18.863Z,buy,5.696e-05,25.0,0.001424
BCD/BTC,1573795857075,2019-11-15T05:30:57.075Z,buy,5.694e-05,300.0,0.017082
BCD/BTC,1573795857075,2019-11-15T05:30:57.075Z,buy,5.695e-05,53.0,0.00301835
BCD/BTC,1573795857075,2019-11-15T05:30:57.075Z,buy,5.697e-05,58.0,0.00330426
BCD/BTC,1573796538561,2019-11-15T05:42:18.561Z,sell,5.688e-05,76.0,0.0043228799999999
BCD/BTC,1573796538564,2019-11-15T05:42:18.564Z,sell,5.688e-05,60.0,0.0034127999999999
BCD/BTC,1573796620959,2019-11-15T05:43:40.959Z,buy,5.689e-05,21.0,0.00119469
BCD/BTC,1573796621089,2019-11-15T05:43:41.089Z,buy,5.689e-05,2.0,0.00011378
BCD/BTC,1573796654950,2019-11-15T05:44:14.950Z,buy,5.71e-05,8.0,0.0004568
BCD/BTC,1573796654950,2019-11-15T05:44:14.950Z,buy,5.714e-05,9.0,0.00051426
BCD/BTC,1573796716357,2019-11-15T05:45:16.357Z,buy,5.713e-05,120.0,0.0068556
BCD/BTC,1573796716392,2019-11-15T05:45:16.392Z,buy,5.713e-05,153.0,0.00874089
BCD/BTC,1573796716394,2019-11-15T05:45:16.394Z,buy,5.713e-05,514.0,0.02936482
BCD/BTC,1573796716394,2019-11-15T05:45:16.394Z,buy,5.714e-05,13.0,0.0007428199999999
BCD/BTC,1573796718893,2019-11-15T05:45:18.893Z,sell,5.72e-05,12.0,0.0006864
BCD/BTC,1573796746891,2019-11-15T05:45:46.891Z,sell,5.72e-05,233.0,0.0133276
BCD/BTC,1573796747800,2019-11-15T05:45:47.800Z,buy,5.725e-05,28.0,0.001603
BCD/BTC,1573796747800,2019-11-15T05:45:47.800Z,buy,5.726e-05,13.0,0.00074438
BCD/BTC,1573796747800,2019-11-15T05:45:47.800Z,buy,5.73e-05,30.0,0.0017189999999999
BCD/BTC,1573796747800,2019-11-15T05:45:47.800Z,buy,5.733e-05,16.0,0.00091728
BCD/BTC,1573796747800,2019-11-15T05:45:47.800Z,buy,5.734e-05,5.0,0.0002867
BCD/BTC,1573796747800,2019-11-15T05:45:47.800Z,buy,5.736e-05,22.0,0.00126192
BCD/BTC,1573796747800,2019-11-15T05:45:47.800Z,buy,5.74e-05,152.0,0.0087248
BCD/BTC,1573796747800,2019-11-15T05:45:47.800Z,buy,5.743e-05,3.0,0.00017229
BCD/BTC,1573796747800,2019-11-15T05:45:47.800Z,buy,5.744e-05,217.0,0.01246448
BCD/BTC,1573796747800,2019-11-15T05:45:47.800Z,buy,5.747e-05,65.0,0.00373555
BCD/BTC,1573796747819,2019-11-15T05:45:47.819Z,buy,5.747e-05,68.0,0.0039079599999999
BCD/BTC,1573796747819,2019-11-15T05:45:47.819Z,buy,5.748e-05,22.0,0.00126456
BCD/BTC,1573796747819,2019-11-15T05:45:47.819Z,buy,5.75e-05,22.0,0.001265
BCD/BTC,1573796749442,2019-11-15T05:45:49.442Z,buy,5.75e-05,10.0,0.000575
BCD/BTC,1573796915895,2019-11-15T05:48:35.895Z,sell,5.724e-05,9.0,0.00051516
BCD/BTC,1573796915895,2019-11-15T05:48:35.895Z,sell,5.724e-05,9.0,0.00051516
BCD/BTC,1573797610719,2019-11-15T06:00:10.719Z,buy,5.728e-05,43.0,0.00246304
BCD/BTC,1573797610719,2019-11-15T06:00:10.719Z,buy,5.738e-05,2.0,0.00011476
BCD/BTC,1573797610719,2019-11-15T06:00:10.719Z,buy,5.75e-05,367.0,0.0211025
BCD/BTC,1573797610719,2019-11-15T06:00:10.719Z,buy,5.76e-05,105.0,0.0060479999999999
BCD/BTC,1573797610719,2019-11-15T06:00:10.719Z,buy,5.763e-05,174.0,0.01002762
BCD/BTC,1573797610719,2019-11-15T06:00:10.719Z,buy,5.766e-05,28.0,0.00161448
BCD/BTC,1573797610719,2019-11-15T06:00:10.719Z,buy,5.769e-05,5.0,0.00028845
BCD/BTC,1573797610719,2019-11-15T06:00:10.719Z,buy,5.773e-05,149.0,0.00860177
BCD/BTC,1573797851835,2019-11-15T06:04:11.835Z,buy,5.771e-05,2.0,0.00011542
BCD/BTC,1573797938141,2019-11-15T06:05:38.141Z,sell,5.746e-05,81.0,0.00465426
BCD/BTC,1573798047527,2019-11-15T06:07:27.527Z,sell,5.745e-05,266.0,0.0152817
BCD/BTC,1573798275401,2019-11-15T06:11:15.401Z,sell,5.735e-05,267.0,0.01531245
BCD/BTC,1573798275427,2019-11-15T06:11:15.427Z,sell,5.735e-05,255.0,0.01462425
BCD/BTC,1573798275427,2019-11-15T06:11:15.427Z,sell,5.734e-05,5.0,0.0002867
BCD/BTC,1573798275700,2019-11-15T06:11:15.700Z,sell,5.73e-05,30.0,0.0017189999999999
BCD/BTC,1573798275700,2019-11-15T06:11:15.700Z,sell,5.729e-05,126.0,0.00721854
BCD/BTC,1573798275767,2019-11-15T06:11:15.767Z,sell,5.729e-05,40.0,0.0022916
BCD/BTC,1573798285363,2019-11-15T06:11:25.363Z,sell,5.726e-05,13.0,0.00074438
BCD/BTC,1573798285363,2019-11-15T06:11:25.363Z,sell,5.725e-05,27.0,0.00154575
BCD/BTC,1573798292577,2019-11-15T06:11:32.577Z,sell,5.725e-05,1.0,5.725e-05
BCD/BTC,1573798292577,2019-11-15T06:11:32.577Z,sell,5.714e-05,22.0,0.00125708
BCD/BTC,1573798292577,2019-11-15T06:11:32.577Z,sell,5.708e-05,3.0,0.00017124
BCD/BTC,1573798292577,2019-11-15T06:11:32.577Z,sell,5.704e-05,188.0,0.01072352
BCD/BTC,1573798292577,2019-11-15T06:11:32.577Z,sell,5.703e-05,96.0,0.00547488
BCD/BTC,1573798296840,2019-11-15T06:11:36.840Z,buy,5.724e-05,12.0,0.00068688
BCD/BTC,1573798309647,2019-11-15T06:11:49.647Z,sell,5.705e-05,97.0,0.00553385
BCD/BTC,1573798359884,2019-11-15T06:12:39.884Z,buy,5.723e-05,115.0,0.00658145
BCD/BTC,1573798359884,2019-11-15T06:12:39.884Z,buy,5.724e-05,70.0,0.0040068
BCD/BTC,1573798965391,2019-11-15T06:22:45.391Z,buy,5.708e-05,26.0,0.00148408
BCD/BTC,1573799091078,2019-11-15T06:24:51.078Z,sell,5.707e-05,133.0,0.00759031
BCD/BTC,1573799091078,2019-11-15T06:24:51.078Z,sell,5.706e-05,79.0,0.00450774
BCD/BTC,1573799091078,2019-11-15T06:24:51.078Z,sell,5.7e-05,60.0,0.00342
BCD/BTC,1573799094939,2019-11-15T06:24:54.939Z,buy,5.7e-05,1278.0,0.072846
BCD/BTC,1573799289499,2019-11-15T06:28:09.499Z,buy,5.727e-05,3.0,0.00017181
BCD/BTC,1573799549354,2019-11-15T06:32:29.354Z,sell,5.701e-05,88.0,0.00501688
BCD/BTC,1573799549354,2019-11-15T06:32:29.354Z,sell,5.7e-05,245.0,0.013965
BCD/BTC,1573799831604,2019-11-15T06:37:11.604Z,buy,5.721e-05,102.0,0.00583542
BCD/BTC,1573799842238,2019-11-15T06:37:22.238Z,buy,5.726e-05,53.0,0.00303478
BCD/BTC,1573799915940,2019-11-15T06:38:35.940Z,buy,5.725e-05,296.0,0.016946
BCD/BTC,1573799915940,2019-11-15T06:38:35.940Z,buy,5.725e-05,296.0,0.016946
BCD/BTC,1573800548699,2019-11-15T06:49:08.699Z,buy,5.73e-05,25.0,0.0014325
BCD/BTC,1573800596006,2019-11-15T06:49:56.006Z,buy,5.73e-05,5.0,0.0002864999999999
BCD/BTC,1573800596006,2019-11-15T06:49:56.006Z,buy,5.734e-05,5.0,0.0002867
BCD/BTC,1573800596006,2019-11-15T06:49:56.006Z,buy,5.743e-05,3.0,0.00017229
BCD/BTC,1573800596006,2019-11-15T06:49:56.006Z,buy,5.748e-05,12.0,0.00068976
BCD/BTC,1573800699499,2019-11-15T06:51:39.499Z,buy,5.748e-05,10.0,0.0005748
BCD/BTC,1573800699499,2019-11-15T06:51:39.499Z,buy,5.759e-05,15.0,0.00086385
BCD/BTC,1573800699875,2019-11-15T06:51:39.875Z,buy,5.759e-05,34.0,0.00195806
BCD/BTC,1573800700622,2019-11-15T06:51:40.622Z,buy,5.759e-05,25.0,0.00143975
BCD/BTC,1573800915306,2019-11-15T06:55:15.306Z,buy,5.755e-05,2.0,0.0001151
BCD/BTC,1573800915306,2019-11-15T06:55:15.306Z,buy,5.759e-05,23.0,0.00132457
BCD/BTC,1573800916496,2019-11-15T06:55:16.496Z,buy,5.759e-05,20.0,0.0011518
BCD/BTC,1573800916496,2019-11-15T06:55:16.496Z,buy,5.76e-05,5.0,0.000288
BCD/BTC,1573800917511,2019-11-15T06:55:17.511Z,buy,5.76e-05,25.0,0.0014399999999999
BCD/BTC,1573800925117,2019-11-15T06:55:25.117Z,buy,5.766e-05,9.0,0.00051894
BCD/BTC,1573801056949,2019-11-15T06:57:36.949Z,buy,5.766e-05,8.0,0.00046128
BCD/BTC,1573801175456,2019-11-15T06:59:35.456Z,sell,5.75e-05,347.0,0.0199525
BCD/BTC,1573801177272,2019-11-15T06:59:37.272Z,buy,5.75e-05,25.0,0.0014375
BCD/BTC,1573801178076,2019-11-15T06:59:38.076Z,buy,5.75e-05,609.0,0.0350175
BCD/BTC,1573801178467,2019-11-15T06:59:38.467Z,buy,5.75e-05,19.0,0.0010925
BCD/BTC,1573801178467,2019-11-15T06:59:38.467Z,buy,5.766e-05,6.0,0.00034596
BCD/BTC,1573801185941,2019-11-15T06:59:45.941Z,buy,5.766e-05,5.0,0.0002883
BCD/BTC,1573801185941,2019-11-15T06:59:45.941Z,buy,5.769e-05,5.0,0.00028845
BCD/BTC,1573801185941,2019-11-15T06:59:45.941Z,buy,5.771e-05,347.0,0.02002537
BCD/BTC,1573801185941,2019-11-15T06:59:45.941Z,buy,5.772e-05,107.0,0.00617604
BCD/BTC,1573801185941,2019-11-15T06:59:45.941Z,buy,5.773e-05,13.0,0.0007504899999999
BCD/BTC,1573801185941,2019-11-15T06:59:45.941Z,buy,5.774e-05,34.0,0.00196316
BCD/BTC,1573801185941,2019-11-15T06:59:45.941Z,buy,5.775e-05,69.0,0.00398475
BCD/BTC,1573801185941,2019-11-15T06:59:45.941Z,buy,5.778e-05,185.0,0.0106893
BCD/BTC,1573801185941,2019-11-15T06:59:45.941Z,buy,5.779e-05,858.0,0.04958382
BCD/BTC,1573801185941,2019-11-15T06:59:45.941Z,buy,5.78e-05,397.0,0.0229466
BCD/BTC,1573801283322,2019-11-15T07:01:23.322Z,buy,5.78e-05,30.0,0.001734
BCD/BTC,1573801335638,2019-11-15T07:02:15.638Z,buy,5.78e-05,12.0,0.0006936
BCD/BTC,1573802163591,2019-11-15T07:16:03.591Z,sell,5.75e-05,207.0,0.0119025
BCD/BTC,1573802189816,2019-11-15T07:16:29.816Z,buy,5.775e-05,207.0,0.01195425
BCD/BTC,1573802189816,2019-11-15T07:16:29.816Z,buy,5.776e-05,69.0,0.00398544
BCD/BTC,1573802199646,2019-11-15T07:16:39.646Z,buy,5.774e-05,55.0,0.0031757
BCD/BTC,1573802495238,2019-11-15T07:21:35.238Z,sell,5.751e-05,347.0,0.01995597
BCD/BTC,1573802495238,2019-11-15T07:21:35.238Z,sell,5.75e-05,209.0,0.0120175
BCD/BTC,1573802496423,2019-11-15T07:21:36.423Z,buy,5.749e-05,2162.0,0.12429338
BCD/BTC,1573802497571,2019-11-15T07:21:37.571Z,buy,5.749e-05,30.0,0.0017247
BCD/BTC,1573802497726,2019-11-15T07:21:37.726Z,buy,5.749e-05,4.0,0.00022996
BCD/BTC,1573802497726,2019-11-15T07:21:37.726Z,buy,5.776e-05,21.0,0.00121296
BCD/BTC,1573802645399,2019-11-15T07:24:05.399Z,sell,5.748e-05,21.0,0.00120708
BCD/BTC,1573802645399,2019-11-15T07:24:05.399Z,sell,5.747e-05,49.0,0.0028160299999999
BCD/BTC,1573802887431,2019-11-15T07:28:07.431Z,buy,5.751e-05,103.0,0.00592353
BCD/BTC,1573802895704,2019-11-15T07:28:15.704Z,buy,5.751e-05,87.0,0.00500337
BCD/BTC,1573803090885,2019-11-15T07:31:30.885Z,sell,5.745e-05,139.0,0.00798555
BCD/BTC,1573803090885,2019-11-15T07:31:30.885Z,sell,5.744e-05,733.0,0.04210352
BCD/BTC,1573803090885,2019-11-15T07:31:30.885Z,sell,5.745e-05,139.0,0.00798555
BCD/BTC,1573803090885,2019-11-15T07:31:30.885Z,sell,5.744e-05,733.0,0.04210352
BCD/BTC,1573804391107,2019-11-15T07:53:11.107Z,sell,5.744e-05,294.0,0.01688736
BCD/BTC,1573804391107,2019-11-15T07:53:11.107Z,sell,5.743e-05,37.0,0.00212491
BCD/BTC,1573804526817,2019-11-15T07:55:26.817Z,buy,5.771e-05,347.0,0.02002537
BCD/BTC,1573804526817,2019-11-15T07:55:26.817Z,buy,5.772e-05,196.0,0.01131312
BCD/BTC,1573804526817,2019-11-15T07:55:26.817Z,buy,5.777e-05,868.0,0.05014436
BCD/BTC,1573804526817,2019-11-15T07:55:26.817Z,buy,5.778e-05,433.0,0.02501874
BCD/BTC,1573804803131,2019-11-15T08:00:03.131Z,buy,5.776e-05,129.0,0.00745104
BCD/BTC,1573804916266,2019-11-15T08:01:56.266Z,buy,5.776e-05,3.0,0.00017328
BCD/BTC,1573804916266,2019-11-15T08:01:56.266Z,buy,5.78e-05,1467.0,0.0847926
BCD/BTC,1573804916349,2019-11-15T08:01:56.349Z,buy,5.78e-05,24.0,0.0013872
BCD/BTC,1573804916366,2019-11-15T08:01:56.366Z,buy,5.78e-05,288.0,0.0166464
BCD/BTC,1573804937105,2019-11-15T08:02:17.105Z,buy,5.78e-05,181.0,0.0104618
BCD/BTC,1573804943681,2019-11-15T08:02:23.681Z,buy,5.78e-05,14.0,0.0008092
BCD/BTC,1573804943932,2019-11-15T08:02:23.932Z,buy,5.78e-05,9.0,0.0005202
BCD/BTC,1573804967448,2019-11-15T08:02:47.448Z,buy,5.78e-05,45.0,0.002601
BCD/BTC,1573804967523,2019-11-15T08:02:47.523Z,buy,5.78e-05,17.0,0.0009826
BCD/BTC,1573804975835,2019-11-15T08:02:55.835Z,buy,5.782e-05,11.0,0.0006360199999999
BCD/BTC,1573805088343,2019-11-15T08:04:48.343Z,sell,5.771e-05,346.0,0.01996766
BCD/BTC,1573805088343,2019-11-15T08:04:48.343Z,sell,5.77e-05,160.0,0.009232
BCD/BTC,1573805088343,2019-11-15T08:04:48.343Z,sell,5.767e-05,20.0,0.0011534
BCD/BTC,1573805094148,2019-11-15T08:04:54.148Z,buy,5.782e-05,13.0,0.00075166
BCD/BTC,1573805094148,2019-11-15T08:04:54.148Z,buy,5.789e-05,21.0,0.00121569
BCD/BTC,1573805179559,2019-11-15T08:06:19.559Z,buy,5.789e-05,6.0,0.00034734
BCD/BTC,1573805190757,2019-11-15T08:06:30.757Z,buy,5.789e-05,43.0,0.00248927
BCD/BTC,1573805206523,2019-11-15T08:06:46.523Z,buy,5.788e-05,100.0,0.005788
BCD/BTC,1573805612435,2019-11-15T08:13:32.435Z,buy,5.782e-05,114.0,0.00659148
BCD/BTC,1573805612435,2019-11-15T08:13:32.435Z,buy,5.785e-05,225.0,0.01301625
BCD/BTC,1573805612435,2019-11-15T08:13:32.435Z,buy,5.786e-05,102.0,0.00590172
BCD/BTC,1573805612435,2019-11-15T08:13:32.435Z,buy,5.79e-05,30.0,0.0017369999999999
BCD/BTC,1573805612435,2019-11-15T08:13:32.435Z,buy,5.799e-05,21.0,0.00121779
BCD/BTC,1573805612435,2019-11-15T08:13:32.435Z,buy,5.8e-05,33.0,0.001914
BCD/BTC,1573805612453,2019-11-15T08:13:32.453Z,sell,5.8e-05,17.0,0.000986
BCD/BTC,1573805612468,2019-11-15T08:13:32.468Z,sell,5.8e-05,514.0,0.029812
BCD/BTC,1573805612497,2019-11-15T08:13:32.497Z,sell,5.8e-05,964.0,0.055912
BCD/BTC,1573805612569,2019-11-15T08:13:32.569Z,sell,5.8e-05,184.0,0.010672
BCD/BTC,1573805612605,2019-11-15T08:13:32.605Z,sell,5.8e-05,26.0,0.001508
BCD/BTC,1573805640457,2019-11-15T08:14:00.457Z,buy,5.785e-05,52.0,0.0030082
BCD/BTC,1573805644482,2019-11-15T08:14:04.482Z,sell,5.777e-05,165.0,0.00953205
BCD/BTC,1573805644482,2019-11-15T08:14:04.482Z,sell,5.776e-05,143.0,0.00825968
BCD/BTC,1573805656626,2019-11-15T08:14:16.626Z,sell,5.777e-05,21.0,0.00121317
BCD/BTC,1573805990094,2019-11-15T08:19:50.094Z,sell,5.774e-05,2.0,0.00011548
BCD/BTC,1573806466340,2019-11-15T08:27:46.340Z,sell,5.783e-05,345.0,0.01995135
BCD/BTC,1573806466340,2019-11-15T08:27:46.340Z,sell,5.783e-05,345.0,0.01995135
BCD/BTC,1573806770937,2019-11-15T08:32:50.937Z,sell,5.76e-05,30.0,0.001728
BCD/BTC,1573806788698,2019-11-15T08:33:08.698Z,buy,5.759e-05,2.0,0.00011518
BCD/BTC,1573806931742,2019-11-15T08:35:31.742Z,sell,5.754e-05,34.0,0.00195636
BCD/BTC,1573807389213,2019-11-15T08:43:09.213Z,sell,5.754e-05,19.0,0.00109326
BCD/BTC,1573807838665,2019-11-15T08:50:38.665Z,buy,5.784e-05,345.0,0.0199548
BCD/BTC,1573807868643,2019-11-15T08:51:08.643Z,sell,5.784e-05,2.0,0.00011568
BCD/BTC,1573807900000,2019-11-15T08:51:40.000Z,buy,5.763e-05,36.0,0.00207468
BCD/BTC,1573807902138,2019-11-15T08:51:42.138Z,sell,5.762e-05,80.0,0.0046096
BCD/BTC,1573807902302,2019-11-15T08:51:42.302Z,buy,5.757e-05,79.0,0.00454803
BCD/BTC,1573807905921,2019-11-15T08:51:45.921Z,buy,5.761e-05,14.0,0.00080654
BCD/BTC,1573807906744,2019-11-15T08:51:46.744Z,buy,5.761e-05,392.0,0.0225831199999999
BCD/BTC,1573808172052,2019-11-15T08:56:12.052Z,sell,5.756e-05,54.0,0.00310824
BCD/BTC,1573808172052,2019-11-15T08:56:12.052Z,sell,5.755e-05,30.0,0.0017265
BCD/BTC,1573808172163,2019-11-15T08:56:12.163Z,sell,5.755e-05,69.0,0.00397095
BCD/BTC,1573808172170,2019-11-15T08:56:12.170Z,sell,5.755e-05,75.0,0.00431625
BCD/BTC,1573808172217,2019-11-15T08:56:12.217Z,sell,5.755e-05,2.0,0.0001151
BCD/BTC,1573808172271,2019-11-15T08:56:12.271Z,sell,5.755e-05,55.0,0.00316525
BCD/BTC,1573808502006,2019-11-15T09:01:42.006Z,sell,5.754e-05,116.0,0.00667464
BCD/BTC,1573808509387,2019-11-15T09:01:49.387Z,sell,5.754e-05,107.0,0.00615678
BCD/BTC,1573808509387,2019-11-15T09:01:49.387Z,sell,5.753e-05,57.0,0.00327921
BCD/BTC,1573808509576,2019-11-15T09:01:49.576Z,sell,5.753e-05,375.0,0.02157375
BCD/BTC,1573808509576,2019-11-15T09:01:49.576Z,sell,5.749e-05,42.0,0.00241458
BCD/BTC,1573808509576,2019-11-15T09:01:49.576Z,sell,5.748e-05,22.0,0.00126456
BCD/BTC,1573808514325,2019-11-15T09:01:54.325Z,sell,5.744e-05,775.0,0.044516
BCD/BTC,1573808514638,2019-11-15T09:01:54.638Z,sell,5.744e-05,89.0,0.00511216
BCD/BTC,1573808514638,2019-11-15T09:01:54.638Z,sell,5.743e-05,201.0,0.0115434299999999
BCD/BTC,1573808516805,2019-11-15T09:01:56.805Z,sell,5.736e-05,2.0,0.00011472
BCD/BTC,1573808516805,2019-11-15T09:01:56.805Z,sell,5.735e-05,39.0,0.0022366499999999
BCD/BTC,1573808516805,2019-11-15T09:01:56.805Z,sell,5.734e-05,5.0,0.0002867
BCD/BTC,1573808516805,2019-11-15T09:01:56.805Z,sell,5.73e-05,30.0,0.0017189999999999
BCD/BTC,1573808516805,2019-11-15T09:01:56.805Z,sell,5.729e-05,11.0,0.00063019
BCD/BTC,1573808516805,2019-11-15T09:01:56.805Z,sell,5.726e-05,13.0,0.00074438
BCD/BTC,1573808516805,2019-11-15T09:01:56.805Z,sell,5.725e-05,28.0,0.001603
BCD/BTC,1573808520331,2019-11-15T09:02:00.331Z,buy,5.715e-05,21.0,0.00120015
BCD/BTC,1573808523931,2019-11-15T09:02:03.931Z,buy,5.715e-05,2.0,0.0001143
BCD/BTC,1573808525494,2019-11-15T09:02:05.494Z,sell,5.714e-05,22.0,0.00125708
BCD/BTC,1573808525494,2019-11-15T09:02:05.494Z,sell,5.708e-05,3.0,0.00017124
BCD/BTC,1573808525494,2019-11-15T09:02:05.494Z,sell,5.702e-05,3.0,0.00017106
BCD/BTC,1573808525494,2019-11-15T09:02:05.494Z,sell,5.701e-05,78.0,0.00444678
BCD/BTC,1573808525494,2019-11-15T09:02:05.494Z,sell,5.701e-05,167.0,0.00952067
BCD/BTC,1573808525494,2019-11-15T09:02:05.494Z,sell,5.7e-05,168.0,0.009576
BCD/BTC,1573808536205,2019-11-15T09:02:16.205Z,sell,5.7e-05,100.0,0.0057
BCD/BTC,1573808537470,2019-11-15T09:02:17.470Z,buy,5.715e-05,21.0,0.00120015
BCD/BTC,1573808537705,2019-11-15T09:02:17.705Z,sell,5.7e-05,37.0,0.002109
BCD/BTC,1573808544236,2019-11-15T09:02:24.236Z,sell,5.7e-05,134.0,0.007638
BCD/BTC,1573808544236,2019-11-15T09:02:24.236Z,sell,5.688e-05,2.0,0.00011376
BCD/BTC,1573808544236,2019-11-15T09:02:24.236Z,sell,5.685e-05,28.0,0.0015918
BCD/BTC,1573808544236,2019-11-15T09:02:24.236Z,sell,5.68e-05,22.0,0.0012496
BCD/BTC,1573808544236,2019-11-15T09:02:24.236Z,sell,5.679e-05,13.0,0.00073827
BCD/BTC,1573808544236,2019-11-15T09:02:24.236Z,sell,5.676e-05,16.0,0.00090816
BCD/BTC,1573808546018,2019-11-15T09:02:26.018Z,sell,5.675e-05,96.0,0.005448
BCD/BTC,1573808571415,2019-11-15T09:02:51.415Z,buy,5.717e-05,26.0,0.00148642
BCD/BTC,1573808624759,2019-11-15T09:03:44.759Z,sell,5.676e-05,31.0,0.0017595599999999
BCD/BTC,1573808643042,2019-11-15T09:04:03.042Z,buy,5.713e-05,9.0,0.00051417
BCD/BTC,1573808643231,2019-11-15T09:04:03.231Z,buy,5.713e-05,16.0,0.00091408
BCD/BTC,1573808643309,2019-11-15T09:04:03.309Z,buy,5.713e-05,42.0,0.00239946
BCD/BTC,1573808661402,2019-11-15T09:04:21.402Z,buy,5.696e-05,8.0,0.00045568
BCD/BTC,1573808662917,2019-11-15T09:04:22.917Z,buy,5.696e-05,26.0,0.00148096
BCD/BTC,1573808663006,2019-11-15T09:04:23.006Z,buy,5.696e-05,26.0,0.00148096
BCD/BTC,1573808720008,2019-11-15T09:05:20.008Z,sell,5.677e-05,42.0,0.00238434
BCD/BTC,1573808754630,2019-11-15T09:05:54.630Z,buy,5.696e-05,32.0,0.00182272
BCD/BTC,1573808782529,2019-11-15T09:06:22.529Z,buy,5.696e-05,25.0,0.001424
BCD/BTC,1573808783293,2019-11-15T09:06:23.293Z,buy,5.696e-05,161.0,0.00917056
BCD/BTC,1573808783590,2019-11-15T09:06:23.590Z,buy,5.696e-05,25.0,0.001424
BCD/BTC,1573808784900,2019-11-15T09:06:24.900Z,buy,5.696e-05,25.0,0.001424
BCD/BTC,1573808786168,2019-11-15T09:06:26.168Z,buy,5.696e-05,25.0,0.001424
BCD/BTC,1573808829586,2019-11-15T09:07:09.586Z,buy,5.696e-05,69.0,0.00393024
BCD/BTC,1573808829586,2019-11-15T09:07:09.586Z,buy,5.71e-05,350.0,0.019985
BCD/BTC,1573808829586,2019-11-15T09:07:09.586Z,buy,5.711e-05,86.0,0.00491146
BCD/BTC,1573808829892,2019-11-15T09:07:09.892Z,buy,5.709e-05,25.0,0.00142725
BCD/BTC,1573808830882,2019-11-15T09:07:10.882Z,buy,5.709e-05,25.0,0.00142725
BCD/BTC,1573808832076,2019-11-15T09:07:12.076Z,buy,5.709e-05,25.0,0.00142725
BCD/BTC,1573808894337,2019-11-15T09:08:14.337Z,sell,5.681e-05,34.0,0.00193154
BCD/BTC,1573809013098,2019-11-15T09:10:13.098Z,buy,5.709e-05,88.0,0.0050239199999999
BCD/BTC,1573809023662,2019-11-15T09:10:23.662Z,buy,5.714e-05,298.0,0.01702772
BCD/BTC,1573809062138,2019-11-15T09:11:02.138Z,buy,5.714e-05,94.0,0.00537116
BCD/BTC,1573809195697,2019-11-15T09:13:15.697Z,buy,5.725e-05,28.0,0.001603
BCD/BTC,1573809200260,2019-11-15T09:13:20.260Z,buy,5.726e-05,13.0,0.00074438
BCD/BTC,1573809200260,2019-11-15T09:13:20.260Z,buy,5.73e-05,30.0,0.0017189999999999
BCD/BTC,1573809203863,2019-11-15T09:13:23.863Z,sell,5.733e-05,182.0,0.01043406
BCD/BTC,1573809294331,2019-11-15T09:14:54.331Z,sell,5.733e-05,613.0,0.03514329
BCD/BTC,1573809309587,2019-11-15T09:15:09.587Z,buy,5.733e-05,139.0,0.00796887
BCD/BTC,1573809309812,2019-11-15T09:15:09.812Z,buy,5.733e-05,27.0,0.00154791
BCD/BTC,1573809309812,2019-11-15T09:15:09.812Z,buy,5.734e-05,5.0,0.0002867
BCD/BTC,1573809309812,2019-11-15T09:15:09.812Z,buy,5.735e-05,209.0,0.01198615
BCD/BTC,1573809309926,2019-11-15T09:15:09.926Z,buy,5.735e-05,87.0,0.0049894499999999
BCD/BTC,1573809309926,2019-11-15T09:15:09.926Z,buy,5.74e-05,69.0,0.0039606
BCD/BTC,1573809309926,2019-11-15T09:15:09.926Z,buy,5.741e-05,107.0,0.00614287
BCD/BTC,1573809371695,2019-11-15T09:16:11.695Z,buy,5.717e-05,5.0,0.00028585
BCD/BTC,1573809513558,2019-11-15T09:18:33.558Z,buy,5.717e-05,54.0,0.00308718
BCD/BTC,1573809602152,2019-11-15T09:20:02.152Z,sell,5.7e-05,35.0,0.001995
BCD/BTC,1573809602152,2019-11-15T09:20:02.152Z,sell,5.694e-05,350.0,0.019929
BCD/BTC,1573809602152,2019-11-15T09:20:02.152Z,sell,5.693e-05,192.0,0.0109305599999999
BCD/BTC,1573809602152,2019-11-15T09:20:02.152Z,sell,5.692e-05,185.0,0.0105302
BCD/BTC,1573809602152,2019-11-15T09:20:02.152Z,sell,5.69e-05,175.0,0.0099575
BCD/BTC,1573809602153,2019-11-15T09:20:02.153Z,sell,5.685e-05,28.0,0.0015918
BCD/BTC,1573809602153,2019-11-15T09:20:02.153Z,sell,5.681e-05,193.0,0.01096433
BCD/BTC,1573809602153,2019-11-15T09:20:02.153Z,sell,5.68e-05,22.0,0.0012496
BCD/BTC,1573809602153,2019-11-15T09:20:02.153Z,sell,5.679e-05,13.0,0.00073827
BCD/BTC,1573809602153,2019-11-15T09:20:02.153Z,sell,5.677e-05,70.0,0.0039739
BCD/BTC,1573809602153,2019-11-15T09:20:02.153Z,sell,5.676e-05,120.0,0.0068112
BCD/BTC,1573809602173,2019-11-15T09:20:02.173Z,buy,5.676e-05,88.0,0.00499488
BCD/BTC,1573809602179,2019-11-15T09:20:02.179Z,buy,5.676e-05,205.0,0.0116358
BCD/BTC,1573809602201,2019-11-15T09:20:02.201Z,buy,5.676e-05,205.0,0.0116358
BCD/BTC,1573809604725,2019-11-15T09:20:04.725Z,buy,5.676e-05,25.0,0.001419
BCD/BTC,1573809605917,2019-11-15T09:20:05.917Z,buy,5.676e-05,25.0,0.001419
BCD/BTC,1573809607121,2019-11-15T09:20:07.121Z,buy,5.676e-05,25.0,0.001419
BCD/BTC,1573809608306,2019-11-15T09:20:08.306Z,sell,5.675e-05,66.0,0.0037454999999999
BCD/BTC,1573809608382,2019-11-15T09:20:08.382Z,buy,5.676e-05,25.0,0.001419
BCD/BTC,1573809609385,2019-11-15T09:20:09.385Z,buy,5.676e-05,25.0,0.001419
BCD/BTC,1573809610657,2019-11-15T09:20:10.657Z,buy,5.676e-05,25.0,0.001419
BCD/BTC,1573809613119,2019-11-15T09:20:13.119Z,buy,5.676e-05,25.0,0.001419
BCD/BTC,1573809614063,2019-11-15T09:20:14.063Z,buy,5.676e-05,25.0,0.001419
BCD/BTC,1573809615347,2019-11-15T09:20:15.347Z,buy,5.676e-05,25.0,0.001419
BCD/BTC,1573809616402,2019-11-15T09:20:16.402Z,buy,5.676e-05,25.0,0.001419
BCD/BTC,1573809617393,2019-11-15T09:20:17.393Z,buy,5.676e-05,25.0,0.001419
BCD/BTC,1573809618448,2019-11-15T09:20:18.448Z,buy,5.676e-05,25.0,0.001419
BCD/BTC,1573809619635,2019-11-15T09:20:19.635Z,buy,5.676e-05,25.0,0.001419
BCD/BTC,1573809620843,2019-11-15T09:20:20.843Z,buy,5.676e-05,542.0,0.03076392
BCD/BTC,1573809620993,2019-11-15T09:20:20.993Z,buy,5.676e-05,25.0,0.001419
BCD/BTC,1573809622381,2019-11-15T09:20:22.381Z,buy,5.676e-05,25.0,0.001419
BCD/BTC,1573809623333,2019-11-15T09:20:23.333Z,buy,5.676e-05,25.0,0.001419
BCD/BTC,1573809651020,2019-11-15T09:20:51.020Z,buy,5.676e-05,2.0,0.00011352
BCD/BTC,1573809760147,2019-11-15T09:22:40.147Z,sell,5.676e-05,200.0,0.011352
BCD/BTC,1573809898492,2019-11-15T09:24:58.492Z,buy,5.677e-05,67.0,0.00380359
BCD/BTC,1573809898544,2019-11-15T09:24:58.544Z,buy,5.677e-05,95.0,0.00539315
BCD/BTC,1573809898559,2019-11-15T09:24:58.559Z,buy,5.677e-05,26.0,0.00147602
BCD/BTC,1573809898620,2019-11-15T09:24:58.620Z,buy,5.677e-05,26.0,0.00147602
BCD/BTC,1573809902469,2019-11-15T09:25:02.469Z,buy,5.677e-05,510.0,0.0289527
BCD/BTC,1573809903198,2019-11-15T09:25:03.198Z,buy,5.677e-05,73.0,0.00414421
BCD/BTC,1573809904009,2019-11-15T09:25:04.009Z,buy,5.677e-05,890.0,0.0505253
BCD/BTC,1573809909317,2019-11-15T09:25:09.317Z,buy,5.677e-05,679.0,0.03854683
BCD/BTC,1573809923404,2019-11-15T09:25:23.404Z,buy,5.679e-05,600.0,0.034074
BCD/BTC,1573809966416,2019-11-15T09:26:06.416Z,sell,5.675e-05,463.0,0.02627525
BCD/BTC,1573809966416,2019-11-15T09:26:06.416Z,sell,5.673e-05,3.0,0.00017019
BCD/BTC,1573809966416,2019-11-15T09:26:06.416Z,sell,5.672e-05,13.0,0.00073736
BCD/BTC,1573809966416,2019-11-15T09:26:06.416Z,sell,5.666e-05,32.0,0.00181312
BCD/BTC,1573809966416,2019-11-15T09:26:06.416Z,sell,5.665e-05,55.0,0.00311575
BCD/BTC,1573809966416,2019-11-15T09:26:06.416Z,sell,5.664e-05,1167.0,0.06609888
BCD/BTC,1573809973477,2019-11-15T09:26:13.477Z,sell,5.665e-05,3.0,0.00016995
BCD/BTC,1573809973477,2019-11-15T09:26:13.477Z,sell,5.664e-05,2219.0,0.12568416
BCD/BTC,1573809981154,2019-11-15T09:26:21.154Z,sell,5.664e-05,660.0,0.0373824
BCD/BTC,1573809981154,2019-11-15T09:26:21.154Z,sell,5.649e-05,90.0,0.0050841
BCD/BTC,1573809981154,2019-11-15T09:26:21.154Z,sell,5.647e-05,22.0,0.00124234
BCD/BTC,1573809981154,2019-11-15T09:26:21.154Z,sell,5.645e-05,28.0,0.0015806
BCD/BTC,1573809981154,2019-11-15T09:26:21.154Z,sell,5.638e-05,3.0,0.00016914
BCD/BTC,1573809981154,2019-11-15T09:26:21.154Z,sell,5.636e-05,141.0,0.00794676
BCD/BTC,1573809981154,2019-11-15T09:26:21.154Z,sell,5.635e-05,235.0,0.01324225
BCD/BTC,1573809981154,2019-11-15T09:26:21.154Z,sell,5.633e-05,43.0,0.00242219
BCD/BTC,1573809981154,2019-11-15T09:26:21.154Z,sell,5.631e-05,220.0,0.0123882
BCD/BTC,1573809981154,2019-11-15T09:26:21.154Z,sell,5.631e-05,29.0,0.00163299
BCD/BTC,1573809981299,2019-11-15T09:26:21.299Z,buy,5.634e-05,182.0,0.01025388
BCD/BTC,1573809981771,2019-11-15T09:26:21.771Z,buy,5.634e-05,85.0,0.0047889
BCD/BTC,1573809981810,2019-11-15T09:26:21.810Z,buy,5.634e-05,85.0,0.0047889
BCD/BTC,1573809981908,2019-11-15T09:26:21.908Z,buy,5.634e-05,18.0,0.00101412
BCD/BTC,1573809983309,2019-11-15T09:26:23.309Z,buy,5.634e-05,7.0,0.00039438
BCD/BTC,1573809983626,2019-11-15T09:26:23.626Z,buy,5.634e-05,25.0,0.0014085
BCD/BTC,1573809983846,2019-11-15T09:26:23.846Z,buy,5.634e-05,32.0,0.00180288
BCD/BTC,1573809984830,2019-11-15T09:26:24.830Z,buy,5.634e-05,25.0,0.0014085
BCD/BTC,1573809984943,2019-11-15T09:26:24.943Z,buy,5.634e-05,104.0,0.00585936
BCD/BTC,1573809985756,2019-11-15T09:26:25.756Z,buy,5.634e-05,25.0,0.0014085
BCD/BTC,1573809986668,2019-11-15T09:26:26.668Z,buy,5.634e-05,25.0,0.0014085
BCD/BTC,1573809987635,2019-11-15T09:26:27.635Z,buy,5.634e-05,25.0,0.0014085
BCD/BTC,1573809988600,2019-11-15T09:26:28.600Z,buy,5.634e-05,25.0,0.0014085
BCD/BTC,1573809988822,2019-11-15T09:26:28.822Z,buy,5.634e-05,243.0,0.01369062
BCD/BTC,1573809988822,2019-11-15T09:26:28.822Z,buy,5.644e-05,90.0,0.0050796
BCD/BTC,1573809988822,2019-11-15T09:26:28.822Z,buy,5.665e-05,5.0,0.00028325
BCD/BTC,1573809988822,2019-11-15T09:26:28.822Z,buy,5.666e-05,30.0,0.0016998
BCD/BTC,1573809988822,2019-11-15T09:26:28.822Z,buy,5.672e-05,132.0,0.0074870399999999
BCD/BTC,1573809988822,2019-11-15T09:26:28.822Z,buy,5.672e-05,3.0,0.0001701599999999
BCD/BTC,1573810002791,2019-11-15T09:26:42.791Z,buy,5.673e-05,3.0,0.00017019
BCD/BTC,1573810002791,2019-11-15T09:26:42.791Z,buy,5.679e-05,2.0,0.00011358
BCD/BTC,1573810003003,2019-11-15T09:26:43.003Z,buy,5.679e-05,18.0,0.00102222
BCD/BTC,1573810003058,2019-11-15T09:26:43.058Z,buy,5.679e-05,157.0,0.00891603
BCD/BTC,1573810006063,2019-11-15T09:26:46.063Z,buy,5.68e-05,5.0,0.0002839999999999
BCD/BTC,1573810007164,2019-11-15T09:26:47.164Z,buy,5.68e-05,17.0,0.0009655999999999
BCD/BTC,1573810009336,2019-11-15T09:26:49.336Z,sell,5.684e-05,4.0,0.00022736
BCD/BTC,1573810011300,2019-11-15T09:26:51.300Z,buy,5.685e-05,28.0,0.0015918
BCD/BTC,1573810030156,2019-11-15T09:27:10.156Z,buy,5.698e-05,83.0,0.00472934
BCD/BTC,1573810032754,2019-11-15T09:27:12.754Z,buy,5.697e-05,3.0,0.00017091
BCD/BTC,1573810043983,2019-11-15T09:27:23.983Z,sell,5.668e-05,301.0,0.0170606799999999
BCD/BTC,1573810043983,2019-11-15T09:27:23.983Z,sell,5.667e-05,1005.0,0.05695335
BCD/BTC,1573810052042,2019-11-15T09:27:32.042Z,buy,5.695e-05,3.0,0.00017085
BCD/BTC,1573810052042,2019-11-15T09:27:32.042Z,buy,5.695e-05,3.0,0.00017085
BCD/BTC,1573810140301,2019-11-15T09:29:00.301Z,buy,5.693e-05,82.0,0.00466826
BCD/BTC,1573810194988,2019-11-15T09:29:54.988Z,buy,5.691e-05,92.0,0.00523572
BCD/BTC,1573810255134,2019-11-15T09:30:55.134Z,buy,5.684e-05,103.0,0.00585452
BCD/BTC,1573810306500,2019-11-15T09:31:46.500Z,buy,5.691e-05,45.0,0.00256095
BCD/BTC,1573810362435,2019-11-15T09:32:42.435Z,buy,5.683e-05,9.0,0.00051147
BCD/BTC,1573810363531,2019-11-15T09:32:43.531Z,buy,5.684e-05,9.0,0.00051156
BCD/BTC,1573810381359,2019-11-15T09:33:01.359Z,buy,5.684e-05,25.0,0.001421
BCD/BTC,1573810382521,2019-11-15T09:33:02.521Z,buy,5.684e-05,25.0,0.001421
BCD/BTC,1573810383573,2019-11-15T09:33:03.573Z,buy,5.685e-05,25.0,0.00142125
BCD/BTC,1573810384543,2019-11-15T09:33:04.543Z,buy,5.685e-05,25.0,0.00142125
BCD/BTC,1573810385556,2019-11-15T09:33:05.556Z,buy,5.684e-05,25.0,0.001421
BCD/BTC,1573810386730,2019-11-15T09:33:06.730Z,buy,5.685e-05,25.0,0.00142125
BCD/BTC,1573810387735,2019-11-15T09:33:07.735Z,buy,5.685e-05,25.0,0.00142125
BCD/BTC,1573810389033,2019-11-15T09:33:09.033Z,buy,5.684e-05,25.0,0.001421
BCD/BTC,1573810579012,2019-11-15T09:36:19.012Z,sell,5.676e-05,1490.0,0.0845723999999999
BCD/BTC,1573810579012,2019-11-15T09:36:19.012Z,sell,5.67e-05,176.0,0.0099792
BCD/BTC,1573810587012,2019-11-15T09:36:27.012Z,buy,5.695e-05,3.0,0.00017085
BCD/BTC,1573810629420,2019-11-15T09:37:09.420Z,buy,5.693e-05,25.0,0.00142325
BCD/BTC,1573810630680,2019-11-15T09:37:10.680Z,buy,5.692e-05,25.0,0.001423
BCD/BTC,1573810631673,2019-11-15T09:37:11.673Z,buy,5.692e-05,25.0,0.001423
BCD/BTC,1573810632691,2019-11-15T09:37:12.691Z,buy,5.692e-05,25.0,0.001423
BCD/BTC,1573810634068,2019-11-15T09:37:14.068Z,buy,5.693e-05,25.0,0.00142325
BCD/BTC,1573810635137,2019-11-15T09:37:15.137Z,buy,5.692e-05,25.0,0.001423
BCD/BTC,1573810636230,2019-11-15T09:37:16.230Z,buy,5.692e-05,25.0,0.001423
BCD/BTC,1573810797118,2019-11-15T09:39:57.118Z,sell,5.671e-05,93.0,0.00527403
BCD/BTC,1573810859389,2019-11-15T09:40:59.389Z,buy,5.688e-05,38.0,0.0021614399999999
BCD/BTC,1573810859389,2019-11-15T09:40:59.389Z,buy,5.689e-05,16.0,0.00091024
BCD/BTC,1573810867903,2019-11-15T09:41:07.903Z,buy,5.689e-05,6.0,0.00034134
BCD/BTC,1573811062484,2019-11-15T09:44:22.484Z,buy,5.683e-05,171.0,0.00971793
BCD/BTC,1573811090786,2019-11-15T09:44:50.786Z,buy,5.695e-05,2.0,0.0001139
BCD/BTC,1573811245207,2019-11-15T09:47:25.207Z,sell,5.685e-05,190.0,0.0108015
BCD/BTC,1573812176663,2019-11-15T10:02:56.663Z,buy,5.7e-05,35.0,0.001995
BCD/BTC,1573812188826,2019-11-15T10:03:08.826Z,sell,5.701e-05,2.0,0.00011402
BCD/BTC,1573812559675,2019-11-15T10:09:19.675Z,buy,5.708e-05,3.0,0.00017124
BCD/BTC,1573812559675,2019-11-15T10:09:19.675Z,buy,5.711e-05,5.0,0.00028555
BCD/BTC,1573812559675,2019-11-15T10:09:19.675Z,buy,5.714e-05,22.0,0.00125708
BCD/BTC,1573812559675,2019-11-15T10:09:19.675Z,buy,5.72e-05,26.0,0.0014872
BCD/BTC,1573812838605,2019-11-15T10:13:58.605Z,buy,5.716e-05,1.0,5.716e-05
BCD/BTC,1573812846972,2019-11-15T10:14:06.972Z,buy,5.717e-05,21.0,0.00120057
BCD/BTC,1573812913168,2019-11-15T10:15:13.168Z,buy,5.716e-05,1.0,5.716e-05
BCD/BTC,1573812975929,2019-11-15T10:16:15.929Z,buy,5.717e-05,1.0,5.717e-05
BCD/BTC,1573813152770,2019-11-15T10:19:12.770Z,buy,5.714e-05,3.0,0.0001714199999999
BCD/BTC,1573813152770,2019-11-15T10:19:12.770Z,buy,5.717e-05,196.0,0.01120532
BCD/BTC,1573813338968,2019-11-15T10:22:18.968Z,sell,5.717e-05,7.0,0.00040019
BCD/BTC,1573813338968,2019-11-15T10:22:18.968Z,sell,5.717e-05,7.0,0.00040019
BCD/BTC,1573813837163,2019-11-15T10:30:37.163Z,sell,5.717e-05,247.0,0.01412099
BCD/BTC,1573814863611,2019-11-15T10:47:43.611Z,buy,5.72e-05,1048.0,0.0599456
BCD/BTC,1573814884705,2019-11-15T10:48:04.705Z,buy,5.721e-05,646.0,0.03695766
BCD/BTC,1573815205608,2019-11-15T10:53:25.608Z,sell,5.722e-05,460.0,0.0263212
BCD/BTC,1573815322550,2019-11-15T10:55:22.550Z,buy,5.725e-05,43.0,0.00246175
BCD/BTC,1573815548024,2019-11-15T10:59:08.024Z,buy,5.724e-05,349.0,0.01997676
BCD/BTC,1573815548024,2019-11-15T10:59:08.024Z,buy,5.725e-05,555.0,0.03177375
BCD/BTC,1573815887038,2019-11-15T11:04:47.038Z,buy,5.726e-05,13.0,0.00074438
BCD/BTC,1573815887038,2019-11-15T11:04:47.038Z,buy,5.73e-05,30.0,0.0017189999999999
BCD/BTC,1573816304964,2019-11-15T11:11:44.964Z,sell,5.719e-05,62.0,0.00354578
BCD/BTC,1573816304964,2019-11-15T11:11:44.964Z,sell,5.718e-05,108.0,0.00617544
BCD/BTC,1573816358996,2019-11-15T11:12:38.996Z,sell,5.723e-05,34.0,0.00194582
BCD/BTC,1573816358996,2019-11-15T11:12:38.996Z,sell,5.723e-05,34.0,0.00194582
BCD/BTC,1573817076678,2019-11-15T11:24:36.678Z,buy,5.734e-05,5.0,0.0002867
BCD/BTC,1573817076678,2019-11-15T11:24:36.678Z,buy,5.74e-05,1.0,5.74e-05
BCD/BTC,1573817174875,2019-11-15T11:26:14.875Z,buy,5.743e-05,3.0,0.00017229
BCD/BTC,1573817174899,2019-11-15T11:26:14.899Z,sell,5.743e-05,82.0,0.00470926
BCD/BTC,1573817174903,2019-11-15T11:26:14.903Z,sell,5.743e-05,179.0,0.01027997
BCD/BTC,1573817191883,2019-11-15T11:26:31.883Z,buy,5.744e-05,107.0,0.00614608
BCD/BTC,1573817226602,2019-11-15T11:27:06.602Z,buy,5.744e-05,43.0,0.00246992
BCD/BTC,1573817259138,2019-11-15T11:27:39.138Z,buy,5.745e-05,221.0,0.01269645
BCD/BTC,1573817265800,2019-11-15T11:27:45.800Z,buy,5.748e-05,22.0,0.00126456
BCD/BTC,1573817560485,2019-11-15T11:32:40.485Z,sell,5.748e-05,80.0,0.0045984
BCD/BTC,1573817660348,2019-11-15T11:34:20.348Z,buy,5.754e-05,185.0,0.0106449
BCD/BTC,1573817689102,2019-11-15T11:34:49.102Z,buy,5.758e-05,49.0,0.00282142
BCD/BTC,1573818067086,2019-11-15T11:41:07.086Z,buy,5.757e-05,2.0,0.00011514
BCD/BTC,1573819246015,2019-11-15T12:00:46.015Z,sell,5.746e-05,142.0,0.00815932
BCD/BTC,1573819246015,2019-11-15T12:00:46.015Z,sell,5.745e-05,326.0,0.0187287
BCD/BTC,1573819246015,2019-11-15T12:00:46.015Z,sell,5.74e-05,73.0,0.0041902
BCD/BTC,1573819246015,2019-11-15T12:00:46.015Z,sell,5.739e-05,309.0,0.01773351
BCD/BTC,1573819271130,2019-11-15T12:01:11.130Z,buy,5.757e-05,2.0,0.00011514
BCD/BTC,1573819691748,2019-11-15T12:08:11.748Z,sell,5.757e-05,6.0,0.00034542
BCD/BTC,1573819693146,2019-11-15T12:08:13.146Z,sell,5.739e-05,12.0,0.00068868
BCD/BTC,1573819693146,2019-11-15T12:08:13.146Z,sell,5.734e-05,28.0,0.00160552
BCD/BTC,1573819693146,2019-11-15T12:08:13.146Z,sell,5.729e-05,83.0,0.00475507
BCD/BTC,1573819701317,2019-11-15T12:08:21.317Z,buy,5.742e-05,130.0,0.0074646
BCD/BTC,1573819731889,2019-11-15T12:08:51.889Z,buy,5.754e-05,83.0,0.00477582
BCD/BTC,1573819731889,2019-11-15T12:08:51.889Z,buy,5.755e-05,47.0,0.00270485
BCD/BTC,1573819731889,2019-11-15T12:08:51.889Z,buy,5.754e-05,83.0,0.00477582
BCD/BTC,1573819731889,2019-11-15T12:08:51.889Z,buy,5.755e-05,47.0,0.00270485
BCD/BTC,1573820376788,2019-11-15T12:19:36.788Z,buy,5.755e-05,8.0,0.0004604
BCD/BTC,1573820376788,2019-11-15T12:19:36.788Z,buy,5.759e-05,3.0,0.00017277
BCD/BTC,1573820378972,2019-11-15T12:19:38.972Z,sell,5.743e-05,4.0,0.00022972
BCD/BTC,1573820378972,2019-11-15T12:19:38.972Z,sell,5.732e-05,50.0,0.002866
BCD/BTC,1573820378972,2019-11-15T12:19:38.972Z,sell,5.731e-05,294.0,0.01684914
BCD/BTC,1573820434608,2019-11-15T12:20:34.608Z,sell,5.755e-05,43.0,0.00247465
BCD/BTC,1573820435356,2019-11-15T12:20:35.356Z,sell,5.755e-05,17.0,0.00097835
BCD/BTC,1573820437695,2019-11-15T12:20:37.695Z,sell,5.755e-05,43.0,0.00247465
BCD/BTC,1573820441092,2019-11-15T12:20:41.092Z,sell,5.755e-05,48.0,0.0027624
BCD/BTC,1573820452866,2019-11-15T12:20:52.866Z,sell,5.755e-05,19.0,0.00109345
BCD/BTC,1573820650661,2019-11-15T12:24:10.661Z,sell,5.74e-05,2.0,0.0001148
BCD/BTC,1573820650661,2019-11-15T12:24:10.661Z,sell,5.728e-05,53.0,0.00303584
BCD/BTC,1573820650661,2019-11-15T12:24:10.661Z,sell,5.727e-05,200.0,0.0114539999999999
BCD/BTC,1573820653794,2019-11-15T12:24:13.794Z,sell,5.727e-05,51.0,0.00292077
BCD/BTC,1573820658448,2019-11-15T12:24:18.448Z,sell,5.727e-05,92.0,0.00526884
BCD/BTC,1573820658448,2019-11-15T12:24:18.448Z,sell,5.72e-05,69.0,0.0039468
BCD/BTC,1573820658448,2019-11-15T12:24:18.448Z,sell,5.718e-05,103.0,0.0058895399999999
BCD/BTC,1573820658448,2019-11-15T12:24:18.448Z,sell,5.717e-05,714.0,0.04081938
BCD/BTC,1573820658448,2019-11-15T12:24:18.448Z,sell,5.714e-05,22.0,0.00125708
BCD/BTC,1573820658448,2019-11-15T12:24:18.448Z,sell,5.712e-05,698.0,0.03986976
BCD/BTC,1573820659149,2019-11-15T12:24:19.149Z,sell,5.713e-05,235.0,0.01342555
BCD/BTC,1573820663676,2019-11-15T12:24:23.676Z,sell,5.713e-05,33.0,0.00188529
BCD/BTC,1573820663676,2019-11-15T12:24:23.676Z,sell,5.711e-05,3.0,0.00017133
BCD/BTC,1573820668521,2019-11-15T12:24:28.521Z,sell,5.711e-05,49.0,0.00279839
BCD/BTC,1573820671941,2019-11-15T12:24:31.941Z,sell,5.71e-05,78.0,0.0044538
BCD/BTC,1573820671941,2019-11-15T12:24:31.941Z,sell,5.708e-05,3.0,0.00017124
BCD/BTC,1573820671941,2019-11-15T12:24:31.941Z,sell,5.705e-05,81.0,0.00462105
BCD/BTC,1573820671941,2019-11-15T12:24:31.941Z,sell,5.704e-05,6.0,0.00034224
BCD/BTC,1573820676992,2019-11-15T12:24:36.992Z,sell,5.704e-05,5.0,0.0002852
BCD/BTC,1573820676992,2019-11-15T12:24:36.992Z,sell,5.702e-05,3.0,0.00017106
BCD/BTC,1573820676992,2019-11-15T12:24:36.992Z,sell,5.701e-05,221.0,0.01259921
BCD/BTC,1573820676992,2019-11-15T12:24:36.992Z,sell,5.7e-05,131.0,0.007467
BCD/BTC,1573820676992,2019-11-15T12:24:36.992Z,sell,5.694e-05,29.0,0.00165126
BCD/BTC,1573820676992,2019-11-15T12:24:36.992Z,sell,5.693e-05,35.0,0.00199255
BCD/BTC,1573820681583,2019-11-15T12:24:41.583Z,sell,5.694e-05,11.0,0.00062634
BCD/BTC,1573820681583,2019-11-15T12:24:41.583Z,sell,5.693e-05,26.0,0.00148018
BCD/BTC,1573820681583,2019-11-15T12:24:41.583Z,sell,5.692e-05,47.0,0.0026752399999999
BCD/BTC,1573820684357,2019-11-15T12:24:44.357Z,sell,5.71e-05,35.0,0.0019985
BCD/BTC,1573820688249,2019-11-15T12:24:48.249Z,sell,5.714e-05,210.0,0.0119994
BCD/BTC,1573820691980,2019-11-15T12:24:51.980Z,sell,5.714e-05,505.0,0.0288556999999999
BCD/BTC,1573820691980,2019-11-15T12:24:51.980Z,sell,5.694e-05,61.0,0.00347334
BCD/BTC,1573820691980,2019-11-15T12:24:51.980Z,sell,5.693e-05,539.0,0.03068527
BCD/BTC,1573820695214,2019-11-15T12:24:55.214Z,sell,5.694e-05,26.0,0.00148044
BCD/BTC,1573820698793,2019-11-15T12:24:58.793Z,buy,5.727e-05,7.0,0.00040089
BCD/BTC,1573820723303,2019-11-15T12:25:23.303Z,buy,5.724e-05,61.0,0.00349164
BCD/BTC,1573820723303,2019-11-15T12:25:23.303Z,buy,5.725e-05,228.0,0.013053
BCD/BTC,1573820723384,2019-11-15T12:25:23.384Z,buy,5.725e-05,16.0,0.000916
BCD/BTC,1573820723384,2019-11-15T12:25:23.384Z,buy,5.73e-05,14.0,0.0008022
BCD/BTC,1573820723579,2019-11-15T12:25:23.579Z,buy,5.73e-05,11.0,0.0006303
BCD/BTC,1573820762883,2019-11-15T12:26:02.883Z,buy,5.727e-05,393.0,0.02250711
BCD/BTC,1573820762905,2019-11-15T12:26:02.905Z,buy,5.727e-05,119.0,0.00681513
BCD/BTC,1573820762905,2019-11-15T12:26:02.905Z,buy,5.728e-05,61.0,0.00349408
BCD/BTC,1573820762905,2019-11-15T12:26:02.905Z,buy,5.73e-05,5.0,0.0002864999999999
BCD/BTC,1573820764233,2019-11-15T12:26:04.233Z,buy,5.732e-05,54.0,0.00309528
BCD/BTC,1573820764801,2019-11-15T12:26:04.801Z,buy,5.732e-05,30.0,0.0017196
BCD/BTC,1573820938977,2019-11-15T12:28:58.977Z,buy,5.733e-05,7.0,0.00040131
BCD/BTC,1573821158474,2019-11-15T12:32:38.474Z,sell,5.723e-05,181.0,0.01035863
BCD/BTC,1573821158474,2019-11-15T12:32:38.474Z,sell,5.722e-05,348.0,0.01991256
BCD/BTC,1573821158474,2019-11-15T12:32:38.474Z,sell,5.721e-05,74.0,0.00423354
BCD/BTC,1573821158474,2019-11-15T12:32:38.474Z,sell,5.707e-05,61.0,0.00348127
BCD/BTC,1573821158474,2019-11-15T12:32:38.474Z,sell,5.706e-05,358.0,0.02042748
BCD/BTC,1573821158474,2019-11-15T12:32:38.474Z,sell,5.7e-05,30.0,0.00171
BCD/BTC,1573821158474,2019-11-15T12:32:38.474Z,sell,5.689e-05,601.0,0.03419089
BCD/BTC,1573821167143,2019-11-15T12:32:47.143Z,sell,5.723e-05,110.0,0.0062953
BCD/BTC,1573821211501,2019-11-15T12:33:31.501Z,buy,5.72e-05,155.0,0.008866
BCD/BTC,1573821211587,2019-11-15T12:33:31.587Z,buy,5.72e-05,44.0,0.0025168
BCD/BTC,1573821211684,2019-11-15T12:33:31.684Z,buy,5.72e-05,82.0,0.0046904
BCD/BTC,1573821211741,2019-11-15T12:33:31.741Z,buy,5.72e-05,68.0,0.0038896
BCD/BTC,1573821211741,2019-11-15T12:33:31.741Z,buy,5.721e-05,96.0,0.00549216
BCD/BTC,1573821212175,2019-11-15T12:33:32.175Z,buy,5.721e-05,153.0,0.00875313
BCD/BTC,1573821212195,2019-11-15T12:33:32.195Z,buy,5.721e-05,10.0,0.0005721
BCD/BTC,1573821212751,2019-11-15T12:33:32.751Z,buy,5.73e-05,30.0,0.0017189999999999
BCD/BTC,1573821214840,2019-11-15T12:33:34.840Z,buy,5.733e-05,30.0,0.0017199
BCD/BTC,1573821215018,2019-11-15T12:33:35.018Z,buy,5.733e-05,37.0,0.00212121
BCD/BTC,1573821217190,2019-11-15T12:33:37.190Z,buy,5.733e-05,30.0,0.0017199
BCD/BTC,1573821228666,2019-11-15T12:33:48.666Z,buy,5.733e-05,137.0,0.00785421
BCD/BTC,1573821228666,2019-11-15T12:33:48.666Z,buy,5.734e-05,1.0,5.734e-05
BCD/BTC,1573821528367,2019-11-15T12:38:48.367Z,buy,5.732e-05,52.0,0.00298064
BCD/BTC,1573821650262,2019-11-15T12:40:50.262Z,buy,5.73e-05,42.0,0.0024066
BCD/BTC,1573821652992,2019-11-15T12:40:52.992Z,buy,5.73e-05,30.0,0.0017189999999999
BCD/BTC,1573821655014,2019-11-15T12:40:55.014Z,buy,5.73e-05,30.0,0.0017189999999999
BCD/BTC,1573821767213,2019-11-15T12:42:47.213Z,buy,5.725e-05,3.0,0.00017175
BCD/BTC,1573821767213,2019-11-15T12:42:47.213Z,buy,5.733e-05,37.0,0.00212121
BCD/BTC,1573821767306,2019-11-15T12:42:47.306Z,buy,5.733e-05,30.0,0.0017199
BCD/BTC,1573821767377,2019-11-15T12:42:47.377Z,buy,5.733e-05,13.0,0.00074529
BCD/BTC,1573821837229,2019-11-15T12:43:57.229Z,buy,5.734e-05,4.0,0.00022936
BCD/BTC,1573821837229,2019-11-15T12:43:57.229Z,buy,5.737e-05,55.0,0.00315535
BCD/BTC,1573821837484,2019-11-15T12:43:57.484Z,buy,5.741e-05,9.0,0.00051669
BCD/BTC,1573821848024,2019-11-15T12:44:08.024Z,buy,5.739e-05,11.0,0.00063129
BCD/BTC,1573821849021,2019-11-15T12:44:09.021Z,buy,5.739e-05,9.0,0.00051651
BCD/BTC,1573821850991,2019-11-15T12:44:10.991Z,buy,5.739e-05,9.0,0.00051651
BCD/BTC,1573821852262,2019-11-15T12:44:12.262Z,buy,5.739e-05,9.0,0.00051651
BCD/BTC,1573822021260,2019-11-15T12:47:01.260Z,buy,5.739e-05,30.0,0.0017216999999999
BCD/BTC,1573822111033,2019-11-15T12:48:31.033Z,sell,5.726e-05,259.0,0.01483034
BCD/BTC,1573822113210,2019-11-15T12:48:33.210Z,sell,5.726e-05,25.0,0.0014314999999999
BCD/BTC,1573822113461,2019-11-15T12:48:33.461Z,sell,5.726e-05,36.0,0.00206136
BCD/BTC,1573822113631,2019-11-15T12:48:33.631Z,sell,5.726e-05,119.0,0.00681394
BCD/BTC,1573822113631,2019-11-15T12:48:33.631Z,sell,5.725e-05,189.0,0.01082025
BCD/BTC,1573822113631,2019-11-15T12:48:33.631Z,sell,5.713e-05,70.0,0.0039990999999999
BCD/BTC,1573822114049,2019-11-15T12:48:34.049Z,buy,5.725e-05,269.0,0.01540025
BCD/BTC,1573822114160,2019-11-15T12:48:34.160Z,buy,5.725e-05,39.0,0.00223275
BCD/BTC,1573822116588,2019-11-15T12:48:36.588Z,sell,5.731e-05,25.0,0.00143275
BCD/BTC,1573822116636,2019-11-15T12:48:36.636Z,sell,5.731e-05,573.0,0.03283863
BCD/BTC,1573822116636,2019-11-15T12:48:36.636Z,sell,5.719e-05,147.0,0.00840693
BCD/BTC,1573822117665,2019-11-15T12:48:37.665Z,sell,5.719e-05,25.0,0.00142975
BCD/BTC,1573822118699,2019-11-15T12:48:38.699Z,sell,5.719e-05,25.0,0.00142975
BCD/BTC,1573822122083,2019-11-15T12:48:42.083Z,buy,5.743e-05,3.0,0.00017229
BCD/BTC,1573822122083,2019-11-15T12:48:42.083Z,buy,5.745e-05,10.0,0.0005745
BCD/BTC,1573822147115,2019-11-15T12:49:07.115Z,buy,5.741e-05,30.0,0.0017223
BCD/BTC,1573822276328,2019-11-15T12:51:16.328Z,buy,5.741e-05,52.0,0.00298532
BCD/BTC,1573822276328,2019-11-15T12:51:16.328Z,buy,5.744e-05,120.0,0.0068928
BCD/BTC,1573822278880,2019-11-15T12:51:18.880Z,buy,5.744e-05,80.0,0.0045952
BCD/BTC,1573822281460,2019-11-15T12:51:21.460Z,buy,5.744e-05,53.0,0.00304432
BCD/BTC,1573822291593,2019-11-15T12:51:31.593Z,buy,5.744e-05,108.0,0.00620352
BCD/BTC,1573822295255,2019-11-15T12:51:35.255Z,buy,5.744e-05,1236.0,0.07099584
BCD/BTC,1573822298057,2019-11-15T12:51:38.057Z,buy,5.745e-05,10.0,0.0005745
BCD/BTC,1573822298057,2019-11-15T12:51:38.057Z,buy,5.748e-05,22.0,0.00126456
BCD/BTC,1573822298057,2019-11-15T12:51:38.057Z,buy,5.749e-05,317.0,0.01822433
BCD/BTC,1573822302674,2019-11-15T12:51:42.674Z,buy,5.749e-05,122.0,0.00701378
BCD/BTC,1573822404606,2019-11-15T12:53:24.606Z,buy,5.75e-05,76.0,0.00437
BCD/BTC,1573822446439,2019-11-15T12:54:06.439Z,buy,5.76e-05,12.0,0.0006912
BCD/BTC,1573822447266,2019-11-15T12:54:07.266Z,buy,5.76e-05,22.0,0.0012672
BCD/BTC,1573822447266,2019-11-15T12:54:07.266Z,buy,5.763e-05,18.0,0.00103734
BCD/BTC,1573822447266,2019-11-15T12:54:07.266Z,buy,5.766e-05,28.0,0.00161448
BCD/BTC,1573822447266,2019-11-15T12:54:07.266Z,buy,5.767e-05,18.0,0.00103806
BCD/BTC,1573822491689,2019-11-15T12:54:51.689Z,buy,5.762e-05,2.0,0.00011524
BCD/BTC,1573822492347,2019-11-15T12:54:52.347Z,buy,5.762e-05,1.0,5.762e-05
BCD/BTC,1573822525914,2019-11-15T12:55:25.914Z,buy,5.768e-05,2.0,0.00011536
BCD/BTC,1573822567547,2019-11-15T12:56:07.547Z,sell,5.75e-05,78.0,0.004485
BCD/BTC,1573822606088,2019-11-15T12:56:46.088Z,sell,5.75e-05,67.0,0.0038525
BCD/BTC,1573822615311,2019-11-15T12:56:55.311Z,sell,5.74e-05,294.0,0.0168756
BCD/BTC,1573822615770,2019-11-15T12:56:55.770Z,sell,5.739e-05,124.0,0.0071163599999999
BCD/BTC,1573822682988,2019-11-15T12:58:02.988Z,buy,5.747e-05,35.0,0.0020114499999999
BCD/BTC,1573822682988,2019-11-15T12:58:02.988Z,buy,5.747e-05,35.0,0.0020114499999999
BCD/BTC,1573823990143,2019-11-15T13:19:50.143Z,buy,5.733e-05,35.0,0.00200655
BCD/BTC,1573824063906,2019-11-15T13:21:03.906Z,sell,5.73e-05,30.0,0.0017189999999999
BCD/BTC,1573824063906,2019-11-15T13:21:03.906Z,sell,5.725e-05,28.0,0.001603
BCD/BTC,1573824063906,2019-11-15T13:21:03.906Z,sell,5.721e-05,1.0,5.721e-05
BCD/BTC,1573824064245,2019-11-15T13:21:04.245Z,buy,5.733e-05,224.0,0.01284192
BCD/BTC,1573824066840,2019-11-15T13:21:06.840Z,sell,5.733e-05,120.0,0.0068796
BCD/BTC,1573824075486,2019-11-15T13:21:15.486Z,buy,5.734e-05,135.0,0.0077409
BCD/BTC,1573824108993,2019-11-15T13:21:48.993Z,sell,5.734e-05,25.0,0.0014335
BCD/BTC,1573824112485,2019-11-15T13:21:52.485Z,sell,5.734e-05,25.0,0.0014335
BCD/BTC,1573824114169,2019-11-15T13:21:54.169Z,sell,5.735e-05,25.0,0.00143375
BCD/BTC,1573824114848,2019-11-15T13:21:54.848Z,sell,5.735e-05,261.0,0.01496835
BCD/BTC,1573824115709,2019-11-15T13:21:55.709Z,sell,5.735e-05,25.0,0.00143375
BCD/BTC,1573824116754,2019-11-15T13:21:56.754Z,sell,5.735e-05,25.0,0.00143375
BCD/BTC,1573824146181,2019-11-15T13:22:26.181Z,sell,5.735e-05,12.0,0.0006881999999999
BCD/BTC,1573824149425,2019-11-15T13:22:29.425Z,sell,5.726e-05,192.0,0.0109939199999999
BCD/BTC,1573824149425,2019-11-15T13:22:29.425Z,sell,5.722e-05,112.0,0.00640864
BCD/BTC,1573824149425,2019-11-15T13:22:29.425Z,sell,5.721e-05,353.0,0.02019513
BCD/BTC,1573824218990,2019-11-15T13:23:38.990Z,sell,5.715e-05,124.0,0.0070866
BCD/BTC,1573824218990,2019-11-15T13:23:38.990Z,sell,5.714e-05,22.0,0.00125708
BCD/BTC,1573824218990,2019-11-15T13:23:38.990Z,sell,5.712e-05,205.0,0.0117096
BCD/BTC,1573824225782,2019-11-15T13:23:45.782Z,sell,5.71e-05,93.0,0.0053103
BCD/BTC,1573824225782,2019-11-15T13:23:45.782Z,sell,5.709e-05,127.0,0.0072504299999999
BCD/BTC,1573824332120,2019-11-15T13:25:32.120Z,sell,5.711e-05,2.0,0.00011422
BCD/BTC,1573824332120,2019-11-15T13:25:32.120Z,sell,5.708e-05,3.0,0.00017124
BCD/BTC,1573824332120,2019-11-15T13:25:32.120Z,sell,5.701e-05,50.0,0.0028504999999999
BCD/BTC,1573824334656,2019-11-15T13:25:34.656Z,sell,5.72e-05,8.0,0.0004576
BCD/BTC,1573824334656,2019-11-15T13:25:34.656Z,sell,5.714e-05,17.0,0.00097138
BCD/BTC,1573824507137,2019-11-15T13:28:27.137Z,buy,5.726e-05,155.0,0.0088753
BCD/BTC,1573824881033,2019-11-15T13:34:41.033Z,sell,5.725e-05,8.0,0.000458
BCD/BTC,1573824934219,2019-11-15T13:35:34.219Z,buy,5.717e-05,193.0,0.01103381
BCD/BTC,1573824934950,2019-11-15T13:35:34.950Z,buy,5.717e-05,124.0,0.00708908
BCD/BTC,1573824936078,2019-11-15T13:35:36.078Z,buy,5.718e-05,65.0,0.0037167
BCD/BTC,1573825118946,2019-11-15T13:38:38.946Z,buy,5.725e-05,8.0,0.000458
BCD/BTC,1573825118946,2019-11-15T13:38:38.946Z,buy,5.726e-05,18.0,0.00103068
BCD/BTC,1573825214632,2019-11-15T13:40:14.632Z,sell,5.708e-05,319.0,0.01820852
BCD/BTC,1573825214632,2019-11-15T13:40:14.632Z,sell,5.707e-05,112.0,0.00639184
BCD/BTC,1573825214632,2019-11-15T13:40:14.632Z,sell,5.7e-05,37.0,0.002109
BCD/BTC,1573825214632,2019-11-15T13:40:14.632Z,sell,5.698e-05,90.0,0.0051282
BCD/BTC,1573825214632,2019-11-15T13:40:14.632Z,sell,5.69e-05,71.0,0.0040399
BCD/BTC,1573825214632,2019-11-15T13:40:14.632Z,sell,5.689e-05,1261.0,0.07173829
BCD/BTC,1573825223846,2019-11-15T13:40:23.846Z,buy,5.724e-05,134.0,0.00767016
BCD/BTC,1573825223846,2019-11-15T13:40:23.846Z,buy,5.725e-05,6.0,0.0003435
BCD/BTC,1573825232913,2019-11-15T13:40:32.913Z,buy,5.724e-05,140.0,0.0080136
BCD/BTC,1573825248681,2019-11-15T13:40:48.681Z,buy,5.724e-05,140.0,0.0080136
BCD/BTC,1573825286151,2019-11-15T13:41:26.151Z,buy,5.725e-05,70.0,0.0040075
BCD/BTC,1573825286151,2019-11-15T13:41:26.151Z,buy,5.726e-05,70.0,0.0040082
BCD/BTC,1573825630028,2019-11-15T13:47:10.028Z,buy,5.729e-05,127.0,0.00727583
BCD/BTC,1573825631462,2019-11-15T13:47:11.462Z,buy,5.729e-05,84.0,0.00481236
BCD/BTC,1573825631462,2019-11-15T13:47:11.462Z,buy,5.73e-05,30.0,0.0017189999999999
BCD/BTC,1573825631462,2019-11-15T13:47:11.462Z,buy,5.733e-05,141.0,0.00808353
BCD/BTC,1573825631462,2019-11-15T13:47:11.462Z,buy,5.734e-05,132.0,0.00756888
BCD/BTC,1573825631490,2019-11-15T13:47:11.490Z,buy,5.734e-05,25.0,0.0014335
BCD/BTC,1573825632720,2019-11-15T13:47:12.720Z,buy,5.734e-05,25.0,0.0014335
BCD/BTC,1573825633788,2019-11-15T13:47:13.788Z,buy,5.734e-05,25.0,0.0014335
BCD/BTC,1573825638901,2019-11-15T13:47:18.901Z,buy,5.734e-05,3.0,0.00017202
BCD/BTC,1573825638901,2019-11-15T13:47:18.901Z,buy,5.742e-05,56.0,0.00321552
BCD/BTC,1573825638901,2019-11-15T13:47:18.901Z,buy,5.743e-05,57.0,0.00327351
BCD/BTC,1573825654376,2019-11-15T13:47:34.376Z,buy,5.74e-05,114.0,0.0065436
BCD/BTC,1573825659973,2019-11-15T13:47:39.973Z,buy,5.741e-05,68.0,0.00390388
BCD/BTC,1573825659973,2019-11-15T13:47:39.973Z,buy,5.744e-05,174.0,0.00999456
BCD/BTC,1573825932142,2019-11-15T13:52:12.142Z,buy,5.739e-05,2.0,0.00011478
BCD/BTC,1573825932142,2019-11-15T13:52:12.142Z,buy,5.748e-05,20.0,0.0011496
BCD/BTC,1573825932296,2019-11-15T13:52:12.296Z,buy,5.748e-05,2.0,0.00011496
BCD/BTC,1573825942176,2019-11-15T13:52:22.176Z,buy,5.759e-05,225.0,0.01295775
BCD/BTC,1573825942393,2019-11-15T13:52:22.393Z,buy,5.759e-05,61.0,0.00351299
BCD/BTC,1573825942756,2019-11-15T13:52:22.756Z,buy,5.759e-05,40.0,0.0023036
BCD/BTC,1573825942839,2019-11-15T13:52:22.839Z,buy,5.759e-05,20.0,0.0011518
BCD/BTC,1573825943075,2019-11-15T13:52:23.075Z,buy,5.759e-05,23.0,0.00132457
BCD/BTC,1573825943075,2019-11-15T13:52:23.075Z,buy,5.759e-05,23.0,0.00132457
BCD/BTC,1573826557003,2019-11-15T14:02:37.003Z,buy,5.757e-05,132.0,0.00759924
BCD/BTC,1573826766742,2019-11-15T14:06:06.742Z,buy,5.758e-05,91.0,0.00523978
BCD/BTC,1573826814551,2019-11-15T14:06:54.551Z,buy,5.759e-05,447.0,0.02574273
BCD/BTC,1573826856118,2019-11-15T14:07:36.118Z,buy,5.76e-05,30.0,0.001728
BCD/BTC,1573826856118,2019-11-15T14:07:36.118Z,buy,5.766e-05,28.0,0.00161448
BCD/BTC,1573826856118,2019-11-15T14:07:36.118Z,buy,5.767e-05,115.0,0.00663205
BCD/BTC,1573827179455,2019-11-15T14:12:59.455Z,sell,5.733e-05,39.0,0.00223587
BCD/BTC,1573827727240,2019-11-15T14:22:07.240Z,buy,5.75e-05,443.0,0.0254725
BCD/BTC,1573827727431,2019-11-15T14:22:07.431Z,buy,5.75e-05,41.0,0.0023575
BCD/BTC,1573827727544,2019-11-15T14:22:07.544Z,sell,5.76e-05,155.0,0.008928
BCD/BTC,1573827744006,2019-11-15T14:22:24.006Z,buy,5.765e-05,173.0,0.00997345
BCD/BTC,1573827744006,2019-11-15T14:22:24.006Z,buy,5.767e-05,179.0,0.01032293
BCD/BTC,1573827758412,2019-11-15T14:22:38.412Z,buy,5.767e-05,33.0,0.00190311
BCD/BTC,1573827880946,2019-11-15T14:24:40.946Z,sell,5.737e-05,309.0,0.01772733
BCD/BTC,1573827880946,2019-11-15T14:24:40.946Z,sell,5.736e-05,246.0,0.01411056
BCD/BTC,1573827880946,2019-11-15T14:24:40.946Z,sell,5.733e-05,2.0,0.00011466
BCD/BTC,1573827880946,2019-11-15T14:24:40.946Z,sell,5.73e-05,30.0,0.0017189999999999
BCD/BTC,1573827881309,2019-11-15T14:24:41.309Z,buy,5.728e-05,270.0,0.0154656
BCD/BTC,1573827881799,2019-11-15T14:24:41.799Z,buy,5.728e-05,392.0,0.02245376
BCD/BTC,1573827881904,2019-11-15T14:24:41.904Z,buy,5.764e-05,25.0,0.001441
BCD/BTC,1573827890810,2019-11-15T14:24:50.810Z,buy,5.728e-05,270.0,0.0154656
BCD/BTC,1573827892585,2019-11-15T14:24:52.585Z,buy,5.728e-05,25.0,0.001432
BCD/BTC,1573827893712,2019-11-15T14:24:53.712Z,buy,5.728e-05,25.0,0.001432
BCD/BTC,1573827894904,2019-11-15T14:24:54.904Z,buy,5.728e-05,25.0,0.001432
BCD/BTC,1573827896053,2019-11-15T14:24:56.053Z,buy,5.728e-05,25.0,0.001432
BCD/BTC,1573827897179,2019-11-15T14:24:57.179Z,buy,5.759e-05,25.0,0.00143975
BCD/BTC,1573827910731,2019-11-15T14:25:10.731Z,buy,5.733e-05,25.0,0.00143325
BCD/BTC,1573827910992,2019-11-15T14:25:10.992Z,buy,5.733e-05,135.0,0.00773955
BCD/BTC,1573827911908,2019-11-15T14:25:11.908Z,buy,5.729e-05,25.0,0.00143225
BCD/BTC,1573827912090,2019-11-15T14:25:12.090Z,buy,5.729e-05,559.0,0.03202511
BCD/BTC,1573827930843,2019-11-15T14:25:30.843Z,buy,5.729e-05,21.0,0.00120309
BCD/BTC,1573827930843,2019-11-15T14:25:30.843Z,buy,5.759e-05,4.0,0.00023036
BCD/BTC,1573827977114,2019-11-15T14:26:17.114Z,sell,5.726e-05,54.0,0.00309204
BCD/BTC,1573828074509,2019-11-15T14:27:54.509Z,buy,5.75e-05,95.0,0.0054625
BCD/BTC,1573828077842,2019-11-15T14:27:57.842Z,buy,5.751e-05,25.0,0.00143775
BCD/BTC,1573828079163,2019-11-15T14:27:59.163Z,buy,5.751e-05,25.0,0.00143775
BCD/BTC,1573828080835,2019-11-15T14:28:00.835Z,buy,5.752e-05,25.0,0.001438
BCD/BTC,1573828081232,2019-11-15T14:28:01.232Z,buy,5.752e-05,135.0,0.0077652
BCD/BTC,1573828082500,2019-11-15T14:28:02.500Z,buy,5.751e-05,25.0,0.00143775
BCD/BTC,1573828084010,2019-11-15T14:28:04.010Z,buy,5.751e-05,25.0,0.00143775
BCD/BTC,1573828085726,2019-11-15T14:28:05.726Z,buy,5.752e-05,25.0,0.001438
BCD/BTC,1573828088756,2019-11-15T14:28:08.756Z,buy,5.752e-05,25.0,0.001438
BCD/BTC,1573828089098,2019-11-15T14:28:09.098Z,buy,5.751e-05,135.0,0.00776385
BCD/BTC,1573828090778,2019-11-15T14:28:10.778Z,buy,5.751e-05,25.0,0.00143775
BCD/BTC,1573828092815,2019-11-15T14:28:12.815Z,buy,5.751e-05,25.0,0.00143775
BCD/BTC,1573828094674,2019-11-15T14:28:14.674Z,buy,5.752e-05,25.0,0.001438
BCD/BTC,1573828096565,2019-11-15T14:28:16.565Z,buy,5.752e-05,25.0,0.001438
BCD/BTC,1573828096746,2019-11-15T14:28:16.746Z,buy,5.752e-05,135.0,0.0077652
BCD/BTC,1573828098529,2019-11-15T14:28:18.529Z,buy,5.751e-05,25.0,0.00143775
BCD/BTC,1573828100458,2019-11-15T14:28:20.458Z,buy,5.751e-05,25.0,0.00143775
BCD/BTC,1573828102488,2019-11-15T14:28:22.488Z,buy,5.751e-05,18.0,0.00103518
BCD/BTC,1573828102488,2019-11-15T14:28:22.488Z,buy,5.752e-05,7.0,0.00040264
BCD/BTC,1573828106654,2019-11-15T14:28:26.654Z,buy,5.751e-05,25.0,0.00143775
BCD/BTC,1573828128754,2019-11-15T14:28:48.754Z,buy,5.751e-05,135.0,0.00776385
BCD/BTC,1573828129392,2019-11-15T14:28:49.392Z,buy,5.751e-05,5.0,0.00028755
BCD/BTC,1573828129392,2019-11-15T14:28:49.392Z,buy,5.752e-05,20.0,0.0011504
BCD/BTC,1573828135526,2019-11-15T14:28:55.526Z,buy,5.752e-05,39.0,0.00224328
BCD/BTC,1573828147183,2019-11-15T14:29:07.183Z,buy,5.746e-05,893.0,0.05131178
BCD/BTC,1573828149256,2019-11-15T14:29:09.256Z,buy,5.746e-05,25.0,0.0014365
BCD/BTC,1573828149951,2019-11-15T14:29:09.951Z,buy,5.746e-05,135.0,0.0077571
BCD/BTC,1573828150495,2019-11-15T14:29:10.495Z,buy,5.746e-05,25.0,0.0014365
BCD/BTC,1573828157608,2019-11-15T14:29:17.608Z,buy,5.731e-05,350.0,0.0200585
BCD/BTC,1573828196479,2019-11-15T14:29:56.479Z,buy,5.74e-05,25.0,0.001435
BCD/BTC,1573828197732,2019-11-15T14:29:57.732Z,buy,5.74e-05,25.0,0.001435
BCD/BTC,1573828199278,2019-11-15T14:29:59.278Z,buy,5.74e-05,25.0,0.001435
BCD/BTC,1573828200378,2019-11-15T14:30:00.378Z,buy,5.74e-05,25.0,0.001435
BCD/BTC,1573828201539,2019-11-15T14:30:01.539Z,buy,5.74e-05,25.0,0.001435
BCD/BTC,1573828202996,2019-11-15T14:30:02.996Z,buy,5.74e-05,25.0,0.001435
BCD/BTC,1573828208808,2019-11-15T14:30:08.808Z,buy,5.74e-05,25.0,0.001435
BCD/BTC,1573828239111,2019-11-15T14:30:39.111Z,sell,5.725e-05,365.0,0.02089625
BCD/BTC,1573828239357,2019-11-15T14:30:39.357Z,sell,5.725e-05,86.0,0.0049235
BCD/BTC,1573828249561,2019-11-15T14:30:49.561Z,buy,5.719e-05,25.0,0.00142975
BCD/BTC,1573828251019,2019-11-15T14:30:51.019Z,buy,5.719e-05,25.0,0.00142975
BCD/BTC,1573828252755,2019-11-15T14:30:52.755Z,buy,5.719e-05,25.0,0.00142975
BCD/BTC,1573828252836,2019-11-15T14:30:52.836Z,buy,5.719e-05,60.0,0.0034314
BCD/BTC,1573828252864,2019-11-15T14:30:52.864Z,buy,5.719e-05,167.0,0.00955073
BCD/BTC,1573828253088,2019-11-15T14:30:53.088Z,buy,5.719e-05,78.0,0.00446082
BCD/BTC,1573828255175,2019-11-15T14:30:55.175Z,buy,5.719e-05,25.0,0.00142975
BCD/BTC,1573828257663,2019-11-15T14:30:57.663Z,buy,5.719e-05,25.0,0.00142975
BCD/BTC,1573828260100,2019-11-15T14:31:00.100Z,buy,5.719e-05,25.0,0.00142975
BCD/BTC,1573828262091,2019-11-15T14:31:02.091Z,buy,5.719e-05,115.0,0.0065768499999999
BCD/BTC,1573828262949,2019-11-15T14:31:02.949Z,buy,5.735e-05,25.0,0.00143375
BCD/BTC,1573828275450,2019-11-15T14:31:15.450Z,buy,5.735e-05,107.0,0.00613645
BCD/BTC,1573828278046,2019-11-15T14:31:18.046Z,buy,5.735e-05,25.0,0.00143375
BCD/BTC,1573828287870,2019-11-15T14:31:27.870Z,buy,5.735e-05,25.0,0.00143375
BCD/BTC,1573828289476,2019-11-15T14:31:29.476Z,buy,5.735e-05,14.0,0.0008029
BCD/BTC,1573828289476,2019-11-15T14:31:29.476Z,buy,5.741e-05,90.0,0.0051669
BCD/BTC,1573828290606,2019-11-15T14:31:30.606Z,buy,5.741e-05,25.0,0.00143525
BCD/BTC,1573828290803,2019-11-15T14:31:30.803Z,buy,5.741e-05,106.0,0.00608546
BCD/BTC,1573828290803,2019-11-15T14:31:30.803Z,buy,5.747e-05,120.0,0.0068964
BCD/BTC,1573828291099,2019-11-15T14:31:31.099Z,buy,5.747e-05,22.0,0.0012643399999999
BCD/BTC,1573828292691,2019-11-15T14:31:32.691Z,buy,5.748e-05,25.0,0.001437
BCD/BTC,1573828293894,2019-11-15T14:31:33.894Z,buy,5.748e-05,273.0,0.01569204
BCD/BTC,1573828297600,2019-11-15T14:31:37.600Z,buy,5.748e-05,66.0,0.00379368
BCD/BTC,1573828302938,2019-11-15T14:31:42.938Z,buy,5.755e-05,50.0,0.0028775
BCD/BTC,1573828316977,2019-11-15T14:31:56.977Z,buy,5.755e-05,84.0,0.0048342
BCD/BTC,1573828317141,2019-11-15T14:31:57.141Z,buy,5.755e-05,8.0,0.0004604
BCD/BTC,1573828323070,2019-11-15T14:32:03.070Z,buy,5.755e-05,204.0,0.0117402
BCD/BTC,1573828323105,2019-11-15T14:32:03.105Z,buy,5.755e-05,4.0,0.0002302
BCD/BTC,1573828323834,2019-11-15T14:32:03.834Z,buy,5.759e-05,18.0,0.00103662
BCD/BTC,1573828323834,2019-11-15T14:32:03.834Z,buy,5.76e-05,7.0,0.0004032
BCD/BTC,1573828326017,2019-11-15T14:32:06.017Z,buy,5.76e-05,23.0,0.0013248
BCD/BTC,1573828326017,2019-11-15T14:32:06.017Z,buy,5.767e-05,2.0,0.00011534
BCD/BTC,1573828331577,2019-11-15T14:32:11.577Z,buy,5.767e-05,30.0,0.0017301
BCD/BTC,1573828331933,2019-11-15T14:32:11.933Z,buy,5.769e-05,4.0,0.00023076
BCD/BTC,1573828337445,2019-11-15T14:32:17.445Z,buy,5.769e-05,90.0,0.0051921
BCD/BTC,1573828339542,2019-11-15T14:32:19.542Z,buy,5.769e-05,290.0,0.0167300999999999
BCD/BTC,1573828500100,2019-11-15T14:35:00.100Z,sell,5.731e-05,82.0,0.00469942
BCD/BTC,1573828500163,2019-11-15T14:35:00.163Z,sell,5.731e-05,18.0,0.00103158
BCD/BTC,1573828502859,2019-11-15T14:35:02.859Z,sell,5.731e-05,5.0,0.00028655
BCD/BTC,1573828582821,2019-11-15T14:36:22.821Z,sell,5.735e-05,195.0,0.01118325
BCD/BTC,1573828582821,2019-11-15T14:36:22.821Z,sell,5.734e-05,5.0,0.0002867
BCD/BTC,1573828582821,2019-11-15T14:36:22.821Z,sell,5.731e-05,522.0,0.02991582
BCD/BTC,1573828583185,2019-11-15T14:36:23.185Z,buy,5.731e-05,1042.0,0.0597170199999999
BCD/BTC,1573828583829,2019-11-15T14:36:23.829Z,buy,5.759e-05,25.0,0.00143975
BCD/BTC,1573828615226,2019-11-15T14:36:55.226Z,sell,5.73e-05,9.0,0.0005157
BCD/BTC,1573828861302,2019-11-15T14:41:01.302Z,sell,5.73e-05,21.0,0.0012033
BCD/BTC,1573828861302,2019-11-15T14:41:01.302Z,sell,5.715e-05,135.0,0.00771525
BCD/BTC,1573828861302,2019-11-15T14:41:01.302Z,sell,5.714e-05,22.0,0.00125708
BCD/BTC,1573828861302,2019-11-15T14:41:01.302Z,sell,5.708e-05,3.0,0.00017124
BCD/BTC,1573828861302,2019-11-15T14:41:01.302Z,sell,5.7e-05,38.0,0.002166
BCD/BTC,1573828861302,2019-11-15T14:41:01.302Z,sell,5.691e-05,532.0,0.03027612
BCD/BTC,1573828923214,2019-11-15T14:42:03.214Z,buy,5.729e-05,90.0,0.0051561
BCD/BTC,1573829174183,2019-11-15T14:46:14.183Z,sell,5.692e-05,121.0,0.00688732
BCD/BTC,1573829174201,2019-11-15T14:46:14.201Z,buy,5.692e-05,8.0,0.00045536
BCD/BTC,1573829174211,2019-11-15T14:46:14.211Z,buy,5.692e-05,321.0,0.01827132
BCD/BTC,1573829209971,2019-11-15T14:46:49.971Z,buy,5.723e-05,60.0,0.0034338
BCD/BTC,1573829209971,2019-11-15T14:46:49.971Z,buy,5.723e-05,60.0,0.0034338
BCD/BTC,1573829769379,2019-11-15T14:56:09.379Z,sell,5.69e-05,168.0,0.0095592
BCD/BTC,1573829769379,2019-11-15T14:56:09.379Z,sell,5.689e-05,268.0,0.01524652
BCD/BTC,1573829786924,2019-11-15T14:56:26.924Z,buy,5.711e-05,351.0,0.02004561
BCD/BTC,1573829819507,2019-11-15T14:56:59.507Z,buy,5.712e-05,317.0,0.01810704
BCD/BTC,1573829977660,2019-11-15T14:59:37.660Z,buy,5.718e-05,271.0,0.0154957799999999
BCD/BTC,1573829980555,2019-11-15T14:59:40.555Z,buy,5.719e-05,140.0,0.0080066
BCD/BTC,1573830007920,2019-11-15T15:00:07.920Z,buy,5.707e-05,172.0,0.00981604
BCD/BTC,1573830009690,2019-11-15T15:00:09.690Z,buy,5.707e-05,25.0,0.00142675
BCD/BTC,1573830036349,2019-11-15T15:00:36.349Z,buy,5.721e-05,172.0,0.00984012
BCD/BTC,1573830036349,2019-11-15T15:00:36.349Z,buy,5.722e-05,366.0,0.02094252
BCD/BTC,1573830060017,2019-11-15T15:01:00.017Z,buy,5.722e-05,808.0,0.04623376
BCD/BTC,1573830066885,2019-11-15T15:01:06.885Z,buy,5.722e-05,68.0,0.0038909599999999
BCD/BTC,1573830066885,2019-11-15T15:01:06.885Z,buy,5.723e-05,639.0,0.03656997
BCD/BTC,1573830088206,2019-11-15T15:01:28.206Z,buy,5.723e-05,861.0,0.04927503
BCD/BTC,1573830373808,2019-11-15T15:06:13.808Z,buy,5.703e-05,8.0,0.00045624
BCD/BTC,1573830379105,2019-11-15T15:06:19.105Z,sell,5.691e-05,126.0,0.00717066
BCD/BTC,1573830379127,2019-11-15T15:06:19.127Z,buy,5.703e-05,5.0,0.00028515
BCD/BTC,1573830383511,2019-11-15T15:06:23.511Z,buy,5.697e-05,647.0,0.03685959
BCD/BTC,1573830383511,2019-11-15T15:06:23.511Z,buy,5.726e-05,126.0,0.00721476
BCD/BTC,1573830383511,2019-11-15T15:06:23.511Z,buy,5.728e-05,233.0,0.01334624
BCD/BTC,1573830384130,2019-11-15T15:06:24.130Z,buy,5.725e-05,121.0,0.00692725
BCD/BTC,1573830388392,2019-11-15T15:06:28.392Z,buy,5.725e-05,25.0,0.00143125
BCD/BTC,1573830388481,2019-11-15T15:06:28.481Z,buy,5.725e-05,96.0,0.005496
BCD/BTC,1573830388481,2019-11-15T15:06:28.481Z,buy,5.73e-05,25.0,0.0014325
BCD/BTC,1573830650061,2019-11-15T15:10:50.061Z,buy,5.73e-05,5.0,0.0002864999999999
BCD/BTC,1573830650061,2019-11-15T15:10:50.061Z,buy,5.734e-05,5.0,0.0002867
BCD/BTC,1573830650061,2019-11-15T15:10:50.061Z,buy,5.74e-05,591.0,0.0339234
BCD/BTC,1573830715803,2019-11-15T15:11:55.803Z,buy,5.731e-05,1249.0,0.07158019
BCD/BTC,1573831016355,2019-11-15T15:16:56.355Z,sell,5.712e-05,246.0,0.01405152
BCD/BTC,1573831016355,2019-11-15T15:16:56.355Z,sell,5.711e-05,60.0,0.0034266
BCD/BTC,1573831270806,2019-11-15T15:21:10.806Z,buy,5.739e-05,82.0,0.00470598
BCD/BTC,1573831270806,2019-11-15T15:21:10.806Z,buy,5.74e-05,316.0,0.0181384
BCD/BTC,1573831270806,2019-11-15T15:21:10.806Z,buy,5.743e-05,3.0,0.00017229
BCD/BTC,1573831270806,2019-11-15T15:21:10.806Z,buy,5.748e-05,22.0,0.00126456
BCD/BTC,1573831270806,2019-11-15T15:21:10.806Z,buy,5.76e-05,30.0,0.001728
BCD/BTC,1573831270806,2019-11-15T15:21:10.806Z,buy,5.761e-05,214.0,0.0123285399999999
BCD/BTC,1573831270806,2019-11-15T15:21:10.806Z,buy,5.762e-05,103.0,0.00593486
BCD/BTC,1573831271613,2019-11-15T15:21:11.613Z,buy,5.739e-05,54.0,0.00309906
BCD/BTC,1573831271613,2019-11-15T15:21:11.613Z,buy,5.762e-05,906.0,0.05220372
BCD/BTC,1573831271613,2019-11-15T15:21:11.613Z,buy,5.763e-05,75.0,0.00432225
BCD/BTC,1573831271613,2019-11-15T15:21:11.613Z,buy,5.766e-05,52.0,0.00299832
BCD/BTC,1573831271613,2019-11-15T15:21:11.613Z,buy,5.769e-05,123.0,0.00709587
BCD/BTC,1573831508089,2019-11-15T15:25:08.089Z,sell,5.756e-05,209.0,0.0120300399999999
BCD/BTC,1573831561123,2019-11-15T15:26:01.123Z,sell,5.74e-05,66.0,0.0037884
BCD/BTC,1573831735051,2019-11-15T15:28:55.051Z,sell,5.754e-05,140.0,0.0080556
BCD/BTC,1573831735051,2019-11-15T15:28:55.051Z,sell,5.735e-05,282.0,0.0161726999999999
BCD/BTC,1573831735051,2019-11-15T15:28:55.051Z,sell,5.734e-05,5.0,0.0002867
BCD/BTC,1573831735051,2019-11-15T15:28:55.051Z,sell,5.73e-05,30.0,0.0017189999999999
BCD/BTC,1573831735051,2019-11-15T15:28:55.051Z,sell,5.725e-05,28.0,0.001603
BCD/BTC,1573831735051,2019-11-15T15:28:55.051Z,sell,5.714e-05,15.0,0.0008571
BCD/BTC,1573832195054,2019-11-15T15:36:35.054Z,sell,5.738e-05,93.0,0.00533634
BCD/BTC,1573832195054,2019-11-15T15:36:35.054Z,sell,5.737e-05,19.0,0.00109003
BCD/BTC,1573832195054,2019-11-15T15:36:35.054Z,sell,5.736e-05,973.0,0.05581128
BCD/BTC,1573832195136,2019-11-15T15:36:35.136Z,buy,5.731e-05,47.0,0.0026935699999999
BCD/BTC,1573832195147,2019-11-15T15:36:35.147Z,buy,5.731e-05,55.0,0.00315205
BCD/BTC,1573832195157,2019-11-15T15:36:35.157Z,buy,5.731e-05,34.0,0.00194854
BCD/BTC,1573832195492,2019-11-15T15:36:35.492Z,buy,5.731e-05,38.0,0.00217778
BCD/BTC,1573832195511,2019-11-15T15:36:35.511Z,buy,5.731e-05,53.0,0.00303743
BCD/BTC,1573832195832,2019-11-15T15:36:35.832Z,buy,5.731e-05,91.0,0.00521521
BCD/BTC,1573832196116,2019-11-15T15:36:36.116Z,buy,5.731e-05,27.0,0.00154737
BCD/BTC,1573832197259,2019-11-15T15:36:37.259Z,buy,5.731e-05,9.0,0.00051579
BCD/BTC,1573832198224,2019-11-15T15:36:38.224Z,buy,5.731e-05,9.0,0.00051579
BCD/BTC,1573832682614,2019-11-15T15:44:42.614Z,sell,5.714e-05,7.0,0.00039998
BCD/BTC,1573832717772,2019-11-15T15:45:17.772Z,buy,5.714e-05,29.0,0.00165706
BCD/BTC,1573832758274,2019-11-15T15:45:58.274Z,sell,5.708e-05,3.0,0.00017124
BCD/BTC,1573832767439,2019-11-15T15:46:07.439Z,buy,5.708e-05,215.0,0.0122722
BCD/BTC,1573832797066,2019-11-15T15:46:37.066Z,buy,5.707e-05,178.0,0.01015846
BCD/BTC,1573832797238,2019-11-15T15:46:37.238Z,buy,5.707e-05,49.0,0.00279643
BCD/BTC,1573832797368,2019-11-15T15:46:37.368Z,buy,5.707e-05,140.0,0.0079898
BCD/BTC,1573832804006,2019-11-15T15:46:44.006Z,buy,5.708e-05,281.0,0.01603948
BCD/BTC,1573832804020,2019-11-15T15:46:44.020Z,buy,5.708e-05,91.0,0.00519428
BCD/BTC,1573832804075,2019-11-15T15:46:44.075Z,buy,5.708e-05,332.0,0.01895056
BCD/BTC,1573832804075,2019-11-15T15:46:44.075Z,buy,5.708e-05,332.0,0.01895056
BCD/BTC,1573832870052,2019-11-15T15:47:50.052Z,buy,5.708e-05,6.0,0.00034248
BCD/BTC,1573832909200,2019-11-15T15:48:29.200Z,buy,5.733e-05,42.0,0.00240786
BCD/BTC,1573832930470,2019-11-15T15:48:50.470Z,buy,5.743e-05,2.0,0.00011486
BCD/BTC,1573833143111,2019-11-15T15:52:23.111Z,sell,5.735e-05,351.0,0.0201298499999999
BCD/BTC,1573833255665,2019-11-15T15:54:15.665Z,sell,5.734e-05,95.0,0.0054473
BCD/BTC,1573833362623,2019-11-15T15:56:02.623Z,sell,5.733e-05,238.0,0.01364454
BCD/BTC,1573833506347,2019-11-15T15:58:26.347Z,buy,5.723e-05,26.0,0.00148798
BCD/BTC,1573833506409,2019-11-15T15:58:26.409Z,buy,5.723e-05,26.0,0.00148798
BCD/BTC,1573833622958,2019-11-15T16:00:22.958Z,buy,5.722e-05,350.0,0.020027
BCD/BTC,1573833728716,2019-11-15T16:02:08.716Z,buy,5.722e-05,1.0,5.722e-05
BCD/BTC,1573833728716,2019-11-15T16:02:08.716Z,buy,5.723e-05,86.0,0.00492178
BCD/BTC,1573833742625,2019-11-15T16:02:22.625Z,buy,5.723e-05,174.0,0.00995802
BCD/BTC,1573833746386,2019-11-15T16:02:26.386Z,buy,5.723e-05,333.0,0.01905759
BCD/BTC,1573833783261,2019-11-15T16:03:03.261Z,buy,5.722e-05,201.0,0.01150122
BCD/BTC,1573834136566,2019-11-15T16:08:56.566Z,sell,5.71e-05,176.0,0.0100496
BCD/BTC,1573834150577,2019-11-15T16:09:10.577Z,buy,5.733e-05,3.0,0.00017199
BCD/BTC,1573834214792,2019-11-15T16:10:14.792Z,sell,5.717e-05,58.0,0.00331586
BCD/BTC,1573834412538,2019-11-15T16:13:32.538Z,buy,5.733e-05,50.0,0.0028665
BCD/BTC,1573834412594,2019-11-15T16:13:32.594Z,buy,5.733e-05,66.0,0.00378378
BCD/BTC,1573834412781,2019-11-15T16:13:32.781Z,buy,5.733e-05,32.0,0.00183456
BCD/BTC,1573834447653,2019-11-15T16:14:07.653Z,buy,5.733e-05,2.0,0.00011466
BCD/BTC,1573834447653,2019-11-15T16:14:07.653Z,buy,5.743e-05,1.0,5.743e-05
BCD/BTC,1573834447653,2019-11-15T16:14:07.653Z,buy,5.748e-05,14.0,0.00080472
BCD/BTC,1573834685210,2019-11-15T16:18:05.210Z,sell,5.735e-05,131.0,0.00751285
BCD/BTC,1573835216153,2019-11-15T16:26:56.153Z,sell,5.727e-05,15.0,0.00085905
BCD/BTC,1573835217663,2019-11-15T16:26:57.663Z,buy,5.733e-05,25.0,0.00143325
BCD/BTC,1573835218757,2019-11-15T16:26:58.757Z,buy,5.733e-05,21.0,0.00120393
BCD/BTC,1573835218757,2019-11-15T16:26:58.757Z,buy,5.748e-05,4.0,0.00022992
BCD/BTC,1573835363566,2019-11-15T16:29:23.566Z,sell,5.736e-05,17.0,0.00097512
BCD/BTC,1573835420343,2019-11-15T16:30:20.343Z,sell,5.736e-05,33.0,0.00189288
BCD/BTC,1573836050498,2019-11-15T16:40:50.498Z,buy,5.748e-05,4.0,0.00022992
BCD/BTC,1573836050498,2019-11-15T16:40:50.498Z,buy,5.751e-05,3.0,0.00017253
BCD/BTC,1573836050498,2019-11-15T16:40:50.498Z,buy,5.762e-05,69.0,0.00397578
BCD/BTC,1573836050498,2019-11-15T16:40:50.498Z,buy,5.763e-05,246.0,0.01417698
BCD/BTC,1573836050498,2019-11-15T16:40:50.498Z,buy,5.765e-05,234.0,0.0134901
BCD/BTC,1573836051763,2019-11-15T16:40:51.763Z,buy,5.762e-05,25.0,0.0014405
BCD/BTC,1573836051763,2019-11-15T16:40:51.763Z,buy,5.762e-05,25.0,0.0014405
BCD/BTC,1573836527840,2019-11-15T16:48:47.840Z,buy,5.758e-05,2.0,0.00011516
BCD/BTC,1573836527840,2019-11-15T16:48:47.840Z,buy,5.762e-05,28.0,0.00161336
BCD/BTC,1573836794384,2019-11-15T16:53:14.384Z,sell,5.751e-05,84.0,0.00483084
BCD/BTC,1573836794384,2019-11-15T16:53:14.384Z,sell,5.75e-05,340.0,0.01955
BCD/BTC,1573836794384,2019-11-15T16:53:14.384Z,sell,5.749e-05,84.0,0.00482916
BCD/BTC,1573836795929,2019-11-15T16:53:15.929Z,buy,5.749e-05,23.0,0.00132227
BCD/BTC,1573836796008,2019-11-15T16:53:16.008Z,buy,5.749e-05,9.0,0.00051741
BCD/BTC,1573836799694,2019-11-15T16:53:19.694Z,buy,5.749e-05,117.0,0.00672633
BCD/BTC,1573836848733,2019-11-15T16:54:08.733Z,buy,5.749e-05,2.0,0.00011498
BCD/BTC,1573837087408,2019-11-15T16:58:07.408Z,buy,5.762e-05,11.0,0.00063382
BCD/BTC,1573838047659,2019-11-15T17:14:07.659Z,buy,5.764e-05,336.0,0.01936704
BCD/BTC,1573838047659,2019-11-15T17:14:07.659Z,buy,5.765e-05,96.0,0.0055344
BCD/BTC,1573839439940,2019-11-15T17:37:19.940Z,sell,5.76e-05,39.0,0.0022464
BCD/BTC,1573839490392,2019-11-15T17:38:10.392Z,buy,5.765e-05,2.0,0.0001153
BCD/BTC,1573839490392,2019-11-15T17:38:10.392Z,buy,5.765e-05,2.0,0.0001153
BCD/BTC,1573841067482,2019-11-15T18:04:27.482Z,buy,5.766e-05,27.0,0.00155682
BCD/BTC,1573842131653,2019-11-15T18:22:11.653Z,buy,5.766e-05,1.0,5.766e-05
BCD/BTC,1573842202963,2019-11-15T18:23:22.963Z,buy,5.769e-05,5.0,0.00028845
BCD/BTC,1573842202963,2019-11-15T18:23:22.963Z,buy,5.773e-05,13.0,0.0007504899999999
BCD/BTC,1573842202963,2019-11-15T18:23:22.963Z,buy,5.778e-05,3.0,0.00017334
BCD/BTC,1573842202963,2019-11-15T18:23:22.963Z,buy,5.779e-05,389.0,0.02248031
BCD/BTC,1573842202963,2019-11-15T18:23:22.963Z,buy,5.782e-05,22.0,0.0012720399999999
BCD/BTC,1573842202963,2019-11-15T18:23:22.963Z,buy,5.783e-05,2.0,0.00011566
BCD/BTC,1573842202963,2019-11-15T18:23:22.963Z,buy,5.793e-05,2.0,0.00011586
BCD/BTC,1573842202963,2019-11-15T18:23:22.963Z,buy,5.794e-05,34.0,0.0019699599999999
BCD/BTC,1573842202963,2019-11-15T18:23:22.963Z,buy,5.798e-05,67.0,0.00388466
BCD/BTC,1573842202963,2019-11-15T18:23:22.963Z,buy,5.799e-05,61.0,0.00353739
BCD/BTC,1573842202983,2019-11-15T18:23:22.983Z,sell,5.8e-05,1067.0,0.061886
BCD/BTC,1573842202983,2019-11-15T18:23:22.983Z,sell,5.8e-05,7.0,0.000406
BCD/BTC,1573842203021,2019-11-15T18:23:23.021Z,buy,5.799e-05,7.0,0.00040593
BCD/BTC,1573842320483,2019-11-15T18:25:20.483Z,buy,5.799e-05,2.0,0.00011598
BCD/BTC,1573842320483,2019-11-15T18:25:20.483Z,buy,5.801e-05,29.0,0.00168229
BCD/BTC,1573842320483,2019-11-15T18:25:20.483Z,buy,5.799e-05,2.0,0.00011598
BCD/BTC,1573842320483,2019-11-15T18:25:20.483Z,buy,5.801e-05,29.0,0.00168229
BCD/BTC,1573843100056,2019-11-15T18:38:20.056Z,buy,5.797e-05,82.0,0.00475354
BCD/BTC,1573843100056,2019-11-15T18:38:20.056Z,buy,5.798e-05,18.0,0.00104364
BCD/BTC,1573843342164,2019-11-15T18:42:22.164Z,sell,5.777e-05,100.0,0.005777
BCD/BTC,1573843390259,2019-11-15T18:43:10.259Z,buy,5.798e-05,2.0,0.00011596
BCD/BTC,1573844131329,2019-11-15T18:55:31.329Z,sell,5.779e-05,4.0,0.00023116
BCD/BTC,1573844131594,2019-11-15T18:55:31.594Z,sell,5.779e-05,31.0,0.00179149
BCD/BTC,1573844131594,2019-11-15T18:55:31.594Z,sell,5.779e-05,31.0,0.00179149
BCD/BTC,1573846794373,2019-11-15T19:39:54.373Z,buy,5.794e-05,46.0,0.0026652399999999
BCD/BTC,1573846794391,2019-11-15T19:39:54.391Z,buy,5.794e-05,54.0,0.00312876
BCD/BTC,1573846977682,2019-11-15T19:42:57.682Z,sell,5.781e-05,12.0,0.00069372
BCD/BTC,1573847329460,2019-11-15T19:48:49.460Z,buy,5.788e-05,2.0,0.00011576
BCD/BTC,1573847460952,2019-11-15T19:51:00.952Z,buy,5.788e-05,147.0,0.00850836
BCD/BTC,1573847495059,2019-11-15T19:51:35.059Z,buy,5.789e-05,354.0,0.02049306
BCD/BTC,1573847559171,2019-11-15T19:52:39.171Z,buy,5.789e-05,3.0,0.00017367
BCD/BTC,1573847559171,2019-11-15T19:52:39.171Z,buy,5.789e-05,3.0,0.00017367
BCD/BTC,1573848304639,2019-11-15T20:05:04.639Z,buy,5.789e-05,310.0,0.0179459
BCD/BTC,1573848520444,2019-11-15T20:08:40.444Z,sell,5.779e-05,9.0,0.00052011
BCD/BTC,1573848842411,2019-11-15T20:14:02.411Z,sell,5.779e-05,9.0,0.00052011
BCD/BTC,1573849393649,2019-11-15T20:23:13.649Z,sell,5.779e-05,3.0,0.00017337
BCD/BTC,1573849524612,2019-11-15T20:25:24.612Z,sell,5.779e-05,32.0,0.00184928
BCD/BTC,1573849524619,2019-11-15T20:25:24.619Z,sell,5.779e-05,29.0,0.00167591
BCD/BTC,1573849524619,2019-11-15T20:25:24.619Z,sell,5.778e-05,4.0,0.00023112
BCD/BTC,1573849540184,2019-11-15T20:25:40.184Z,sell,5.769e-05,7.0,0.00040383
BCD/BTC,1573849635711,2019-11-15T20:27:15.711Z,sell,5.782e-05,37.0,0.00213934
BCD/BTC,1573849635792,2019-11-15T20:27:15.792Z,sell,5.782e-05,44.0,0.0025440799999999
BCD/BTC,1573849635895,2019-11-15T20:27:15.895Z,sell,5.782e-05,86.0,0.00497252
BCD/BTC,1573849645421,2019-11-15T20:27:25.421Z,sell,5.772e-05,2.0,0.00011544
BCD/BTC,1573849645421,2019-11-15T20:27:25.421Z,sell,5.769e-05,13.0,0.00074997
BCD/BTC,1573849846459,2019-11-15T20:30:46.459Z,sell,5.769e-05,19.0,0.00109611
BCD/BTC,1573849846459,2019-11-15T20:30:46.459Z,sell,5.767e-05,300.0,0.017301
BCD/BTC,1573850820494,2019-11-15T20:47:00.494Z,buy,5.769e-05,2.0,0.00011538
BCD/BTC,1573851002214,2019-11-15T20:50:02.214Z,sell,5.77e-05,46.0,0.0026542
BCD/BTC,1573851002214,2019-11-15T20:50:02.214Z,sell,5.769e-05,36.0,0.00207684
BCD/BTC,1573851002214,2019-11-15T20:50:02.214Z,sell,5.77e-05,46.0,0.0026542
BCD/BTC,1573851002214,2019-11-15T20:50:02.214Z,sell,5.769e-05,36.0,0.00207684
BCD/BTC,1573851291896,2019-11-15T20:54:51.896Z,sell,5.768e-05,5.0,0.0002883999999999
BCD/BTC,1573851940528,2019-11-15T21:05:40.528Z,sell,5.773e-05,339.0,0.01957047
BCD/BTC,1573852703367,2019-11-15T21:18:23.367Z,buy,5.784e-05,2.0,0.00011568
BCD/BTC,1573852703988,2019-11-15T21:18:23.988Z,buy,5.784e-05,192.0,0.01110528
BCD/BTC,1573852717473,2019-11-15T21:18:37.473Z,sell,5.784e-05,478.0,0.02764752
BCD/BTC,1573853575592,2019-11-15T21:32:55.592Z,sell,5.784e-05,86.0,0.00497424
BCD/BTC,1573853577396,2019-11-15T21:32:57.396Z,buy,5.787e-05,433.0,0.02505771
BCD/BTC,1573854326766,2019-11-15T21:45:26.766Z,sell,5.767e-05,21.0,0.00121107
BCD/BTC,1573854396334,2019-11-15T21:46:36.334Z,buy,5.786e-05,2.0,0.00011572
BCD/BTC,1573854413863,2019-11-15T21:46:53.863Z,sell,5.786e-05,2.0,0.00011572
BCD/BTC,1573854413863,2019-11-15T21:46:53.863Z,sell,5.786e-05,2.0,0.00011572
BCD/BTC,1573855396590,2019-11-15T22:03:16.590Z,buy,5.787e-05,57.0,0.00329859
BCD/BTC,1573855396865,2019-11-15T22:03:16.865Z,buy,5.787e-05,6.0,0.0003472199999999
BCD/BTC,1573855476118,2019-11-15T22:04:36.118Z,sell,5.787e-05,4.0,0.00023148
BCD/BTC,1573856026621,2019-11-15T22:13:46.621Z,buy,5.786e-05,86.0,0.00497596
BCD/BTC,1573856026621,2019-11-15T22:13:46.621Z,buy,5.787e-05,7711.0,0.44623557
BCD/BTC,1573856296715,2019-11-15T22:18:16.715Z,buy,5.789e-05,34.0,0.00196826
BCD/BTC,1573856298198,2019-11-15T22:18:18.198Z,buy,5.789e-05,138.0,0.00798882
BCD/BTC,1573857416732,2019-11-15T22:36:56.732Z,sell,5.788e-05,89.0,0.00515132
BCD/BTC,1573857416732,2019-11-15T22:36:56.732Z,sell,5.788e-05,89.0,0.00515132
BCD/BTC,1573858668801,2019-11-15T22:57:48.801Z,sell,5.787e-05,15.0,0.00086805
BCD/BTC,1573858668845,2019-11-15T22:57:48.845Z,sell,5.787e-05,3.0,0.0001736099999999
BCD/BTC,1573858700449,2019-11-15T22:58:20.449Z,sell,5.767e-05,16.0,0.00092272
BCD/BTC,1573858704265,2019-11-15T22:58:24.265Z,sell,5.768e-05,10.0,0.0005767999999999
BCD/BTC,1573858730998,2019-11-15T22:58:50.998Z,buy,5.788e-05,10.0,0.0005788
BCD/BTC,1573859561915,2019-11-15T23:12:41.915Z,buy,5.787e-05,16.0,0.00092592
BCD/BTC,1573859561915,2019-11-15T23:12:41.915Z,buy,5.788e-05,123.0,0.00711924
BCD/BTC,1573859561915,2019-11-15T23:12:41.915Z,buy,5.789e-05,40.0,0.0023156
BCD/BTC,1573859602376,2019-11-15T23:13:22.376Z,buy,5.788e-05,10.0,0.0005788
BCD/BTC,1573860094602,2019-11-15T23:21:34.602Z,buy,5.781e-05,898.0,0.0519133799999999
BCD/BTC,1573860107592,2019-11-15T23:21:47.592Z,sell,5.768e-05,38.0,0.00219184
BCD/BTC,1573860145382,2019-11-15T23:22:25.382Z,buy,5.781e-05,10.0,0.0005781
BCD/BTC,1573860168646,2019-11-15T23:22:48.646Z,buy,5.781e-05,343.0,0.01982883
BCD/BTC,1573860176906,2019-11-15T23:22:56.906Z,buy,5.781e-05,657.0,0.0379811699999999
BCD/BTC,1573860310818,2019-11-15T23:25:10.818Z,buy,5.781e-05,430.0,0.0248583
BCD/BTC,1573860317103,2019-11-15T23:25:17.103Z,buy,5.781e-05,355.0,0.02052255
BCD/BTC,1573860650807,2019-11-15T23:30:50.807Z,buy,5.781e-05,26.0,0.0015030599999999
BCD/BTC,1573860800986,2019-11-15T23:33:20.986Z,buy,5.781e-05,3.0,0.00017343
BCD/BTC,1573860800986,2019-11-15T23:33:20.986Z,buy,5.781e-05,3.0,0.00017343
BCD/BTC,1573861349318,2019-11-15T23:42:29.318Z,buy,5.781e-05,239.0,0.01381659
BCD/BTC,1573861349402,2019-11-15T23:42:29.402Z,buy,5.781e-05,28.0,0.00161868
BCD/BTC,1573861465030,2019-11-15T23:44:25.030Z,buy,5.781e-05,133.0,0.0076887299999999
BCD/BTC,1573861468302,2019-11-15T23:44:28.302Z,buy,5.781e-05,66.0,0.0038154599999999
BCD/BTC,1573861468380,2019-11-15T23:44:28.380Z,buy,5.781e-05,59.0,0.00341079
BCD/BTC,1573861470549,2019-11-15T23:44:30.549Z,buy,5.781e-05,66.0,0.0038154599999999
BCD/BTC,1573861470630,2019-11-15T23:44:30.630Z,buy,5.781e-05,8.0,0.00046248
BCD/BTC,1573861502646,2019-11-15T23:45:02.646Z,buy,5.781e-05,59.0,0.00341079
BCD/BTC,1573861557165,2019-11-15T23:45:57.165Z,buy,5.781e-05,18.0,0.00104058
BCD/BTC,1573861600419,2019-11-15T23:46:40.419Z,sell,5.766e-05,225.0,0.0129735
BCD/BTC,1573861600419,2019-11-15T23:46:40.419Z,sell,5.764e-05,22.0,0.00126808
BCD/BTC,1573861600419,2019-11-15T23:46:40.419Z,sell,5.758e-05,346.0,0.01992268
BCD/BTC,1573861600419,2019-11-15T23:46:40.419Z,sell,5.757e-05,173.0,0.00995961
BCD/BTC,1573861600419,2019-11-15T23:46:40.419Z,sell,5.756e-05,6.0,0.0003453599999999
BCD/BTC,1573861600419,2019-11-15T23:46:40.419Z,sell,5.753e-05,227.0,0.01305931
BCD/BTC,1573861600419,2019-11-15T23:46:40.419Z,sell,5.752e-05,175.0,0.010066
BCD/BTC,1573861600419,2019-11-15T23:46:40.419Z,sell,5.751e-05,1156.0,0.06648156
BCD/BTC,1573861645504,2019-11-15T23:47:25.504Z,buy,5.774e-05,10.0,0.0005774
BCD/BTC,1573861645763,2019-11-15T23:47:25.763Z,buy,5.778e-05,10.0,0.0005778
BCD/BTC,1573861646853,2019-11-15T23:47:26.853Z,buy,5.778e-05,10.0,0.0005778
BCD/BTC,1573861829644,2019-11-15T23:50:29.644Z,buy,5.773e-05,10.0,0.0005773
BCD/BTC,1573861829942,2019-11-15T23:50:29.942Z,buy,5.773e-05,10.0,0.0005773
BCD/BTC,1573861830410,2019-11-15T23:50:30.410Z,buy,5.774e-05,10.0,0.0005774
BCD/BTC,1573862435996,2019-11-16T00:00:35.996Z,buy,5.776e-05,10.0,0.0005776
BCD/BTC,1573862494374,2019-11-16T00:01:34.374Z,sell,5.756e-05,3.0,0.0001726799999999
BCD/BTC,1573862536351,2019-11-16T00:02:16.351Z,sell,5.756e-05,7.0,0.0004029199999999
BCD/BTC,1573862536716,2019-11-16T00:02:16.716Z,buy,5.756e-05,81.0,0.00466236
BCD/BTC,1573862900851,2019-11-16T00:08:20.851Z,sell,5.766e-05,113.0,0.00651558
BCD/BTC,1573862900851,2019-11-16T00:08:20.851Z,sell,5.761e-05,3.0,0.00017283
BCD/BTC,1573862900851,2019-11-16T00:08:20.851Z,sell,5.755e-05,7.0,0.00040285
BCD/BTC,1573862900851,2019-11-16T00:08:20.851Z,sell,5.754e-05,51.0,0.00293454
BCD/BTC,1573862900851,2019-11-16T00:08:20.851Z,sell,5.753e-05,227.0,0.01305931
BCD/BTC,1573862900851,2019-11-16T00:08:20.851Z,sell,5.752e-05,280.0,0.0161056
BCD/BTC,1573862900854,2019-11-16T00:08:20.854Z,sell,5.752e-05,736.0,0.04233472
BCD/BTC,1573862900970,2019-11-16T00:08:20.970Z,sell,5.753e-05,106.0,0.00609818
BCD/BTC,1573862900971,2019-11-16T00:08:20.971Z,sell,5.753e-05,45.0,0.00258885
BCD/BTC,1573862900978,2019-11-16T00:08:20.978Z,sell,5.752e-05,25.0,0.001438
BCD/BTC,1573862900978,2019-11-16T00:08:20.978Z,sell,5.75e-05,174.0,0.010005
BCD/BTC,1573862901015,2019-11-16T00:08:21.015Z,sell,5.748e-05,22.0,0.00126456
BCD/BTC,1573862901015,2019-11-16T00:08:21.015Z,sell,5.747e-05,74.0,0.0042527799999999
BCD/BTC,1573862901015,2019-11-16T00:08:21.015Z,sell,5.743e-05,3.0,0.00017229
BCD/BTC,1573862901015,2019-11-16T00:08:21.015Z,sell,5.741e-05,100.0,0.005741
BCD/BTC,1573862905227,2019-11-16T00:08:25.227Z,buy,5.746e-05,256.0,0.01470976
BCD/BTC,1573862905227,2019-11-16T00:08:25.227Z,buy,5.747e-05,345.0,0.0198271499999999
BCD/BTC,1573862907181,2019-11-16T00:08:27.181Z,sell,5.741e-05,72.0,0.00413352
BCD/BTC,1573862908482,2019-11-16T00:08:28.482Z,sell,5.741e-05,105.0,0.00602805
BCD/BTC,1573862909320,2019-11-16T00:08:29.320Z,buy,5.747e-05,51.0,0.0029309699999999
BCD/BTC,1573862909320,2019-11-16T00:08:29.320Z,buy,5.75e-05,24.0,0.00138
BCD/BTC,1573862909320,2019-11-16T00:08:29.320Z,buy,5.754e-05,49.0,0.00281946
BCD/BTC,1573862943463,2019-11-16T00:09:03.463Z,buy,5.754e-05,118.0,0.00678972
BCD/BTC,1573862943571,2019-11-16T00:09:03.571Z,sell,5.754e-05,37.0,0.00212898
BCD/BTC,1573862943773,2019-11-16T00:09:03.773Z,sell,5.754e-05,5.0,0.0002877
BCD/BTC,1573862943946,2019-11-16T00:09:03.946Z,buy,5.748e-05,30.0,0.0017244
BCD/BTC,1573862944131,2019-11-16T00:09:04.131Z,buy,5.748e-05,2.0,0.00011496
BCD/BTC,1573862944131,2019-11-16T00:09:04.131Z,buy,5.755e-05,30.0,0.0017265
BCD/BTC,1573862958258,2019-11-16T00:09:18.258Z,sell,5.735e-05,300.0,0.0172049999999999
BCD/BTC,1573862958279,2019-11-16T00:09:18.279Z,buy,5.735e-05,390.0,0.0223665
BCD/BTC,1573862960277,2019-11-16T00:09:20.277Z,buy,5.752e-05,153.0,0.0088005599999999
BCD/BTC,1573862960277,2019-11-16T00:09:20.277Z,buy,5.752e-05,106.0,0.00609712
BCD/BTC,1573862960287,2019-11-16T00:09:20.287Z,buy,5.752e-05,107.0,0.0061546399999999
BCD/BTC,1573862967672,2019-11-16T00:09:27.672Z,buy,5.754e-05,108.0,0.00621432
BCD/BTC,1573862972191,2019-11-16T00:09:32.191Z,sell,5.734e-05,54.0,0.00309636
BCD/BTC,1573862973842,2019-11-16T00:09:33.842Z,buy,5.752e-05,79.0,0.00454408
BCD/BTC,1573862976419,2019-11-16T00:09:36.419Z,buy,5.754e-05,43.0,0.00247422
BCD/BTC,1573862990146,2019-11-16T00:09:50.146Z,buy,5.754e-05,81.0,0.00466074
BCD/BTC,1573862991034,2019-11-16T00:09:51.034Z,sell,5.754e-05,150.0,0.008631
BCD/BTC,1573862991963,2019-11-16T00:09:51.963Z,sell,5.736e-05,70.0,0.0040152
BCD/BTC,1573862991963,2019-11-16T00:09:51.963Z,sell,5.735e-05,49.0,0.00281015
BCD/BTC,1573862992074,2019-11-16T00:09:52.074Z,sell,5.735e-05,119.0,0.00682465
BCD/BTC,1573862992128,2019-11-16T00:09:52.128Z,sell,5.735e-05,119.0,0.00682465
BCD/BTC,1573862993409,2019-11-16T00:09:53.409Z,buy,5.752e-05,2.0,0.00011504
BCD/BTC,1573862993409,2019-11-16T00:09:53.409Z,buy,5.753e-05,417.0,0.02399001
BCD/BTC,1573862997106,2019-11-16T00:09:57.106Z,sell,5.735e-05,43.0,0.00246605
BCD/BTC,1573862997148,2019-11-16T00:09:57.148Z,buy,5.753e-05,2.0,0.00011506
BCD/BTC,1573862997148,2019-11-16T00:09:57.148Z,buy,5.754e-05,85.0,0.0048909
BCD/BTC,1573862997148,2019-11-16T00:09:57.148Z,buy,5.755e-05,1004.0,0.0577802
BCD/BTC,1573863004814,2019-11-16T00:10:04.814Z,buy,5.755e-05,67.0,0.00385585
BCD/BTC,1573863005085,2019-11-16T00:10:05.085Z,buy,5.755e-05,20.0,0.001151
BCD/BTC,1573863010558,2019-11-16T00:10:10.558Z,buy,5.755e-05,129.0,0.00742395
BCD/BTC,1573863323705,2019-11-16T00:15:23.705Z,buy,5.769e-05,5.0,0.00028845
BCD/BTC,1573863323705,2019-11-16T00:15:23.705Z,buy,5.776e-05,110.0,0.0063536
BCD/BTC,1573863414263,2019-11-16T00:16:54.263Z,sell,5.757e-05,3.0,0.00017271
BCD/BTC,1573863414515,2019-11-16T00:16:54.515Z,sell,5.739e-05,119.0,0.0068294099999999
BCD/BTC,1573863415292,2019-11-16T00:16:55.292Z,sell,5.741e-05,103.0,0.00591323
BCD/BTC,1573863628052,2019-11-16T00:20:28.052Z,buy,5.776e-05,103.0,0.00594928
BCD/BTC,1573863628052,2019-11-16T00:20:28.052Z,buy,5.777e-05,156.0,0.00901212
BCD/BTC,1573863650338,2019-11-16T00:20:50.338Z,sell,5.754e-05,10.0,0.0005754
BCD/BTC,1573863813034,2019-11-16T00:23:33.034Z,sell,5.755e-05,331.0,0.01904905
BCD/BTC,1573863813965,2019-11-16T00:23:33.965Z,sell,5.754e-05,168.0,0.00966672
BCD/BTC,1573863813965,2019-11-16T00:23:33.965Z,sell,5.754e-05,168.0,0.00966672
BCD/BTC,1573864415205,2019-11-16T00:33:35.205Z,sell,5.739e-05,250.0,0.0143475
BCD/BTC,1573864415205,2019-11-16T00:33:35.205Z,sell,5.738e-05,14.0,0.00080332
BCD/BTC,1573864729006,2019-11-16T00:38:49.006Z,buy,5.767e-05,101.0,0.00582467
BCD/BTC,1573864752631,2019-11-16T00:39:12.631Z,buy,5.765e-05,83.0,0.00478495
BCD/BTC,1573865331978,2019-11-16T00:48:51.978Z,buy,5.767e-05,84.0,0.00484428
BCD/BTC,1573865480290,2019-11-16T00:51:20.290Z,sell,5.747e-05,165.0,0.00948255
BCD/BTC,1573865480291,2019-11-16T00:51:20.291Z,sell,5.747e-05,247.0,0.0141950899999999
BCD/BTC,1573865561135,2019-11-16T00:52:41.135Z,buy,5.761e-05,72.0,0.00414792
BCD/BTC,1573865600167,2019-11-16T00:53:20.167Z,buy,5.765e-05,102.0,0.0058803
BCD/BTC,1573865600557,2019-11-16T00:53:20.557Z,sell,5.765e-05,28.0,0.0016141999999999
BCD/BTC,1573865619117,2019-11-16T00:53:39.117Z,sell,5.746e-05,19.0,0.00109174
BCD/BTC,1573865746226,2019-11-16T00:55:46.226Z,buy,5.765e-05,113.0,0.00651445
BCD/BTC,1573865943988,2019-11-16T00:59:03.988Z,sell,5.746e-05,94.0,0.00540124
BCD/BTC,1573865944191,2019-11-16T00:59:04.191Z,buy,5.746e-05,2444.0,0.14043224
BCD/BTC,1573865955668,2019-11-16T00:59:15.668Z,sell,5.739e-05,173.0,0.00992847
BCD/BTC,1573865956450,2019-11-16T00:59:16.450Z,buy,5.739e-05,135.0,0.00774765
BCD/BTC,1573865957646,2019-11-16T00:59:17.646Z,buy,5.739e-05,25.0,0.00143475
BCD/BTC,1573865958621,2019-11-16T00:59:18.621Z,buy,5.739e-05,25.0,0.00143475
BCD/BTC,1573865959555,2019-11-16T00:59:19.555Z,buy,5.739e-05,25.0,0.00143475
BCD/BTC,1573865960583,2019-11-16T00:59:20.583Z,buy,5.739e-05,25.0,0.00143475
BCD/BTC,1573865961643,2019-11-16T00:59:21.643Z,buy,5.739e-05,25.0,0.00143475
BCD/BTC,1573865962777,2019-11-16T00:59:22.777Z,buy,5.739e-05,25.0,0.00143475
BCD/BTC,1573865962932,2019-11-16T00:59:22.932Z,buy,5.739e-05,135.0,0.00774765
BCD/BTC,1573865963769,2019-11-16T00:59:23.769Z,buy,5.739e-05,25.0,0.00143475
BCD/BTC,1573865964660,2019-11-16T00:59:24.660Z,buy,5.739e-05,25.0,0.00143475
BCD/BTC,1573865965576,2019-11-16T00:59:25.576Z,buy,5.739e-05,25.0,0.00143475
BCD/BTC,1573865966687,2019-11-16T00:59:26.687Z,buy,5.739e-05,25.0,0.00143475
BCD/BTC,1573865968258,2019-11-16T00:59:28.258Z,buy,5.739e-05,25.0,0.00143475
BCD/BTC,1573865969220,2019-11-16T00:59:29.220Z,buy,5.739e-05,25.0,0.00143475
BCD/BTC,1573865969463,2019-11-16T00:59:29.463Z,buy,5.739e-05,135.0,0.00774765
BCD/BTC,1573865970322,2019-11-16T00:59:30.322Z,buy,5.739e-05,25.0,0.00143475
BCD/BTC,1573865971258,2019-11-16T00:59:31.258Z,buy,5.739e-05,25.0,0.00143475
BCD/BTC,1573865972214,2019-11-16T00:59:32.214Z,buy,5.739e-05,25.0,0.00143475
BCD/BTC,1573866032215,2019-11-16T01:00:32.215Z,buy,5.739e-05,9.0,0.00051651
BCD/BTC,1573866036718,2019-11-16T01:00:36.718Z,sell,5.734e-05,5.0,0.0002867
BCD/BTC,1573866080742,2019-11-16T01:01:20.742Z,sell,5.734e-05,243.0,0.01393362
BCD/BTC,1573866083614,2019-11-16T01:01:23.614Z,buy,5.734e-05,25.0,0.0014335
BCD/BTC,1573866088273,2019-11-16T01:01:28.273Z,sell,5.735e-05,227.0,0.0130184499999999
BCD/BTC,1573866624659,2019-11-16T01:10:24.659Z,sell,5.761e-05,119.0,0.00685559
BCD/BTC,1573866624659,2019-11-16T01:10:24.659Z,sell,5.761e-05,119.0,0.00685559
BCD/BTC,1573867913842,2019-11-16T01:31:53.842Z,buy,5.766e-05,434.0,0.02502444
BCD/BTC,1573867913842,2019-11-16T01:31:53.842Z,buy,5.767e-05,369.0,0.02128023
BCD/BTC,1573868546053,2019-11-16T01:42:26.053Z,buy,5.765e-05,4.0,0.0002306
BCD/BTC,1573868754437,2019-11-16T01:45:54.437Z,buy,5.765e-05,7.0,0.0004035499999999
BCD/BTC,1573869085880,2019-11-16T01:51:25.880Z,buy,5.764e-05,69.0,0.0039771599999999
BCD/BTC,1573869085880,2019-11-16T01:51:25.880Z,buy,5.764e-05,69.0,0.0039771599999999
BCD/BTC,1573870661331,2019-11-16T02:17:41.331Z,buy,5.765e-05,88.0,0.0050732
BCD/BTC,1573870661331,2019-11-16T02:17:41.331Z,buy,5.766e-05,85.0,0.0049011
BCD/BTC,1573870930185,2019-11-16T02:22:10.185Z,buy,5.767e-05,156.0,0.00899652
BCD/BTC,1573870930511,2019-11-16T02:22:10.511Z,buy,5.767e-05,160.0,0.0092272
BCD/BTC,1573870937290,2019-11-16T02:22:17.290Z,buy,5.767e-05,34.0,0.00196078
BCD/BTC,1573870937554,2019-11-16T02:22:17.554Z,buy,5.767e-05,31.0,0.00178777
BCD/BTC,1573870937554,2019-11-16T02:22:17.554Z,buy,5.767e-05,31.0,0.00178777
BCD/BTC,1573873849920,2019-11-16T03:10:49.920Z,sell,5.733e-05,40.0,0.0022932
BCD/BTC,1573873849920,2019-11-16T03:10:49.920Z,sell,5.732e-05,230.0,0.0131836
BCD/BTC,1573873849920,2019-11-16T03:10:49.920Z,sell,5.727e-05,229.0,0.01311483
BCD/BTC,1573873928010,2019-11-16T03:12:08.010Z,buy,5.745e-05,10.0,0.0005745
BCD/BTC,1573873934619,2019-11-16T03:12:14.619Z,buy,5.745e-05,22.0,0.0012639
BCD/BTC,1573874376795,2019-11-16T03:19:36.795Z,sell,5.729e-05,2.0,0.00011458
BCD/BTC,1573874376795,2019-11-16T03:19:36.795Z,sell,5.727e-05,211.0,0.01208397
BCD/BTC,1573874376795,2019-11-16T03:19:36.795Z,sell,5.726e-05,13.0,0.00074438
BCD/BTC,1573874376795,2019-11-16T03:19:36.795Z,sell,5.725e-05,28.0,0.001603
BCD/BTC,1573874376854,2019-11-16T03:19:36.854Z,buy,5.724e-05,214.0,0.01224936
BCD/BTC,1573874383105,2019-11-16T03:19:43.105Z,sell,5.722e-05,175.0,0.0100135
BCD/BTC,1573874452491,2019-11-16T03:20:52.491Z,buy,5.729e-05,261.0,0.01495269
BCD/BTC,1573874452491,2019-11-16T03:20:52.491Z,buy,5.729e-05,261.0,0.01495269
BCD/BTC,1573875002958,2019-11-16T03:30:02.958Z,sell,5.731e-05,130.0,0.0074503
BCD/BTC,1573875063906,2019-11-16T03:31:03.906Z,buy,5.748e-05,85.0,0.0048858
BCD/BTC,1573876760997,2019-11-16T03:59:20.997Z,buy,5.747e-05,10.0,0.0005746999999999
BCD/BTC,1573876760997,2019-11-16T03:59:20.997Z,buy,5.747e-05,10.0,0.0005746999999999
BCD/BTC,1573880462242,2019-11-16T05:01:02.242Z,sell,5.73e-05,94.0,0.0053862
BCD/BTC,1573880462412,2019-11-16T05:01:02.412Z,buy,5.723e-05,178.0,0.01018694
BCD/BTC,1573880463259,2019-11-16T05:01:03.259Z,buy,5.723e-05,977.0,0.05591371
BCD/BTC,1573880507191,2019-11-16T05:01:47.191Z,sell,5.733e-05,127.0,0.00728091
BCD/BTC,1573880508263,2019-11-16T05:01:48.263Z,sell,5.733e-05,42.0,0.00240786
BCD/BTC,1573880532431,2019-11-16T05:02:12.431Z,sell,5.734e-05,30.0,0.0017202
BCD/BTC,1573880534534,2019-11-16T05:02:14.534Z,sell,5.736e-05,37.0,0.00212232
BCD/BTC,1573880536373,2019-11-16T05:02:16.373Z,sell,5.734e-05,9.0,0.00051606
BCD/BTC,1573880542302,2019-11-16T05:02:22.302Z,buy,5.748e-05,26.0,0.0014944799999999
BCD/BTC,1573880544316,2019-11-16T05:02:24.316Z,sell,5.735e-05,49.0,0.00281015
BCD/BTC,1573880561278,2019-11-16T05:02:41.278Z,sell,5.736e-05,76.0,0.00435936
BCD/BTC,1573880562581,2019-11-16T05:02:42.581Z,sell,5.736e-05,30.0,0.0017208
BCD/BTC,1573880564495,2019-11-16T05:02:44.495Z,sell,5.736e-05,30.0,0.0017208
BCD/BTC,1573880564495,2019-11-16T05:02:44.495Z,sell,5.736e-05,30.0,0.0017208
BCD/BTC,1573881340644,2019-11-16T05:15:40.644Z,sell,5.724e-05,2.0,0.00011448
BCD/BTC,1573881366798,2019-11-16T05:16:06.798Z,sell,5.724e-05,499.0,0.02856276
BCD/BTC,1573881623571,2019-11-16T05:20:23.571Z,sell,5.724e-05,121.0,0.00692604
BCD/BTC,1573881623746,2019-11-16T05:20:23.746Z,sell,5.724e-05,51.0,0.00291924
BCD/BTC,1573882174090,2019-11-16T05:29:34.090Z,buy,5.748e-05,15.0,0.0008622
BCD/BTC,1573882174090,2019-11-16T05:29:34.090Z,buy,5.749e-05,49.0,0.00281701
BCD/BTC,1573882193579,2019-11-16T05:29:53.579Z,buy,5.748e-05,87.0,0.00500076
BCD/BTC,1573882204076,2019-11-16T05:30:04.076Z,buy,5.748e-05,87.0,0.00500076
BCD/BTC,1573882204095,2019-11-16T05:30:04.095Z,buy,5.748e-05,2.0,0.00011496
BCD/BTC,1573882220134,2019-11-16T05:30:20.134Z,buy,5.748e-05,87.0,0.00500076
BCD/BTC,1573882251344,2019-11-16T05:30:51.344Z,buy,5.748e-05,70.0,0.0040236
BCD/BTC,1573882253420,2019-11-16T05:30:53.420Z,buy,5.749e-05,37.0,0.00212713
BCD/BTC,1573882253420,2019-11-16T05:30:53.420Z,buy,5.764e-05,66.0,0.00380424
BCD/BTC,1573882254565,2019-11-16T05:30:54.565Z,buy,5.748e-05,10.0,0.0005748
BCD/BTC,1573882261086,2019-11-16T05:31:01.086Z,buy,5.752e-05,36.0,0.00207072
BCD/BTC,1573882261086,2019-11-16T05:31:01.086Z,buy,5.753e-05,63.0,0.00362439
BCD/BTC,1573882275807,2019-11-16T05:31:15.807Z,buy,5.753e-05,60.0,0.0034518
BCD/BTC,1573882293237,2019-11-16T05:31:33.237Z,buy,5.753e-05,51.0,0.00293403
BCD/BTC,1573882293237,2019-11-16T05:31:33.237Z,buy,5.765e-05,37.0,0.00213305
BCD/BTC,1573882305365,2019-11-16T05:31:45.365Z,buy,5.762e-05,47.0,0.00270814
BCD/BTC,1573882345597,2019-11-16T05:32:25.597Z,sell,5.73e-05,10.0,0.0005729999999999
BCD/BTC,1573882362867,2019-11-16T05:32:42.867Z,buy,5.759e-05,94.0,0.00541346
BCD/BTC,1573882362867,2019-11-16T05:32:42.867Z,buy,5.76e-05,2.0,0.0001152
BCD/BTC,1573882362867,2019-11-16T05:32:42.867Z,buy,5.761e-05,10.0,0.0005761
BCD/BTC,1573882362867,2019-11-16T05:32:42.867Z,buy,5.762e-05,120.0,0.0069144
BCD/BTC,1573882369149,2019-11-16T05:32:49.149Z,buy,5.761e-05,12.0,0.00069132
BCD/BTC,1573882374139,2019-11-16T05:32:54.139Z,buy,5.761e-05,45.0,0.00259245
BCD/BTC,1573882374139,2019-11-16T05:32:54.139Z,buy,5.762e-05,54.0,0.00311148
BCD/BTC,1573882374139,2019-11-16T05:32:54.139Z,buy,5.766e-05,396.0,0.02283336
BCD/BTC,1573882381270,2019-11-16T05:33:01.270Z,buy,5.766e-05,682.0,0.03932412
BCD/BTC,1573882403884,2019-11-16T05:33:23.884Z,buy,5.767e-05,201.0,0.01159167
BCD/BTC,1573882409147,2019-11-16T05:33:29.147Z,buy,5.767e-05,200.0,0.011534
BCD/BTC,1573882443304,2019-11-16T05:34:03.304Z,buy,5.767e-05,64.0,0.00369088
BCD/BTC,1573882498707,2019-11-16T05:34:58.707Z,buy,5.767e-05,39.0,0.00224913
BCD/BTC,1573882679386,2019-11-16T05:37:59.386Z,buy,5.767e-05,69.0,0.00397923
BCD/BTC,1573882680652,2019-11-16T05:38:00.652Z,buy,5.767e-05,312.0,0.01799304
BCD/BTC,1573882696391,2019-11-16T05:38:16.391Z,buy,5.767e-05,30.0,0.0017301
BCD/BTC,1573883707035,2019-11-16T05:55:07.035Z,buy,5.767e-05,201.0,0.01159167
BCD/BTC,1573884057087,2019-11-16T06:00:57.087Z,sell,5.739e-05,348.0,0.01997172
BCD/BTC,1573884057087,2019-11-16T06:00:57.087Z,sell,5.739e-05,348.0,0.01997172
BCD/BTC,1573886251483,2019-11-16T06:37:31.483Z,buy,5.756e-05,348.0,0.02003088
BCD/BTC,1573886251483,2019-11-16T06:37:31.483Z,buy,5.757e-05,116.0,0.00667812
BCD/BTC,1573886251483,2019-11-16T06:37:31.483Z,buy,5.759e-05,116.0,0.00668044
BCD/BTC,1573886251483,2019-11-16T06:37:31.483Z,buy,5.761e-05,87.0,0.0050120699999999
BCD/BTC,1573886330798,2019-11-16T06:38:50.798Z,buy,5.755e-05,129.0,0.00742395
BCD/BTC,1573886390850,2019-11-16T06:39:50.850Z,buy,5.767e-05,359.0,0.02070353
BCD/BTC,1573886809708,2019-11-16T06:46:49.708Z,buy,5.767e-05,11.0,0.00063437
BCD/BTC,1573886809708,2019-11-16T06:46:49.708Z,buy,5.767e-05,11.0,0.00063437
BCD/BTC,1573887892243,2019-11-16T07:04:52.243Z,sell,5.746e-05,162.0,0.00930852
BCD/BTC,1573887894160,2019-11-16T07:04:54.160Z,sell,5.746e-05,30.0,0.0017238
BCD/BTC,1573887896929,2019-11-16T07:04:56.929Z,sell,5.747e-05,25.0,0.0014367499999999
BCD/BTC,1573887897369,2019-11-16T07:04:57.369Z,sell,5.747e-05,145.0,0.00833315
BCD/BTC,1573887898043,2019-11-16T07:04:58.043Z,sell,5.747e-05,25.0,0.0014367499999999
BCD/BTC,1573887898505,2019-11-16T07:04:58.505Z,sell,5.747e-05,135.0,0.0077584499999999
BCD/BTC,1573887899106,2019-11-16T07:04:59.106Z,sell,5.747e-05,25.0,0.0014367499999999
BCD/BTC,1573887911000,2019-11-16T07:05:11.000Z,buy,5.766e-05,14.0,0.00080724
BCD/BTC,1573887976777,2019-11-16T07:06:16.777Z,sell,5.747e-05,32.0,0.00183904
BCD/BTC,1573888198277,2019-11-16T07:09:58.277Z,buy,5.766e-05,26.0,0.00149916
BCD/BTC,1573888515008,2019-11-16T07:15:15.008Z,buy,5.766e-05,225.0,0.0129735
BCD/BTC,1573888549144,2019-11-16T07:15:49.144Z,sell,5.741e-05,120.0,0.0068892
BCD/BTC,1573889469134,2019-11-16T07:31:09.134Z,buy,5.766e-05,216.0,0.01245456
BCD/BTC,1573889469134,2019-11-16T07:31:09.134Z,buy,5.767e-05,1033.0,0.05957311
BCD/BTC,1573889716614,2019-11-16T07:35:16.614Z,sell,5.741e-05,350.0,0.0200935
BCD/BTC,1573889717472,2019-11-16T07:35:17.472Z,sell,5.74e-05,249.0,0.0142925999999999
BCD/BTC,1573889718813,2019-11-16T07:35:18.813Z,sell,5.74e-05,121.0,0.0069454
BCD/BTC,1573890406171,2019-11-16T07:46:46.171Z,buy,5.761e-05,348.0,0.0200482799999999
BCD/BTC,1573890406171,2019-11-16T07:46:46.171Z,buy,5.762e-05,123.0,0.00708726
BCD/BTC,1573890406171,2019-11-16T07:46:46.171Z,buy,5.767e-05,6715.0,0.38725405
BCD/BTC,1573890406171,2019-11-16T07:46:46.171Z,buy,5.761e-05,348.0,0.0200482799999999
BCD/BTC,1573890406171,2019-11-16T07:46:46.171Z,buy,5.762e-05,123.0,0.00708726
BCD/BTC,1573890406171,2019-11-16T07:46:46.171Z,buy,5.767e-05,6715.0,0.38725405
BCD/BTC,1573890860715,2019-11-16T07:54:20.715Z,buy,5.766e-05,42.0,0.00242172
BCD/BTC,1573890881909,2019-11-16T07:54:41.909Z,sell,5.745e-05,42.0,0.0024129
BCD/BTC,1573890914092,2019-11-16T07:55:14.092Z,sell,5.746e-05,305.0,0.0175253
BCD/BTC,1573890914092,2019-11-16T07:55:14.092Z,sell,5.745e-05,175.0,0.01005375
BCD/BTC,1573891272427,2019-11-16T08:01:12.427Z,sell,5.741e-05,24.0,0.00137784
BCD/BTC,1573892284496,2019-11-16T08:18:04.496Z,sell,5.741e-05,226.0,0.01297466
BCD/BTC,1573892284496,2019-11-16T08:18:04.496Z,sell,5.74e-05,798.0,0.0458052
BCD/BTC,1573892284496,2019-11-16T08:18:04.496Z,sell,5.741e-05,226.0,0.01297466
BCD/BTC,1573892284496,2019-11-16T08:18:04.496Z,sell,5.74e-05,798.0,0.0458052
BCD/BTC,1573896502780,2019-11-16T09:28:22.780Z,buy,5.763e-05,26.0,0.00149838
BCD/BTC,1573896502834,2019-11-16T09:28:22.834Z,buy,5.763e-05,26.0,0.00149838
BCD/BTC,1573896527231,2019-11-16T09:28:47.231Z,sell,5.74e-05,75.0,0.004305
BCD/BTC,1573896528876,2019-11-16T09:28:48.876Z,sell,5.74e-05,56.0,0.0032144
BCD/BTC,1573896753393,2019-11-16T09:32:33.393Z,buy,5.765e-05,26.0,0.0014989
BCD/BTC,1573896753393,2019-11-16T09:32:33.393Z,buy,5.765e-05,26.0,0.0014989
BCD/BTC,1573897828867,2019-11-16T09:50:28.867Z,buy,5.764e-05,97.0,0.00559108
BCD/BTC,1573899256746,2019-11-16T10:14:16.746Z,buy,5.764e-05,2.0,0.00011528
BCD/BTC,1573899256860,2019-11-16T10:14:16.860Z,sell,5.764e-05,100.0,0.005764
BCD/BTC,1573899288202,2019-11-16T10:14:48.202Z,sell,5.74e-05,134.0,0.0076916
BCD/BTC,1573899288202,2019-11-16T10:14:48.202Z,sell,5.739e-05,1184.0,0.06794976
BCD/BTC,1573899288202,2019-11-16T10:14:48.202Z,sell,5.738e-05,768.0,0.04406784
BCD/BTC,1573899288202,2019-11-16T10:14:48.202Z,sell,5.737e-05,164.0,0.00940868
BCD/BTC,1573899289221,2019-11-16T10:14:49.221Z,sell,5.74e-05,85.0,0.004879
BCD/BTC,1573899289221,2019-11-16T10:14:49.221Z,sell,5.737e-05,4.0,0.00022948
BCD/BTC,1573899289485,2019-11-16T10:14:49.485Z,sell,5.737e-05,5.0,0.00028685
BCD/BTC,1573899289485,2019-11-16T10:14:49.485Z,sell,5.734e-05,57.0,0.00326838
BCD/BTC,1573899289485,2019-11-16T10:14:49.485Z,sell,5.733e-05,37.0,0.00212121
BCD/BTC,1573899289631,2019-11-16T10:14:49.631Z,sell,5.734e-05,29.0,0.00166286
BCD/BTC,1573899296513,2019-11-16T10:14:56.513Z,buy,5.758e-05,167.0,0.00961586
BCD/BTC,1573899297282,2019-11-16T10:14:57.282Z,buy,5.758e-05,80.0,0.0046064
BCD/BTC,1573899297282,2019-11-16T10:14:57.282Z,buy,5.762e-05,3.0,0.00017286
BCD/BTC,1573899320536,2019-11-16T10:15:20.536Z,buy,5.735e-05,99.0,0.00567765
BCD/BTC,1573899320589,2019-11-16T10:15:20.589Z,buy,5.735e-05,89.0,0.00510415
BCD/BTC,1573899320615,2019-11-16T10:15:20.615Z,sell,5.733e-05,3.0,0.00017199
BCD/BTC,1573899320615,2019-11-16T10:15:20.615Z,sell,5.731e-05,104.0,0.0059602399999999
BCD/BTC,1573899320615,2019-11-16T10:15:20.615Z,sell,5.73e-05,174.0,0.0099702
BCD/BTC,1573899320615,2019-11-16T10:15:20.615Z,sell,5.725e-05,28.0,0.001603
BCD/BTC,1573899320615,2019-11-16T10:15:20.615Z,sell,5.721e-05,6.0,0.00034326
BCD/BTC,1573899320615,2019-11-16T10:15:20.615Z,sell,5.72e-05,875.0,0.05005
BCD/BTC,1573899425678,2019-11-16T10:17:05.678Z,buy,5.731e-05,288.0,0.01650528
BCD/BTC,1573900228851,2019-11-16T10:30:28.851Z,sell,5.723e-05,112.0,0.00640976
BCD/BTC,1573900229821,2019-11-16T10:30:29.821Z,sell,5.723e-05,74.0,0.00423502
BCD/BTC,1573900230807,2019-11-16T10:30:30.807Z,sell,5.723e-05,150.0,0.0085845
BCD/BTC,1573900232025,2019-11-16T10:30:32.025Z,sell,5.722e-05,163.0,0.00932686
BCD/BTC,1573900232025,2019-11-16T10:30:32.025Z,sell,5.722e-05,163.0,0.00932686
BCD/BTC,1573900446535,2019-11-16T10:34:06.535Z,sell,5.731e-05,97.0,0.00555907
BCD/BTC,1573901260677,2019-11-16T10:47:40.677Z,buy,5.751e-05,1.0,5.751e-05
BCD/BTC,1573901274980,2019-11-16T10:47:54.980Z,buy,5.747e-05,4.0,0.00022988
BCD/BTC,1573901277383,2019-11-16T10:47:57.383Z,sell,5.747e-05,169.0,0.00971243
BCD/BTC,1573901440943,2019-11-16T10:50:40.943Z,buy,5.744e-05,1.0,5.744e-05
BCD/BTC,1573901975590,2019-11-16T10:59:35.590Z,buy,5.753e-05,1.0,5.753e-05
BCD/BTC,1573901975845,2019-11-16T10:59:35.845Z,buy,5.752e-05,10.0,0.0005752
BCD/BTC,1573902437766,2019-11-16T11:07:17.766Z,sell,5.731e-05,7.0,0.00040117
BCD/BTC,1573902437766,2019-11-16T11:07:17.766Z,sell,5.72e-05,53.0,0.0030316
BCD/BTC,1573902702087,2019-11-16T11:11:42.087Z,sell,5.724e-05,2.0,0.00011448
BCD/BTC,1573902702087,2019-11-16T11:11:42.087Z,sell,5.72e-05,298.0,0.0170456
BCD/BTC,1573902940245,2019-11-16T11:15:40.245Z,buy,5.741e-05,2.0,0.00011482
BCD/BTC,1573902993531,2019-11-16T11:16:33.531Z,buy,5.745e-05,178.0,0.0102261
BCD/BTC,1573903079934,2019-11-16T11:17:59.934Z,buy,5.742e-05,23.0,0.00132066
BCD/BTC,1573903322229,2019-11-16T11:22:02.229Z,buy,5.746e-05,349.0,0.02005354
BCD/BTC,1573903328092,2019-11-16T11:22:08.092Z,buy,5.746e-05,146.0,0.00838916
BCD/BTC,1573903328092,2019-11-16T11:22:08.092Z,buy,5.746e-05,146.0,0.00838916
BCD/BTC,1573903839605,2019-11-16T11:30:39.605Z,sell,5.732e-05,206.0,0.01180792
BCD/BTC,1573904391148,2019-11-16T11:39:51.148Z,sell,5.725e-05,70.0,0.0040075
BCD/BTC,1573904391148,2019-11-16T11:39:51.148Z,sell,5.724e-05,34.0,0.00194616
BCD/BTC,1573904391227,2019-11-16T11:39:51.227Z,sell,5.724e-05,10.0,0.0005724
BCD/BTC,1573905718526,2019-11-16T12:01:58.526Z,sell,5.721e-05,99.0,0.00566379
BCD/BTC,1573905719521,2019-11-16T12:01:59.521Z,sell,5.721e-05,69.0,0.00394749
BCD/BTC,1573905720470,2019-11-16T12:02:00.470Z,sell,5.721e-05,69.0,0.00394749
BCD/BTC,1573905721409,2019-11-16T12:02:01.409Z,sell,5.72e-05,127.0,0.0072644
BCD/BTC,1573905722371,2019-11-16T12:02:02.371Z,sell,5.715e-05,11.0,0.00062865
BCD/BTC,1573905722371,2019-11-16T12:02:02.371Z,sell,5.714e-05,22.0,0.00125708
BCD/BTC,1573905722371,2019-11-16T12:02:02.371Z,sell,5.71e-05,11.0,0.0006281
BCD/BTC,1573905722371,2019-11-16T12:02:02.371Z,sell,5.708e-05,3.0,0.00017124
BCD/BTC,1573905722371,2019-11-16T12:02:02.371Z,sell,5.707e-05,48.0,0.00273936
BCD/BTC,1573905723314,2019-11-16T12:02:03.314Z,sell,5.707e-05,40.0,0.0022828
BCD/BTC,1573905799568,2019-11-16T12:03:19.568Z,sell,5.708e-05,3.0,0.00017124
BCD/BTC,1573906116319,2019-11-16T12:08:36.319Z,sell,5.722e-05,8.0,0.00045776
BCD/BTC,1573906117453,2019-11-16T12:08:37.453Z,buy,5.722e-05,82.0,0.00469204
BCD/BTC,1573906149185,2019-11-16T12:09:09.185Z,buy,5.728e-05,5.0,0.0002864
BCD/BTC,1573906387265,2019-11-16T12:13:07.265Z,buy,5.729e-05,250.0,0.0143225
BCD/BTC,1573906387265,2019-11-16T12:13:07.265Z,buy,5.731e-05,46.0,0.00263626
BCD/BTC,1573906387265,2019-11-16T12:13:07.265Z,buy,5.733e-05,298.0,0.01708434
BCD/BTC,1573906705345,2019-11-16T12:18:25.345Z,sell,5.726e-05,3.0,0.0001717799999999
BCD/BTC,1573906903934,2019-11-16T12:21:43.934Z,sell,5.729e-05,10.0,0.0005729
BCD/BTC,1573906903934,2019-11-16T12:21:43.934Z,sell,5.729e-05,10.0,0.0005729
BCD/BTC,1573907408087,2019-11-16T12:30:08.087Z,buy,5.74e-05,166.0,0.0095284
BCD/BTC,1573907499967,2019-11-16T12:31:39.967Z,buy,5.74e-05,111.0,0.0063714
BCD/BTC,1573907728705,2019-11-16T12:35:28.705Z,buy,5.74e-05,74.0,0.0042476
BCD/BTC,1573908044953,2019-11-16T12:40:44.953Z,buy,5.739e-05,148.0,0.00849372
BCD/BTC,1573908681405,2019-11-16T12:51:21.405Z,buy,5.74e-05,2.0,0.0001148
BCD/BTC,1573908681405,2019-11-16T12:51:21.405Z,buy,5.741e-05,3.0,0.00017223
BCD/BTC,1573908681405,2019-11-16T12:51:21.405Z,buy,5.743e-05,3.0,0.00017229
BCD/BTC,1573908681405,2019-11-16T12:51:21.405Z,buy,5.748e-05,22.0,0.00126456
BCD/BTC,1573908681405,2019-11-16T12:51:21.405Z,buy,5.755e-05,5.0,0.00028775
BCD/BTC,1573908681405,2019-11-16T12:51:21.405Z,buy,5.76e-05,20.0,0.001152
BCD/BTC,1573909076862,2019-11-16T12:57:56.862Z,buy,5.759e-05,11.0,0.00063349
BCD/BTC,1573909077977,2019-11-16T12:57:57.977Z,buy,5.758e-05,20.0,0.0011516
BCD/BTC,1573909883189,2019-11-16T13:11:23.189Z,sell,5.733e-05,123.0,0.00705159
BCD/BTC,1573909883189,2019-11-16T13:11:23.189Z,sell,5.733e-05,123.0,0.00705159
BCD/BTC,1573910803617,2019-11-16T13:26:43.617Z,buy,5.734e-05,92.0,0.00527528
BCD/BTC,1573911317096,2019-11-16T13:35:17.096Z,sell,5.733e-05,6.0,0.00034398
BCD/BTC,1573911318053,2019-11-16T13:35:18.053Z,buy,5.731e-05,40.0,0.0022924
BCD/BTC,1573911797691,2019-11-16T13:43:17.691Z,sell,5.714e-05,22.0,0.00125708
BCD/BTC,1573911797713,2019-11-16T13:43:17.713Z,buy,5.714e-05,82.0,0.00468548
BCD/BTC,1573911802984,2019-11-16T13:43:22.984Z,buy,5.714e-05,592.0,0.03382688
BCD/BTC,1573912128945,2019-11-16T13:48:48.945Z,sell,5.73e-05,172.0,0.0098555999999999
BCD/BTC,1573913066821,2019-11-16T14:04:26.821Z,sell,5.72e-05,3.0,0.0001716
BCD/BTC,1573913066821,2019-11-16T14:04:26.821Z,sell,5.72e-05,3.0,0.0001716
BCD/BTC,1573913627675,2019-11-16T14:13:47.675Z,buy,5.732e-05,16.0,0.00091712
BCD/BTC,1573913627675,2019-11-16T14:13:47.675Z,buy,5.745e-05,114.0,0.0065493
BCD/BTC,1573913627845,2019-11-16T14:13:47.845Z,buy,5.745e-05,9.0,0.00051705
BCD/BTC,1573913627845,2019-11-16T14:13:47.845Z,buy,5.748e-05,22.0,0.00126456
BCD/BTC,1573913659341,2019-11-16T14:14:19.341Z,buy,5.752e-05,15.0,0.0008627999999999
BCD/BTC,1573914188565,2019-11-16T14:23:08.565Z,buy,5.725e-05,469.0,0.02685025
BCD/BTC,1573914264511,2019-11-16T14:24:24.511Z,buy,5.73e-05,407.0,0.0233210999999999
BCD/BTC,1573914267287,2019-11-16T14:24:27.287Z,buy,5.73e-05,298.0,0.0170753999999999
BCD/BTC,1573915176855,2019-11-16T14:39:36.855Z,buy,5.73e-05,175.0,0.0100275
BCD/BTC,1573915183262,2019-11-16T14:39:43.262Z,buy,5.73e-05,206.0,0.0118038
BCD/BTC,1573915185967,2019-11-16T14:39:45.967Z,buy,5.73e-05,176.0,0.0100848
BCD/BTC,1573915190734,2019-11-16T14:39:50.734Z,buy,5.73e-05,372.0,0.0213156
BCD/BTC,1573915198680,2019-11-16T14:39:58.680Z,sell,5.715e-05,177.0,0.01011555
BCD/BTC,1573915199212,2019-11-16T14:39:59.212Z,buy,5.73e-05,71.0,0.0040682999999999
BCD/BTC,1573915199564,2019-11-16T14:39:59.564Z,sell,5.716e-05,155.0,0.0088598
BCD/BTC,1573915200588,2019-11-16T14:40:00.588Z,sell,5.715e-05,72.0,0.0041148
BCD/BTC,1573915201479,2019-11-16T14:40:01.479Z,sell,5.714e-05,22.0,0.00125708
BCD/BTC,1573915201479,2019-11-16T14:40:01.479Z,sell,5.712e-05,73.0,0.00416976
BCD/BTC,1573915706946,2019-11-16T14:48:26.946Z,buy,5.733e-05,41.0,0.00235053
BCD/BTC,1573915826057,2019-11-16T14:50:26.057Z,sell,5.733e-05,10.0,0.0005733
BCD/BTC,1573916113302,2019-11-16T14:55:13.302Z,buy,5.728e-05,108.0,0.00618624
BCD/BTC,1573916113302,2019-11-16T14:55:13.302Z,buy,5.729e-05,308.0,0.01764532
BCD/BTC,1573916113302,2019-11-16T14:55:13.302Z,buy,5.733e-05,110.0,0.0063063
BCD/BTC,1573916118492,2019-11-16T14:55:18.492Z,sell,5.711e-05,7.0,0.00039977
BCD/BTC,1573916479936,2019-11-16T15:01:19.936Z,sell,5.713e-05,342.0,0.01953846
BCD/BTC,1573916479936,2019-11-16T15:01:19.936Z,sell,5.712e-05,179.0,0.01022448
BCD/BTC,1573916479936,2019-11-16T15:01:19.936Z,sell,5.711e-05,419.0,0.02392909
BCD/BTC,1573916531393,2019-11-16T15:02:11.393Z,sell,5.711e-05,26.0,0.00148486
BCD/BTC,1573916579234,2019-11-16T15:02:59.234Z,buy,5.727e-05,107.0,0.0061278899999999
BCD/BTC,1573916579234,2019-11-16T15:02:59.234Z,buy,5.727e-05,107.0,0.0061278899999999
BCD/BTC,1573916948552,2019-11-16T15:09:08.552Z,buy,5.729e-05,82.0,0.00469778
BCD/BTC,1573917066604,2019-11-16T15:11:06.604Z,sell,5.712e-05,119.0,0.00679728
BCD/BTC,1573917068458,2019-11-16T15:11:08.458Z,buy,5.712e-05,135.0,0.0077112
BCD/BTC,1573917068526,2019-11-16T15:11:08.526Z,buy,5.712e-05,166.0,0.00948192
BCD/BTC,1573917068914,2019-11-16T15:11:08.914Z,buy,5.712e-05,40.0,0.0022848
BCD/BTC,1573917069476,2019-11-16T15:11:09.476Z,buy,5.712e-05,25.0,0.001428
BCD/BTC,1573917070692,2019-11-16T15:11:10.692Z,buy,5.712e-05,99.0,0.00565488
BCD/BTC,1573917168228,2019-11-16T15:12:48.228Z,sell,5.713e-05,79.0,0.00451327
BCD/BTC,1573917168228,2019-11-16T15:12:48.228Z,sell,5.712e-05,20.0,0.0011424
BCD/BTC,1573917397885,2019-11-16T15:16:37.885Z,sell,5.713e-05,52.0,0.00297076
BCD/BTC,1573917397885,2019-11-16T15:16:37.885Z,sell,5.712e-05,478.0,0.02730336
BCD/BTC,1573917402862,2019-11-16T15:16:42.862Z,buy,5.712e-05,1901.0,0.10858512
BCD/BTC,1573917430753,2019-11-16T15:17:10.753Z,buy,5.712e-05,293.0,0.01673616
BCD/BTC,1573917478463,2019-11-16T15:17:58.463Z,buy,5.712e-05,9.0,0.00051408
BCD/BTC,1573917807702,2019-11-16T15:23:27.702Z,buy,5.712e-05,135.0,0.0077112
BCD/BTC,1573917814227,2019-11-16T15:23:34.227Z,buy,5.712e-05,90.0,0.0051408
BCD/BTC,1573918924545,2019-11-16T15:42:04.545Z,buy,5.712e-05,1250.0,0.0714
BCD/BTC,1573918980035,2019-11-16T15:43:00.035Z,buy,5.712e-05,892.0,0.05095104
BCD/BTC,1573919527847,2019-11-16T15:52:07.847Z,buy,5.712e-05,2.0,0.00011424
BCD/BTC,1573919737922,2019-11-16T15:55:37.922Z,buy,5.712e-05,455.0,0.0259896
BCD/BTC,1573919737922,2019-11-16T15:55:37.922Z,buy,5.712e-05,455.0,0.0259896
BCD/BTC,1573920668382,2019-11-16T16:11:08.382Z,sell,5.73e-05,500.0,0.02865
BCD/BTC,1573920668462,2019-11-16T16:11:08.462Z,sell,5.73e-05,248.0,0.0142104
BCD/BTC,1573920728374,2019-11-16T16:12:08.374Z,sell,5.73e-05,2.0,0.0001146
BCD/BTC,1573920987331,2019-11-16T16:16:27.331Z,buy,5.741e-05,349.0,0.02003609
BCD/BTC,1573921044333,2019-11-16T16:17:24.333Z,buy,5.741e-05,288.0,0.01653408
BCD/BTC,1573921044333,2019-11-16T16:17:24.333Z,buy,5.742e-05,498.0,0.02859516
BCD/BTC,1573921044333,2019-11-16T16:17:24.333Z,buy,5.743e-05,1087.0,0.0624264099999999
BCD/BTC,1573921568270,2019-11-16T16:26:08.270Z,buy,5.743e-05,52.0,0.00298636
BCD/BTC,1573921681031,2019-11-16T16:28:01.031Z,sell,5.74e-05,348.0,0.0199752
BCD/BTC,1573921682097,2019-11-16T16:28:02.097Z,sell,5.739e-05,151.0,0.0086658899999999
BCD/BTC,1573921682687,2019-11-16T16:28:02.687Z,buy,5.743e-05,361.0,0.0207322299999999
BCD/BTC,1573922773433,2019-11-16T16:46:13.433Z,buy,5.743e-05,16.0,0.00091888
BCD/BTC,1573922773522,2019-11-16T16:46:13.522Z,sell,5.743e-05,17.0,0.00097631
BCD/BTC,1573923320369,2019-11-16T16:55:20.369Z,buy,5.748e-05,2.0,0.00011496
BCD/BTC,1573923320369,2019-11-16T16:55:20.369Z,buy,5.748e-05,2.0,0.00011496
BCD/BTC,1573924028067,2019-11-16T17:07:08.067Z,buy,5.748e-05,22.0,0.00126456
BCD/BTC,1573924466781,2019-11-16T17:14:26.781Z,buy,5.754e-05,93.0,0.00535122
BCD/BTC,1573924483195,2019-11-16T17:14:43.195Z,buy,5.758e-05,82.0,0.00472156
BCD/BTC,1573924508737,2019-11-16T17:15:08.737Z,sell,5.748e-05,10.0,0.0005748
BCD/BTC,1573924517966,2019-11-16T17:15:17.966Z,sell,5.748e-05,135.0,0.0077598
BCD/BTC,1573924518573,2019-11-16T17:15:18.573Z,sell,5.748e-05,94.0,0.00540312
BCD/BTC,1573924574837,2019-11-16T17:16:14.837Z,buy,5.758e-05,17.0,0.00097886
BCD/BTC,1573924589916,2019-11-16T17:16:29.916Z,sell,5.758e-05,8.0,0.00046064
BCD/BTC,1573925450277,2019-11-16T17:30:50.277Z,buy,5.761e-05,11.0,0.00063371
BCD/BTC,1573925857857,2019-11-16T17:37:37.857Z,buy,5.761e-05,3.0,0.00017283
BCD/BTC,1573925857857,2019-11-16T17:37:37.857Z,buy,5.761e-05,3.0,0.00017283
BCD/BTC,1573927022895,2019-11-16T17:57:02.895Z,buy,5.76e-05,3.0,0.0001728
BCD/BTC,1573927022895,2019-11-16T17:57:02.895Z,buy,5.761e-05,3.0,0.00017283
BCD/BTC,1573927068136,2019-11-16T17:57:48.136Z,buy,5.766e-05,4.0,0.00023064
BCD/BTC,1573927791449,2019-11-16T18:09:51.449Z,buy,5.766e-05,64.0,0.00369024
BCD/BTC,1573928165021,2019-11-16T18:16:05.021Z,sell,5.766e-05,26.0,0.00149916
BCD/BTC,1573928637234,2019-11-16T18:23:57.234Z,sell,5.766e-05,538.0,0.03102108
BCD/BTC,1573928713110,2019-11-16T18:25:13.110Z,sell,5.761e-05,804.0,0.04631844
BCD/BTC,1573928864106,2019-11-16T18:27:44.106Z,buy,5.761e-05,518.0,0.02984198
BCD/BTC,1573928884750,2019-11-16T18:28:04.750Z,sell,5.761e-05,349.0,0.02010589
BCD/BTC,1573928885623,2019-11-16T18:28:05.623Z,sell,5.748e-05,150.0,0.008622
BCD/BTC,1573929079197,2019-11-16T18:31:19.197Z,sell,5.749e-05,348.0,0.02000652
BCD/BTC,1573929123190,2019-11-16T18:32:03.190Z,buy,5.749e-05,175.0,0.01006075
BCD/BTC,1573929191361,2019-11-16T18:33:11.361Z,buy,5.749e-05,3.0,0.00017247
BCD/BTC,1573929205327,2019-11-16T18:33:25.327Z,sell,5.748e-05,295.0,0.0169566
BCD/BTC,1573929205327,2019-11-16T18:33:25.327Z,sell,5.748e-05,295.0,0.0169566
BCD/BTC,1573931747264,2019-11-16T19:15:47.264Z,buy,5.748e-05,26.0,0.0014944799999999
BCD/BTC,1573931993235,2019-11-16T19:19:53.235Z,sell,5.743e-05,42.0,0.0024120599999999
BCD/BTC,1573931993408,2019-11-16T19:19:53.408Z,sell,5.743e-05,17.0,0.00097631
BCD/BTC,1573932291326,2019-11-16T19:24:51.326Z,buy,5.747e-05,235.0,0.0135054499999999
BCD/BTC,1573932346747,2019-11-16T19:25:46.747Z,buy,5.747e-05,15.0,0.00086205
BCD/BTC,1573932722052,2019-11-16T19:32:02.052Z,buy,5.747e-05,15.0,0.00086205
BCD/BTC,1573932722878,2019-11-16T19:32:02.878Z,buy,5.748e-05,26.0,0.0014944799999999
BCD/BTC,1573932724293,2019-11-16T19:32:04.293Z,buy,5.748e-05,8.0,0.00045984
BCD/BTC,1573932729469,2019-11-16T19:32:09.469Z,buy,5.747e-05,7.0,0.0004022899999999
BCD/BTC,1573932731662,2019-11-16T19:32:11.662Z,buy,5.748e-05,288.0,0.0165542399999999
BCD/BTC,1573932799169,2019-11-16T19:33:19.169Z,buy,5.747e-05,76.0,0.0043677199999999
BCD/BTC,1573932799169,2019-11-16T19:33:19.169Z,buy,5.748e-05,294.0,0.01689912
BCD/BTC,1573932799169,2019-11-16T19:33:19.169Z,buy,5.747e-05,76.0,0.0043677199999999
BCD/BTC,1573932799169,2019-11-16T19:33:19.169Z,buy,5.748e-05,294.0,0.01689912
BCD/BTC,1573932952696,2019-11-16T19:35:52.696Z,buy,5.748e-05,86.0,0.0049432799999999
BCD/BTC,1573933087760,2019-11-16T19:38:07.760Z,sell,5.743e-05,92.0,0.00528356
BCD/BTC,1573933087760,2019-11-16T19:38:07.760Z,sell,5.739e-05,128.0,0.00734592
BCD/BTC,1573933696553,2019-11-16T19:48:16.553Z,buy,5.747e-05,72.0,0.0041378399999999
BCD/BTC,1573933696553,2019-11-16T19:48:16.553Z,buy,5.748e-05,4780.0,0.2747544
BCD/BTC,1573934119331,2019-11-16T19:55:19.331Z,sell,5.749e-05,76.0,0.00436924
BCD/BTC,1573934480078,2019-11-16T20:01:20.078Z,sell,5.75e-05,40.0,0.0023
BCD/BTC,1573935867410,2019-11-16T20:24:27.410Z,buy,5.766e-05,2.0,0.00011532
BCD/BTC,1573935867410,2019-11-16T20:24:27.410Z,buy,5.766e-05,2.0,0.00011532
BCD/BTC,1573938377684,2019-11-16T21:06:17.684Z,buy,5.766e-05,21.0,0.00121086
BCD/BTC,1573938377684,2019-11-16T21:06:17.684Z,buy,5.766e-05,21.0,0.00121086
BCD/BTC,1573940148931,2019-11-16T21:35:48.931Z,buy,5.76e-05,18.0,0.0010368
BCD/BTC,1573940170994,2019-11-16T21:36:10.994Z,buy,5.76e-05,2.0,0.0001152
BCD/BTC,1573941012598,2019-11-16T21:50:12.598Z,sell,5.75e-05,267.0,0.0153525
BCD/BTC,1573941013558,2019-11-16T21:50:13.558Z,sell,5.749e-05,232.0,0.01333768
BCD/BTC,1573941928146,2019-11-16T22:05:28.146Z,sell,5.748e-05,101.0,0.00580548
BCD/BTC,1573941928146,2019-11-16T22:05:28.146Z,sell,5.748e-05,101.0,0.00580548
BCD/BTC,1573942232326,2019-11-16T22:10:32.326Z,buy,5.76e-05,20.0,0.001152
BCD/BTC,1573942556151,2019-11-16T22:15:56.151Z,buy,5.76e-05,48.0,0.0027648
BCD/BTC,1573942556175,2019-11-16T22:15:56.175Z,sell,5.76e-05,247.0,0.0142271999999999
BCD/BTC,1573942695374,2019-11-16T22:18:15.374Z,buy,5.768e-05,34.0,0.00196112
BCD/BTC,1573942695374,2019-11-16T22:18:15.374Z,buy,5.768e-05,34.0,0.00196112
BCD/BTC,1573947471732,2019-11-16T23:37:51.732Z,buy,5.768e-05,146.0,0.00842128
BCD/BTC,1573947471732,2019-11-16T23:37:51.732Z,buy,5.768e-05,146.0,0.00842128
BCD/BTC,1573947706127,2019-11-16T23:41:46.127Z,sell,5.75e-05,177.0,0.0101775
BCD/BTC,1573947706127,2019-11-16T23:41:46.127Z,sell,5.749e-05,60.0,0.0034494
BCD/BTC,1573947706127,2019-11-16T23:41:46.127Z,sell,5.748e-05,23.0,0.00132204
BCD/BTC,1573947720277,2019-11-16T23:42:00.277Z,sell,5.748e-05,22.0,0.00126456
BCD/BTC,1573947874209,2019-11-16T23:44:34.209Z,sell,5.749e-05,2.0,0.00011498
BCD/BTC,1573947874209,2019-11-16T23:44:34.209Z,sell,5.748e-05,28.0,0.00160944
BCD/BTC,1573948230266,2019-11-16T23:50:30.266Z,sell,5.755e-05,294.0,0.0169197
BCD/BTC,1573948682575,2019-11-16T23:58:02.575Z,sell,5.756e-05,132.0,0.0075979199999999
BCD/BTC,1573948840221,2019-11-17T00:00:40.221Z,sell,5.755e-05,111.0,0.00638805
BCD/BTC,1573948896483,2019-11-17T00:01:36.483Z,sell,5.756e-05,2.0,0.00011512
BCD/BTC,1573949890820,2019-11-17T00:18:10.820Z,sell,5.756e-05,167.0,0.00961252
BCD/BTC,1573949891788,2019-11-17T00:18:11.788Z,sell,5.755e-05,332.0,0.0191066
BCD/BTC,1573950008873,2019-11-17T00:20:08.873Z,buy,5.769e-05,11.0,0.00063459
BCD/BTC,1573950048305,2019-11-17T00:20:48.305Z,buy,5.767e-05,109.0,0.00628603
BCD/BTC,1573950048328,2019-11-17T00:20:48.328Z,sell,5.767e-05,144.0,0.00830448
BCD/BTC,1573950048328,2019-11-17T00:20:48.328Z,sell,5.767e-05,144.0,0.00830448
BCD/BTC,1573951160676,2019-11-17T00:39:20.676Z,sell,5.767e-05,35.0,0.00201845
BCD/BTC,1573951187571,2019-11-17T00:39:47.571Z,sell,5.767e-05,7.0,0.00040369
BCD/BTC,1573951187581,2019-11-17T00:39:47.581Z,sell,5.767e-05,7.0,0.00040369
BCD/BTC,1573951187583,2019-11-17T00:39:47.583Z,sell,5.767e-05,7.0,0.00040369
BCD/BTC,1573951187584,2019-11-17T00:39:47.584Z,sell,5.767e-05,7.0,0.00040369
BCD/BTC,1573951187619,2019-11-17T00:39:47.619Z,sell,5.767e-05,7.0,0.00040369
BCD/BTC,1573951188010,2019-11-17T00:39:48.010Z,sell,5.767e-05,7.0,0.00040369
BCD/BTC,1573951325077,2019-11-17T00:42:05.077Z,buy,5.768e-05,2.0,0.00011536
BCD/BTC,1573951325077,2019-11-17T00:42:05.077Z,buy,5.769e-05,2.0,0.00011538
BCD/BTC,1573951507170,2019-11-17T00:45:07.170Z,buy,5.768e-05,4.0,0.00023072
BCD/BTC,1573951613716,2019-11-17T00:46:53.716Z,sell,5.767e-05,1098.0,0.06332166
BCD/BTC,1573952427475,2019-11-17T01:00:27.475Z,sell,5.748e-05,20.0,0.0011496
BCD/BTC,1573952444060,2019-11-17T01:00:44.060Z,sell,5.748e-05,100.0,0.005748
BCD/BTC,1573952585890,2019-11-17T01:03:05.890Z,buy,5.768e-05,135.0,0.0077868
BCD/BTC,1573952585976,2019-11-17T01:03:05.976Z,buy,5.768e-05,212.0,0.01222816
BCD/BTC,1573952585976,2019-11-17T01:03:05.976Z,buy,5.769e-05,250.0,0.0144225
BCD/BTC,1573952585976,2019-11-17T01:03:05.976Z,buy,5.771e-05,40.0,0.0023084
BCD/BTC,1573952585976,2019-11-17T01:03:05.976Z,buy,5.772e-05,5.0,0.0002886
BCD/BTC,1573952585976,2019-11-17T01:03:05.976Z,buy,5.773e-05,13.0,0.0007504899999999
BCD/BTC,1573952585976,2019-11-17T01:03:05.976Z,buy,5.775e-05,2.0,0.0001155
BCD/BTC,1573952585976,2019-11-17T01:03:05.976Z,buy,5.778e-05,7.0,0.00040446
BCD/BTC,1573952585976,2019-11-17T01:03:05.976Z,buy,5.782e-05,22.0,0.0012720399999999
BCD/BTC,1573952585976,2019-11-17T01:03:05.976Z,buy,5.784e-05,173.0,0.01000632
BCD/BTC,1573952585976,2019-11-17T01:03:05.976Z,buy,5.785e-05,86.0,0.0049751
BCD/BTC,1573952585976,2019-11-17T01:03:05.976Z,buy,5.786e-05,15.0,0.0008679
BCD/BTC,1573952585976,2019-11-17T01:03:05.976Z,buy,5.792e-05,3.0,0.00017376
BCD/BTC,1573952586085,2019-11-17T01:03:06.085Z,sell,5.792e-05,28.0,0.00162176
BCD/BTC,1573952586679,2019-11-17T01:03:06.679Z,buy,5.796e-05,25.0,0.001449
BCD/BTC,1573952604533,2019-11-17T01:03:24.533Z,sell,5.764e-05,10.0,0.0005763999999999
BCD/BTC,1573952604537,2019-11-17T01:03:24.537Z,sell,5.764e-05,10.0,0.0005763999999999
BCD/BTC,1573952604608,2019-11-17T01:03:24.608Z,sell,5.764e-05,10.0,0.0005763999999999
BCD/BTC,1573952604708,2019-11-17T01:03:24.708Z,sell,5.764e-05,10.0,0.0005763999999999
BCD/BTC,1573952604720,2019-11-17T01:03:24.720Z,sell,5.764e-05,10.0,0.0005763999999999
BCD/BTC,1573952604721,2019-11-17T01:03:24.721Z,sell,5.764e-05,10.0,0.0005763999999999
BCD/BTC,1573952604737,2019-11-17T01:03:24.737Z,sell,5.765e-05,10.0,0.0005765
BCD/BTC,1573952686155,2019-11-17T01:04:46.155Z,buy,5.791e-05,60.0,0.0034746
BCD/BTC,1573952775974,2019-11-17T01:06:15.974Z,buy,5.796e-05,66.0,0.00382536
BCD/BTC,1573952775974,2019-11-17T01:06:15.974Z,buy,5.797e-05,284.0,0.01646348
BCD/BTC,1573952775974,2019-11-17T01:06:15.974Z,buy,5.798e-05,66.0,0.00382668
BCD/BTC,1573952775974,2019-11-17T01:06:15.974Z,buy,5.799e-05,40.0,0.0023196
BCD/BTC,1573952775974,2019-11-17T01:06:15.974Z,buy,5.8e-05,287.0,0.016646
BCD/BTC,1573952849815,2019-11-17T01:07:29.815Z,sell,5.771e-05,19.0,0.00109649
BCD/BTC,1573952928211,2019-11-17T01:08:48.211Z,sell,5.777e-05,38.0,0.00219526
BCD/BTC,1573953182715,2019-11-17T01:13:02.715Z,sell,5.779e-05,87.0,0.00502773
BCD/BTC,1573953305932,2019-11-17T01:15:05.932Z,buy,5.799e-05,154.0,0.00893046
BCD/BTC,1573953305932,2019-11-17T01:15:05.932Z,buy,5.8e-05,647.0,0.037526
BCD/BTC,1573953305932,2019-11-17T01:15:05.932Z,buy,5.801e-05,183.0,0.01061583
BCD/BTC,1573953305932,2019-11-17T01:15:05.932Z,buy,5.802e-05,34.0,0.00197268
BCD/BTC,1573953305932,2019-11-17T01:15:05.932Z,buy,5.805e-05,483.0,0.02803815
BCD/BTC,1573953320702,2019-11-17T01:15:20.702Z,sell,5.784e-05,10.0,0.0005784
BCD/BTC,1573953342641,2019-11-17T01:15:42.641Z,buy,5.804e-05,4.0,0.00023216
BCD/BTC,1573953360223,2019-11-17T01:16:00.223Z,buy,5.804e-05,6.0,0.00034824
BCD/BTC,1573953360223,2019-11-17T01:16:00.223Z,buy,5.805e-05,5.0,0.00029025
BCD/BTC,1573953516115,2019-11-17T01:18:36.115Z,sell,5.782e-05,22.0,0.0012720399999999
BCD/BTC,1573953516115,2019-11-17T01:18:36.115Z,sell,5.782e-05,22.0,0.0012720399999999
BCD/BTC,1573953711313,2019-11-17T01:21:51.313Z,buy,5.805e-05,140.0,0.008127
BCD/BTC,1573953751717,2019-11-17T01:22:31.717Z,sell,5.789e-05,10.0,0.0005789
BCD/BTC,1573953756261,2019-11-17T01:22:36.261Z,sell,5.781e-05,166.0,0.00959646
BCD/BTC,1573953963490,2019-11-17T01:26:03.490Z,sell,5.783e-05,18.0,0.00104094
BCD/BTC,1573954017322,2019-11-17T01:26:57.322Z,sell,5.781e-05,54.0,0.00312174
BCD/BTC,1573954307364,2019-11-17T01:31:47.364Z,sell,5.788e-05,179.0,0.01036052
BCD/BTC,1573954307364,2019-11-17T01:31:47.364Z,sell,5.787e-05,216.0,0.01249992
BCD/BTC,1573954307364,2019-11-17T01:31:47.364Z,sell,5.785e-05,215.0,0.01243775
BCD/BTC,1573954307364,2019-11-17T01:31:47.364Z,sell,5.78e-05,1249.0,0.0721922
BCD/BTC,1573954307364,2019-11-17T01:31:47.364Z,sell,5.769e-05,5.0,0.00028845
BCD/BTC,1573954307364,2019-11-17T01:31:47.364Z,sell,5.766e-05,36.0,0.00207576
BCD/BTC,1573955171864,2019-11-17T01:46:11.864Z,sell,5.771e-05,33.0,0.00190443
BCD/BTC,1573955883006,2019-11-17T01:58:03.006Z,buy,5.794e-05,89.0,0.0051566599999999
BCD/BTC,1573956058052,2019-11-17T02:00:58.052Z,sell,5.781e-05,17.0,0.00098277
BCD/BTC,1573956058052,2019-11-17T02:00:58.052Z,sell,5.771e-05,6.0,0.00034626
BCD/BTC,1573956058052,2019-11-17T02:00:58.052Z,sell,5.766e-05,6.0,0.00034596
BCD/BTC,1573956058052,2019-11-17T02:00:58.052Z,sell,5.761e-05,61.0,0.00351421
BCD/BTC,1573956058052,2019-11-17T02:00:58.052Z,sell,5.76e-05,196.0,0.0112896
BCD/BTC,1573956058052,2019-11-17T02:00:58.052Z,sell,5.759e-05,60.0,0.0034554
BCD/BTC,1573956058052,2019-11-17T02:00:58.052Z,sell,5.758e-05,3.0,0.00017274
BCD/BTC,1573956058089,2019-11-17T02:00:58.089Z,buy,5.757e-05,26.0,0.00149682
BCD/BTC,1573956058744,2019-11-17T02:00:58.744Z,buy,5.757e-05,509.0,0.02930313
BCD/BTC,1573956058904,2019-11-17T02:00:58.904Z,buy,5.757e-05,25.0,0.00143925
BCD/BTC,1573956059923,2019-11-17T02:00:59.923Z,buy,5.757e-05,25.0,0.00143925
BCD/BTC,1573956061044,2019-11-17T02:01:01.044Z,buy,5.757e-05,25.0,0.00143925
BCD/BTC,1573956061136,2019-11-17T02:01:01.136Z,buy,5.757e-05,120.0,0.0069084
BCD/BTC,1573956061197,2019-11-17T02:01:01.197Z,buy,5.757e-05,226.0,0.01301082
BCD/BTC,1573956061258,2019-11-17T02:01:01.258Z,buy,5.757e-05,425.0,0.02446725
BCD/BTC,1573956080960,2019-11-17T02:01:20.960Z,buy,5.791e-05,346.0,0.02003686
BCD/BTC,1573956080960,2019-11-17T02:01:20.960Z,buy,5.798e-05,68.0,0.00394264
BCD/BTC,1573956094045,2019-11-17T02:01:34.045Z,buy,5.798e-05,114.0,0.0066097199999999
BCD/BTC,1573956094045,2019-11-17T02:01:34.045Z,buy,5.798e-05,114.0,0.0066097199999999
BCD/BTC,1573957492598,2019-11-17T02:24:52.598Z,sell,5.769e-05,44.0,0.00253836
BCD/BTC,1573957811144,2019-11-17T02:30:11.144Z,sell,5.773e-05,66.0,0.00381018
BCD/BTC,1573957822371,2019-11-17T02:30:22.371Z,sell,5.773e-05,8.0,0.00046184
BCD/BTC,1573957849582,2019-11-17T02:30:49.582Z,sell,5.773e-05,125.0,0.00721625
BCD/BTC,1573957849582,2019-11-17T02:30:49.582Z,sell,5.768e-05,346.0,0.0199572799999999
BCD/BTC,1573957849582,2019-11-17T02:30:49.582Z,sell,5.767e-05,173.0,0.00997691
BCD/BTC,1573958667309,2019-11-17T02:44:27.309Z,sell,5.757e-05,105.0,0.00604485
BCD/BTC,1573958667309,2019-11-17T02:44:27.309Z,sell,5.752e-05,11.0,0.00063272
BCD/BTC,1573958667309,2019-11-17T02:44:27.309Z,sell,5.75e-05,188.0,0.01081
BCD/BTC,1573958667309,2019-11-17T02:44:27.309Z,sell,5.749e-05,41.0,0.00235709
BCD/BTC,1573958667309,2019-11-17T02:44:27.309Z,sell,5.748e-05,614.0,0.03529272
BCD/BTC,1573958667309,2019-11-17T02:44:27.309Z,sell,5.743e-05,3.0,0.00017229
BCD/BTC,1573958667340,2019-11-17T02:44:27.340Z,buy,5.742e-05,166.0,0.00953172
BCD/BTC,1573958710391,2019-11-17T02:45:10.391Z,buy,5.77e-05,2.0,0.0001154
BCD/BTC,1573958716634,2019-11-17T02:45:16.634Z,buy,5.772e-05,24.0,0.00138528
BCD/BTC,1573958716634,2019-11-17T02:45:16.634Z,buy,5.772e-05,24.0,0.00138528
BCD/BTC,1573960004467,2019-11-17T03:06:44.467Z,buy,5.77e-05,43.0,0.0024811
BCD/BTC,1573960438786,2019-11-17T03:13:58.786Z,buy,5.769e-05,75.0,0.00432675
BCD/BTC,1573961178924,2019-11-17T03:26:18.924Z,buy,5.77e-05,211.0,0.0121747
BCD/BTC,1573961178924,2019-11-17T03:26:18.924Z,buy,5.777e-05,320.0,0.0184864
BCD/BTC,1573961263408,2019-11-17T03:27:43.408Z,buy,5.778e-05,10.0,0.0005778
BCD/BTC,1573961404839,2019-11-17T03:30:04.839Z,sell,5.766e-05,9.0,0.00051894
BCD/BTC,1573961595460,2019-11-17T03:33:15.460Z,sell,5.772e-05,106.0,0.00611832
BCD/BTC,1573961641853,2019-11-17T03:34:01.853Z,buy,5.771e-05,168.0,0.00969528
BCD/BTC,1573961641853,2019-11-17T03:34:01.853Z,buy,5.772e-05,402.0,0.02320344
BCD/BTC,1573961690680,2019-11-17T03:34:50.680Z,buy,5.772e-05,5.0,0.0002886
BCD/BTC,1573961690680,2019-11-17T03:34:50.680Z,buy,5.772e-05,5.0,0.0002886
BCD/BTC,1573962338047,2019-11-17T03:45:38.047Z,sell,5.747e-05,134.0,0.00770098
BCD/BTC,1573962338177,2019-11-17T03:45:38.177Z,sell,5.747e-05,81.0,0.00465507
BCD/BTC,1573962338178,2019-11-17T03:45:38.178Z,sell,5.747e-05,126.0,0.00724122
BCD/BTC,1573962338229,2019-11-17T03:45:38.229Z,sell,5.747e-05,6.0,0.0003448199999999
BCD/BTC,1573962338229,2019-11-17T03:45:38.229Z,sell,5.746e-05,17.0,0.00097682
BCD/BTC,1573962342558,2019-11-17T03:45:42.558Z,sell,5.746e-05,8.0,0.00045968
BCD/BTC,1573962404092,2019-11-17T03:46:44.092Z,sell,5.746e-05,23.0,0.00132158
BCD/BTC,1573962467726,2019-11-17T03:47:47.726Z,buy,5.762e-05,347.0,0.01999414
BCD/BTC,1573962467726,2019-11-17T03:47:47.726Z,buy,5.763e-05,122.0,0.00703086
BCD/BTC,1573962468277,2019-11-17T03:47:48.277Z,sell,5.765e-05,30.0,0.0017295
BCD/BTC,1573962596455,2019-11-17T03:49:56.455Z,buy,5.766e-05,540.0,0.0311364
BCD/BTC,1573962654337,2019-11-17T03:50:54.337Z,buy,5.778e-05,6.0,0.00034668
BCD/BTC,1573962947894,2019-11-17T03:55:47.894Z,sell,5.768e-05,348.0,0.02007264
BCD/BTC,1573962948803,2019-11-17T03:55:48.803Z,buy,5.768e-05,209.0,0.0120551199999999
BCD/BTC,1573964020570,2019-11-17T04:13:40.570Z,sell,5.743e-05,50.0,0.0028715
BCD/BTC,1573964026260,2019-11-17T04:13:46.260Z,sell,5.743e-05,30.0,0.0017228999999999
BCD/BTC,1573964028340,2019-11-17T04:13:48.340Z,sell,5.743e-05,30.0,0.0017228999999999
BCD/BTC,1573964623227,2019-11-17T04:23:43.227Z,buy,5.767e-05,346.0,0.01995382
BCD/BTC,1573964623227,2019-11-17T04:23:43.227Z,buy,5.768e-05,89.0,0.00513352
BCD/BTC,1573964623229,2019-11-17T04:23:43.229Z,buy,5.771e-05,70.0,0.0040397
BCD/BTC,1573965225122,2019-11-17T04:33:45.122Z,buy,5.757e-05,8.0,0.00046056
BCD/BTC,1573965225122,2019-11-17T04:33:45.122Z,buy,5.757e-05,8.0,0.00046056
BCD/BTC,1573965376368,2019-11-17T04:36:16.368Z,sell,5.747e-05,204.0,0.0117238799999999
BCD/BTC,1573965376573,2019-11-17T04:36:16.573Z,sell,5.747e-05,48.0,0.0027585599999999
BCD/BTC,1573965376753,2019-11-17T04:36:16.753Z,sell,5.747e-05,10.0,0.0005746999999999
BCD/BTC,1573965392812,2019-11-17T04:36:32.812Z,sell,5.747e-05,46.0,0.0026436199999999
BCD/BTC,1573965545736,2019-11-17T04:39:05.736Z,sell,5.743e-05,2.0,0.00011486
BCD/BTC,1573965545736,2019-11-17T04:39:05.736Z,sell,5.74e-05,86.0,0.0049364
BCD/BTC,1573965951029,2019-11-17T04:45:51.029Z,sell,5.74e-05,97.0,0.0055678
BCD/BTC,1573965951076,2019-11-17T04:45:51.076Z,sell,5.74e-05,58.0,0.0033292
BCD/BTC,1573965951076,2019-11-17T04:45:51.076Z,sell,5.735e-05,239.0,0.0137066499999999
BCD/BTC,1573965951085,2019-11-17T04:45:51.085Z,sell,5.735e-05,109.0,0.00625115
BCD/BTC,1573965951085,2019-11-17T04:45:51.085Z,sell,5.734e-05,5.0,0.0002867
BCD/BTC,1573965951125,2019-11-17T04:45:51.125Z,buy,5.734e-05,295.0,0.0169153
BCD/BTC,1573965951226,2019-11-17T04:45:51.226Z,sell,5.733e-05,40.0,0.0022932
BCD/BTC,1573965951226,2019-11-17T04:45:51.226Z,sell,5.731e-05,30.0,0.0017193
BCD/BTC,1573965951279,2019-11-17T04:45:51.279Z,sell,5.731e-05,13.0,0.0007450299999999
BCD/BTC,1573965951279,2019-11-17T04:45:51.279Z,sell,5.73e-05,81.0,0.0046413
BCD/BTC,1573965951315,2019-11-17T04:45:51.315Z,sell,5.73e-05,369.0,0.0211436999999999
BCD/BTC,1573966103736,2019-11-17T04:48:23.736Z,sell,5.73e-05,1824.0,0.1045151999999999
BCD/BTC,1573966103736,2019-11-17T04:48:23.736Z,sell,5.729e-05,283.0,0.01621307
BCD/BTC,1573966103760,2019-11-17T04:48:23.760Z,buy,5.729e-05,275.0,0.01575475
BCD/BTC,1573966139294,2019-11-17T04:48:59.294Z,sell,5.726e-05,13.0,0.00074438
BCD/BTC,1573966139294,2019-11-17T04:48:59.294Z,sell,5.725e-05,28.0,0.001603
BCD/BTC,1573966139294,2019-11-17T04:48:59.294Z,sell,5.723e-05,251.0,0.01436473
BCD/BTC,1573966218994,2019-11-17T04:50:18.994Z,buy,5.743e-05,19.0,0.00109117
BCD/BTC,1573966224418,2019-11-17T04:50:24.418Z,sell,5.723e-05,39.0,0.00223197
BCD/BTC,1573966229600,2019-11-17T04:50:29.600Z,sell,5.723e-05,28.0,0.00160244
BCD/BTC,1573966333894,2019-11-17T04:52:13.894Z,sell,5.723e-05,102.0,0.00583746
BCD/BTC,1573966334070,2019-11-17T04:52:14.070Z,sell,5.723e-05,19.0,0.00108737
BCD/BTC,1573966334070,2019-11-17T04:52:14.070Z,sell,5.722e-05,22.0,0.00125884
BCD/BTC,1573966854241,2019-11-17T05:00:54.241Z,buy,5.741e-05,86.0,0.00493726
BCD/BTC,1573966854241,2019-11-17T05:00:54.241Z,buy,5.742e-05,348.0,0.01998216
BCD/BTC,1573966854241,2019-11-17T05:00:54.241Z,buy,5.743e-05,592.0,0.03399856
BCD/BTC,1573966854241,2019-11-17T05:00:54.241Z,buy,5.744e-05,2.0,0.00011488
BCD/BTC,1573966854241,2019-11-17T05:00:54.241Z,buy,5.75e-05,69.0,0.0039675
BCD/BTC,1573966854268,2019-11-17T05:00:54.268Z,sell,5.752e-05,641.0,0.03687032
BCD/BTC,1573966871956,2019-11-17T05:01:11.956Z,sell,5.723e-05,349.0,0.01997327
BCD/BTC,1573966871956,2019-11-17T05:01:11.956Z,sell,5.72e-05,64.0,0.0036608
BCD/BTC,1573966885337,2019-11-17T05:01:25.337Z,sell,5.72e-05,170.0,0.009724
BCD/BTC,1573966885337,2019-11-17T05:01:25.337Z,sell,5.719e-05,360.0,0.0205884
BCD/BTC,1573966885337,2019-11-17T05:01:25.337Z,sell,5.72e-05,170.0,0.009724
BCD/BTC,1573966885337,2019-11-17T05:01:25.337Z,sell,5.719e-05,360.0,0.0205884
BCD/BTC,1573969393420,2019-11-17T05:43:13.420Z,sell,5.73e-05,9.0,0.0005157
BCD/BTC,1573969405844,2019-11-17T05:43:25.844Z,sell,5.73e-05,9.0,0.0005157
BCD/BTC,1573969580023,2019-11-17T05:46:20.023Z,buy,5.738e-05,45.0,0.0025821
BCD/BTC,1573970315680,2019-11-17T05:58:35.680Z,buy,5.738e-05,22.0,0.00126236
BCD/BTC,1573970434620,2019-11-17T06:00:34.620Z,sell,5.72e-05,155.0,0.008866
BCD/BTC,1573970434620,2019-11-17T06:00:34.620Z,sell,5.719e-05,697.0,0.0398614299999999
BCD/BTC,1573970434620,2019-11-17T06:00:34.620Z,sell,5.718e-05,154.0,0.00880572
BCD/BTC,1573970434620,2019-11-17T06:00:34.620Z,sell,5.715e-05,1270.0,0.0725805
BCD/BTC,1573970434620,2019-11-17T06:00:34.620Z,sell,5.714e-05,26.0,0.0014856399999999
BCD/BTC,1573970434620,2019-11-17T06:00:34.620Z,sell,5.711e-05,102.0,0.00582522
BCD/BTC,1573970434620,2019-11-17T06:00:34.620Z,sell,5.709e-05,11.0,0.0006279899999999
BCD/BTC,1573970434620,2019-11-17T06:00:34.620Z,sell,5.708e-05,3.0,0.00017124
BCD/BTC,1573970434620,2019-11-17T06:00:34.620Z,sell,5.707e-05,11.0,0.00062777
BCD/BTC,1573970434620,2019-11-17T06:00:34.620Z,sell,5.705e-05,2.0,0.0001141
BCD/BTC,1573970434620,2019-11-17T06:00:34.620Z,sell,5.704e-05,441.0,0.02515464
BCD/BTC,1573970434620,2019-11-17T06:00:34.620Z,sell,5.7e-05,596.0,0.033972
BCD/BTC,1573970434751,2019-11-17T06:00:34.751Z,sell,5.72e-05,103.0,0.0058916
BCD/BTC,1573970434751,2019-11-17T06:00:34.751Z,sell,5.72e-05,103.0,0.0058916
BCD/BTC,1573970572419,2019-11-17T06:02:52.419Z,buy,5.726e-05,21.0,0.00120246
BCD/BTC,1573970601100,2019-11-17T06:03:21.100Z,buy,5.724e-05,84.0,0.00480816
BCD/BTC,1573970604632,2019-11-17T06:03:24.632Z,buy,5.722e-05,174.0,0.00995628
BCD/BTC,1573970635719,2019-11-17T06:03:55.719Z,buy,5.723e-05,313.0,0.01791299
BCD/BTC,1573971267986,2019-11-17T06:14:27.986Z,buy,5.732e-05,27.0,0.00154764
BCD/BTC,1573971539660,2019-11-17T06:18:59.660Z,buy,5.726e-05,97.0,0.0055542199999999
BCD/BTC,1573971548727,2019-11-17T06:19:08.727Z,buy,5.726e-05,59.0,0.0033783399999999
BCD/BTC,1573971617321,2019-11-17T06:20:17.321Z,sell,5.717e-05,2.0,0.00011434
BCD/BTC,1573971619917,2019-11-17T06:20:19.917Z,buy,5.716e-05,118.0,0.00674488
BCD/BTC,1573971619917,2019-11-17T06:20:19.917Z,buy,5.717e-05,402.0,0.02298234
BCD/BTC,1573971631128,2019-11-17T06:20:31.128Z,buy,5.717e-05,404.0,0.02309668
BCD/BTC,1573971642029,2019-11-17T06:20:42.029Z,buy,5.727e-05,153.0,0.00876231
BCD/BTC,1573972556475,2019-11-17T06:35:56.475Z,buy,5.725e-05,17.0,0.00097325
BCD/BTC,1573972697075,2019-11-17T06:38:17.075Z,sell,5.7e-05,36.0,0.002052
BCD/BTC,1573973177857,2019-11-17T06:46:17.857Z,buy,5.725e-05,55.0,0.00314875
BCD/BTC,1573973379601,2019-11-17T06:49:39.601Z,buy,5.724e-05,3491.0,0.19982484
BCD/BTC,1573973379601,2019-11-17T06:49:39.601Z,buy,5.724e-05,3491.0,0.19982484
BCD/BTC,1573974914422,2019-11-17T07:15:14.422Z,sell,5.706e-05,178.0,0.01015668
BCD/BTC,1573975826365,2019-11-17T07:30:26.365Z,buy,5.723e-05,10.0,0.0005723
BCD/BTC,1573976588932,2019-11-17T07:43:08.932Z,buy,5.723e-05,4.0,0.00022892
BCD/BTC,1573976819759,2019-11-17T07:46:59.759Z,sell,5.709e-05,70.0,0.0039962999999999
BCD/BTC,1573976819759,2019-11-17T07:46:59.759Z,sell,5.709e-05,70.0,0.0039962999999999
BCD/BTC,1573977042497,2019-11-17T07:50:42.497Z,sell,5.708e-05,214.0,0.01221512
BCD/BTC,1573977104710,2019-11-17T07:51:44.710Z,sell,5.708e-05,731.0,0.04172548
BCD/BTC,1573977521304,2019-11-17T07:58:41.304Z,buy,5.723e-05,46.0,0.00263258
BCD/BTC,1573977521304,2019-11-17T07:58:41.304Z,buy,5.724e-05,311.0,0.01780164
BCD/BTC,1573977521346,2019-11-17T07:58:41.346Z,buy,5.724e-05,85.0,0.0048654
BCD/BTC,1573977526318,2019-11-17T07:58:46.318Z,buy,5.734e-05,5.0,0.0002867
BCD/BTC,1573977547863,2019-11-17T07:59:07.863Z,sell,5.734e-05,29.0,0.00166286
BCD/BTC,1573977552740,2019-11-17T07:59:12.740Z,buy,5.743e-05,3.0,0.00017229
BCD/BTC,1573977552740,2019-11-17T07:59:12.740Z,buy,5.747e-05,142.0,0.00816074
BCD/BTC,1573977552740,2019-11-17T07:59:12.740Z,buy,5.748e-05,28.0,0.00160944
BCD/BTC,1573977707413,2019-11-17T08:01:47.413Z,buy,5.748e-05,298.0,0.0171290399999999
BCD/BTC,1573977707413,2019-11-17T08:01:47.413Z,buy,5.751e-05,579.0,0.03329829
BCD/BTC,1573977709139,2019-11-17T08:01:49.139Z,buy,5.751e-05,179.0,0.01029429
BCD/BTC,1573977709585,2019-11-17T08:01:49.585Z,buy,5.751e-05,115.0,0.00661365
BCD/BTC,1573977709585,2019-11-17T08:01:49.585Z,buy,5.753e-05,53.0,0.00304909
BCD/BTC,1573978019533,2019-11-17T08:06:59.533Z,sell,5.74e-05,248.0,0.0142352
BCD/BTC,1573978020336,2019-11-17T08:07:00.336Z,sell,5.74e-05,2.0,0.0001148
BCD/BTC,1573978020336,2019-11-17T08:07:00.336Z,sell,5.738e-05,93.0,0.00533634
BCD/BTC,1573978059131,2019-11-17T08:07:39.131Z,sell,5.734e-05,17.0,0.00097478
BCD/BTC,1573978059131,2019-11-17T08:07:39.131Z,sell,5.727e-05,12.0,0.00068724
BCD/BTC,1573978235211,2019-11-17T08:10:35.211Z,sell,5.719e-05,106.0,0.00606214
BCD/BTC,1573978235236,2019-11-17T08:10:35.236Z,sell,5.719e-05,25.0,0.00142975
BCD/BTC,1573978235645,2019-11-17T08:10:35.645Z,sell,5.714e-05,22.0,0.00125708
BCD/BTC,1573978239663,2019-11-17T08:10:39.663Z,buy,5.746e-05,184.0,0.01057264
BCD/BTC,1573978239663,2019-11-17T08:10:39.663Z,buy,5.747e-05,24.0,0.0013792799999999
BCD/BTC,1573978239859,2019-11-17T08:10:39.859Z,sell,5.709e-05,88.0,0.0050239199999999
BCD/BTC,1573978239859,2019-11-17T08:10:39.859Z,sell,5.708e-05,8.0,0.00045664
BCD/BTC,1573978240713,2019-11-17T08:10:40.713Z,sell,5.708e-05,81.0,0.00462348
BCD/BTC,1573978241439,2019-11-17T08:10:41.439Z,sell,5.71e-05,71.0,0.0040541
BCD/BTC,1573978241882,2019-11-17T08:10:41.882Z,sell,5.71e-05,31.0,0.0017701
BCD/BTC,1573978241882,2019-11-17T08:10:41.882Z,sell,5.708e-05,4.0,0.00022832
BCD/BTC,1573978241882,2019-11-17T08:10:41.882Z,sell,5.707e-05,350.0,0.0199745
BCD/BTC,1573978241882,2019-11-17T08:10:41.882Z,sell,5.706e-05,90.0,0.0051354
BCD/BTC,1573978242475,2019-11-17T08:10:42.475Z,sell,5.711e-05,44.0,0.00251284
BCD/BTC,1573978401076,2019-11-17T08:13:21.076Z,buy,5.726e-05,14.0,0.00080164
BCD/BTC,1573978994335,2019-11-17T08:23:14.335Z,sell,5.707e-05,81.0,0.00462267
BCD/BTC,1573978994335,2019-11-17T08:23:14.335Z,sell,5.706e-05,539.0,0.03075534
BCD/BTC,1573978994335,2019-11-17T08:23:14.335Z,sell,5.705e-05,503.0,0.02869615
BCD/BTC,1573978994335,2019-11-17T08:23:14.335Z,sell,5.7e-05,32.0,0.001824
BCD/BTC,1573979280903,2019-11-17T08:28:00.903Z,buy,5.714e-05,8.0,0.00045712
BCD/BTC,1573979286700,2019-11-17T08:28:06.700Z,buy,5.714e-05,16.0,0.00091424
BCD/BTC,1573979291433,2019-11-17T08:28:11.433Z,buy,5.713e-05,44.0,0.0025137199999999
BCD/BTC,1573979296147,2019-11-17T08:28:16.147Z,buy,5.713e-05,8.0,0.00045704
BCD/BTC,1573979445669,2019-11-17T08:30:45.669Z,buy,5.714e-05,365.0,0.0208561
BCD/BTC,1573979466744,2019-11-17T08:31:06.744Z,sell,5.7e-05,541.0,0.030837
BCD/BTC,1573979466784,2019-11-17T08:31:06.784Z,buy,5.7e-05,8.0,0.000456
BCD/BTC,1573979466790,2019-11-17T08:31:06.790Z,buy,5.7e-05,26.0,0.001482
BCD/BTC,1573979466881,2019-11-17T08:31:06.881Z,sell,5.699e-05,31.0,0.00176669
BCD/BTC,1573979466899,2019-11-17T08:31:06.899Z,sell,5.699e-05,9.0,0.00051291
BCD/BTC,1573980032427,2019-11-17T08:40:32.427Z,buy,5.699e-05,19.0,0.00108281
BCD/BTC,1573980285887,2019-11-17T08:44:45.887Z,buy,5.699e-05,15.0,0.00085485
BCD/BTC,1573980343378,2019-11-17T08:45:43.378Z,buy,5.699e-05,15.0,0.00085485
BCD/BTC,1573980362419,2019-11-17T08:46:02.419Z,buy,5.699e-05,31.0,0.00176669
BCD/BTC,1573980362419,2019-11-17T08:46:02.419Z,buy,5.699e-05,31.0,0.00176669
BCD/BTC,1573980485048,2019-11-17T08:48:05.048Z,sell,5.698e-05,14.0,0.00079772
BCD/BTC,1573980495672,2019-11-17T08:48:15.672Z,sell,5.698e-05,140.0,0.0079772
BCD/BTC,1573980506466,2019-11-17T08:48:26.466Z,buy,5.699e-05,12.0,0.00068388
BCD/BTC,1573980507044,2019-11-17T08:48:27.044Z,sell,5.698e-05,34.0,0.00193732
BCD/BTC,1573980513205,2019-11-17T08:48:33.205Z,buy,5.699e-05,450.0,0.0256455
BCD/BTC,1573980516489,2019-11-17T08:48:36.489Z,buy,5.699e-05,190.0,0.0108281
BCD/BTC,1573980635051,2019-11-17T08:50:35.051Z,buy,5.699e-05,36.0,0.00205164
BCD/BTC,1573980809276,2019-11-17T08:53:29.276Z,sell,5.697e-05,12.0,0.00068364
BCD/BTC,1573980809276,2019-11-17T08:53:29.276Z,sell,5.694e-05,13.0,0.00074022
BCD/BTC,1573980809276,2019-11-17T08:53:29.276Z,sell,5.69e-05,3.0,0.0001707
BCD/BTC,1573980809276,2019-11-17T08:53:29.276Z,sell,5.689e-05,2.0,0.00011378
BCD/BTC,1573980846457,2019-11-17T08:54:06.457Z,buy,5.699e-05,282.0,0.01607118
BCD/BTC,1573980846552,2019-11-17T08:54:06.552Z,sell,5.699e-05,100.0,0.005699
BCD/BTC,1573980846580,2019-11-17T08:54:06.580Z,sell,5.699e-05,7.0,0.00039893
BCD/BTC,1573980860393,2019-11-17T08:54:20.393Z,sell,5.689e-05,101.0,0.00574589
BCD/BTC,1573980861527,2019-11-17T08:54:21.527Z,sell,5.689e-05,94.0,0.00534766
BCD/BTC,1573980908182,2019-11-17T08:55:08.182Z,sell,5.689e-05,31.0,0.00176359
BCD/BTC,1573980968321,2019-11-17T08:56:08.321Z,sell,5.689e-05,61.0,0.00347029
BCD/BTC,1573981059397,2019-11-17T08:57:39.397Z,buy,5.699e-05,308.0,0.01755292
BCD/BTC,1573981059397,2019-11-17T08:57:39.397Z,buy,5.7e-05,2385.0,0.135945
BCD/BTC,1573981106213,2019-11-17T08:58:26.213Z,buy,5.699e-05,20.0,0.0011398
BCD/BTC,1573981118889,2019-11-17T08:58:38.889Z,buy,5.699e-05,111.0,0.00632589
BCD/BTC,1573981118889,2019-11-17T08:58:38.889Z,buy,5.7e-05,259.0,0.014763
BCD/BTC,1573981161986,2019-11-17T08:59:21.986Z,sell,5.689e-05,398.0,0.02264222
BCD/BTC,1573981163869,2019-11-17T08:59:23.869Z,sell,5.689e-05,415.0,0.02360935
BCD/BTC,1573981164351,2019-11-17T08:59:24.351Z,sell,5.689e-05,168.0,0.00955752
BCD/BTC,1573981164351,2019-11-17T08:59:24.351Z,sell,5.688e-05,169.0,0.00961272
BCD/BTC,1573981165579,2019-11-17T08:59:25.579Z,sell,5.688e-05,344.0,0.01956672
BCD/BTC,1573981166003,2019-11-17T08:59:26.003Z,sell,5.688e-05,279.0,0.0158695199999999
BCD/BTC,1573981166901,2019-11-17T08:59:26.901Z,sell,5.688e-05,356.0,0.0202492799999999
BCD/BTC,1573981167367,2019-11-17T08:59:27.367Z,sell,5.688e-05,55.0,0.0031284
BCD/BTC,1573981257711,2019-11-17T09:00:57.711Z,sell,5.688e-05,5.0,0.0002844
BCD/BTC,1573981257711,2019-11-17T09:00:57.711Z,sell,5.685e-05,4.0,0.0002274
BCD/BTC,1573981259351,2019-11-17T09:00:59.351Z,sell,5.685e-05,9.0,0.00051165
BCD/BTC,1573981265344,2019-11-17T09:01:05.344Z,sell,5.685e-05,15.0,0.00085275
BCD/BTC,1573981265344,2019-11-17T09:01:05.344Z,sell,5.683e-05,13.0,0.00073879
BCD/BTC,1573981265344,2019-11-17T09:01:05.344Z,sell,5.682e-05,7.0,0.00039774
BCD/BTC,1573981265668,2019-11-17T09:01:05.668Z,sell,5.682e-05,1.0,5.682e-05
BCD/BTC,1573981265668,2019-11-17T09:01:05.668Z,sell,5.68e-05,219.0,0.0124392
BCD/BTC,1573981265802,2019-11-17T09:01:05.802Z,sell,5.68e-05,14.0,0.0007952
BCD/BTC,1573981267958,2019-11-17T09:01:07.958Z,sell,5.68e-05,51.0,0.0028967999999999
BCD/BTC,1573981267960,2019-11-17T09:01:07.960Z,sell,5.68e-05,57.0,0.0032375999999999
BCD/BTC,1573981268252,2019-11-17T09:01:08.252Z,sell,5.68e-05,39.0,0.0022152
BCD/BTC,1573981268640,2019-11-17T09:01:08.640Z,sell,5.68e-05,163.0,0.0092584
BCD/BTC,1573981268644,2019-11-17T09:01:08.644Z,sell,5.68e-05,23.0,0.0013063999999999
BCD/BTC,1573981268644,2019-11-17T09:01:08.644Z,sell,5.679e-05,13.0,0.00073827
BCD/BTC,1573981268725,2019-11-17T09:01:08.725Z,sell,5.676e-05,2.0,0.00011352
BCD/BTC,1573981268725,2019-11-17T09:01:08.725Z,sell,5.673e-05,3.0,0.00017019
BCD/BTC,1573981272684,2019-11-17T09:01:12.684Z,sell,5.666e-05,40.0,0.0022664
BCD/BTC,1573981274025,2019-11-17T09:01:14.025Z,buy,5.666e-05,52.0,0.00294632
BCD/BTC,1573981276541,2019-11-17T09:01:16.541Z,buy,5.67e-05,4.0,0.0002268
BCD/BTC,1573981276541,2019-11-17T09:01:16.541Z,buy,5.678e-05,22.0,0.00124916
BCD/BTC,1573981278510,2019-11-17T09:01:18.510Z,sell,5.665e-05,5.0,0.00028325
BCD/BTC,1573981279616,2019-11-17T09:01:19.616Z,sell,5.659e-05,31.0,0.00175429
BCD/BTC,1573981280498,2019-11-17T09:01:20.498Z,buy,5.659e-05,7.0,0.0003961299999999
BCD/BTC,1573981291312,2019-11-17T09:01:31.312Z,buy,5.678e-05,119.0,0.00675682
BCD/BTC,1573981319603,2019-11-17T09:01:59.603Z,buy,5.696e-05,10.0,0.0005696
BCD/BTC,1573981989489,2019-11-17T09:13:09.489Z,buy,5.684e-05,162.0,0.00920808
BCD/BTC,1573981989819,2019-11-17T09:13:09.819Z,buy,5.684e-05,142.0,0.00807128
BCD/BTC,1573982028242,2019-11-17T09:13:48.242Z,buy,5.68e-05,26.0,0.0014768
BCD/BTC,1573982028308,2019-11-17T09:13:48.308Z,buy,5.68e-05,26.0,0.0014768
BCD/BTC,1573982459698,2019-11-17T09:20:59.698Z,sell,5.66e-05,59.0,0.0033394
BCD/BTC,1573982459698,2019-11-17T09:20:59.698Z,buy,5.66e-05,375.0,0.021225
BCD/BTC,1573982459742,2019-11-17T09:20:59.742Z,buy,5.66e-05,346.0,0.0195836
BCD/BTC,1573982459780,2019-11-17T09:20:59.780Z,buy,5.66e-05,229.0,0.0129614
BCD/BTC,1573982459789,2019-11-17T09:20:59.789Z,buy,5.66e-05,41.0,0.0023206
BCD/BTC,1573982459876,2019-11-17T09:20:59.876Z,buy,5.66e-05,194.0,0.0109804
BCD/BTC,1573982460765,2019-11-17T09:21:00.765Z,buy,5.66e-05,819.0,0.0463554
BCD/BTC,1573982461273,2019-11-17T09:21:01.273Z,buy,5.66e-05,27.0,0.0015282
BCD/BTC,1573982461531,2019-11-17T09:21:01.531Z,buy,5.66e-05,2.0,0.0001132
BCD/BTC,1573982462200,2019-11-17T09:21:02.200Z,buy,5.66e-05,39.0,0.0022074
BCD/BTC,1573982473236,2019-11-17T09:21:13.236Z,buy,5.66e-05,179.0,0.0101314
BCD/BTC,1573982473395,2019-11-17T09:21:13.395Z,buy,5.66e-05,62.0,0.0035092
BCD/BTC,1573982474664,2019-11-17T09:21:14.664Z,buy,5.66e-05,410.0,0.023206
BCD/BTC,1573982474961,2019-11-17T09:21:14.961Z,buy,5.66e-05,88.0,0.0049808
BCD/BTC,1573982475440,2019-11-17T09:21:15.440Z,buy,5.66e-05,47.0,0.0026602
BCD/BTC,1573982475685,2019-11-17T09:21:15.685Z,buy,5.66e-05,109.0,0.0061694
BCD/BTC,1573982476433,2019-11-17T09:21:16.433Z,buy,5.66e-05,47.0,0.0026602
BCD/BTC,1573982480487,2019-11-17T09:21:20.487Z,buy,5.66e-05,10.0,0.000566
BCD/BTC,1573982481732,2019-11-17T09:21:21.732Z,buy,5.66e-05,102.0,0.0057732
BCD/BTC,1573982481892,2019-11-17T09:21:21.892Z,buy,5.66e-05,57.0,0.0032262
BCD/BTC,1573982491344,2019-11-17T09:21:31.344Z,buy,5.66e-05,205.0,0.011603
BCD/BTC,1573982503334,2019-11-17T09:21:43.334Z,buy,5.66e-05,216.0,0.0122256
BCD/BTC,1573982518125,2019-11-17T09:21:58.125Z,buy,5.659e-05,200.0,0.011318
BCD/BTC,1573982529161,2019-11-17T09:22:09.161Z,buy,5.659e-05,273.0,0.0154490699999999
BCD/BTC,1573982533181,2019-11-17T09:22:13.181Z,buy,5.66e-05,3194.0,0.1807804
BCD/BTC,1573982533185,2019-11-17T09:22:13.185Z,buy,5.66e-05,3510.0,0.198666
BCD/BTC,1573982576891,2019-11-17T09:22:56.891Z,buy,5.659e-05,423.0,0.02393757
BCD/BTC,1573982576891,2019-11-17T09:22:56.891Z,buy,5.66e-05,977.0,0.0552982
BCD/BTC,1573982589404,2019-11-17T09:23:09.404Z,buy,5.66e-05,600.0,0.03396
BCD/BTC,1573982620313,2019-11-17T09:23:40.313Z,buy,5.66e-05,425.0,0.024055
BCD/BTC,1573982624558,2019-11-17T09:23:44.558Z,buy,5.66e-05,90.0,0.005094
BCD/BTC,1573982648519,2019-11-17T09:24:08.519Z,buy,5.66e-05,176.0,0.0099616
BCD/BTC,1573982652295,2019-11-17T09:24:12.295Z,buy,5.688e-05,8.0,0.00045504
BCD/BTC,1573982656946,2019-11-17T09:24:16.946Z,buy,5.688e-05,16.0,0.00091008
BCD/BTC,1573982659526,2019-11-17T09:24:19.526Z,buy,5.688e-05,79.0,0.00449352
BCD/BTC,1573982662667,2019-11-17T09:24:22.667Z,buy,5.688e-05,44.0,0.00250272
BCD/BTC,1573982667977,2019-11-17T09:24:27.977Z,buy,5.688e-05,119.0,0.00676872
BCD/BTC,1573982667977,2019-11-17T09:24:27.977Z,buy,5.694e-05,70.0,0.0039858
BCD/BTC,1573982670920,2019-11-17T09:24:30.920Z,buy,5.694e-05,9.0,0.00051246
BCD/BTC,1573982672972,2019-11-17T09:24:32.972Z,buy,5.694e-05,8.0,0.00045552
BCD/BTC,1573983828659,2019-11-17T09:43:48.659Z,sell,5.672e-05,26.0,0.00147472
BCD/BTC,1573983828659,2019-11-17T09:43:48.659Z,sell,5.672e-05,26.0,0.00147472
BCD/BTC,1573984081156,2019-11-17T09:48:01.156Z,buy,5.691e-05,1247.0,0.07096677
BCD/BTC,1573984081254,2019-11-17T09:48:01.254Z,sell,5.68e-05,165.0,0.009372
BCD/BTC,1573984084254,2019-11-17T09:48:04.254Z,sell,5.68e-05,110.0,0.006248
BCD/BTC,1573984235777,2019-11-17T09:50:35.777Z,sell,5.68e-05,100.0,0.00568
BCD/BTC,1573984241683,2019-11-17T09:50:41.683Z,sell,5.672e-05,90.0,0.0051048
BCD/BTC,1573984290660,2019-11-17T09:51:30.660Z,sell,5.658e-05,43.0,0.0024329399999999
BCD/BTC,1573984290660,2019-11-17T09:51:30.660Z,sell,5.657e-05,13.0,0.00073541
BCD/BTC,1573984290660,2019-11-17T09:51:30.660Z,sell,5.656e-05,107.0,0.00605192
BCD/BTC,1573984292416,2019-11-17T09:51:32.416Z,buy,5.677e-05,8.0,0.00045416
BCD/BTC,1573984312218,2019-11-17T09:51:52.218Z,sell,5.654e-05,76.0,0.00429704
BCD/BTC,1573984312218,2019-11-17T09:51:52.218Z,sell,5.653e-05,5.0,0.00028265
BCD/BTC,1573984312218,2019-11-17T09:51:52.218Z,sell,5.652e-05,18.0,0.00101736
BCD/BTC,1573984352813,2019-11-17T09:52:32.813Z,buy,5.666e-05,15.0,0.0008499
BCD/BTC,1573984357891,2019-11-17T09:52:37.891Z,buy,5.686e-05,15.0,0.0008529
BCD/BTC,1573984409456,2019-11-17T09:53:29.456Z,buy,5.683e-05,26.0,0.00147758
BCD/BTC,1573984473624,2019-11-17T09:54:33.624Z,buy,5.686e-05,90.0,0.0051174
BCD/BTC,1573984474705,2019-11-17T09:54:34.705Z,sell,5.686e-05,131.0,0.00744866
BCD/BTC,1573984474851,2019-11-17T09:54:34.851Z,sell,5.685e-05,168.0,0.0095508
BCD/BTC,1573984480491,2019-11-17T09:54:40.491Z,buy,5.692e-05,22.0,0.00125224
BCD/BTC,1573984490652,2019-11-17T09:54:50.652Z,buy,5.691e-05,22.0,0.00125202
BCD/BTC,1573985008354,2019-11-17T10:03:28.354Z,buy,5.694e-05,2.0,0.00011388
BCD/BTC,1573985012708,2019-11-17T10:03:32.708Z,sell,5.676e-05,112.0,0.00635712
BCD/BTC,1573985012711,2019-11-17T10:03:32.711Z,sell,5.676e-05,112.0,0.00635712
BCD/BTC,1573985015741,2019-11-17T10:03:35.741Z,sell,5.676e-05,128.0,0.00726528
BCD/BTC,1573985015741,2019-11-17T10:03:35.741Z,sell,5.672e-05,128.0,0.00726016
BCD/BTC,1573985015741,2019-11-17T10:03:35.741Z,sell,5.671e-05,44.0,0.0024952399999999
BCD/BTC,1573985020774,2019-11-17T10:03:40.774Z,sell,5.666e-05,68.0,0.00385288
BCD/BTC,1573985020774,2019-11-17T10:03:40.774Z,sell,5.665e-05,15.0,0.00084975
BCD/BTC,1573985020774,2019-11-17T10:03:40.774Z,sell,5.661e-05,175.0,0.00990675
BCD/BTC,1573985024338,2019-11-17T10:03:44.338Z,sell,5.666e-05,137.0,0.00776242
BCD/BTC,1573985039208,2019-11-17T10:03:59.208Z,sell,5.654e-05,4.0,0.00022616
BCD/BTC,1573985039208,2019-11-17T10:03:59.208Z,sell,5.653e-05,32.0,0.00180896
BCD/BTC,1573985039208,2019-11-17T10:03:59.208Z,sell,5.651e-05,169.0,0.00955019
BCD/BTC,1573985174321,2019-11-17T10:06:14.321Z,sell,5.65e-05,6.0,0.000339
BCD/BTC,1573985411141,2019-11-17T10:10:11.141Z,sell,5.67e-05,28.0,0.0015876
BCD/BTC,1573985426004,2019-11-17T10:10:26.004Z,buy,5.672e-05,5.0,0.0002836
BCD/BTC,1573985500534,2019-11-17T10:11:40.534Z,buy,5.673e-05,141.0,0.00799893
BCD/BTC,1573985500534,2019-11-17T10:11:40.534Z,buy,5.69e-05,35.0,0.0019915
BCD/BTC,1573985596799,2019-11-17T10:13:16.799Z,sell,5.67e-05,41.0,0.0023247
BCD/BTC,1573985759155,2019-11-17T10:15:59.155Z,sell,5.67e-05,382.0,0.0216594
BCD/BTC,1573985759155,2019-11-17T10:15:59.155Z,sell,5.651e-05,50.0,0.0028255
BCD/BTC,1573985759155,2019-11-17T10:15:59.155Z,sell,5.65e-05,146.0,0.008249
BCD/BTC,1573985759155,2019-11-17T10:15:59.155Z,sell,5.649e-05,13.0,0.00073437
BCD/BTC,1573985759155,2019-11-17T10:15:59.155Z,sell,5.647e-05,22.0,0.00124234
BCD/BTC,1573985759155,2019-11-17T10:15:59.155Z,sell,5.645e-05,28.0,0.0015806
BCD/BTC,1573985759155,2019-11-17T10:15:59.155Z,sell,5.64e-05,141.0,0.0079524
BCD/BTC,1573985759155,2019-11-17T10:15:59.155Z,sell,5.638e-05,3.0,0.00016914
BCD/BTC,1573985759155,2019-11-17T10:15:59.155Z,sell,5.635e-05,16.0,0.0009016
BCD/BTC,1573985759155,2019-11-17T10:15:59.155Z,sell,5.633e-05,53.0,0.00298549
BCD/BTC,1573985759155,2019-11-17T10:15:59.155Z,sell,5.632e-05,388.0,0.02185216
BCD/BTC,1573985759155,2019-11-17T10:15:59.155Z,sell,5.631e-05,23.0,0.00129513
BCD/BTC,1573985759155,2019-11-17T10:15:59.155Z,sell,5.63e-05,123.0,0.0069249
BCD/BTC,1573985759155,2019-11-17T10:15:59.155Z,sell,5.628e-05,4.0,0.00022512
BCD/BTC,1573985759155,2019-11-17T10:15:59.155Z,sell,5.626e-05,16.0,0.00090016
BCD/BTC,1573985759155,2019-11-17T10:15:59.155Z,sell,5.625e-05,7.0,0.00039375
BCD/BTC,1573985759155,2019-11-17T10:15:59.155Z,sell,5.622e-05,15.0,0.0008433
BCD/BTC,1573985759155,2019-11-17T10:15:59.155Z,sell,5.621e-05,97.0,0.00545237
BCD/BTC,1573985759155,2019-11-17T10:15:59.155Z,sell,5.62e-05,48.0,0.0026975999999999
BCD/BTC,1573985759155,2019-11-17T10:15:59.155Z,sell,5.618e-05,55.0,0.0030899
BCD/BTC,1573985759155,2019-11-17T10:15:59.155Z,sell,5.616e-05,72.0,0.00404352
BCD/BTC,1573985759155,2019-11-17T10:15:59.155Z,sell,5.615e-05,810.0,0.0454815
BCD/BTC,1573985759155,2019-11-17T10:15:59.155Z,sell,5.614e-05,22.0,0.00123508
BCD/BTC,1573985759155,2019-11-17T10:15:59.155Z,sell,5.613e-05,18.0,0.00101034
BCD/BTC,1573985759155,2019-11-17T10:15:59.155Z,sell,5.612e-05,593.0,0.03327916
BCD/BTC,1573985759155,2019-11-17T10:15:59.155Z,sell,5.611e-05,359.0,0.02014349
BCD/BTC,1573985759868,2019-11-17T10:15:59.868Z,buy,5.659e-05,21.0,0.0011883899999999
BCD/BTC,1573985765401,2019-11-17T10:16:05.401Z,buy,5.624e-05,6.0,0.00033744
BCD/BTC,1573985765480,2019-11-17T10:16:05.480Z,buy,5.624e-05,45.0,0.0025307999999999
BCD/BTC,1573985765480,2019-11-17T10:16:05.480Z,buy,5.647e-05,22.0,0.00124234
BCD/BTC,1573985765566,2019-11-17T10:16:05.566Z,buy,5.661e-05,878.0,0.04970358
BCD/BTC,1573985765922,2019-11-17T10:16:05.922Z,sell,5.647e-05,29.0,0.00163763
BCD/BTC,1573985767086,2019-11-17T10:16:07.086Z,buy,5.66e-05,250.0,0.01415
BCD/BTC,1573985767086,2019-11-17T10:16:07.086Z,buy,5.661e-05,975.0,0.05519475
BCD/BTC,1573985767264,2019-11-17T10:16:07.264Z,buy,5.66e-05,166.0,0.0093956
BCD/BTC,1573985767264,2019-11-17T10:16:07.264Z,buy,5.661e-05,44.0,0.00249084
BCD/BTC,1573985767329,2019-11-17T10:16:07.329Z,buy,5.66e-05,111.0,0.0062826
BCD/BTC,1573985767329,2019-11-17T10:16:07.329Z,buy,5.661e-05,589.0,0.03334329
BCD/BTC,1573985815347,2019-11-17T10:16:55.347Z,buy,5.662e-05,141.0,0.00798342
BCD/BTC,1573985815347,2019-11-17T10:16:55.347Z,buy,5.663e-05,55.0,0.00311465
BCD/BTC,1573985815347,2019-11-17T10:16:55.347Z,buy,5.664e-05,80.0,0.0045312
BCD/BTC,1573985816174,2019-11-17T10:16:56.174Z,buy,5.664e-05,35.0,0.0019824
BCD/BTC,1573985816530,2019-11-17T10:16:56.530Z,buy,5.664e-05,59.0,0.00334176
BCD/BTC,1573985818604,2019-11-17T10:16:58.604Z,buy,5.664e-05,58.0,0.00328512
BCD/BTC,1573985818839,2019-11-17T10:16:58.839Z,buy,5.664e-05,97.0,0.00549408
BCD/BTC,1573985818933,2019-11-17T10:16:58.933Z,buy,5.664e-05,149.0,0.00843936
BCD/BTC,1573985818933,2019-11-17T10:16:58.933Z,buy,5.665e-05,5.0,0.00028325
BCD/BTC,1573985818933,2019-11-17T10:16:58.933Z,buy,5.666e-05,2.0,0.00011332
BCD/BTC,1573985820009,2019-11-17T10:17:00.009Z,buy,5.666e-05,31.0,0.00175646
BCD/BTC,1573985973443,2019-11-17T10:19:33.443Z,buy,5.666e-05,1.0,5.666e-05
BCD/BTC,1573986248671,2019-11-17T10:24:08.671Z,buy,5.663e-05,2.0,0.00011326
BCD/BTC,1573986248671,2019-11-17T10:24:08.671Z,buy,5.664e-05,319.0,0.01806816
BCD/BTC,1573986264734,2019-11-17T10:24:24.734Z,buy,5.666e-05,6.0,0.00033996
BCD/BTC,1573986264734,2019-11-17T10:24:24.734Z,buy,5.673e-05,3.0,0.00017019
BCD/BTC,1573986264734,2019-11-17T10:24:24.734Z,buy,5.678e-05,74.0,0.00420172
BCD/BTC,1573986264734,2019-11-17T10:24:24.734Z,buy,5.679e-05,13.0,0.00073827
BCD/BTC,1573986264734,2019-11-17T10:24:24.734Z,buy,5.68e-05,22.0,0.0012496
BCD/BTC,1573986264734,2019-11-17T10:24:24.734Z,buy,5.684e-05,152.0,0.00863968
BCD/BTC,1573986738342,2019-11-17T10:32:18.342Z,buy,5.676e-05,1.0,5.676e-05
BCD/BTC,1573987038140,2019-11-17T10:37:18.140Z,buy,5.675e-05,1.0,5.675e-05
BCD/BTC,1573987155080,2019-11-17T10:39:15.080Z,buy,5.675e-05,1.0,5.675e-05
BCD/BTC,1573987235482,2019-11-17T10:40:35.482Z,buy,5.68e-05,1.0,5.68e-05
BCD/BTC,1573987235482,2019-11-17T10:40:35.482Z,buy,5.68e-05,1.0,5.68e-05
BCD/BTC,1573988230931,2019-11-17T10:57:10.931Z,sell,5.672e-05,82.0,0.0046510399999999
BCD/BTC,1573988376856,2019-11-17T10:59:36.856Z,sell,5.672e-05,50.0,0.002836
BCD/BTC,1573988407223,2019-11-17T11:00:07.223Z,sell,5.672e-05,36.0,0.00204192
BCD/BTC,1573988439423,2019-11-17T11:00:39.423Z,buy,5.674e-05,2.0,0.00011348
BCD/BTC,1573988439423,2019-11-17T11:00:39.423Z,buy,5.683e-05,3.0,0.00017049
BCD/BTC,1573988439423,2019-11-17T11:00:39.423Z,buy,5.684e-05,2.0,0.00011368
BCD/BTC,1573988439423,2019-11-17T11:00:39.423Z,buy,5.685e-05,6.0,0.0003411
BCD/BTC,1573988747826,2019-11-17T11:05:47.826Z,sell,5.682e-05,490.0,0.0278418
BCD/BTC,1573988747831,2019-11-17T11:05:47.831Z,sell,5.682e-05,270.0,0.0153414
BCD/BTC,1573989052542,2019-11-17T11:10:52.542Z,buy,5.684e-05,148.0,0.00841232
BCD/BTC,1573989052542,2019-11-17T11:10:52.542Z,buy,5.685e-05,22.0,0.0012507
BCD/BTC,1573989413167,2019-11-17T11:16:53.167Z,buy,5.698e-05,1.0,5.698e-05
BCD/BTC,1573989446665,2019-11-17T11:17:26.665Z,buy,5.698e-05,1.0,5.698e-05
BCD/BTC,1573989715864,2019-11-17T11:21:55.864Z,sell,5.672e-05,10.0,0.0005672
BCD/BTC,1573989851314,2019-11-17T11:24:11.314Z,buy,5.695e-05,2.0,0.0001139
BCD/BTC,1573989851314,2019-11-17T11:24:11.314Z,buy,5.696e-05,95.0,0.0054112
BCD/BTC,1573990451220,2019-11-17T11:34:11.220Z,buy,5.697e-05,17.0,0.00096849
BCD/BTC,1573990595373,2019-11-17T11:36:35.373Z,buy,5.697e-05,130.0,0.0074061
BCD/BTC,1573990596618,2019-11-17T11:36:36.618Z,sell,5.697e-05,2588.0,0.14743836
BCD/BTC,1573990776002,2019-11-17T11:39:36.002Z,sell,5.695e-05,21.0,0.00119595
BCD/BTC,1573990785033,2019-11-17T11:39:45.033Z,buy,5.697e-05,152.0,0.00865944
BCD/BTC,1573990785033,2019-11-17T11:39:45.033Z,buy,5.697e-05,152.0,0.00865944
BCD/BTC,1573991092675,2019-11-17T11:44:52.675Z,buy,5.697e-05,2.0,0.00011394
BCD/BTC,1573991096721,2019-11-17T11:44:56.721Z,buy,5.698e-05,2.0,0.00011396
BCD/BTC,1573991100380,2019-11-17T11:45:00.380Z,buy,5.697e-05,2.0,0.00011394
BCD/BTC,1573991105384,2019-11-17T11:45:05.384Z,buy,5.698e-05,2.0,0.00011396
BCD/BTC,1573991109065,2019-11-17T11:45:09.065Z,buy,5.698e-05,2.0,0.00011396
BCD/BTC,1573991113375,2019-11-17T11:45:13.375Z,buy,5.697e-05,2.0,0.00011394
BCD/BTC,1573991117403,2019-11-17T11:45:17.403Z,buy,5.697e-05,2.0,0.00011394
BCD/BTC,1573991121288,2019-11-17T11:45:21.288Z,buy,5.698e-05,2.0,0.00011396
BCD/BTC,1573991132056,2019-11-17T11:45:32.056Z,buy,5.698e-05,2.0,0.00011396
BCD/BTC,1573991132379,2019-11-17T11:45:32.379Z,buy,5.698e-05,3.0,0.00017094
BCD/BTC,1573991132555,2019-11-17T11:45:32.555Z,buy,5.697e-05,3.0,0.00017091
BCD/BTC,1573991133055,2019-11-17T11:45:33.055Z,buy,5.697e-05,3.0,0.00017091
BCD/BTC,1573991133237,2019-11-17T11:45:33.237Z,buy,5.697e-05,3.0,0.00017091
BCD/BTC,1573991133424,2019-11-17T11:45:33.424Z,buy,5.698e-05,3.0,0.00017094
BCD/BTC,1573991133612,2019-11-17T11:45:33.612Z,buy,5.698e-05,3.0,0.00017094
BCD/BTC,1573991133915,2019-11-17T11:45:33.915Z,buy,5.698e-05,3.0,0.00017094
BCD/BTC,1573991209912,2019-11-17T11:46:49.912Z,buy,5.697e-05,17.0,0.00096849
BCD/BTC,1573991821472,2019-11-17T11:57:01.472Z,sell,5.697e-05,4.0,0.00022788
BCD/BTC,1573992465842,2019-11-17T12:07:45.842Z,sell,5.697e-05,13.0,0.0007406099999999
BCD/BTC,1573993262903,2019-11-17T12:21:02.903Z,sell,5.692e-05,2.0,0.00011384
BCD/BTC,1573993389020,2019-11-17T12:23:09.020Z,buy,5.692e-05,2.0,0.00011384
BCD/BTC,1573993393170,2019-11-17T12:23:13.170Z,buy,5.692e-05,1.0,5.692e-05
BCD/BTC,1573994138835,2019-11-17T12:35:38.835Z,buy,5.692e-05,1.0,5.692e-05
BCD/BTC,1573994250848,2019-11-17T12:37:30.848Z,buy,5.692e-05,1.0,5.692e-05
BCD/BTC,1573994250848,2019-11-17T12:37:30.848Z,buy,5.692e-05,1.0,5.692e-05
BCD/BTC,1573994504434,2019-11-17T12:41:44.434Z,buy,5.692e-05,1.0,5.692e-05
BCD/BTC,1573994504434,2019-11-17T12:41:44.434Z,buy,5.695e-05,3.0,0.00017085
BCD/BTC,1573994504434,2019-11-17T12:41:44.434Z,buy,5.696e-05,86.0,0.00489856
BCD/BTC,1573994504434,2019-11-17T12:41:44.434Z,buy,5.697e-05,346.0,0.01971162
BCD/BTC,1573994504434,2019-11-17T12:41:44.434Z,buy,5.698e-05,76.0,0.00433048
BCD/BTC,1573994504434,2019-11-17T12:41:44.434Z,buy,5.699e-05,45.0,0.00256455
BCD/BTC,1573994504434,2019-11-17T12:41:44.434Z,buy,5.7e-05,221.0,0.012597
BCD/BTC,1573994504434,2019-11-17T12:41:44.434Z,buy,5.706e-05,722.0,0.04119732
BCD/BTC,1573994510489,2019-11-17T12:41:50.489Z,buy,5.705e-05,34.0,0.0019397
BCD/BTC,1573994557360,2019-11-17T12:42:37.360Z,sell,5.682e-05,135.0,0.0076707
BCD/BTC,1573994557360,2019-11-17T12:42:37.360Z,sell,5.677e-05,118.0,0.00669886
BCD/BTC,1573994557405,2019-11-17T12:42:37.405Z,sell,5.677e-05,92.0,0.00522284
BCD/BTC,1573994557405,2019-11-17T12:42:37.405Z,sell,5.676e-05,72.0,0.00408672
BCD/BTC,1573994557828,2019-11-17T12:42:37.828Z,sell,5.677e-05,140.0,0.0079478
BCD/BTC,1573994557828,2019-11-17T12:42:37.828Z,sell,5.676e-05,359.0,0.02037684
BCD/BTC,1573994557877,2019-11-17T12:42:37.877Z,sell,5.677e-05,94.0,0.00533638
BCD/BTC,1573994557877,2019-11-17T12:42:37.877Z,sell,5.676e-05,200.0,0.011352
BCD/BTC,1573994557877,2019-11-17T12:42:37.877Z,sell,5.675e-05,10.0,0.0005675
BCD/BTC,1573994581669,2019-11-17T12:43:01.669Z,buy,5.675e-05,271.0,0.0153792499999999
BCD/BTC,1573994800917,2019-11-17T12:46:40.917Z,sell,5.673e-05,183.0,0.01038159
BCD/BTC,1573994801058,2019-11-17T12:46:41.058Z,sell,5.674e-05,54.0,0.00306396
BCD/BTC,1573994801232,2019-11-17T12:46:41.232Z,sell,5.674e-05,54.0,0.00306396
BCD/BTC,1573994801261,2019-11-17T12:46:41.261Z,sell,5.674e-05,18.0,0.00102132
BCD/BTC,1573994801261,2019-11-17T12:46:41.261Z,sell,5.673e-05,1.0,5.673e-05
BCD/BTC,1573994801261,2019-11-17T12:46:41.261Z,sell,5.672e-05,196.0,0.01111712
BCD/BTC,1573994801480,2019-11-17T12:46:41.480Z,sell,5.672e-05,207.0,0.01174104
BCD/BTC,1573995045337,2019-11-17T12:50:45.337Z,sell,5.672e-05,170.0,0.0096424
BCD/BTC,1573995045432,2019-11-17T12:50:45.432Z,sell,5.672e-05,56.0,0.00317632
BCD/BTC,1573995045765,2019-11-17T12:50:45.765Z,sell,5.672e-05,116.0,0.00657952
BCD/BTC,1573995045980,2019-11-17T12:50:45.980Z,sell,5.672e-05,179.0,0.01015288
BCD/BTC,1573995048144,2019-11-17T12:50:48.144Z,sell,5.672e-05,82.0,0.0046510399999999
BCD/BTC,1573995048207,2019-11-17T12:50:48.207Z,sell,5.672e-05,380.0,0.0215536
BCD/BTC,1573995048538,2019-11-17T12:50:48.538Z,sell,5.672e-05,277.0,0.01571144
BCD/BTC,1573995048538,2019-11-17T12:50:48.538Z,sell,5.671e-05,8.0,0.00045368
BCD/BTC,1573995048538,2019-11-17T12:50:48.538Z,sell,5.67e-05,25.0,0.0014175
BCD/BTC,1573995048538,2019-11-17T12:50:48.538Z,sell,5.666e-05,40.0,0.0022664
BCD/BTC,1573995048538,2019-11-17T12:50:48.538Z,sell,5.665e-05,3.0,0.00016995
BCD/BTC,1573995048639,2019-11-17T12:50:48.639Z,sell,5.665e-05,2.0,0.0001133
BCD/BTC,1573995048639,2019-11-17T12:50:48.639Z,sell,5.661e-05,181.0,0.01024641
BCD/BTC,1573995048670,2019-11-17T12:50:48.670Z,buy,5.66e-05,87.0,0.0049242
BCD/BTC,1573995048995,2019-11-17T12:50:48.995Z,buy,5.682e-05,87.0,0.00494334
BCD/BTC,1573995073226,2019-11-17T12:51:13.226Z,sell,5.668e-05,9.0,0.00051012
BCD/BTC,1573995081416,2019-11-17T12:51:21.416Z,buy,5.682e-05,1.0,5.682e-05
BCD/BTC,1573995157282,2019-11-17T12:52:37.282Z,buy,5.679e-05,299.0,0.01698021
BCD/BTC,1573995286393,2019-11-17T12:54:46.393Z,buy,5.678e-05,25.0,0.0014195
BCD/BTC,1573995286847,2019-11-17T12:54:46.847Z,buy,5.68e-05,224.0,0.0127232
BCD/BTC,1573995286847,2019-11-17T12:54:46.847Z,buy,5.681e-05,1250.0,0.0710125
BCD/BTC,1573995286847,2019-11-17T12:54:46.847Z,buy,5.693e-05,156.0,0.00888108
BCD/BTC,1573995287035,2019-11-17T12:54:47.035Z,sell,5.693e-05,306.0,0.0174205799999999
BCD/BTC,1573995287643,2019-11-17T12:54:47.643Z,buy,5.684e-05,25.0,0.001421
BCD/BTC,1573995289702,2019-11-17T12:54:49.702Z,buy,5.677e-05,135.0,0.00766395
BCD/BTC,1573995290851,2019-11-17T12:54:50.851Z,buy,5.677e-05,629.0,0.03570833
BCD/BTC,1573995290851,2019-11-17T12:54:50.851Z,buy,5.68e-05,306.0,0.0173808
BCD/BTC,1573995290851,2019-11-17T12:54:50.851Z,buy,5.682e-05,149.0,0.00846618
BCD/BTC,1573995290851,2019-11-17T12:54:50.851Z,buy,5.687e-05,247.0,0.01404689
BCD/BTC,1573995291119,2019-11-17T12:54:51.119Z,buy,5.697e-05,25.0,0.00142425
BCD/BTC,1573995300910,2019-11-17T12:55:00.910Z,buy,5.684e-05,90.0,0.0051156
BCD/BTC,1573995314344,2019-11-17T12:55:14.344Z,sell,5.67e-05,9.0,0.0005103
BCD/BTC,1573995314546,2019-11-17T12:55:14.546Z,sell,5.67e-05,37.0,0.0020979
BCD/BTC,1573995327785,2019-11-17T12:55:27.785Z,sell,5.671e-05,62.0,0.00351602
BCD/BTC,1573995327988,2019-11-17T12:55:27.988Z,sell,5.671e-05,155.0,0.0087900499999999
BCD/BTC,1573995328539,2019-11-17T12:55:28.539Z,sell,5.672e-05,93.0,0.0052749599999999
BCD/BTC,1573995433350,2019-11-17T12:57:13.350Z,sell,5.672e-05,140.0,0.0079408
BCD/BTC,1573995593505,2019-11-17T12:59:53.505Z,buy,5.688e-05,293.0,0.0166658399999999
BCD/BTC,1573995596502,2019-11-17T12:59:56.502Z,buy,5.687e-05,86.0,0.00489082
BCD/BTC,1573995603902,2019-11-17T13:00:03.902Z,buy,5.686e-05,59.0,0.00335474
BCD/BTC,1573995612184,2019-11-17T13:00:12.184Z,buy,5.686e-05,1.0,5.686e-05
BCD/BTC,1573995612184,2019-11-17T13:00:12.184Z,buy,5.688e-05,187.0,0.01063656
BCD/BTC,1573995615172,2019-11-17T13:00:15.172Z,buy,5.687e-05,58.0,0.00329846
BCD/BTC,1573995629419,2019-11-17T13:00:29.419Z,buy,5.688e-05,1.0,5.688e-05
BCD/BTC,1573995629419,2019-11-17T13:00:29.419Z,buy,5.689e-05,1341.0,0.07628949
BCD/BTC,1573995707426,2019-11-17T13:01:47.426Z,sell,5.683e-05,42.0,0.00238686
BCD/BTC,1573995709436,2019-11-17T13:01:49.436Z,sell,5.683e-05,40.0,0.0022732
BCD/BTC,1573995715629,2019-11-17T13:01:55.629Z,sell,5.683e-05,114.0,0.00647862
BCD/BTC,1573995716827,2019-11-17T13:01:56.827Z,sell,5.681e-05,49.0,0.00278369
BCD/BTC,1573995717119,2019-11-17T13:01:57.119Z,sell,5.681e-05,48.0,0.00272688
BCD/BTC,1573995717324,2019-11-17T13:01:57.324Z,sell,5.682e-05,44.0,0.00250008
BCD/BTC,1573995718522,2019-11-17T13:01:58.522Z,sell,5.683e-05,49.0,0.00278467
BCD/BTC,1573995718829,2019-11-17T13:01:58.829Z,sell,5.683e-05,206.0,0.01170698
BCD/BTC,1573995718829,2019-11-17T13:01:58.829Z,sell,5.682e-05,86.0,0.00488652
BCD/BTC,1573995719370,2019-11-17T13:01:59.370Z,sell,5.682e-05,4.0,0.00022728
BCD/BTC,1573995719370,2019-11-17T13:01:59.370Z,sell,5.681e-05,41.0,0.00232921
BCD/BTC,1573995719802,2019-11-17T13:01:59.802Z,sell,5.682e-05,70.0,0.0039774
BCD/BTC,1573995720355,2019-11-17T13:02:00.355Z,sell,5.682e-05,44.0,0.00250008
BCD/BTC,1573995721365,2019-11-17T13:02:01.365Z,sell,5.682e-05,7.0,0.00039774
BCD/BTC,1573995721365,2019-11-17T13:02:01.365Z,sell,5.681e-05,30.0,0.0017043
BCD/BTC,1573995721681,2019-11-17T13:02:01.681Z,sell,5.682e-05,19.0,0.00107958
BCD/BTC,1573995843595,2019-11-17T13:04:03.595Z,buy,5.692e-05,16.0,0.00091072
BCD/BTC,1573995843595,2019-11-17T13:04:03.595Z,buy,5.693e-05,336.0,0.01912848
BCD/BTC,1573995930969,2019-11-17T13:05:30.969Z,buy,5.697e-05,87.0,0.00495639
BCD/BTC,1573996046848,2019-11-17T13:07:26.848Z,buy,5.698e-05,175.0,0.0099715
BCD/BTC,1573996050314,2019-11-17T13:07:30.314Z,buy,5.698e-05,117.0,0.00666666
BCD/BTC,1573996171285,2019-11-17T13:09:31.285Z,buy,5.699e-05,40.0,0.0022796
BCD/BTC,1573996254734,2019-11-17T13:10:54.734Z,buy,5.7e-05,5.0,0.000285
BCD/BTC,1573996254734,2019-11-17T13:10:54.734Z,buy,5.705e-05,18.0,0.0010268999999999
BCD/BTC,1573996254734,2019-11-17T13:10:54.734Z,buy,5.708e-05,2.0,0.00011416
BCD/BTC,1573996298408,2019-11-17T13:11:38.408Z,sell,5.698e-05,129.0,0.00735042
BCD/BTC,1573996298442,2019-11-17T13:11:38.442Z,sell,5.698e-05,33.0,0.00188034
BCD/BTC,1573996298736,2019-11-17T13:11:38.736Z,buy,5.708e-05,405.0,0.0231174
BCD/BTC,1573996582329,2019-11-17T13:16:22.329Z,buy,5.702e-05,78.0,0.00444756
BCD/BTC,1573996589505,2019-11-17T13:16:29.505Z,buy,5.702e-05,122.0,0.00695644
BCD/BTC,1573996659698,2019-11-17T13:17:39.698Z,sell,5.692e-05,8.0,0.00045536
BCD/BTC,1573996888473,2019-11-17T13:21:28.473Z,sell,5.688e-05,15.0,0.0008531999999999
BCD/BTC,1573997063716,2019-11-17T13:24:23.716Z,buy,5.703e-05,2.0,0.00011406
BCD/BTC,1573997063716,2019-11-17T13:24:23.716Z,buy,5.71e-05,23.0,0.0013132999999999
BCD/BTC,1573997064919,2019-11-17T13:24:24.919Z,buy,5.71e-05,17.0,0.0009707
BCD/BTC,1573997064919,2019-11-17T13:24:24.919Z,buy,5.713e-05,8.0,0.00045704
BCD/BTC,1573997065307,2019-11-17T13:24:25.307Z,buy,5.713e-05,51.0,0.00291363
BCD/BTC,1573997066022,2019-11-17T13:24:26.022Z,buy,5.712e-05,25.0,0.001428
BCD/BTC,1573997067238,2019-11-17T13:24:27.238Z,buy,5.712e-05,25.0,0.001428
BCD/BTC,1573997068341,2019-11-17T13:24:28.341Z,buy,5.712e-05,25.0,0.001428
BCD/BTC,1573997471905,2019-11-17T13:31:11.905Z,buy,5.711e-05,25.0,0.00142775
BCD/BTC,1573997730287,2019-11-17T13:35:30.287Z,sell,5.682e-05,351.0,0.01994382
BCD/BTC,1573997730287,2019-11-17T13:35:30.287Z,sell,5.681e-05,243.0,0.01380483
BCD/BTC,1573997730287,2019-11-17T13:35:30.287Z,sell,5.68e-05,39.0,0.0022152
BCD/BTC,1573997730702,2019-11-17T13:35:30.702Z,buy,5.677e-05,78.0,0.00442806
BCD/BTC,1573997732485,2019-11-17T13:35:32.485Z,buy,5.677e-05,25.0,0.00141925
BCD/BTC,1573997733438,2019-11-17T13:35:33.438Z,buy,5.677e-05,25.0,0.00141925
BCD/BTC,1573997734507,2019-11-17T13:35:34.507Z,buy,5.677e-05,25.0,0.00141925
BCD/BTC,1573997735679,2019-11-17T13:35:35.679Z,buy,5.677e-05,25.0,0.00141925
BCD/BTC,1573997736829,2019-11-17T13:35:36.829Z,buy,5.677e-05,25.0,0.00141925
BCD/BTC,1573997737939,2019-11-17T13:35:37.939Z,buy,5.677e-05,25.0,0.00141925
BCD/BTC,1573997739056,2019-11-17T13:35:39.056Z,buy,5.677e-05,25.0,0.00141925
BCD/BTC,1573997740404,2019-11-17T13:35:40.404Z,buy,5.677e-05,25.0,0.00141925
BCD/BTC,1573997741477,2019-11-17T13:35:41.477Z,buy,5.677e-05,25.0,0.00141925
BCD/BTC,1573997741856,2019-11-17T13:35:41.856Z,buy,5.677e-05,158.0,0.00896966
BCD/BTC,1573997741932,2019-11-17T13:35:41.932Z,buy,5.677e-05,87.0,0.00493899
BCD/BTC,1573997742487,2019-11-17T13:35:42.487Z,buy,5.677e-05,25.0,0.00141925
BCD/BTC,1573997743438,2019-11-17T13:35:43.438Z,buy,5.677e-05,25.0,0.00141925
BCD/BTC,1573997745004,2019-11-17T13:35:45.004Z,buy,5.677e-05,25.0,0.00141925
BCD/BTC,1573997752962,2019-11-17T13:35:52.962Z,buy,5.677e-05,135.0,0.00766395
BCD/BTC,1573997754342,2019-11-17T13:35:54.342Z,buy,5.677e-05,164.0,0.00931028
BCD/BTC,1573997764115,2019-11-17T13:36:04.115Z,buy,5.677e-05,135.0,0.00766395
BCD/BTC,1573997774533,2019-11-17T13:36:14.533Z,buy,5.677e-05,1740.0,0.0987798
BCD/BTC,1573997775124,2019-11-17T13:36:15.124Z,buy,5.682e-05,135.0,0.0076707
BCD/BTC,1573997799060,2019-11-17T13:36:39.060Z,sell,5.68e-05,44.0,0.0024992
BCD/BTC,1573997799060,2019-11-17T13:36:39.060Z,sell,5.68e-05,44.0,0.0024992
BCD/BTC,1573998112741,2019-11-17T13:41:52.741Z,sell,5.679e-05,39.0,0.0022148099999999
BCD/BTC,1573998551183,2019-11-17T13:49:11.183Z,buy,5.701e-05,83.0,0.00473183
BCD/BTC,1573998593915,2019-11-17T13:49:53.915Z,buy,5.696e-05,48.0,0.00273408
BCD/BTC,1573998593915,2019-11-17T13:49:53.915Z,buy,5.699e-05,168.0,0.00957432
BCD/BTC,1573998686552,2019-11-17T13:51:26.552Z,sell,5.699e-05,45.0,0.00256455
BCD/BTC,1573998689636,2019-11-17T13:51:29.636Z,sell,5.699e-05,45.0,0.00256455
BCD/BTC,1573998690011,2019-11-17T13:51:30.011Z,sell,5.699e-05,45.0,0.00256455
BCD/BTC,1573998691037,2019-11-17T13:51:31.037Z,sell,5.699e-05,43.0,0.00245057
BCD/BTC,1573998691424,2019-11-17T13:51:31.424Z,sell,5.699e-05,43.0,0.00245057
BCD/BTC,1573998692117,2019-11-17T13:51:32.117Z,sell,5.699e-05,43.0,0.00245057
BCD/BTC,1573998692398,2019-11-17T13:51:32.398Z,sell,5.699e-05,47.0,0.00267853
BCD/BTC,1573998696678,2019-11-17T13:51:36.678Z,sell,5.699e-05,28.0,0.00159572
BCD/BTC,1573998698745,2019-11-17T13:51:38.745Z,sell,5.699e-05,21.0,0.00119679
BCD/BTC,1573998699817,2019-11-17T13:51:39.817Z,sell,5.699e-05,17.0,0.00096883
BCD/BTC,1573998701484,2019-11-17T13:51:41.484Z,sell,5.699e-05,14.0,0.00079786
BCD/BTC,1573998702457,2019-11-17T13:51:42.457Z,sell,5.699e-05,11.0,0.00062689
BCD/BTC,1573998711541,2019-11-17T13:51:51.541Z,buy,5.707e-05,113.0,0.00644891
BCD/BTC,1573998711541,2019-11-17T13:51:51.541Z,buy,5.708e-05,503.0,0.02871124
BCD/BTC,1573998715375,2019-11-17T13:51:55.375Z,buy,5.707e-05,25.0,0.00142675
BCD/BTC,1573998716333,2019-11-17T13:51:56.333Z,buy,5.707e-05,25.0,0.00142675
BCD/BTC,1573998716737,2019-11-17T13:51:56.737Z,sell,5.699e-05,9.0,0.00051291
BCD/BTC,1573998717795,2019-11-17T13:51:57.795Z,sell,5.699e-05,9.0,0.00051291
BCD/BTC,1573998718795,2019-11-17T13:51:58.795Z,sell,5.699e-05,9.0,0.00051291
BCD/BTC,1573998720576,2019-11-17T13:52:00.576Z,sell,5.699e-05,9.0,0.00051291
BCD/BTC,1573998770815,2019-11-17T13:52:50.815Z,sell,5.699e-05,103.0,0.00586997
BCD/BTC,1573998771049,2019-11-17T13:52:51.049Z,sell,5.699e-05,7.0,0.00039893
BCD/BTC,1573998788548,2019-11-17T13:53:08.548Z,buy,5.693e-05,9.0,0.00051237
BCD/BTC,1573998801622,2019-11-17T13:53:21.622Z,sell,5.688e-05,23.0,0.00130824
BCD/BTC,1573998911063,2019-11-17T13:55:11.063Z,sell,5.688e-05,6.0,0.00034128
BCD/BTC,1573998967939,2019-11-17T13:56:07.939Z,buy,5.71e-05,129.0,0.0073659
BCD/BTC,1573998968102,2019-11-17T13:56:08.102Z,buy,5.713e-05,25.0,0.0014282499999999
BCD/BTC,1573998969229,2019-11-17T13:56:09.229Z,buy,5.713e-05,25.0,0.0014282499999999
BCD/BTC,1573998971363,2019-11-17T13:56:11.363Z,buy,5.713e-05,5.0,0.00028565
BCD/BTC,1573998971363,2019-11-17T13:56:11.363Z,buy,5.714e-05,20.0,0.0011428
BCD/BTC,1573998974161,2019-11-17T13:56:14.161Z,buy,5.714e-05,2.0,0.00011428
BCD/BTC,1573998974161,2019-11-17T13:56:14.161Z,buy,5.721e-05,2.0,0.00011442
BCD/BTC,1573998974161,2019-11-17T13:56:14.161Z,buy,5.723e-05,492.0,0.02815716
BCD/BTC,1573998974161,2019-11-17T13:56:14.161Z,buy,5.725e-05,28.0,0.001603
BCD/BTC,1573998974161,2019-11-17T13:56:14.161Z,buy,5.726e-05,15.0,0.0008589
BCD/BTC,1573998974161,2019-11-17T13:56:14.161Z,buy,5.727e-05,207.0,0.01185489
BCD/BTC,1573998974161,2019-11-17T13:56:14.161Z,buy,5.728e-05,931.0,0.05332768
BCD/BTC,1573999389175,2019-11-17T14:03:09.175Z,buy,5.728e-05,16.0,0.00091648
BCD/BTC,1574000129153,2019-11-17T14:15:29.153Z,sell,5.704e-05,81.0,0.00462024
BCD/BTC,1574000679721,2019-11-17T14:24:39.721Z,sell,5.704e-05,53.0,0.00302312
BCD/BTC,1574000679721,2019-11-17T14:24:39.721Z,sell,5.704e-05,53.0,0.00302312
BCD/BTC,1574002211330,2019-11-17T14:50:11.330Z,sell,5.702e-05,49.0,0.00279398
BCD/BTC,1574002212448,2019-11-17T14:50:12.448Z,sell,5.702e-05,49.0,0.00279398
BCD/BTC,1574002213284,2019-11-17T14:50:13.284Z,sell,5.704e-05,49.0,0.00279496
BCD/BTC,1574002213977,2019-11-17T14:50:13.977Z,sell,5.705e-05,144.0,0.0082151999999999
BCD/BTC,1574002215845,2019-11-17T14:50:15.845Z,sell,5.705e-05,21.0,0.00119805
BCD/BTC,1574002215845,2019-11-17T14:50:15.845Z,sell,5.704e-05,48.0,0.00273792
BCD/BTC,1574002216254,2019-11-17T14:50:16.254Z,sell,5.706e-05,104.0,0.00593424
BCD/BTC,1574002216439,2019-11-17T14:50:16.439Z,sell,5.706e-05,6.0,0.00034236
BCD/BTC,1574002216439,2019-11-17T14:50:16.439Z,sell,5.704e-05,43.0,0.00245272
BCD/BTC,1574002216895,2019-11-17T14:50:16.895Z,sell,5.705e-05,63.0,0.00359415
BCD/BTC,1574002217168,2019-11-17T14:50:17.168Z,sell,5.705e-05,10.0,0.0005704999999999
BCD/BTC,1574002217168,2019-11-17T14:50:17.168Z,sell,5.704e-05,34.0,0.00193936
BCD/BTC,1574002218257,2019-11-17T14:50:18.257Z,sell,5.705e-05,49.0,0.0027954499999999
BCD/BTC,1574002218332,2019-11-17T14:50:18.332Z,sell,5.705e-05,98.0,0.0055908999999999
BCD/BTC,1574002218332,2019-11-17T14:50:18.332Z,sell,5.704e-05,29.0,0.00165416
BCD/BTC,1574002221664,2019-11-17T14:50:21.664Z,sell,5.704e-05,39.0,0.00222456
BCD/BTC,1574002226284,2019-11-17T14:50:26.284Z,sell,5.704e-05,20.0,0.0011408
BCD/BTC,1574002248043,2019-11-17T14:50:48.043Z,sell,5.704e-05,39.0,0.00222456
BCD/BTC,1574002248043,2019-11-17T14:50:48.043Z,sell,5.703e-05,11.0,0.00062733
BCD/BTC,1574002249794,2019-11-17T14:50:49.794Z,sell,5.704e-05,50.0,0.002852
BCD/BTC,1574002250882,2019-11-17T14:50:50.882Z,sell,5.704e-05,50.0,0.002852
BCD/BTC,1574002256808,2019-11-17T14:50:56.808Z,sell,5.704e-05,50.0,0.002852
BCD/BTC,1574002260972,2019-11-17T14:51:00.972Z,sell,5.704e-05,253.0,0.01443112
BCD/BTC,1574002263132,2019-11-17T14:51:03.132Z,buy,5.698e-05,9.0,0.00051282
BCD/BTC,1574002263132,2019-11-17T14:51:03.132Z,buy,5.726e-05,16.0,0.00091616
BCD/BTC,1574002357772,2019-11-17T14:52:37.772Z,buy,5.71e-05,244.0,0.0139324
BCD/BTC,1574002362186,2019-11-17T14:52:42.186Z,buy,5.71e-05,163.0,0.0093073
BCD/BTC,1574002788623,2019-11-17T14:59:48.623Z,buy,5.714e-05,109.0,0.00622826
BCD/BTC,1574002788623,2019-11-17T14:59:48.623Z,buy,5.715e-05,109.0,0.00622935
BCD/BTC,1574002854531,2019-11-17T15:00:54.531Z,sell,5.692e-05,2.0,0.00011384
BCD/BTC,1574003902927,2019-11-17T15:18:22.927Z,buy,5.692e-05,6.0,0.00034152
BCD/BTC,1574003902927,2019-11-17T15:18:22.927Z,buy,5.692e-05,6.0,0.00034152
BCD/BTC,1574004906333,2019-11-17T15:35:06.333Z,sell,5.693e-05,213.0,0.0121260899999999
BCD/BTC,1574004906333,2019-11-17T15:35:06.333Z,sell,5.692e-05,65.0,0.0036997999999999
BCD/BTC,1574004906333,2019-11-17T15:35:06.333Z,sell,5.69e-05,433.0,0.0246377
BCD/BTC,1574004906360,2019-11-17T15:35:06.360Z,buy,5.69e-05,286.0,0.0162734
BCD/BTC,1574005005365,2019-11-17T15:36:45.365Z,buy,5.707e-05,35.0,0.00199745
BCD/BTC,1574005010847,2019-11-17T15:36:50.847Z,buy,5.706e-05,17.0,0.00097002
BCD/BTC,1574005011109,2019-11-17T15:36:51.109Z,buy,5.706e-05,246.0,0.01403676
BCD/BTC,1574005011255,2019-11-17T15:36:51.255Z,buy,5.706e-05,10.0,0.0005706
BCD/BTC,1574005011321,2019-11-17T15:36:51.321Z,buy,5.706e-05,3.0,0.00017118
BCD/BTC,1574005011363,2019-11-17T15:36:51.363Z,buy,5.706e-05,35.0,0.0019971
BCD/BTC,1574005011383,2019-11-17T15:36:51.383Z,buy,5.706e-05,3.0,0.00017118
BCD/BTC,1574005011475,2019-11-17T15:36:51.475Z,buy,5.706e-05,17.0,0.00097002
BCD/BTC,1574005011513,2019-11-17T15:36:51.513Z,buy,5.706e-05,33.0,0.00188298
BCD/BTC,1574005011581,2019-11-17T15:36:51.581Z,buy,5.706e-05,4.0,0.00022824
BCD/BTC,1574005011581,2019-11-17T15:36:51.581Z,buy,5.707e-05,171.0,0.00975897
BCD/BTC,1574005011728,2019-11-17T15:36:51.728Z,buy,5.715e-05,28.0,0.0016002
BCD/BTC,1574005011830,2019-11-17T15:36:51.830Z,buy,5.715e-05,35.0,0.00200025
BCD/BTC,1574005011852,2019-11-17T15:36:51.852Z,buy,5.715e-05,35.0,0.00200025
BCD/BTC,1574005011875,2019-11-17T15:36:51.875Z,buy,5.715e-05,9.0,0.00051435
BCD/BTC,1574005011875,2019-11-17T15:36:51.875Z,buy,5.716e-05,91.0,0.00520156
BCD/BTC,1574005011875,2019-11-17T15:36:51.875Z,buy,5.717e-05,256.0,0.01463552
BCD/BTC,1574005011875,2019-11-17T15:36:51.875Z,buy,5.724e-05,121.0,0.00692604
BCD/BTC,1574005011875,2019-11-17T15:36:51.875Z,buy,5.726e-05,2.0,0.00011452
BCD/BTC,1574005011875,2019-11-17T15:36:51.875Z,buy,5.732e-05,119.0,0.00682108
BCD/BTC,1574005011965,2019-11-17T15:36:51.965Z,buy,5.715e-05,35.0,0.00200025
BCD/BTC,1574005011971,2019-11-17T15:36:51.971Z,buy,5.715e-05,15.0,0.00085725
BCD/BTC,1574005012065,2019-11-17T15:36:52.065Z,buy,5.715e-05,16.0,0.0009144
BCD/BTC,1574005012065,2019-11-17T15:36:52.065Z,buy,5.732e-05,36.0,0.00206352
BCD/BTC,1574005012262,2019-11-17T15:36:52.262Z,buy,5.715e-05,5.0,0.00028575
BCD/BTC,1574005012276,2019-11-17T15:36:52.276Z,buy,5.715e-05,127.0,0.00725805
BCD/BTC,1574005012276,2019-11-17T15:36:52.276Z,buy,5.732e-05,225.0,0.012897
BCD/BTC,1574005012279,2019-11-17T15:36:52.279Z,buy,5.732e-05,3.0,0.00017196
BCD/BTC,1574005012295,2019-11-17T15:36:52.295Z,buy,5.732e-05,209.0,0.01197988
BCD/BTC,1574005012295,2019-11-17T15:36:52.295Z,buy,5.733e-05,40.0,0.0022932
BCD/BTC,1574005012295,2019-11-17T15:36:52.295Z,buy,5.734e-05,5.0,0.0002867
BCD/BTC,1574005012295,2019-11-17T15:36:52.295Z,buy,5.737e-05,3.0,0.00017211
BCD/BTC,1574005012295,2019-11-17T15:36:52.295Z,buy,5.743e-05,3.0,0.00017229
BCD/BTC,1574005012295,2019-11-17T15:36:52.295Z,buy,5.748e-05,22.0,0.00126456
BCD/BTC,1574005012295,2019-11-17T15:36:52.295Z,buy,5.749e-05,69.0,0.00396681
BCD/BTC,1574005012305,2019-11-17T15:36:52.305Z,buy,5.749e-05,880.0,0.0505912
BCD/BTC,1574005012317,2019-11-17T15:36:52.317Z,buy,5.749e-05,6.0,0.00034494
BCD/BTC,1574005012361,2019-11-17T15:36:52.361Z,buy,5.749e-05,7.0,0.00040243
BCD/BTC,1574005012425,2019-11-17T15:36:52.425Z,buy,5.749e-05,17.0,0.00097733
BCD/BTC,1574005012650,2019-11-17T15:36:52.650Z,buy,5.749e-05,17.0,0.00097733
BCD/BTC,1574005012652,2019-11-17T15:36:52.652Z,buy,5.749e-05,266.0,0.01529234
BCD/BTC,1574005012652,2019-11-17T15:36:52.652Z,buy,5.75e-05,437.0,0.0251275
BCD/BTC,1574005012956,2019-11-17T15:36:52.956Z,buy,5.75e-05,105.0,0.0060375
BCD/BTC,1574005014000,2019-11-17T15:36:54.000Z,buy,5.749e-05,3.0,0.00017247
BCD/BTC,1574005021720,2019-11-17T15:37:01.720Z,sell,5.721e-05,6.0,0.00034326
BCD/BTC,1574005021981,2019-11-17T15:37:01.981Z,sell,5.721e-05,101.0,0.00577821
BCD/BTC,1574005023816,2019-11-17T15:37:03.816Z,sell,5.721e-05,162.0,0.00926802
BCD/BTC,1574005024125,2019-11-17T15:37:04.125Z,sell,5.721e-05,6.0,0.00034326
BCD/BTC,1574005054849,2019-11-17T15:37:34.849Z,sell,5.721e-05,10.0,0.0005721
BCD/BTC,1574005061499,2019-11-17T15:37:41.499Z,sell,5.721e-05,14.0,0.00080094
BCD/BTC,1574005061499,2019-11-17T15:37:41.499Z,sell,5.72e-05,84.0,0.0048048
BCD/BTC,1574005061942,2019-11-17T15:37:41.942Z,sell,5.721e-05,134.0,0.00766614
BCD/BTC,1574005068003,2019-11-17T15:37:48.003Z,sell,5.721e-05,35.0,0.00200235
BCD/BTC,1574005068314,2019-11-17T15:37:48.314Z,sell,5.722e-05,6.0,0.00034332
BCD/BTC,1574005161472,2019-11-17T15:39:21.472Z,buy,5.735e-05,2.0,0.0001147
BCD/BTC,1574005161500,2019-11-17T15:39:21.500Z,sell,5.735e-05,2.0,0.0001147
BCD/BTC,1574005162021,2019-11-17T15:39:22.021Z,sell,5.735e-05,30.0,0.0017205
BCD/BTC,1574005503096,2019-11-17T15:45:03.096Z,sell,5.715e-05,8.0,0.0004572
BCD/BTC,1574005507502,2019-11-17T15:45:07.502Z,sell,5.714e-05,16.0,0.00091424
BCD/BTC,1574005512296,2019-11-17T15:45:12.296Z,sell,5.714e-05,6.0,0.0003428399999999
BCD/BTC,1574005512296,2019-11-17T15:45:12.296Z,sell,5.708e-05,3.0,0.00017124
BCD/BTC,1574005512296,2019-11-17T15:45:12.296Z,sell,5.703e-05,35.0,0.00199605
BCD/BTC,1574005517667,2019-11-17T15:45:17.667Z,sell,5.707e-05,78.0,0.00445146
BCD/BTC,1574005517667,2019-11-17T15:45:17.667Z,sell,5.706e-05,78.0,0.00445068
BCD/BTC,1574005517667,2019-11-17T15:45:17.667Z,sell,5.7e-05,5.0,0.000285
BCD/BTC,1574005517667,2019-11-17T15:45:17.667Z,sell,5.699e-05,28.0,0.00159572
BCD/BTC,1574005522794,2019-11-17T15:45:22.794Z,sell,5.7e-05,8.0,0.000456
BCD/BTC,1574005541071,2019-11-17T15:45:41.071Z,sell,5.702e-05,2.0,0.00011404
BCD/BTC,1574005596431,2019-11-17T15:46:36.431Z,sell,5.7e-05,54.0,0.003078
BCD/BTC,1574005596431,2019-11-17T15:46:36.431Z,sell,5.699e-05,12.0,0.00068388
BCD/BTC,1574005778824,2019-11-17T15:49:38.824Z,sell,5.692e-05,2.0,0.00011384
BCD/BTC,1574005780413,2019-11-17T15:49:40.413Z,sell,5.687e-05,15.0,0.00085305
BCD/BTC,1574005780751,2019-11-17T15:49:40.751Z,sell,5.685e-05,28.0,0.0015918
BCD/BTC,1574005780843,2019-11-17T15:49:40.843Z,buy,5.685e-05,39.0,0.00221715
BCD/BTC,1574006598373,2019-11-17T16:03:18.373Z,buy,5.699e-05,247.0,0.01407653
BCD/BTC,1574006598373,2019-11-17T16:03:18.373Z,buy,5.699e-05,247.0,0.01407653
BCD/BTC,1574007530033,2019-11-17T16:18:50.033Z,buy,5.699e-05,126.0,0.00718074
BCD/BTC,1574007532573,2019-11-17T16:18:52.573Z,buy,5.699e-05,25.0,0.00142475
BCD/BTC,1574007778064,2019-11-17T16:22:58.064Z,buy,5.699e-05,9.0,0.00051291
BCD/BTC,1574008275695,2019-11-17T16:31:15.695Z,buy,5.699e-05,129.0,0.00735171
BCD/BTC,1574008412797,2019-11-17T16:33:32.797Z,buy,5.699e-05,41.0,0.00233659
BCD/BTC,1574009194191,2019-11-17T16:46:34.191Z,buy,5.699e-05,276.0,0.01572924
BCD/BTC,1574010054294,2019-11-17T17:00:54.294Z,sell,5.7e-05,19.0,0.001083
BCD/BTC,1574010054294,2019-11-17T17:00:54.294Z,sell,5.7e-05,19.0,0.001083
BCD/BTC,1574011069363,2019-11-17T17:17:49.363Z,sell,5.701e-05,91.0,0.00518791
BCD/BTC,1574011069363,2019-11-17T17:17:49.363Z,sell,5.7e-05,174.0,0.009918
BCD/BTC,1574011326898,2019-11-17T17:22:06.898Z,sell,5.699e-05,135.0,0.00769365
BCD/BTC,1574011336098,2019-11-17T17:22:16.098Z,sell,5.699e-05,135.0,0.00769365
BCD/BTC,1574011342599,2019-11-17T17:22:22.599Z,sell,5.699e-05,135.0,0.00769365
BCD/BTC,1574011349070,2019-11-17T17:22:29.070Z,sell,5.699e-05,135.0,0.00769365
BCD/BTC,1574011355585,2019-11-17T17:22:35.585Z,sell,5.699e-05,135.0,0.00769365
BCD/BTC,1574011362093,2019-11-17T17:22:42.093Z,sell,5.699e-05,135.0,0.00769365
BCD/BTC,1574011368560,2019-11-17T17:22:48.560Z,sell,5.699e-05,135.0,0.00769365
BCD/BTC,1574011375057,2019-11-17T17:22:55.057Z,sell,5.699e-05,135.0,0.00769365
BCD/BTC,1574012743710,2019-11-17T17:45:43.710Z,sell,5.7e-05,4.0,0.000228
BCD/BTC,1574012743710,2019-11-17T17:45:43.710Z,sell,5.699e-05,8.0,0.00045592
BCD/BTC,1574012949893,2019-11-17T17:49:09.893Z,buy,5.699e-05,2.0,0.00011398
BCD/BTC,1574013117364,2019-11-17T17:51:57.364Z,buy,5.699e-05,2.0,0.00011398
BCD/BTC,1574013124411,2019-11-17T17:52:04.411Z,buy,5.699e-05,11.0,0.00062689
BCD/BTC,1574013124411,2019-11-17T17:52:04.411Z,buy,5.713e-05,164.0,0.0093693199999999
BCD/BTC,1574013271002,2019-11-17T17:54:31.002Z,sell,5.686e-05,54.0,0.00307044
BCD/BTC,1574013272693,2019-11-17T17:54:32.693Z,sell,5.686e-05,53.0,0.00301358
BCD/BTC,1574013273496,2019-11-17T17:54:33.496Z,sell,5.686e-05,39.0,0.00221754
BCD/BTC,1574013273520,2019-11-17T17:54:33.520Z,sell,5.686e-05,18.0,0.00102348
BCD/BTC,1574013624384,2019-11-17T18:00:24.384Z,buy,5.713e-05,26.0,0.00148538
BCD/BTC,1574013624449,2019-11-17T18:00:24.449Z,buy,5.713e-05,26.0,0.00148538
BCD/BTC,1574013624449,2019-11-17T18:00:24.449Z,buy,5.713e-05,26.0,0.00148538
BCD/BTC,1574013966604,2019-11-17T18:06:06.604Z,buy,5.715e-05,1.0,5.715e-05
BCD/BTC,1574014148721,2019-11-17T18:09:08.721Z,buy,5.715e-05,1.0,5.715e-05
BCD/BTC,1574014365899,2019-11-17T18:12:45.899Z,buy,5.715e-05,81.0,0.00462915
BCD/BTC,1574015135290,2019-11-17T18:25:35.290Z,buy,5.719e-05,18.0,0.00102942
BCD/BTC,1574015590290,2019-11-17T18:33:10.290Z,buy,5.718e-05,197.0,0.01126446
BCD/BTC,1574015590290,2019-11-17T18:33:10.290Z,buy,5.719e-05,250.0,0.0142975
BCD/BTC,1574015590290,2019-11-17T18:33:10.290Z,buy,5.72e-05,432.0,0.0247104
BCD/BTC,1574015595574,2019-11-17T18:33:15.574Z,buy,5.72e-05,21.0,0.0012012
BCD/BTC,1574015595574,2019-11-17T18:33:15.574Z,buy,5.724e-05,33.0,0.00188892
BCD/BTC,1574015723984,2019-11-17T18:35:23.984Z,buy,5.724e-05,2.0,0.00011448
BCD/BTC,1574016029521,2019-11-17T18:40:29.521Z,sell,5.724e-05,99.0,0.00566676
BCD/BTC,1574016029580,2019-11-17T18:40:29.580Z,sell,5.724e-05,246.0,0.01408104
BCD/BTC,1574016104695,2019-11-17T18:41:44.695Z,buy,5.725e-05,15.0,0.00085875
BCD/BTC,1574016129848,2019-11-17T18:42:09.848Z,sell,5.724e-05,61.0,0.00349164
BCD/BTC,1574016136290,2019-11-17T18:42:16.290Z,buy,5.724e-05,260.0,0.0148824
BCD/BTC,1574016647821,2019-11-17T18:50:47.821Z,buy,5.725e-05,13.0,0.00074425
BCD/BTC,1574016647821,2019-11-17T18:50:47.821Z,buy,5.726e-05,2.0,0.00011452
BCD/BTC,1574016647821,2019-11-17T18:50:47.821Z,buy,5.732e-05,105.0,0.0060186
BCD/BTC,1574016928675,2019-11-17T18:55:28.675Z,buy,5.732e-05,77.0,0.00441364
BCD/BTC,1574016928675,2019-11-17T18:55:28.675Z,buy,5.733e-05,40.0,0.0022932
BCD/BTC,1574016928675,2019-11-17T18:55:28.675Z,buy,5.734e-05,5.0,0.0002867
BCD/BTC,1574016928675,2019-11-17T18:55:28.675Z,buy,5.739e-05,129.0,0.00740331
BCD/BTC,1574016933985,2019-11-17T18:55:33.985Z,buy,5.738e-05,107.0,0.00613966
BCD/BTC,1574016937488,2019-11-17T18:55:37.488Z,buy,5.738e-05,107.0,0.00613966
BCD/BTC,1574017048247,2019-11-17T18:57:28.247Z,buy,5.742e-05,1.0,5.742e-05
BCD/BTC,1574017114183,2019-11-17T18:58:34.183Z,buy,5.742e-05,1.0,5.742e-05
BCD/BTC,1574017114183,2019-11-17T18:58:34.183Z,buy,5.742e-05,1.0,5.742e-05
BCD/BTC,1574017269932,2019-11-17T19:01:09.932Z,sell,5.716e-05,226.0,0.01291816
BCD/BTC,1574017269932,2019-11-17T19:01:09.932Z,sell,5.715e-05,20.0,0.001143
BCD/BTC,1574017269932,2019-11-17T19:01:09.932Z,sell,5.714e-05,349.0,0.01994186
BCD/BTC,1574017269932,2019-11-17T19:01:09.932Z,sell,5.7e-05,5.0,0.000285
BCD/BTC,1574017269932,2019-11-17T19:01:09.932Z,sell,5.699e-05,64.0,0.00364736
BCD/BTC,1574017269963,2019-11-17T19:01:09.963Z,buy,5.696e-05,1074.0,0.06117504
BCD/BTC,1574017313761,2019-11-17T19:01:53.761Z,buy,5.732e-05,352.0,0.02017664
BCD/BTC,1574017477106,2019-11-17T19:04:37.106Z,buy,5.733e-05,214.0,0.01226862
BCD/BTC,1574017561698,2019-11-17T19:06:01.698Z,sell,5.733e-05,34.0,0.00194922
BCD/BTC,1574018014425,2019-11-17T19:13:34.425Z,buy,5.733e-05,53.0,0.00303849
BCD/BTC,1574018097007,2019-11-17T19:14:57.007Z,sell,5.733e-05,200.0,0.011466
BCD/BTC,1574018114432,2019-11-17T19:15:14.432Z,buy,5.733e-05,52.0,0.00298116
BCD/BTC,1574018366284,2019-11-17T19:19:26.284Z,buy,5.733e-05,82.0,0.00470106
BCD/BTC,1574018380119,2019-11-17T19:19:40.119Z,buy,5.733e-05,66.0,0.00378378
BCD/BTC,1574018386124,2019-11-17T19:19:46.124Z,buy,5.733e-05,66.0,0.00378378
BCD/BTC,1574018561338,2019-11-17T19:22:41.338Z,buy,5.726e-05,701.0,0.0401392599999999
BCD/BTC,1574019478779,2019-11-17T19:37:58.779Z,sell,5.726e-05,2.0,0.00011452
BCD/BTC,1574019503620,2019-11-17T19:38:23.620Z,buy,5.726e-05,284.0,0.01626184
BCD/BTC,1574019531682,2019-11-17T19:38:51.682Z,buy,5.726e-05,317.0,0.0181514199999999
BCD/BTC,1574019839168,2019-11-17T19:43:59.168Z,sell,5.713e-05,349.0,0.01993837
BCD/BTC,1574019842888,2019-11-17T19:44:02.888Z,sell,5.712e-05,240.0,0.0137088
BCD/BTC,1574019842888,2019-11-17T19:44:02.888Z,sell,5.712e-05,240.0,0.0137088
BCD/BTC,1574020986293,2019-11-17T20:03:06.293Z,sell,5.712e-05,2.0,0.00011424
BCD/BTC,1574020986293,2019-11-17T20:03:06.293Z,sell,5.7e-05,158.0,0.009006
BCD/BTC,1574020997233,2019-11-17T20:03:17.233Z,sell,5.7e-05,81.0,0.004617
BCD/BTC,1574021001117,2019-11-17T20:03:21.117Z,sell,5.7e-05,80.0,0.00456
BCD/BTC,1574021011053,2019-11-17T20:03:31.053Z,sell,5.7e-05,53.0,0.003021
BCD/BTC,1574021905290,2019-11-17T20:18:25.290Z,sell,5.699e-05,40.0,0.0022796
BCD/BTC,1574021905290,2019-11-17T20:18:25.290Z,sell,5.693e-05,14.0,0.00079702
BCD/BTC,1574021917910,2019-11-17T20:18:37.910Z,sell,5.693e-05,40.0,0.0022772
BCD/BTC,1574021917910,2019-11-17T20:18:37.910Z,sell,5.692e-05,2.0,0.00011384
BCD/BTC,1574021917910,2019-11-17T20:18:37.910Z,sell,5.69e-05,3.0,0.0001707
BCD/BTC,1574021917910,2019-11-17T20:18:37.910Z,sell,5.689e-05,106.0,0.0060303399999999
BCD/BTC,1574021920749,2019-11-17T20:18:40.749Z,sell,5.693e-05,53.0,0.0030172899999999
BCD/BTC,1574021927158,2019-11-17T20:18:47.158Z,buy,5.713e-05,10.0,0.0005713
BCD/BTC,1574021935574,2019-11-17T20:18:55.574Z,sell,5.69e-05,12.0,0.0006828
BCD/BTC,1574021935574,2019-11-17T20:18:55.574Z,sell,5.689e-05,75.0,0.00426675
BCD/BTC,1574021935602,2019-11-17T20:18:55.602Z,buy,5.689e-05,92.0,0.00523388
BCD/BTC,1574022730972,2019-11-17T20:32:10.972Z,sell,5.692e-05,217.0,0.0123516399999999
BCD/BTC,1574022764854,2019-11-17T20:32:44.854Z,sell,5.691e-05,9.0,0.00051219
BCD/BTC,1574023040350,2019-11-17T20:37:20.350Z,sell,5.691e-05,170.0,0.0096747
BCD/BTC,1574023040350,2019-11-17T20:37:20.350Z,sell,5.689e-05,2.0,0.00011378
BCD/BTC,1574023042097,2019-11-17T20:37:22.097Z,buy,5.688e-05,192.0,0.01092096
BCD/BTC,1574023042965,2019-11-17T20:37:22.965Z,sell,5.693e-05,108.0,0.00614844
BCD/BTC,1574023164381,2019-11-17T20:39:24.381Z,buy,5.695e-05,363.0,0.02067285
BCD/BTC,1574023164381,2019-11-17T20:39:24.381Z,buy,5.696e-05,175.0,0.009968
BCD/BTC,1574023164381,2019-11-17T20:39:24.381Z,buy,5.701e-05,351.0,0.02001051
BCD/BTC,1574023164381,2019-11-17T20:39:24.381Z,buy,5.702e-05,1111.0,0.06334922
BCD/BTC,1574023164381,2019-11-17T20:39:24.381Z,buy,5.695e-05,363.0,0.02067285
BCD/BTC,1574023164381,2019-11-17T20:39:24.381Z,buy,5.696e-05,175.0,0.009968
BCD/BTC,1574023164381,2019-11-17T20:39:24.381Z,buy,5.701e-05,351.0,0.02001051
BCD/BTC,1574023164381,2019-11-17T20:39:24.381Z,buy,5.702e-05,1111.0,0.06334922
BCD/BTC,1574024316485,2019-11-17T20:58:36.485Z,buy,5.702e-05,2.0,0.00011404
BCD/BTC,1574024316485,2019-11-17T20:58:36.485Z,buy,5.707e-05,250.0,0.0142675
BCD/BTC,1574024316552,2019-11-17T20:58:36.552Z,sell,5.707e-05,117.0,0.00667719
BCD/BTC,1574024316676,2019-11-17T20:58:36.676Z,sell,5.707e-05,29.0,0.00165503
BCD/BTC,1574024485535,2019-11-17T21:01:25.535Z,buy,5.708e-05,48.0,0.00273984
BCD/BTC,1574024492282,2019-11-17T21:01:32.282Z,buy,5.708e-05,27.0,0.00154116
BCD/BTC,1574024513227,2019-11-17T21:01:53.227Z,buy,5.708e-05,167.0,0.00953236
BCD/BTC,1574024532596,2019-11-17T21:02:12.596Z,buy,5.708e-05,167.0,0.00953236
BCD/BTC,1574024657538,2019-11-17T21:04:17.538Z,buy,5.723e-05,146.0,0.00835558
BCD/BTC,1574024657538,2019-11-17T21:04:17.538Z,buy,5.724e-05,20.0,0.0011448
BCD/BTC,1574024778172,2019-11-17T21:06:18.172Z,buy,5.725e-05,166.0,0.0095035
BCD/BTC,1574024782757,2019-11-17T21:06:22.757Z,buy,5.725e-05,341.0,0.01952225
BCD/BTC,1574024829780,2019-11-17T21:07:09.780Z,buy,5.726e-05,2.0,0.00011452
BCD/BTC,1574024829780,2019-11-17T21:07:09.780Z,buy,5.728e-05,164.0,0.00939392
BCD/BTC,1574024844879,2019-11-17T21:07:24.879Z,buy,5.728e-05,59.0,0.00337952
BCD/BTC,1574024847695,2019-11-17T21:07:27.695Z,sell,5.697e-05,10.0,0.0005697
BCD/BTC,1574024848729,2019-11-17T21:07:28.729Z,buy,5.728e-05,246.0,0.01409088
BCD/BTC,1574024848729,2019-11-17T21:07:28.729Z,buy,5.729e-05,87.0,0.00498423
BCD/BTC,1574024880480,2019-11-17T21:08:00.480Z,sell,5.704e-05,340.0,0.0193936
BCD/BTC,1574024887754,2019-11-17T21:08:07.754Z,buy,5.727e-05,113.0,0.00647151
BCD/BTC,1574024887754,2019-11-17T21:08:07.754Z,buy,5.728e-05,220.0,0.0126016
BCD/BTC,1574024942607,2019-11-17T21:09:02.607Z,buy,5.727e-05,83.0,0.00475341
BCD/BTC,1574024942607,2019-11-17T21:09:02.607Z,buy,5.728e-05,83.0,0.00475424
BCD/BTC,1574024971546,2019-11-17T21:09:31.546Z,buy,5.728e-05,37.0,0.00211936
BCD/BTC,1574024971546,2019-11-17T21:09:31.546Z,buy,5.729e-05,129.0,0.00739041
BCD/BTC,1574025022980,2019-11-17T21:10:22.980Z,buy,5.729e-05,186.0,0.01065594
BCD/BTC,1574025089847,2019-11-17T21:11:29.847Z,buy,5.733e-05,40.0,0.0022932
BCD/BTC,1574025089847,2019-11-17T21:11:29.847Z,buy,5.734e-05,5.0,0.0002867
BCD/BTC,1574025089847,2019-11-17T21:11:29.847Z,buy,5.738e-05,79.0,0.00453302
BCD/BTC,1574025217553,2019-11-17T21:13:37.553Z,buy,5.738e-05,193.0,0.01107434
BCD/BTC,1574025361808,2019-11-17T21:16:01.808Z,buy,5.738e-05,55.0,0.0031559
BCD/BTC,1574025964236,2019-11-17T21:26:04.236Z,buy,5.738e-05,129.0,0.00740202
BCD/BTC,1574025965553,2019-11-17T21:26:05.553Z,sell,5.738e-05,136.0,0.00780368
BCD/BTC,1574025970075,2019-11-17T21:26:10.075Z,sell,5.738e-05,57.0,0.00327066
BCD/BTC,1574025970957,2019-11-17T21:26:10.957Z,sell,5.738e-05,90.0,0.0051642
BCD/BTC,1574025972098,2019-11-17T21:26:12.098Z,sell,5.738e-05,34.0,0.00195092
BCD/BTC,1574025972658,2019-11-17T21:26:12.658Z,sell,5.738e-05,30.0,0.0017214
BCD/BTC,1574026000996,2019-11-17T21:26:40.996Z,buy,5.741e-05,56.0,0.00321496
BCD/BTC,1574026000996,2019-11-17T21:26:40.996Z,buy,5.742e-05,33.0,0.00189486
BCD/BTC,1574026039744,2019-11-17T21:27:19.744Z,buy,5.743e-05,3.0,0.00017229
BCD/BTC,1574026039764,2019-11-17T21:27:19.764Z,sell,5.743e-05,104.0,0.00597272
BCD/BTC,1574026039770,2019-11-17T21:27:19.770Z,sell,5.743e-05,965.0,0.0554199499999999
BCD/BTC,1574026044795,2019-11-17T21:27:24.795Z,sell,5.743e-05,97.0,0.0055707099999999
BCD/BTC,1574026073644,2019-11-17T21:27:53.644Z,buy,5.746e-05,8.0,0.00045968
BCD/BTC,1574026300013,2019-11-17T21:31:40.013Z,buy,5.744e-05,104.0,0.00597376
BCD/BTC,1574026606353,2019-11-17T21:36:46.353Z,buy,5.73e-05,42.0,0.0024066
BCD/BTC,1574026606900,2019-11-17T21:36:46.900Z,buy,5.73e-05,2.0,0.0001146
BCD/BTC,1574026615704,2019-11-17T21:36:55.704Z,buy,5.73e-05,148.0,0.0084803999999999
BCD/BTC,1574026713624,2019-11-17T21:38:33.624Z,buy,5.745e-05,2.0,0.0001149
BCD/BTC,1574026713624,2019-11-17T21:38:33.624Z,buy,5.746e-05,6.0,0.00034476
BCD/BTC,1574026713624,2019-11-17T21:38:33.624Z,buy,5.745e-05,2.0,0.0001149
BCD/BTC,1574026713624,2019-11-17T21:38:33.624Z,buy,5.746e-05,6.0,0.00034476
BCD/BTC,1574028362978,2019-11-17T22:06:02.978Z,buy,5.748e-05,22.0,0.00126456
BCD/BTC,1574028362978,2019-11-17T22:06:02.978Z,buy,5.75e-05,26.0,0.001495
BCD/BTC,1574029021247,2019-11-17T22:17:01.247Z,sell,5.745e-05,3.0,0.00017235
BCD/BTC,1574029021247,2019-11-17T22:17:01.247Z,sell,5.723e-05,111.0,0.00635253
BCD/BTC,1574029100115,2019-11-17T22:18:20.115Z,sell,5.733e-05,8.0,0.00045864
BCD/BTC,1574029104686,2019-11-17T22:18:24.686Z,sell,5.733e-05,16.0,0.00091728
BCD/BTC,1574029109585,2019-11-17T22:18:29.585Z,sell,5.733e-05,44.0,0.00252252
BCD/BTC,1574029114400,2019-11-17T22:18:34.400Z,sell,5.733e-05,8.0,0.00045864
BCD/BTC,1574029540152,2019-11-17T22:25:40.152Z,buy,5.749e-05,330.0,0.0189717
BCD/BTC,1574029542799,2019-11-17T22:25:42.799Z,buy,5.75e-05,25.0,0.0014375
BCD/BTC,1574029563813,2019-11-17T22:26:03.813Z,buy,5.75e-05,390.0,0.022425
BCD/BTC,1574029746996,2019-11-17T22:29:06.996Z,buy,5.75e-05,326.0,0.018745
BCD/BTC,1574029940800,2019-11-17T22:32:20.800Z,buy,5.75e-05,11.0,0.0006325
BCD/BTC,1574030050936,2019-11-17T22:34:10.936Z,buy,5.75e-05,649.0,0.0373175
BCD/BTC,1574030056211,2019-11-17T22:34:16.211Z,buy,5.75e-05,392.0,0.02254
BCD/BTC,1574030056211,2019-11-17T22:34:16.211Z,buy,5.75e-05,392.0,0.02254
BCD/BTC,1574030349715,2019-11-17T22:39:09.715Z,buy,5.75e-05,135.0,0.0077625
BCD/BTC,1574030352024,2019-11-17T22:39:12.024Z,buy,5.75e-05,25.0,0.0014375
BCD/BTC,1574030371746,2019-11-17T22:39:31.746Z,buy,5.75e-05,6.0,0.000345
BCD/BTC,1574030371746,2019-11-17T22:39:31.746Z,buy,5.756e-05,19.0,0.0010936399999999
BCD/BTC,1574030374878,2019-11-17T22:39:34.878Z,buy,5.756e-05,135.0,0.0077706
BCD/BTC,1574031257430,2019-11-17T22:54:17.430Z,buy,5.755e-05,11.0,0.00063305
BCD/BTC,1574031289336,2019-11-17T22:54:49.336Z,buy,5.755e-05,71.0,0.00408605
BCD/BTC,1574031290216,2019-11-17T22:54:50.216Z,buy,5.756e-05,2.0,0.00011512
BCD/BTC,1574031290216,2019-11-17T22:54:50.216Z,buy,5.76e-05,23.0,0.0013248
BCD/BTC,1574031291099,2019-11-17T22:54:51.099Z,buy,5.76e-05,25.0,0.0014399999999999
BCD/BTC,1574031316657,2019-11-17T22:55:16.657Z,sell,5.744e-05,34.0,0.00195296
BCD/BTC,1574031583611,2019-11-17T22:59:43.611Z,sell,5.748e-05,99.0,0.00569052
BCD/BTC,1574031632851,2019-11-17T23:00:32.851Z,sell,5.745e-05,250.0,0.0143625
BCD/BTC,1574031632851,2019-11-17T23:00:32.851Z,sell,5.744e-05,174.0,0.00999456
BCD/BTC,1574031790439,2019-11-17T23:03:10.439Z,sell,5.746e-05,60.0,0.0034476
BCD/BTC,1574032421528,2019-11-17T23:13:41.528Z,sell,5.745e-05,45.0,0.00258525
BCD/BTC,1574033241938,2019-11-17T23:27:21.938Z,buy,5.753e-05,83.0,0.00477499
BCD/BTC,1574033241938,2019-11-17T23:27:21.938Z,buy,5.756e-05,83.0,0.00477748
BCD/BTC,1574033504099,2019-11-17T23:31:44.099Z,sell,5.73e-05,88.0,0.0050424
BCD/BTC,1574033504099,2019-11-17T23:31:44.099Z,sell,5.73e-05,88.0,0.0050424
BCD/BTC,1574034985068,2019-11-17T23:56:25.068Z,buy,5.759e-05,10.0,0.0005759
BCD/BTC,1574035298127,2019-11-18T00:01:38.127Z,sell,5.742e-05,3.0,0.00017226
BCD/BTC,1574035582428,2019-11-18T00:06:22.428Z,buy,5.759e-05,20.0,0.0011518
BCD/BTC,1574035876087,2019-11-18T00:11:16.087Z,buy,5.759e-05,54.0,0.00310986
BCD/BTC,1574036428869,2019-11-18T00:20:28.869Z,buy,5.738e-05,25.0,0.0014345
BCD/BTC,1574036429878,2019-11-18T00:20:29.878Z,buy,5.738e-05,115.0,0.0065987
BCD/BTC,1574036429922,2019-11-18T00:20:29.922Z,buy,5.738e-05,25.0,0.0014345
BCD/BTC,1574036430832,2019-11-18T00:20:30.832Z,buy,5.738e-05,32.0,0.00183616
BCD/BTC,1574036431213,2019-11-18T00:20:31.213Z,buy,5.738e-05,25.0,0.0014345
BCD/BTC,1574036432265,2019-11-18T00:20:32.265Z,buy,5.738e-05,25.0,0.0014345
BCD/BTC,1574036433160,2019-11-18T00:20:33.160Z,buy,5.738e-05,25.0,0.0014345
BCD/BTC,1574036434076,2019-11-18T00:20:34.076Z,buy,5.738e-05,25.0,0.0014345
BCD/BTC,1574036435136,2019-11-18T00:20:35.136Z,buy,5.738e-05,25.0,0.0014345
BCD/BTC,1574036517540,2019-11-18T00:21:57.540Z,buy,5.738e-05,2.0,0.00011476
BCD/BTC,1574036582065,2019-11-18T00:23:02.065Z,sell,5.737e-05,133.0,0.00763021
BCD/BTC,1574036972202,2019-11-18T00:29:32.202Z,sell,5.738e-05,10.0,0.0005738
BCD/BTC,1574037075701,2019-11-18T00:31:15.701Z,sell,5.735e-05,2.0,0.0001147
BCD/BTC,1574037075701,2019-11-18T00:31:15.701Z,sell,5.734e-05,13.0,0.00074542
BCD/BTC,1574037075701,2019-11-18T00:31:15.701Z,sell,5.735e-05,2.0,0.0001147
BCD/BTC,1574037075701,2019-11-18T00:31:15.701Z,sell,5.734e-05,13.0,0.00074542
BCD/BTC,1574037112342,2019-11-18T00:31:52.342Z,sell,5.735e-05,5.0,0.00028675
BCD/BTC,1574037588254,2019-11-18T00:39:48.254Z,sell,5.737e-05,36.0,0.00206532
BCD/BTC,1574037588254,2019-11-18T00:39:48.254Z,sell,5.736e-05,38.0,0.00217968
BCD/BTC,1574037588254,2019-11-18T00:39:48.254Z,sell,5.735e-05,38.0,0.0021793
BCD/BTC,1574037655275,2019-11-18T00:40:55.275Z,buy,5.735e-05,2.0,0.0001147
BCD/BTC,1574038195145,2019-11-18T00:49:55.145Z,buy,5.734e-05,174.0,0.00997716
BCD/BTC,1574038262301,2019-11-18T00:51:02.301Z,buy,5.734e-05,25.0,0.0014335
BCD/BTC,1574038287759,2019-11-18T00:51:27.759Z,buy,5.734e-05,25.0,0.0014335
BCD/BTC,1574038307002,2019-11-18T00:51:47.002Z,buy,5.734e-05,25.0,0.0014335
BCD/BTC,1574038323278,2019-11-18T00:52:03.278Z,buy,5.734e-05,25.0,0.0014335
BCD/BTC,1574038330968,2019-11-18T00:52:10.968Z,buy,5.734e-05,4.0,0.00022936
BCD/BTC,1574038888885,2019-11-18T01:01:28.885Z,sell,5.716e-05,7.0,0.00040012
BCD/BTC,1574038888885,2019-11-18T01:01:28.885Z,sell,5.714e-05,22.0,0.00125708
BCD/BTC,1574038888885,2019-11-18T01:01:28.885Z,sell,5.711e-05,35.0,0.00199885
BCD/BTC,1574038975125,2019-11-18T01:02:55.125Z,buy,5.727e-05,72.0,0.00412344
BCD/BTC,1574038976280,2019-11-18T01:02:56.280Z,sell,5.727e-05,24.0,0.00137448
BCD/BTC,1574039825523,2019-11-18T01:17:05.523Z,sell,5.717e-05,176.0,0.01006192
BCD/BTC,1574039851809,2019-11-18T01:17:31.809Z,sell,5.717e-05,147.0,0.00840399
BCD/BTC,1574039912316,2019-11-18T01:18:32.316Z,sell,5.719e-05,205.0,0.01172395
BCD/BTC,1574039920295,2019-11-18T01:18:40.295Z,sell,5.719e-05,85.0,0.00486115
BCD/BTC,1574039956810,2019-11-18T01:19:16.810Z,sell,5.72e-05,9.0,0.0005148
BCD/BTC,1574040050093,2019-11-18T01:20:50.093Z,sell,5.719e-05,9.0,0.00051471
BCD/BTC,1574040051300,2019-11-18T01:20:51.300Z,sell,5.715e-05,34.0,0.0019431
BCD/BTC,1574040091929,2019-11-18T01:21:31.929Z,sell,5.715e-05,43.0,0.00245745
BCD/BTC,1574040092937,2019-11-18T01:21:32.937Z,sell,5.715e-05,53.0,0.00302895
BCD/BTC,1574040146715,2019-11-18T01:22:26.715Z,sell,5.714e-05,99.0,0.00565686
BCD/BTC,1574040184182,2019-11-18T01:23:04.182Z,buy,5.73e-05,2.0,0.0001146
BCD/BTC,1574040184182,2019-11-18T01:23:04.182Z,buy,5.733e-05,239.0,0.01370187
BCD/BTC,1574040184182,2019-11-18T01:23:04.182Z,buy,5.734e-05,50.0,0.002867
BCD/BTC,1574040184182,2019-11-18T01:23:04.182Z,buy,5.735e-05,347.0,0.01990045
BCD/BTC,1574040184345,2019-11-18T01:23:04.345Z,sell,5.713e-05,6.0,0.00034278
BCD/BTC,1574040184345,2019-11-18T01:23:04.345Z,sell,5.712e-05,33.0,0.00188496
BCD/BTC,1574040185530,2019-11-18T01:23:05.530Z,sell,5.712e-05,29.0,0.00165648
BCD/BTC,1574040217751,2019-11-18T01:23:37.751Z,sell,5.712e-05,60.0,0.0034272
BCD/BTC,1574040221243,2019-11-18T01:23:41.243Z,sell,5.713e-05,252.0,0.01439676
BCD/BTC,1574040222179,2019-11-18T01:23:42.179Z,sell,5.713e-05,45.0,0.00257085
BCD/BTC,1574040230320,2019-11-18T01:23:50.320Z,sell,5.713e-05,10.0,0.0005713
BCD/BTC,1574040230320,2019-11-18T01:23:50.320Z,sell,5.712e-05,223.0,0.01273776
BCD/BTC,1574040245082,2019-11-18T01:24:05.082Z,sell,5.712e-05,46.0,0.00262752
BCD/BTC,1574040311426,2019-11-18T01:25:11.426Z,sell,5.711e-05,72.0,0.00411192
BCD/BTC,1574040311426,2019-11-18T01:25:11.426Z,sell,5.711e-05,72.0,0.00411192
BCD/BTC,1574040841542,2019-11-18T01:34:01.542Z,sell,5.727e-05,64.0,0.00366528
BCD/BTC,1574040841577,2019-11-18T01:34:01.577Z,sell,5.727e-05,5.0,0.00028635
BCD/BTC,1574040843746,2019-11-18T01:34:03.746Z,sell,5.714e-05,8.0,0.00045712
BCD/BTC,1574040843746,2019-11-18T01:34:03.746Z,sell,5.711e-05,50.0,0.0028555
BCD/BTC,1574040844348,2019-11-18T01:34:04.348Z,sell,5.711e-05,63.0,0.00359793
BCD/BTC,1574040846104,2019-11-18T01:34:06.104Z,sell,5.711e-05,63.0,0.00359793
BCD/BTC,1574040873351,2019-11-18T01:34:33.351Z,sell,5.711e-05,63.0,0.00359793
BCD/BTC,1574040890165,2019-11-18T01:34:50.165Z,sell,5.711e-05,79.0,0.00451169
BCD/BTC,1574040890297,2019-11-18T01:34:50.297Z,sell,5.711e-05,138.0,0.00788118
BCD/BTC,1574041129000,2019-11-18T01:38:49.000Z,sell,5.708e-05,3.0,0.00017124
BCD/BTC,1574041129000,2019-11-18T01:38:49.000Z,sell,5.705e-05,16.0,0.0009128
BCD/BTC,1574041129000,2019-11-18T01:38:49.000Z,sell,5.704e-05,250.0,0.01426
BCD/BTC,1574041129000,2019-11-18T01:38:49.000Z,sell,5.703e-05,11.0,0.00062733
BCD/BTC,1574041129022,2019-11-18T01:38:49.022Z,buy,5.701e-05,94.0,0.0053589399999999
BCD/BTC,1574041129053,2019-11-18T01:38:49.053Z,buy,5.701e-05,85.0,0.00484585
BCD/BTC,1574041129058,2019-11-18T01:38:49.058Z,buy,5.701e-05,4.0,0.00022804
BCD/BTC,1574041129179,2019-11-18T01:38:49.179Z,sell,5.7e-05,5.0,0.000285
BCD/BTC,1574041129237,2019-11-18T01:38:49.237Z,buy,5.7e-05,36.0,0.002052
BCD/BTC,1574041137888,2019-11-18T01:38:57.888Z,sell,5.7e-05,167.0,0.009519
BCD/BTC,1574041172957,2019-11-18T01:39:32.957Z,sell,5.699e-05,141.0,0.00803559
BCD/BTC,1574041172994,2019-11-18T01:39:32.994Z,sell,5.699e-05,10.0,0.0005699
BCD/BTC,1574041172994,2019-11-18T01:39:32.994Z,sell,5.698e-05,11.0,0.00062678
BCD/BTC,1574041172994,2019-11-18T01:39:32.994Z,sell,5.693e-05,174.0,0.00990582
BCD/BTC,1574041172994,2019-11-18T01:39:32.994Z,sell,5.692e-05,372.0,0.02117424
BCD/BTC,1574041173354,2019-11-18T01:39:33.354Z,sell,5.692e-05,26.0,0.00147992
BCD/BTC,1574041173354,2019-11-18T01:39:33.354Z,sell,5.691e-05,66.0,0.00375606
BCD/BTC,1574041173460,2019-11-18T01:39:33.460Z,buy,5.697e-05,88.0,0.00501336
BCD/BTC,1574041173463,2019-11-18T01:39:33.463Z,buy,5.697e-05,69.0,0.00393093
BCD/BTC,1574041175517,2019-11-18T01:39:35.517Z,buy,5.698e-05,87.0,0.00495726
BCD/BTC,1574041175564,2019-11-18T01:39:35.564Z,buy,5.698e-05,35.0,0.0019943
BCD/BTC,1574041177168,2019-11-18T01:39:37.168Z,sell,5.692e-05,32.0,0.00182144
BCD/BTC,1574041192132,2019-11-18T01:39:52.132Z,sell,5.692e-05,42.0,0.00239064
BCD/BTC,1574041192132,2019-11-18T01:39:52.132Z,sell,5.691e-05,72.0,0.00409752
BCD/BTC,1574041192519,2019-11-18T01:39:52.519Z,sell,5.692e-05,149.0,0.00848108
BCD/BTC,1574041192519,2019-11-18T01:39:52.519Z,sell,5.691e-05,266.0,0.01513806
BCD/BTC,1574041192526,2019-11-18T01:39:52.526Z,sell,5.691e-05,96.0,0.00546336
BCD/BTC,1574041192526,2019-11-18T01:39:52.526Z,sell,5.69e-05,72.0,0.0040968
BCD/BTC,1574041193181,2019-11-18T01:39:53.181Z,sell,5.69e-05,9.0,0.0005121
BCD/BTC,1574041194352,2019-11-18T01:39:54.352Z,sell,5.69e-05,341.0,0.0194029
BCD/BTC,1574041196194,2019-11-18T01:39:56.194Z,sell,5.69e-05,10.0,0.000569
BCD/BTC,1574041767585,2019-11-18T01:49:27.585Z,sell,5.693e-05,12.0,0.0006831599999999
BCD/BTC,1574042470771,2019-11-18T02:01:10.771Z,sell,5.697e-05,5.0,0.00028485
BCD/BTC,1574042470771,2019-11-18T02:01:10.771Z,sell,5.696e-05,2.0,0.00011392
BCD/BTC,1574042470771,2019-11-18T02:01:10.771Z,sell,5.693e-05,123.0,0.00700239
BCD/BTC,1574043016126,2019-11-18T02:10:16.126Z,buy,5.721e-05,25.0,0.00143025
BCD/BTC,1574043016338,2019-11-18T02:10:16.338Z,buy,5.721e-05,135.0,0.00772335
BCD/BTC,1574043017256,2019-11-18T02:10:17.256Z,buy,5.72e-05,25.0,0.00143
BCD/BTC,1574043017526,2019-11-18T02:10:17.526Z,buy,5.72e-05,40.0,0.002288
BCD/BTC,1574043018393,2019-11-18T02:10:18.393Z,buy,5.719e-05,25.0,0.00142975
BCD/BTC,1574043019644,2019-11-18T02:10:19.644Z,buy,5.719e-05,25.0,0.00142975
BCD/BTC,1574043020761,2019-11-18T02:10:20.761Z,buy,5.719e-05,25.0,0.00142975
BCD/BTC,1574043021849,2019-11-18T02:10:21.849Z,buy,5.719e-05,25.0,0.00142975
BCD/BTC,1574043022771,2019-11-18T02:10:22.771Z,buy,5.725e-05,25.0,0.00143125
BCD/BTC,1574043022918,2019-11-18T02:10:22.918Z,buy,5.725e-05,135.0,0.00772875
BCD/BTC,1574043023722,2019-11-18T02:10:23.722Z,buy,5.724e-05,25.0,0.001431
BCD/BTC,1574043024903,2019-11-18T02:10:24.903Z,buy,5.723e-05,25.0,0.00143075
BCD/BTC,1574043026015,2019-11-18T02:10:26.015Z,buy,5.722e-05,25.0,0.0014305
BCD/BTC,1574043027058,2019-11-18T02:10:27.058Z,buy,5.721e-05,25.0,0.00143025
BCD/BTC,1574043028064,2019-11-18T02:10:28.064Z,buy,5.721e-05,25.0,0.00143025
BCD/BTC,1574043029074,2019-11-18T02:10:29.074Z,buy,5.719e-05,25.0,0.00142975
BCD/BTC,1574043029450,2019-11-18T02:10:29.450Z,buy,5.719e-05,85.0,0.00486115
BCD/BTC,1574043030387,2019-11-18T02:10:30.387Z,buy,5.718e-05,25.0,0.0014295
BCD/BTC,1574043031559,2019-11-18T02:10:31.559Z,buy,5.719e-05,25.0,0.00142975
BCD/BTC,1574043032643,2019-11-18T02:10:32.643Z,buy,5.719e-05,25.0,0.00142975
BCD/BTC,1574043034110,2019-11-18T02:10:34.110Z,buy,5.723e-05,25.0,0.00143075
BCD/BTC,1574043035057,2019-11-18T02:10:35.057Z,buy,5.723e-05,25.0,0.00143075
BCD/BTC,1574043036003,2019-11-18T02:10:36.003Z,buy,5.722e-05,135.0,0.0077246999999999
BCD/BTC,1574043036942,2019-11-18T02:10:36.942Z,buy,5.721e-05,25.0,0.00143025
BCD/BTC,1574043038057,2019-11-18T02:10:38.057Z,buy,5.721e-05,21.0,0.00120141
BCD/BTC,1574043038057,2019-11-18T02:10:38.057Z,buy,5.725e-05,4.0,0.000229
BCD/BTC,1574043038998,2019-11-18T02:10:38.998Z,buy,5.724e-05,25.0,0.001431
BCD/BTC,1574043039970,2019-11-18T02:10:39.970Z,buy,5.724e-05,25.0,0.001431
BCD/BTC,1574043041106,2019-11-18T02:10:41.106Z,buy,5.725e-05,25.0,0.00143125
BCD/BTC,1574043042271,2019-11-18T02:10:42.271Z,buy,5.724e-05,25.0,0.001431
BCD/BTC,1574043042746,2019-11-18T02:10:42.746Z,buy,5.724e-05,135.0,0.0077274
BCD/BTC,1574043043182,2019-11-18T02:10:43.182Z,buy,5.724e-05,25.0,0.001431
BCD/BTC,1574043044091,2019-11-18T02:10:44.091Z,buy,5.724e-05,25.0,0.001431
BCD/BTC,1574043045174,2019-11-18T02:10:45.174Z,buy,5.725e-05,25.0,0.00143125
BCD/BTC,1574043046145,2019-11-18T02:10:46.145Z,buy,5.724e-05,25.0,0.001431
BCD/BTC,1574043047055,2019-11-18T02:10:47.055Z,buy,5.724e-05,25.0,0.001431
BCD/BTC,1574043048163,2019-11-18T02:10:48.163Z,buy,5.724e-05,25.0,0.001431
BCD/BTC,1574043049102,2019-11-18T02:10:49.102Z,buy,5.725e-05,25.0,0.00143125
BCD/BTC,1574043049240,2019-11-18T02:10:49.240Z,buy,5.725e-05,135.0,0.00772875
BCD/BTC,1574043050291,2019-11-18T02:10:50.291Z,buy,5.724e-05,25.0,0.001431
BCD/BTC,1574043051381,2019-11-18T02:10:51.381Z,buy,5.724e-05,25.0,0.001431
BCD/BTC,1574043052528,2019-11-18T02:10:52.528Z,buy,5.725e-05,25.0,0.00143125
BCD/BTC,1574043053799,2019-11-18T02:10:53.799Z,buy,5.724e-05,25.0,0.001431
BCD/BTC,1574043054917,2019-11-18T02:10:54.917Z,buy,5.725e-05,25.0,0.00143125
BCD/BTC,1574043055756,2019-11-18T02:10:55.756Z,buy,5.725e-05,135.0,0.00772875
BCD/BTC,1574043056122,2019-11-18T02:10:56.122Z,buy,5.724e-05,13.0,0.00074412
BCD/BTC,1574043056122,2019-11-18T02:10:56.122Z,buy,5.725e-05,12.0,0.000687
BCD/BTC,1574043057117,2019-11-18T02:10:57.117Z,buy,5.725e-05,25.0,0.00143125
BCD/BTC,1574043058091,2019-11-18T02:10:58.091Z,buy,5.725e-05,20.0,0.001145
BCD/BTC,1574043058091,2019-11-18T02:10:58.091Z,buy,5.726e-05,2.0,0.00011452
BCD/BTC,1574043058091,2019-11-18T02:10:58.091Z,buy,5.728e-05,3.0,0.00017184
BCD/BTC,1574043194883,2019-11-18T02:13:14.883Z,buy,5.728e-05,66.0,0.00378048
BCD/BTC,1574043195091,2019-11-18T02:13:15.091Z,buy,5.733e-05,25.0,0.00143325
BCD/BTC,1574043196036,2019-11-18T02:13:16.036Z,buy,5.733e-05,15.0,0.00085995
BCD/BTC,1574043196036,2019-11-18T02:13:16.036Z,buy,5.734e-05,10.0,0.0005734
BCD/BTC,1574043197140,2019-11-18T02:13:17.140Z,buy,5.734e-05,25.0,0.0014335
BCD/BTC,1574043198194,2019-11-18T02:13:18.194Z,buy,5.734e-05,25.0,0.0014335
BCD/BTC,1574043199131,2019-11-18T02:13:19.131Z,buy,5.734e-05,25.0,0.0014335
BCD/BTC,1574043200063,2019-11-18T02:13:20.063Z,buy,5.734e-05,25.0,0.0014335
BCD/BTC,1574043201361,2019-11-18T02:13:21.361Z,buy,5.734e-05,25.0,0.0014335
BCD/BTC,1574043201487,2019-11-18T02:13:21.487Z,buy,5.734e-05,85.0,0.0048739
BCD/BTC,1574043202877,2019-11-18T02:13:22.877Z,buy,5.734e-05,25.0,0.0014335
BCD/BTC,1574043204151,2019-11-18T02:13:24.151Z,buy,5.734e-05,25.0,0.0014335
BCD/BTC,1574043429120,2019-11-18T02:17:09.120Z,buy,5.734e-05,2.0,0.00011468
BCD/BTC,1574043429120,2019-11-18T02:17:09.120Z,buy,5.735e-05,23.0,0.00131905
BCD/BTC,1574043430390,2019-11-18T02:17:10.390Z,buy,5.735e-05,25.0,0.00143375
BCD/BTC,1574043431359,2019-11-18T02:17:11.359Z,buy,5.735e-05,25.0,0.00143375
BCD/BTC,1574043432399,2019-11-18T02:17:12.399Z,buy,5.735e-05,25.0,0.00143375
BCD/BTC,1574043433618,2019-11-18T02:17:13.618Z,buy,5.735e-05,94.0,0.0053909
BCD/BTC,1574043433740,2019-11-18T02:17:13.740Z,buy,5.735e-05,25.0,0.00143375
BCD/BTC,1574043434773,2019-11-18T02:17:14.773Z,buy,5.735e-05,25.0,0.00143375
BCD/BTC,1574043435736,2019-11-18T02:17:15.736Z,buy,5.735e-05,25.0,0.00143375
BCD/BTC,1574043436852,2019-11-18T02:17:16.852Z,buy,5.735e-05,25.0,0.00143375
BCD/BTC,1574043438017,2019-11-18T02:17:18.017Z,buy,5.735e-05,25.0,0.00143375
BCD/BTC,1574043439064,2019-11-18T02:17:19.064Z,buy,5.735e-05,25.0,0.00143375
BCD/BTC,1574043440326,2019-11-18T02:17:20.326Z,buy,5.735e-05,25.0,0.00143375
BCD/BTC,1574043441372,2019-11-18T02:17:21.372Z,buy,5.735e-05,25.0,0.00143375
BCD/BTC,1574043442653,2019-11-18T02:17:22.653Z,buy,5.735e-05,25.0,0.00143375
BCD/BTC,1574043443719,2019-11-18T02:17:23.719Z,buy,5.735e-05,25.0,0.00143375
BCD/BTC,1574043444648,2019-11-18T02:17:24.648Z,buy,5.735e-05,25.0,0.00143375
BCD/BTC,1574043445811,2019-11-18T02:17:25.811Z,buy,5.735e-05,25.0,0.00143375
BCD/BTC,1574043447768,2019-11-18T02:17:27.768Z,buy,5.735e-05,25.0,0.00143375
BCD/BTC,1574043449070,2019-11-18T02:17:29.070Z,buy,5.735e-05,25.0,0.00143375
BCD/BTC,1574043559035,2019-11-18T02:19:19.035Z,sell,5.71e-05,2.0,0.0001142
BCD/BTC,1574043565428,2019-11-18T02:19:25.428Z,sell,5.71e-05,16.0,0.0009136
BCD/BTC,1574043567421,2019-11-18T02:19:27.421Z,sell,5.711e-05,220.0,0.0125642
BCD/BTC,1574043582485,2019-11-18T02:19:42.485Z,sell,5.711e-05,294.0,0.01679034
BCD/BTC,1574043582821,2019-11-18T02:19:42.821Z,sell,5.711e-05,47.0,0.00268417
BCD/BTC,1574043624410,2019-11-18T02:20:24.410Z,sell,5.711e-05,14.0,0.00079954
BCD/BTC,1574043624410,2019-11-18T02:20:24.410Z,sell,5.71e-05,304.0,0.0173584
BCD/BTC,1574043624706,2019-11-18T02:20:24.706Z,sell,5.71e-05,39.0,0.0022269
BCD/BTC,1574043624706,2019-11-18T02:20:24.706Z,sell,5.71e-05,39.0,0.0022269
BCD/BTC,1574044055476,2019-11-18T02:27:35.476Z,sell,5.7e-05,5.0,0.000285
BCD/BTC,1574044055476,2019-11-18T02:27:35.476Z,sell,5.699e-05,16.0,0.00091184
BCD/BTC,1574044055564,2019-11-18T02:27:35.564Z,sell,5.699e-05,24.0,0.00136776
BCD/BTC,1574044055564,2019-11-18T02:27:35.564Z,sell,5.693e-05,19.0,0.00108167
BCD/BTC,1574044055711,2019-11-18T02:27:35.711Z,sell,5.693e-05,9.0,0.00051237
BCD/BTC,1574044130840,2019-11-18T02:28:50.840Z,sell,5.697e-05,81.0,0.00461457
BCD/BTC,1574044132439,2019-11-18T02:28:52.439Z,sell,5.698e-05,150.0,0.008547
BCD/BTC,1574044148341,2019-11-18T02:29:08.341Z,sell,5.698e-05,81.0,0.00461538
BCD/BTC,1574044149703,2019-11-18T02:29:09.703Z,sell,5.698e-05,44.0,0.00250712
BCD/BTC,1574044158192,2019-11-18T02:29:18.192Z,sell,5.699e-05,295.0,0.01681205
BCD/BTC,1574044158425,2019-11-18T02:29:18.425Z,sell,5.7e-05,42.0,0.002394
BCD/BTC,1574044185533,2019-11-18T02:29:45.533Z,sell,5.698e-05,92.0,0.00524216
BCD/BTC,1574044186257,2019-11-18T02:29:46.257Z,sell,5.698e-05,9.0,0.00051282
BCD/BTC,1574044186257,2019-11-18T02:29:46.257Z,sell,5.697e-05,7.0,0.00039879
BCD/BTC,1574044186733,2019-11-18T02:29:46.733Z,sell,5.699e-05,84.0,0.00478716
BCD/BTC,1574044324021,2019-11-18T02:32:04.021Z,sell,5.699e-05,1.0,5.699e-05
BCD/BTC,1574044324021,2019-11-18T02:32:04.021Z,sell,5.695e-05,2.0,0.0001139
BCD/BTC,1574044324021,2019-11-18T02:32:04.021Z,sell,5.692e-05,2.0,0.00011384
BCD/BTC,1574044324021,2019-11-18T02:32:04.021Z,sell,5.69e-05,55.0,0.0031295
BCD/BTC,1574044324034,2019-11-18T02:32:04.034Z,sell,5.69e-05,15.0,0.0008535
BCD/BTC,1574044324034,2019-11-18T02:32:04.034Z,sell,5.689e-05,391.0,0.0222439899999999
BCD/BTC,1574044324035,2019-11-18T02:32:04.035Z,sell,5.689e-05,293.0,0.01666877
BCD/BTC,1574044324122,2019-11-18T02:32:04.122Z,sell,5.689e-05,840.0,0.0477876
BCD/BTC,1574044324215,2019-11-18T02:32:04.215Z,sell,5.689e-05,352.0,0.02002528
BCD/BTC,1574044324406,2019-11-18T02:32:04.406Z,sell,5.689e-05,840.0,0.0477876
BCD/BTC,1574044324496,2019-11-18T02:32:04.496Z,sell,5.689e-05,624.0,0.03549936
BCD/BTC,1574044324496,2019-11-18T02:32:04.496Z,sell,5.688e-05,200.0,0.0113759999999999
BCD/BTC,1574044324496,2019-11-18T02:32:04.496Z,sell,5.687e-05,3.0,0.00017061
BCD/BTC,1574044324496,2019-11-18T02:32:04.496Z,sell,5.685e-05,28.0,0.0015918
BCD/BTC,1574044324496,2019-11-18T02:32:04.496Z,sell,5.684e-05,23.0,0.00130732
BCD/BTC,1574044324724,2019-11-18T02:32:04.724Z,sell,5.685e-05,530.0,0.0301305
BCD/BTC,1574044324866,2019-11-18T02:32:04.866Z,sell,5.685e-05,1053.0,0.05986305
BCD/BTC,1574044324866,2019-11-18T02:32:04.866Z,sell,5.684e-05,172.0,0.0097764799999999
BCD/BTC,1574044325076,2019-11-18T02:32:05.076Z,sell,5.684e-05,391.0,0.0222244399999999
BCD/BTC,1574044325076,2019-11-18T02:32:05.076Z,sell,5.682e-05,309.0,0.01755738
BCD/BTC,1574044334387,2019-11-18T02:32:14.387Z,sell,5.682e-05,92.0,0.00522744
BCD/BTC,1574044334387,2019-11-18T02:32:14.387Z,sell,5.681e-05,275.0,0.01562275
BCD/BTC,1574044335570,2019-11-18T02:32:15.570Z,sell,5.681e-05,92.0,0.00522652
BCD/BTC,1574044335570,2019-11-18T02:32:15.570Z,sell,5.68e-05,4.0,0.0002272
BCD/BTC,1574044357178,2019-11-18T02:32:37.178Z,sell,5.68e-05,18.0,0.0010224
BCD/BTC,1574044357178,2019-11-18T02:32:37.178Z,sell,5.679e-05,12.0,0.0006814799999999
BCD/BTC,1574044357206,2019-11-18T02:32:37.206Z,sell,5.679e-05,1.0,5.679e-05
BCD/BTC,1574044357261,2019-11-18T02:32:37.261Z,buy,5.678e-05,29.0,0.00164662
BCD/BTC,1574044357407,2019-11-18T02:32:37.407Z,sell,5.674e-05,6.0,0.00034044
BCD/BTC,1574044357407,2019-11-18T02:32:37.407Z,sell,5.673e-05,3.0,0.00017019
BCD/BTC,1574044357407,2019-11-18T02:32:37.407Z,sell,5.67e-05,95.0,0.0053865
BCD/BTC,1574044531446,2019-11-18T02:35:31.446Z,sell,5.682e-05,5.0,0.0002841
BCD/BTC,1574044531446,2019-11-18T02:35:31.446Z,sell,5.681e-05,5.0,0.00028405
BCD/BTC,1574044550168,2019-11-18T02:35:50.168Z,sell,5.681e-05,9.0,0.00051129
BCD/BTC,1574044747208,2019-11-18T02:39:07.208Z,buy,5.699e-05,25.0,0.00142475
BCD/BTC,1574044748304,2019-11-18T02:39:08.304Z,buy,5.697e-05,25.0,0.00142425
BCD/BTC,1574044749308,2019-11-18T02:39:09.308Z,buy,5.695e-05,41.0,0.00233495
BCD/BTC,1574044749493,2019-11-18T02:39:09.493Z,buy,5.695e-05,25.0,0.00142375
BCD/BTC,1574044750715,2019-11-18T02:39:10.715Z,buy,5.694e-05,25.0,0.0014235
BCD/BTC,1574044751900,2019-11-18T02:39:11.900Z,buy,5.693e-05,25.0,0.00142325
BCD/BTC,1574044753149,2019-11-18T02:39:13.149Z,buy,5.693e-05,25.0,0.00142325
BCD/BTC,1574044754298,2019-11-18T02:39:14.298Z,buy,5.693e-05,25.0,0.00142325
BCD/BTC,1574044755446,2019-11-18T02:39:15.446Z,buy,5.707e-05,25.0,0.00142675
BCD/BTC,1574044755985,2019-11-18T02:39:15.985Z,buy,5.706e-05,173.0,0.0098713799999999
BCD/BTC,1574044756598,2019-11-18T02:39:16.598Z,buy,5.705e-05,25.0,0.00142625
BCD/BTC,1574044757612,2019-11-18T02:39:17.612Z,buy,5.705e-05,25.0,0.00142625
BCD/BTC,1574044758702,2019-11-18T02:39:18.702Z,buy,5.704e-05,25.0,0.001426
BCD/BTC,1574044759736,2019-11-18T02:39:19.736Z,buy,5.703e-05,25.0,0.00142575
BCD/BTC,1574044761426,2019-11-18T02:39:21.426Z,buy,5.703e-05,25.0,0.00142575
BCD/BTC,1574044762474,2019-11-18T02:39:22.474Z,buy,5.701e-05,154.0,0.0087795399999999
BCD/BTC,1574044762474,2019-11-18T02:39:22.474Z,buy,5.702e-05,197.0,0.01123294
BCD/BTC,1574044762863,2019-11-18T02:39:22.863Z,buy,5.7e-05,25.0,0.001425
BCD/BTC,1574044763967,2019-11-18T02:39:23.967Z,buy,5.699e-05,25.0,0.00142475
BCD/BTC,1574044765325,2019-11-18T02:39:25.325Z,buy,5.699e-05,25.0,0.00142475
BCD/BTC,1574044766391,2019-11-18T02:39:26.391Z,buy,5.697e-05,25.0,0.00142425
BCD/BTC,1574044767329,2019-11-18T02:39:27.329Z,buy,5.697e-05,25.0,0.00142425
BCD/BTC,1574044768332,2019-11-18T02:39:28.332Z,buy,5.697e-05,25.0,0.00142425
BCD/BTC,1574044768332,2019-11-18T02:39:28.332Z,sell,5.681e-05,5.0,0.00028405
BCD/BTC,1574044768332,2019-11-18T02:39:28.332Z,sell,5.675e-05,87.0,0.00493725
BCD/BTC,1574044768714,2019-11-18T02:39:28.714Z,sell,5.675e-05,74.0,0.0041995
BCD/BTC,1574044769326,2019-11-18T02:39:29.326Z,buy,5.697e-05,18.0,0.00102546
BCD/BTC,1574044769326,2019-11-18T02:39:29.326Z,buy,5.708e-05,3.0,0.00017124
BCD/BTC,1574044769326,2019-11-18T02:39:29.326Z,buy,5.713e-05,4.0,0.00022852
BCD/BTC,1574044769704,2019-11-18T02:39:29.704Z,buy,5.707e-05,40.0,0.0022828
BCD/BTC,1574044770509,2019-11-18T02:39:30.509Z,buy,5.707e-05,25.0,0.00142675
BCD/BTC,1574044771262,2019-11-18T02:39:31.262Z,sell,5.675e-05,13.0,0.0007377499999999
BCD/BTC,1574044771262,2019-11-18T02:39:31.262Z,sell,5.673e-05,3.0,0.00017019
BCD/BTC,1574044771262,2019-11-18T02:39:31.262Z,sell,5.67e-05,133.0,0.0075411
BCD/BTC,1574044771660,2019-11-18T02:39:31.660Z,buy,5.706e-05,25.0,0.0014265
BCD/BTC,1574044772617,2019-11-18T02:39:32.617Z,buy,5.705e-05,25.0,0.00142625
BCD/BTC,1574044773618,2019-11-18T02:39:33.618Z,buy,5.701e-05,25.0,0.0014252499999999
BCD/BTC,1574044774922,2019-11-18T02:39:34.922Z,buy,5.701e-05,25.0,0.0014252499999999
BCD/BTC,1574044775995,2019-11-18T02:39:35.995Z,buy,5.701e-05,20.0,0.0011402
BCD/BTC,1574044775995,2019-11-18T02:39:35.995Z,buy,5.702e-05,5.0,0.0002851
BCD/BTC,1574044776946,2019-11-18T02:39:36.946Z,buy,5.7e-05,25.0,0.001425
BCD/BTC,1574044777976,2019-11-18T02:39:37.976Z,buy,5.7e-05,25.0,0.001425
BCD/BTC,1574044779155,2019-11-18T02:39:39.155Z,buy,5.7e-05,25.0,0.001425
BCD/BTC,1574044780123,2019-11-18T02:39:40.123Z,buy,5.701e-05,25.0,0.0014252499999999
BCD/BTC,1574044781121,2019-11-18T02:39:41.121Z,buy,5.701e-05,25.0,0.0014252499999999
BCD/BTC,1574044782095,2019-11-18T02:39:42.095Z,buy,5.701e-05,27.0,0.00153927
BCD/BTC,1574044782345,2019-11-18T02:39:42.345Z,buy,5.702e-05,25.0,0.0014255
BCD/BTC,1574044783287,2019-11-18T02:39:43.287Z,buy,5.702e-05,25.0,0.0014255
BCD/BTC,1574044784306,2019-11-18T02:39:44.306Z,buy,5.702e-05,23.0,0.00131146
BCD/BTC,1574044784306,2019-11-18T02:39:44.306Z,buy,5.707e-05,2.0,0.00011414
BCD/BTC,1574044785466,2019-11-18T02:39:45.466Z,buy,5.706e-05,25.0,0.0014265
BCD/BTC,1574044786620,2019-11-18T02:39:46.620Z,buy,5.707e-05,25.0,0.00142675
BCD/BTC,1574044787673,2019-11-18T02:39:47.673Z,buy,5.707e-05,25.0,0.00142675
BCD/BTC,1574044788628,2019-11-18T02:39:48.628Z,buy,5.707e-05,1080.0,0.0616356
BCD/BTC,1574044788891,2019-11-18T02:39:48.891Z,buy,5.707e-05,25.0,0.00142675
BCD/BTC,1574044789947,2019-11-18T02:39:49.947Z,buy,5.705e-05,25.0,0.00142625
BCD/BTC,1574044790912,2019-11-18T02:39:50.912Z,buy,5.705e-05,25.0,0.00142625
BCD/BTC,1574044791900,2019-11-18T02:39:51.900Z,buy,5.705e-05,25.0,0.00142625
BCD/BTC,1574044792874,2019-11-18T02:39:52.874Z,buy,5.704e-05,25.0,0.001426
BCD/BTC,1574044793834,2019-11-18T02:39:53.834Z,buy,5.705e-05,25.0,0.00142625
BCD/BTC,1574044794890,2019-11-18T02:39:54.890Z,buy,5.706e-05,25.0,0.0014265
BCD/BTC,1574044795226,2019-11-18T02:39:55.226Z,buy,5.706e-05,150.0,0.008559
BCD/BTC,1574044796005,2019-11-18T02:39:56.005Z,buy,5.708e-05,3.0,0.00017124
BCD/BTC,1574044796005,2019-11-18T02:39:56.005Z,buy,5.714e-05,22.0,0.00125708
BCD/BTC,1574044796962,2019-11-18T02:39:56.962Z,buy,5.723e-05,25.0,0.00143075
BCD/BTC,1574044797898,2019-11-18T02:39:57.898Z,buy,5.723e-05,25.0,0.00143075
BCD/BTC,1574044798929,2019-11-18T02:39:58.929Z,buy,5.724e-05,25.0,0.001431
BCD/BTC,1574044799422,2019-11-18T02:39:59.422Z,sell,5.685e-05,41.0,0.0023308499999999
BCD/BTC,1574044800632,2019-11-18T02:40:00.632Z,buy,5.722e-05,25.0,0.0014305
BCD/BTC,1574044802267,2019-11-18T02:40:02.267Z,buy,5.719e-05,100.0,0.005719
BCD/BTC,1574044802267,2019-11-18T02:40:02.267Z,buy,5.72e-05,170.0,0.009724
BCD/BTC,1574044802636,2019-11-18T02:40:02.636Z,buy,5.72e-05,25.0,0.00143
BCD/BTC,1574044803967,2019-11-18T02:40:03.967Z,buy,5.72e-05,25.0,0.00143
BCD/BTC,1574044804903,2019-11-18T02:40:04.903Z,buy,5.721e-05,25.0,0.00143025
BCD/BTC,1574044805937,2019-11-18T02:40:05.937Z,buy,5.721e-05,25.0,0.00143025
BCD/BTC,1574044806931,2019-11-18T02:40:06.931Z,buy,5.721e-05,25.0,0.00143025
BCD/BTC,1574044808026,2019-11-18T02:40:08.026Z,buy,5.721e-05,25.0,0.00143025
BCD/BTC,1574044808991,2019-11-18T02:40:08.991Z,buy,5.721e-05,25.0,0.00143025
BCD/BTC,1574044809710,2019-11-18T02:40:09.710Z,buy,5.721e-05,270.0,0.0154467
BCD/BTC,1574044810084,2019-11-18T02:40:10.084Z,buy,5.721e-05,25.0,0.00143025
BCD/BTC,1574044811266,2019-11-18T02:40:11.266Z,buy,5.721e-05,25.0,0.00143025
BCD/BTC,1574044812476,2019-11-18T02:40:12.476Z,buy,5.721e-05,25.0,0.00143025
BCD/BTC,1574044813721,2019-11-18T02:40:13.721Z,buy,5.721e-05,25.0,0.00143025
BCD/BTC,1574044814934,2019-11-18T02:40:14.934Z,buy,5.721e-05,25.0,0.00143025
BCD/BTC,1574044816055,2019-11-18T02:40:16.055Z,buy,5.721e-05,25.0,0.00143025
BCD/BTC,1574044816228,2019-11-18T02:40:16.228Z,buy,5.721e-05,270.0,0.0154467
BCD/BTC,1574044817970,2019-11-18T02:40:17.970Z,buy,5.721e-05,25.0,0.00143025
BCD/BTC,1574044818984,2019-11-18T02:40:18.984Z,buy,5.721e-05,25.0,0.00143025
BCD/BTC,1574044820115,2019-11-18T02:40:20.115Z,buy,5.721e-05,25.0,0.00143025
BCD/BTC,1574044821315,2019-11-18T02:40:21.315Z,buy,5.721e-05,25.0,0.00143025
BCD/BTC,1574044822269,2019-11-18T02:40:22.269Z,buy,5.721e-05,25.0,0.00143025
BCD/BTC,1574044822856,2019-11-18T02:40:22.856Z,buy,5.721e-05,270.0,0.0154467
BCD/BTC,1574044823495,2019-11-18T02:40:23.495Z,buy,5.721e-05,25.0,0.00143025
BCD/BTC,1574044824613,2019-11-18T02:40:24.613Z,buy,5.721e-05,25.0,0.00143025
BCD/BTC,1574044825841,2019-11-18T02:40:25.841Z,buy,5.721e-05,25.0,0.00143025
BCD/BTC,1574044826797,2019-11-18T02:40:26.797Z,buy,5.722e-05,16.0,0.00091552
BCD/BTC,1574044826797,2019-11-18T02:40:26.797Z,buy,5.725e-05,9.0,0.00051525
BCD/BTC,1574044827716,2019-11-18T02:40:27.716Z,buy,5.725e-05,19.0,0.00108775
BCD/BTC,1574044827716,2019-11-18T02:40:27.716Z,buy,5.726e-05,6.0,0.0003435599999999
BCD/BTC,1574044828885,2019-11-18T02:40:28.885Z,buy,5.726e-05,9.0,0.00051534
BCD/BTC,1574044828885,2019-11-18T02:40:28.885Z,buy,5.733e-05,16.0,0.00091728
BCD/BTC,1574044829993,2019-11-18T02:40:29.993Z,buy,5.732e-05,25.0,0.001433
BCD/BTC,1574044830994,2019-11-18T02:40:30.994Z,buy,5.732e-05,25.0,0.001433
BCD/BTC,1574044831991,2019-11-18T02:40:31.991Z,buy,5.732e-05,25.0,0.001433
BCD/BTC,1574044833022,2019-11-18T02:40:33.022Z,buy,5.731e-05,25.0,0.00143275
BCD/BTC,1574044834100,2019-11-18T02:40:34.100Z,buy,5.731e-05,8.0,0.00045848
BCD/BTC,1574044834100,2019-11-18T02:40:34.100Z,buy,5.733e-05,17.0,0.00097461
BCD/BTC,1574044835266,2019-11-18T02:40:35.266Z,buy,5.731e-05,25.0,0.00143275
BCD/BTC,1574044836903,2019-11-18T02:40:36.903Z,buy,5.731e-05,25.0,0.00143275
BCD/BTC,1574044838114,2019-11-18T02:40:38.114Z,buy,5.732e-05,25.0,0.001433
BCD/BTC,1574044838167,2019-11-18T02:40:38.167Z,sell,5.695e-05,31.0,0.00176545
BCD/BTC,1574044838278,2019-11-18T02:40:38.278Z,buy,5.732e-05,135.0,0.0077382
BCD/BTC,1574044839437,2019-11-18T02:40:39.437Z,buy,5.732e-05,25.0,0.001433
BCD/BTC,1574044840439,2019-11-18T02:40:40.439Z,buy,5.732e-05,25.0,0.001433
BCD/BTC,1574044841540,2019-11-18T02:40:41.540Z,buy,5.732e-05,25.0,0.001433
BCD/BTC,1574044842465,2019-11-18T02:40:42.465Z,buy,5.732e-05,25.0,0.001433
BCD/BTC,1574044859894,2019-11-18T02:40:59.894Z,sell,5.701e-05,183.0,0.0104328299999999
BCD/BTC,1574044859910,2019-11-18T02:40:59.910Z,sell,5.701e-05,60.0,0.0034205999999999
BCD/BTC,1574044859910,2019-11-18T02:40:59.910Z,sell,5.7e-05,886.0,0.050502
BCD/BTC,1574044860079,2019-11-18T02:41:00.079Z,sell,5.701e-05,32.0,0.00182432
BCD/BTC,1574044860280,2019-11-18T02:41:00.280Z,sell,5.701e-05,46.0,0.00262246
BCD/BTC,1574044869437,2019-11-18T02:41:09.437Z,sell,5.703e-05,159.0,0.00906777
BCD/BTC,1574044869437,2019-11-18T02:41:09.437Z,sell,5.702e-05,350.0,0.019957
BCD/BTC,1574044869437,2019-11-18T02:41:09.437Z,sell,5.701e-05,120.0,0.0068411999999999
BCD/BTC,1574044869437,2019-11-18T02:41:09.437Z,sell,5.697e-05,330.0,0.0188001
BCD/BTC,1574044869439,2019-11-18T02:41:09.439Z,sell,5.697e-05,230.0,0.0131031
BCD/BTC,1574044869497,2019-11-18T02:41:09.497Z,sell,5.703e-05,10.0,0.0005703
BCD/BTC,1574044873985,2019-11-18T02:41:13.985Z,sell,5.693e-05,100.0,0.005693
BCD/BTC,1574044874210,2019-11-18T02:41:14.210Z,sell,5.693e-05,10.0,0.0005693
BCD/BTC,1574044874210,2019-11-18T02:41:14.210Z,sell,5.692e-05,2.0,0.00011384
BCD/BTC,1574044876476,2019-11-18T02:41:16.476Z,sell,5.685e-05,9.0,0.00051165
BCD/BTC,1574044879553,2019-11-18T02:41:19.553Z,sell,5.685e-05,9.0,0.00051165
BCD/BTC,1574044881513,2019-11-18T02:41:21.513Z,sell,5.685e-05,9.0,0.00051165
BCD/BTC,1574044890029,2019-11-18T02:41:30.029Z,sell,5.685e-05,1.0,5.685e-05
BCD/BTC,1574044890029,2019-11-18T02:41:30.029Z,sell,5.68e-05,22.0,0.0012496
BCD/BTC,1574044890029,2019-11-18T02:41:30.029Z,sell,5.679e-05,13.0,0.00073827
BCD/BTC,1574044890029,2019-11-18T02:41:30.029Z,sell,5.673e-05,3.0,0.00017019
BCD/BTC,1574044890029,2019-11-18T02:41:30.029Z,sell,5.666e-05,61.0,0.00345626
BCD/BTC,1574044910517,2019-11-18T02:41:50.517Z,sell,5.68e-05,51.0,0.0028967999999999
BCD/BTC,1574044951536,2019-11-18T02:42:31.536Z,sell,5.68e-05,104.0,0.0059072
BCD/BTC,1574045021269,2019-11-18T02:43:41.269Z,sell,5.68e-05,341.0,0.0193688
BCD/BTC,1574045021473,2019-11-18T02:43:41.473Z,sell,5.68e-05,16.0,0.0009088
BCD/BTC,1574045021473,2019-11-18T02:43:41.473Z,sell,5.672e-05,75.0,0.004254
BCD/BTC,1574045021478,2019-11-18T02:43:41.478Z,sell,5.672e-05,183.0,0.01037976
BCD/BTC,1574045021501,2019-11-18T02:43:41.501Z,sell,5.672e-05,281.0,0.01593832
BCD/BTC,1574045021646,2019-11-18T02:43:41.646Z,buy,5.67e-05,60.0,0.003402
BCD/BTC,1574045261493,2019-11-18T02:47:41.493Z,buy,5.699e-05,40.0,0.0022796
BCD/BTC,1574045261611,2019-11-18T02:47:41.611Z,buy,5.706e-05,350.0,0.019971
BCD/BTC,1574045287823,2019-11-18T02:48:07.823Z,sell,5.699e-05,313.0,0.01783787
BCD/BTC,1574045287852,2019-11-18T02:48:07.852Z,sell,5.699e-05,237.0,0.01350663
BCD/BTC,1574045303618,2019-11-18T02:48:23.618Z,sell,5.669e-05,178.0,0.01009082
BCD/BTC,1574045389051,2019-11-18T02:49:49.051Z,buy,5.692e-05,178.0,0.01013176
BCD/BTC,1574045617475,2019-11-18T02:53:37.475Z,sell,5.676e-05,26.0,0.00147576
BCD/BTC,1574045714783,2019-11-18T02:55:14.783Z,sell,5.673e-05,62.0,0.00351726
BCD/BTC,1574046619254,2019-11-18T03:10:19.254Z,sell,5.677e-05,10.0,0.0005677
BCD/BTC,1574046619254,2019-11-18T03:10:19.254Z,sell,5.676e-05,43.0,0.0024406799999999
BCD/BTC,1574046619509,2019-11-18T03:10:19.509Z,sell,5.676e-05,44.0,0.00249744
BCD/BTC,1574046620544,2019-11-18T03:10:20.544Z,sell,5.676e-05,36.0,0.00204336
BCD/BTC,1574046622132,2019-11-18T03:10:22.132Z,sell,5.677e-05,28.0,0.00158956
BCD/BTC,1574046623291,2019-11-18T03:10:23.291Z,sell,5.677e-05,63.0,0.00357651
BCD/BTC,1574046623558,2019-11-18T03:10:23.558Z,sell,5.677e-05,67.0,0.00380359
BCD/BTC,1574046624124,2019-11-18T03:10:24.124Z,sell,5.677e-05,49.0,0.00278173
BCD/BTC,1574046624431,2019-11-18T03:10:24.431Z,sell,5.677e-05,47.0,0.00266819
BCD/BTC,1574046639500,2019-11-18T03:10:39.500Z,sell,5.677e-05,96.0,0.00544992
BCD/BTC,1574046639500,2019-11-18T03:10:39.500Z,sell,5.676e-05,141.0,0.00800316
BCD/BTC,1574046639500,2019-11-18T03:10:39.500Z,sell,5.675e-05,169.0,0.00959075
BCD/BTC,1574046640662,2019-11-18T03:10:40.662Z,sell,5.675e-05,440.0,0.02497
BCD/BTC,1574046641158,2019-11-18T03:10:41.158Z,sell,5.675e-05,31.0,0.00175925
BCD/BTC,1574046668154,2019-11-18T03:11:08.154Z,sell,5.675e-05,2.0,0.0001135
BCD/BTC,1574046668154,2019-11-18T03:11:08.154Z,sell,5.667e-05,252.0,0.01428084
BCD/BTC,1574046671645,2019-11-18T03:11:11.645Z,sell,5.667e-05,41.0,0.00232347
BCD/BTC,1574046671645,2019-11-18T03:11:11.645Z,sell,5.666e-05,315.0,0.0178479
BCD/BTC,1574046672092,2019-11-18T03:11:12.092Z,sell,5.668e-05,476.0,0.02697968
BCD/BTC,1574046673215,2019-11-18T03:11:13.215Z,sell,5.668e-05,127.0,0.00719836
BCD/BTC,1574046718540,2019-11-18T03:11:58.540Z,sell,5.668e-05,10.0,0.0005668
BCD/BTC,1574046718540,2019-11-18T03:11:58.540Z,sell,5.667e-05,15.0,0.00085005
BCD/BTC,1574046722932,2019-11-18T03:12:02.932Z,sell,5.667e-05,392.0,0.02221464
BCD/BTC,1574046723832,2019-11-18T03:12:03.832Z,sell,5.669e-05,2.0,0.00011338
BCD/BTC,1574046723832,2019-11-18T03:12:03.832Z,sell,5.667e-05,8.0,0.00045336
BCD/BTC,1574046725053,2019-11-18T03:12:05.053Z,sell,5.667e-05,392.0,0.02221464
BCD/BTC,1574046727619,2019-11-18T03:12:07.619Z,sell,5.667e-05,318.0,0.01802106
BCD/BTC,1574046741351,2019-11-18T03:12:21.351Z,sell,5.667e-05,455.0,0.0257848499999999
BCD/BTC,1574046741681,2019-11-18T03:12:21.681Z,sell,5.667e-05,457.0,0.0258981899999999
BCD/BTC,1574046742394,2019-11-18T03:12:22.394Z,sell,5.667e-05,299.0,0.01694433
BCD/BTC,1574046749667,2019-11-18T03:12:29.667Z,sell,5.668e-05,263.0,0.01490684
BCD/BTC,1574046749667,2019-11-18T03:12:29.667Z,sell,5.667e-05,208.0,0.01178736
BCD/BTC,1574046751605,2019-11-18T03:12:31.605Z,sell,5.667e-05,471.0,0.0266915699999999
BCD/BTC,1574046756715,2019-11-18T03:12:36.715Z,sell,5.667e-05,269.0,0.01524423
BCD/BTC,1574046771249,2019-11-18T03:12:51.249Z,sell,5.667e-05,401.0,0.02272467
BCD/BTC,1574046771619,2019-11-18T03:12:51.619Z,sell,5.667e-05,405.0,0.02295135
BCD/BTC,1574046772258,2019-11-18T03:12:52.258Z,sell,5.667e-05,408.0,0.02312136
BCD/BTC,1574046781747,2019-11-18T03:13:01.747Z,sell,5.667e-05,457.0,0.0258981899999999
BCD/BTC,1574046782339,2019-11-18T03:13:02.339Z,sell,5.667e-05,458.0,0.02595486
BCD/BTC,1574046784167,2019-11-18T03:13:04.167Z,sell,5.667e-05,301.0,0.01705767
BCD/BTC,1574046976831,2019-11-18T03:16:16.831Z,sell,5.668e-05,9.0,0.00051012
BCD/BTC,1574046976869,2019-11-18T03:16:16.869Z,sell,5.668e-05,50.0,0.002834
BCD/BTC,1574046976869,2019-11-18T03:16:16.869Z,sell,5.667e-05,195.0,0.01105065
BCD/BTC,1574046976869,2019-11-18T03:16:16.869Z,sell,5.666e-05,128.0,0.00725248
BCD/BTC,1574046977356,2019-11-18T03:16:17.356Z,sell,5.666e-05,356.0,0.02017096
BCD/BTC,1574046982240,2019-11-18T03:16:22.240Z,sell,5.666e-05,337.0,0.01909442
BCD/BTC,1574046983231,2019-11-18T03:16:23.231Z,sell,5.666e-05,130.0,0.0073658
BCD/BTC,1574046983231,2019-11-18T03:16:23.231Z,sell,5.666e-05,130.0,0.0073658
BCD/BTC,1574047412195,2019-11-18T03:23:32.195Z,sell,5.68e-05,39.0,0.0022152
BCD/BTC,1574047412199,2019-11-18T03:23:32.199Z,sell,5.68e-05,31.0,0.0017607999999999
BCD/BTC,1574047412394,2019-11-18T03:23:32.394Z,sell,5.68e-05,1.0,5.68e-05
BCD/BTC,1574047427768,2019-11-18T03:23:47.768Z,sell,5.666e-05,62.0,0.00351292
BCD/BTC,1574047728623,2019-11-18T03:28:48.623Z,buy,5.689e-05,29.0,0.00164981
BCD/BTC,1574047728889,2019-11-18T03:28:48.889Z,buy,5.689e-05,10.0,0.0005689
BCD/BTC,1574047729518,2019-11-18T03:28:49.518Z,buy,5.689e-05,28.0,0.00159292
BCD/BTC,1574047742402,2019-11-18T03:29:02.402Z,buy,5.689e-05,28.0,0.00159292
BCD/BTC,1574047742891,2019-11-18T03:29:02.891Z,buy,5.689e-05,40.0,0.0022756
BCD/BTC,1574047847375,2019-11-18T03:30:47.375Z,sell,5.667e-05,550.0,0.0311685
BCD/BTC,1574048950104,2019-11-18T03:49:10.104Z,sell,5.687e-05,43.0,0.00244541
BCD/BTC,1574048950231,2019-11-18T03:49:10.231Z,sell,5.687e-05,173.0,0.00983851
BCD/BTC,1574048966282,2019-11-18T03:49:26.282Z,sell,5.668e-05,20.0,0.0011336
BCD/BTC,1574049186866,2019-11-18T03:53:06.866Z,buy,5.69e-05,25.0,0.0014225
BCD/BTC,1574049187850,2019-11-18T03:53:07.850Z,buy,5.693e-05,25.0,0.00142325
BCD/BTC,1574049188944,2019-11-18T03:53:08.944Z,buy,5.693e-05,25.0,0.00142325
BCD/BTC,1574049190193,2019-11-18T03:53:10.193Z,buy,5.692e-05,25.0,0.001423
BCD/BTC,1574049191214,2019-11-18T03:53:11.214Z,buy,5.691e-05,25.0,0.00142275
BCD/BTC,1574049192655,2019-11-18T03:53:12.655Z,buy,5.691e-05,25.0,0.00142275
BCD/BTC,1574049193617,2019-11-18T03:53:13.617Z,buy,5.69e-05,25.0,0.0014225
BCD/BTC,1574049194731,2019-11-18T03:53:14.731Z,buy,5.693e-05,25.0,0.00142325
BCD/BTC,1574049196010,2019-11-18T03:53:16.010Z,buy,5.693e-05,25.0,0.00142325
BCD/BTC,1574049197026,2019-11-18T03:53:17.026Z,buy,5.692e-05,25.0,0.001423
BCD/BTC,1574049198075,2019-11-18T03:53:18.075Z,buy,5.692e-05,25.0,0.001423
BCD/BTC,1574049199226,2019-11-18T03:53:19.226Z,buy,5.693e-05,25.0,0.00142325
BCD/BTC,1574049200154,2019-11-18T03:53:20.154Z,buy,5.693e-05,25.0,0.00142325
BCD/BTC,1574049201938,2019-11-18T03:53:21.938Z,buy,5.692e-05,25.0,0.001423
BCD/BTC,1574049203112,2019-11-18T03:53:23.112Z,buy,5.693e-05,25.0,0.00142325
BCD/BTC,1574049204268,2019-11-18T03:53:24.268Z,buy,5.692e-05,25.0,0.001423
BCD/BTC,1574049205390,2019-11-18T03:53:25.390Z,buy,5.693e-05,25.0,0.00142325
BCD/BTC,1574049206344,2019-11-18T03:53:26.344Z,buy,5.693e-05,25.0,0.00142325
BCD/BTC,1574049207363,2019-11-18T03:53:27.363Z,buy,5.692e-05,25.0,0.001423
BCD/BTC,1574049208574,2019-11-18T03:53:28.574Z,buy,5.693e-05,25.0,0.00142325
BCD/BTC,1574049209528,2019-11-18T03:53:29.528Z,buy,5.693e-05,25.0,0.00142325
BCD/BTC,1574049210558,2019-11-18T03:53:30.558Z,buy,5.692e-05,25.0,0.001423
BCD/BTC,1574049211731,2019-11-18T03:53:31.731Z,buy,5.693e-05,25.0,0.00142325
BCD/BTC,1574049212722,2019-11-18T03:53:32.722Z,buy,5.693e-05,25.0,0.00142325
BCD/BTC,1574049213902,2019-11-18T03:53:33.902Z,buy,5.692e-05,25.0,0.001423
BCD/BTC,1574049214912,2019-11-18T03:53:34.912Z,buy,5.692e-05,25.0,0.001423
BCD/BTC,1574049215512,2019-11-18T03:53:35.512Z,buy,5.693e-05,270.0,0.0153711
BCD/BTC,1574049215962,2019-11-18T03:53:35.962Z,buy,5.693e-05,25.0,0.00142325
BCD/BTC,1574049216909,2019-11-18T03:53:36.909Z,buy,5.693e-05,21.0,0.00119553
BCD/BTC,1574049216909,2019-11-18T03:53:36.909Z,buy,5.696e-05,4.0,0.00022784
BCD/BTC,1574049217867,2019-11-18T03:53:37.867Z,buy,5.696e-05,25.0,0.001424
BCD/BTC,1574049218819,2019-11-18T03:53:38.819Z,buy,5.694e-05,25.0,0.0014235
BCD/BTC,1574049219787,2019-11-18T03:53:39.787Z,buy,5.693e-05,25.0,0.00142325
BCD/BTC,1574049220992,2019-11-18T03:53:40.992Z,buy,5.694e-05,25.0,0.0014235
BCD/BTC,1574049222003,2019-11-18T03:53:42.003Z,buy,5.694e-05,183.0,0.01042002
BCD/BTC,1574049222128,2019-11-18T03:53:42.128Z,buy,5.693e-05,25.0,0.00142325
BCD/BTC,1574049223277,2019-11-18T03:53:43.277Z,buy,5.693e-05,25.0,0.00142325
BCD/BTC,1574049224245,2019-11-18T03:53:44.245Z,buy,5.696e-05,25.0,0.001424
BCD/BTC,1574049225224,2019-11-18T03:53:45.224Z,buy,5.695e-05,25.0,0.00142375
BCD/BTC,1574049226206,2019-11-18T03:53:46.206Z,buy,5.694e-05,25.0,0.0014235
BCD/BTC,1574049227185,2019-11-18T03:53:47.185Z,buy,5.694e-05,25.0,0.0014235
BCD/BTC,1574049228388,2019-11-18T03:53:48.388Z,buy,5.693e-05,25.0,0.00142325
BCD/BTC,1574049229383,2019-11-18T03:53:49.383Z,buy,5.693e-05,25.0,0.00142325
BCD/BTC,1574049230601,2019-11-18T03:53:50.601Z,buy,5.699e-05,25.0,0.00142475
BCD/BTC,1574049232500,2019-11-18T03:53:52.500Z,buy,5.699e-05,15.0,0.00085485
BCD/BTC,1574049232500,2019-11-18T03:53:52.500Z,buy,5.707e-05,10.0,0.0005707
BCD/BTC,1574049233718,2019-11-18T03:53:53.718Z,buy,5.705e-05,25.0,0.00142625
BCD/BTC,1574049234707,2019-11-18T03:53:54.707Z,buy,5.703e-05,25.0,0.00142575
BCD/BTC,1574049235172,2019-11-18T03:53:55.172Z,buy,5.703e-05,113.0,0.00644439
BCD/BTC,1574049235616,2019-11-18T03:53:55.616Z,buy,5.703e-05,25.0,0.00142575
BCD/BTC,1574049236621,2019-11-18T03:53:56.621Z,buy,5.701e-05,25.0,0.0014252499999999
BCD/BTC,1574049237644,2019-11-18T03:53:57.644Z,buy,5.699e-05,25.0,0.00142475
BCD/BTC,1574049238942,2019-11-18T03:53:58.942Z,buy,5.698e-05,25.0,0.0014245
BCD/BTC,1574049239985,2019-11-18T03:53:59.985Z,buy,5.697e-05,25.0,0.00142425
BCD/BTC,1574049240974,2019-11-18T03:54:00.974Z,buy,5.697e-05,25.0,0.00142425
BCD/BTC,1574049242051,2019-11-18T03:54:02.051Z,buy,5.696e-05,39.0,0.00222144
BCD/BTC,1574049243012,2019-11-18T03:54:03.012Z,buy,5.696e-05,25.0,0.001424
BCD/BTC,1574049243947,2019-11-18T03:54:03.947Z,buy,5.696e-05,25.0,0.001424
BCD/BTC,1574049245095,2019-11-18T03:54:05.095Z,buy,5.705e-05,25.0,0.00142625
BCD/BTC,1574049246203,2019-11-18T03:54:06.203Z,buy,5.705e-05,25.0,0.00142625
BCD/BTC,1574049247165,2019-11-18T03:54:07.165Z,buy,5.705e-05,25.0,0.00142625
BCD/BTC,1574049248366,2019-11-18T03:54:08.366Z,buy,5.704e-05,25.0,0.001426
BCD/BTC,1574049248845,2019-11-18T03:54:08.845Z,buy,5.703e-05,45.0,0.00256635
BCD/BTC,1574049249455,2019-11-18T03:54:09.455Z,buy,5.704e-05,3.0,0.00017112
BCD/BTC,1574049249455,2019-11-18T03:54:09.455Z,buy,5.705e-05,22.0,0.0012550999999999
BCD/BTC,1574049251185,2019-11-18T03:54:11.185Z,buy,5.703e-05,25.0,0.00142575
BCD/BTC,1574049252257,2019-11-18T03:54:12.257Z,buy,5.703e-05,25.0,0.00142575
BCD/BTC,1574049255407,2019-11-18T03:54:15.407Z,buy,5.707e-05,135.0,0.00770445
BCD/BTC,1574049261901,2019-11-18T03:54:21.901Z,buy,5.707e-05,135.0,0.00770445
BCD/BTC,1574049265643,2019-11-18T03:54:25.643Z,buy,5.706e-05,25.0,0.0014265
BCD/BTC,1574049268388,2019-11-18T03:54:28.388Z,buy,5.705e-05,135.0,0.0077017499999999
BCD/BTC,1574049269200,2019-11-18T03:54:29.200Z,buy,5.705e-05,25.0,0.00142625
BCD/BTC,1574049270236,2019-11-18T03:54:30.236Z,buy,5.706e-05,25.0,0.0014265
BCD/BTC,1574049274902,2019-11-18T03:54:34.902Z,buy,5.706e-05,135.0,0.0077031
BCD/BTC,1574049281397,2019-11-18T03:54:41.397Z,buy,5.706e-05,135.0,0.0077031
BCD/BTC,1574049288018,2019-11-18T03:54:48.018Z,buy,5.706e-05,135.0,0.0077031
BCD/BTC,1574049295412,2019-11-18T03:54:55.412Z,sell,5.679e-05,50.0,0.0028395
BCD/BTC,1574049295947,2019-11-18T03:54:55.947Z,buy,5.707e-05,50.0,0.0028535
BCD/BTC,1574049296545,2019-11-18T03:54:56.545Z,sell,5.681e-05,275.0,0.01562275
BCD/BTC,1574049296545,2019-11-18T03:54:56.545Z,sell,5.68e-05,4.0,0.0002272
BCD/BTC,1574049296647,2019-11-18T03:54:56.647Z,sell,5.68e-05,117.0,0.0066456
BCD/BTC,1574049297581,2019-11-18T03:54:57.581Z,sell,5.68e-05,328.0,0.0186304
BCD/BTC,1574049298398,2019-11-18T03:54:58.398Z,sell,5.68e-05,38.0,0.0021584
BCD/BTC,1574049298511,2019-11-18T03:54:58.511Z,sell,5.68e-05,46.0,0.0026127999999999
BCD/BTC,1574049302548,2019-11-18T03:55:02.548Z,buy,5.703e-05,91.0,0.00518973
BCD/BTC,1574049302548,2019-11-18T03:55:02.548Z,buy,5.704e-05,44.0,0.00250976
BCD/BTC,1574049309599,2019-11-18T03:55:09.599Z,buy,5.702e-05,135.0,0.0076977
BCD/BTC,1574049318753,2019-11-18T03:55:18.753Z,buy,5.705e-05,135.0,0.0077017499999999
BCD/BTC,1574049325233,2019-11-18T03:55:25.233Z,buy,5.705e-05,135.0,0.0077017499999999
BCD/BTC,1574049331723,2019-11-18T03:55:31.723Z,buy,5.705e-05,84.0,0.0047922
BCD/BTC,1574049345358,2019-11-18T03:55:45.358Z,sell,5.678e-05,351.0,0.01992978
BCD/BTC,1574049345358,2019-11-18T03:55:45.358Z,sell,5.677e-05,113.0,0.00641501
BCD/BTC,1574049345368,2019-11-18T03:55:45.368Z,sell,5.677e-05,78.0,0.00442806
BCD/BTC,1574049346944,2019-11-18T03:55:46.944Z,sell,5.668e-05,141.0,0.00799188
BCD/BTC,1574049346944,2019-11-18T03:55:46.944Z,sell,5.667e-05,372.0,0.0210812399999999
BCD/BTC,1574049347517,2019-11-18T03:55:47.517Z,buy,5.672e-05,25.0,0.001418
BCD/BTC,1574049348461,2019-11-18T03:55:48.461Z,buy,5.672e-05,25.0,0.001418
BCD/BTC,1574049349558,2019-11-18T03:55:49.558Z,buy,5.672e-05,15.0,0.0008508
BCD/BTC,1574049349558,2019-11-18T03:55:49.558Z,buy,5.706e-05,10.0,0.0005706
BCD/BTC,1574049351513,2019-11-18T03:55:51.513Z,sell,5.668e-05,139.0,0.00787852
BCD/BTC,1574049351513,2019-11-18T03:55:51.513Z,sell,5.667e-05,284.0,0.01609428
BCD/BTC,1574049351544,2019-11-18T03:55:51.544Z,sell,5.667e-05,64.0,0.00362688
BCD/BTC,1574049352097,2019-11-18T03:55:52.097Z,sell,5.667e-05,398.0,0.02255466
BCD/BTC,1574049352534,2019-11-18T03:55:52.534Z,sell,5.667e-05,96.0,0.00544032
BCD/BTC,1574049352534,2019-11-18T03:55:52.534Z,sell,5.666e-05,109.0,0.00617594
BCD/BTC,1574049353012,2019-11-18T03:55:53.012Z,buy,5.687e-05,25.0,0.00142175
BCD/BTC,1574049353568,2019-11-18T03:55:53.568Z,sell,5.667e-05,11.0,0.0006233699999999
BCD/BTC,1574049353568,2019-11-18T03:55:53.568Z,sell,5.666e-05,19.0,0.00107654
BCD/BTC,1574049353686,2019-11-18T03:55:53.686Z,buy,5.687e-05,135.0,0.00767745
BCD/BTC,1574049353930,2019-11-18T03:55:53.930Z,buy,5.687e-05,4.0,0.00022748
BCD/BTC,1574049353930,2019-11-18T03:55:53.930Z,buy,5.703e-05,21.0,0.00119763
BCD/BTC,1574049356778,2019-11-18T03:55:56.778Z,sell,5.666e-05,326.0,0.01847116
BCD/BTC,1574049357300,2019-11-18T03:55:57.300Z,sell,5.667e-05,21.0,0.0011900699999999
BCD/BTC,1574049357300,2019-11-18T03:55:57.300Z,sell,5.666e-05,315.0,0.0178479
BCD/BTC,1574049359140,2019-11-18T03:55:59.140Z,sell,5.666e-05,383.0,0.02170078
BCD/BTC,1574049360385,2019-11-18T03:56:00.385Z,sell,5.666e-05,62.0,0.00351292
BCD/BTC,1574049360385,2019-11-18T03:56:00.385Z,sell,5.665e-05,3.0,0.00016995
BCD/BTC,1574049369616,2019-11-18T03:56:09.616Z,buy,5.696e-05,25.0,0.001424
BCD/BTC,1574049370338,2019-11-18T03:56:10.338Z,sell,5.665e-05,2.0,0.0001133
BCD/BTC,1574049370338,2019-11-18T03:56:10.338Z,sell,5.66e-05,7.0,0.0003962
BCD/BTC,1574049372218,2019-11-18T03:56:12.218Z,sell,5.662e-05,25.0,0.0014154999999999
BCD/BTC,1574049372218,2019-11-18T03:56:12.218Z,sell,5.661e-05,31.0,0.00175491
BCD/BTC,1574049373652,2019-11-18T03:56:13.652Z,sell,5.661e-05,101.0,0.00571761
BCD/BTC,1574049374045,2019-11-18T03:56:14.045Z,buy,5.697e-05,25.0,0.00142425
BCD/BTC,1574049374419,2019-11-18T03:56:14.419Z,buy,5.696e-05,135.0,0.0076895999999999
BCD/BTC,1574049375177,2019-11-18T03:56:15.177Z,buy,5.696e-05,25.0,0.001424
BCD/BTC,1574049376098,2019-11-18T03:56:16.098Z,buy,5.695e-05,25.0,0.00142375
BCD/BTC,1574049376222,2019-11-18T03:56:16.222Z,sell,5.662e-05,60.0,0.0033972
BCD/BTC,1574049376398,2019-11-18T03:56:16.398Z,sell,5.661e-05,112.0,0.00634032
BCD/BTC,1574049376398,2019-11-18T03:56:16.398Z,sell,5.66e-05,30.0,0.001698
BCD/BTC,1574049376499,2019-11-18T03:56:16.499Z,sell,5.66e-05,105.0,0.005943
BCD/BTC,1574049377029,2019-11-18T03:56:17.029Z,buy,5.695e-05,25.0,0.00142375
BCD/BTC,1574049377972,2019-11-18T03:56:17.972Z,buy,5.695e-05,25.0,0.00142375
BCD/BTC,1574049378098,2019-11-18T03:56:18.098Z,sell,5.661e-05,100.0,0.005661
BCD/BTC,1574049378098,2019-11-18T03:56:18.098Z,sell,5.66e-05,5.0,0.000283
BCD/BTC,1574049378969,2019-11-18T03:56:18.969Z,buy,5.694e-05,25.0,0.0014235
BCD/BTC,1574049379146,2019-11-18T03:56:19.146Z,sell,5.66e-05,109.0,0.0061694
BCD/BTC,1574049379613,2019-11-18T03:56:19.613Z,sell,5.658e-05,43.0,0.0024329399999999
BCD/BTC,1574049379960,2019-11-18T03:56:19.960Z,buy,5.694e-05,25.0,0.0014235
BCD/BTC,1574049380556,2019-11-18T03:56:20.556Z,sell,5.658e-05,23.0,0.00130134
BCD/BTC,1574049380972,2019-11-18T03:56:20.972Z,buy,5.695e-05,135.0,0.00768825
BCD/BTC,1574049381190,2019-11-18T03:56:21.190Z,buy,5.695e-05,25.0,0.00142375
BCD/BTC,1574049382273,2019-11-18T03:56:22.273Z,buy,5.693e-05,25.0,0.00142325
BCD/BTC,1574049383192,2019-11-18T03:56:23.192Z,buy,5.693e-05,25.0,0.00142325
BCD/BTC,1574049384293,2019-11-18T03:56:24.293Z,buy,5.693e-05,25.0,0.00142325
BCD/BTC,1574049385241,2019-11-18T03:56:25.241Z,buy,5.693e-05,25.0,0.00142325
BCD/BTC,1574049386308,2019-11-18T03:56:26.308Z,buy,5.693e-05,25.0,0.00142325
BCD/BTC,1574049387422,2019-11-18T03:56:27.422Z,buy,5.693e-05,25.0,0.00142325
BCD/BTC,1574049387437,2019-11-18T03:56:27.437Z,buy,5.693e-05,135.0,0.00768555
BCD/BTC,1574049388649,2019-11-18T03:56:28.649Z,buy,5.693e-05,25.0,0.00142325
BCD/BTC,1574049389957,2019-11-18T03:56:29.957Z,buy,5.692e-05,25.0,0.001423
BCD/BTC,1574049394383,2019-11-18T03:56:34.383Z,sell,5.661e-05,24.0,0.00135864
BCD/BTC,1574049396166,2019-11-18T03:56:36.166Z,sell,5.662e-05,36.0,0.0020383199999999
BCD/BTC,1574049396220,2019-11-18T03:56:36.220Z,sell,5.662e-05,35.0,0.0019817
BCD/BTC,1574049396380,2019-11-18T03:56:36.380Z,sell,5.662e-05,25.0,0.0014154999999999
BCD/BTC,1574049396380,2019-11-18T03:56:36.380Z,sell,5.661e-05,60.0,0.0033966
BCD/BTC,1574049397417,2019-11-18T03:56:37.417Z,sell,5.661e-05,9.0,0.00050949
BCD/BTC,1574049399356,2019-11-18T03:56:39.356Z,sell,5.661e-05,8.0,0.00045288
BCD/BTC,1574049399356,2019-11-18T03:56:39.356Z,sell,5.658e-05,1.0,5.658e-05
BCD/BTC,1574049421816,2019-11-18T03:57:01.816Z,sell,5.659e-05,64.0,0.00362176
BCD/BTC,1574049421816,2019-11-18T03:57:01.816Z,sell,5.658e-05,22.0,0.00124476
BCD/BTC,1574049421816,2019-11-18T03:57:01.816Z,sell,5.657e-05,2.0,0.00011314
BCD/BTC,1574049421816,2019-11-18T03:57:01.816Z,sell,5.648e-05,17.0,0.00096016
BCD/BTC,1574049421816,2019-11-18T03:57:01.816Z,sell,5.647e-05,22.0,0.00124234
BCD/BTC,1574049421816,2019-11-18T03:57:01.816Z,sell,5.646e-05,25.0,0.0014115
BCD/BTC,1574049422931,2019-11-18T03:57:02.931Z,buy,5.683e-05,135.0,0.00767205
BCD/BTC,1574049424229,2019-11-18T03:57:04.229Z,buy,5.68e-05,22.0,0.0012496
BCD/BTC,1574049424229,2019-11-18T03:57:04.229Z,buy,5.683e-05,3.0,0.00017049
BCD/BTC,1574049429873,2019-11-18T03:57:09.873Z,buy,5.683e-05,77.0,0.00437591
BCD/BTC,1574049444029,2019-11-18T03:57:24.029Z,buy,5.684e-05,135.0,0.0076733999999999
BCD/BTC,1574049455432,2019-11-18T03:57:35.432Z,sell,5.652e-05,542.0,0.03063384
BCD/BTC,1574049457920,2019-11-18T03:57:37.920Z,buy,5.685e-05,135.0,0.00767475
BCD/BTC,1574049492026,2019-11-18T03:58:12.026Z,buy,5.685e-05,80.0,0.004548
BCD/BTC,1574049507374,2019-11-18T03:58:27.374Z,buy,5.683e-05,104.0,0.00591032
BCD/BTC,1574049684976,2019-11-18T04:01:24.976Z,buy,5.684e-05,25.0,0.001421
BCD/BTC,1574049684976,2019-11-18T04:01:24.976Z,buy,5.688e-05,15.0,0.0008531999999999
BCD/BTC,1574049805751,2019-11-18T04:03:25.751Z,sell,5.685e-05,68.0,0.0038658
BCD/BTC,1574049806322,2019-11-18T04:03:26.322Z,sell,5.685e-05,73.0,0.00415005
BCD/BTC,1574049820425,2019-11-18T04:03:40.425Z,sell,5.686e-05,9.0,0.00051174
BCD/BTC,1574049822227,2019-11-18T04:03:42.227Z,sell,5.687e-05,43.0,0.00244541
BCD/BTC,1574049822465,2019-11-18T04:03:42.465Z,sell,5.687e-05,76.0,0.00432212
BCD/BTC,1574049822465,2019-11-18T04:03:42.465Z,sell,5.686e-05,29.0,0.00164894
BCD/BTC,1574049852521,2019-11-18T04:04:12.521Z,sell,5.686e-05,10.0,0.0005686
BCD/BTC,1574049852521,2019-11-18T04:04:12.521Z,sell,5.683e-05,467.0,0.02653961
BCD/BTC,1574049852743,2019-11-18T04:04:12.743Z,sell,5.683e-05,25.0,0.00142075
BCD/BTC,1574049852748,2019-11-18T04:04:12.748Z,sell,5.683e-05,137.0,0.00778571
BCD/BTC,1574049888951,2019-11-18T04:04:48.951Z,sell,5.683e-05,29.0,0.00164807
BCD/BTC,1574049924689,2019-11-18T04:05:24.689Z,sell,5.683e-05,365.0,0.02074295
BCD/BTC,1574049925977,2019-11-18T04:05:25.977Z,sell,5.683e-05,365.0,0.02074295
BCD/BTC,1574049926431,2019-11-18T04:05:26.431Z,sell,5.683e-05,365.0,0.02074295
BCD/BTC,1574049939811,2019-11-18T04:05:39.811Z,sell,5.683e-05,177.0,0.01005891
BCD/BTC,1574049945896,2019-11-18T04:05:45.896Z,sell,5.683e-05,32.0,0.00181856
BCD/BTC,1574049984522,2019-11-18T04:06:24.522Z,sell,5.683e-05,395.0,0.02244785
BCD/BTC,1574050081199,2019-11-18T04:08:01.199Z,sell,5.683e-05,34.0,0.00193222
BCD/BTC,1574050081297,2019-11-18T04:08:01.297Z,sell,5.683e-05,6.0,0.00034098
BCD/BTC,1574050091560,2019-11-18T04:08:11.560Z,sell,5.655e-05,28.0,0.0015834
BCD/BTC,1574050092054,2019-11-18T04:08:12.054Z,sell,5.655e-05,34.0,0.0019227
BCD/BTC,1574050098491,2019-11-18T04:08:18.491Z,sell,5.655e-05,34.0,0.0019227
BCD/BTC,1574050474138,2019-11-18T04:14:34.138Z,buy,5.69e-05,15.0,0.0008535
BCD/BTC,1574050474138,2019-11-18T04:14:34.138Z,buy,5.69e-05,15.0,0.0008535
BCD/BTC,1574051131613,2019-11-18T04:25:31.613Z,sell,5.687e-05,63.0,0.00358281
BCD/BTC,1574051162032,2019-11-18T04:26:02.032Z,buy,5.681e-05,230.0,0.0130663
BCD/BTC,1574051604536,2019-11-18T04:33:24.536Z,sell,5.66e-05,17.0,0.0009622
BCD/BTC,1574051784914,2019-11-18T04:36:24.914Z,buy,5.68e-05,1.0,5.68e-05
BCD/BTC,1574051846051,2019-11-18T04:37:26.051Z,buy,5.68e-05,134.0,0.0076111999999999
BCD/BTC,1574051846051,2019-11-18T04:37:26.051Z,buy,5.681e-05,100.0,0.005681
BCD/BTC,1574051943416,2019-11-18T04:39:03.416Z,buy,5.681e-05,191.0,0.01085071
BCD/BTC,1574052220482,2019-11-18T04:43:40.482Z,buy,5.682e-05,208.0,0.01181856
BCD/BTC,1574052220486,2019-11-18T04:43:40.486Z,buy,5.682e-05,328.0,0.01863696
BCD/BTC,1574052504328,2019-11-18T04:48:24.328Z,buy,5.69e-05,1.0,5.69e-05
BCD/BTC,1574052627089,2019-11-18T04:50:27.089Z,buy,5.69e-05,1.0,5.69e-05
BCD/BTC,1574052670778,2019-11-18T04:51:10.778Z,buy,5.691e-05,2.0,0.00011382
BCD/BTC,1574053028860,2019-11-18T04:57:08.860Z,sell,5.683e-05,329.0,0.01869707
BCD/BTC,1574053063919,2019-11-18T04:57:43.919Z,sell,5.683e-05,23.0,0.00130709
BCD/BTC,1574053063919,2019-11-18T04:57:43.919Z,sell,5.674e-05,23.0,0.00130502
BCD/BTC,1574053063919,2019-11-18T04:57:43.919Z,sell,5.673e-05,193.0,0.01094889
BCD/BTC,1574053158762,2019-11-18T04:59:18.762Z,buy,5.684e-05,55.0,0.0031262
BCD/BTC,1574053671239,2019-11-18T05:07:51.239Z,buy,5.682e-05,43.0,0.00244326
BCD/BTC,1574053748449,2019-11-18T05:09:08.449Z,sell,5.673e-05,4.0,0.00022692
BCD/BTC,1574053820582,2019-11-18T05:10:20.582Z,buy,5.692e-05,2.0,0.00011384
BCD/BTC,1574053820582,2019-11-18T05:10:20.582Z,buy,5.694e-05,23.0,0.00130962
BCD/BTC,1574053828957,2019-11-18T05:10:28.957Z,buy,5.69e-05,30.0,0.001707
BCD/BTC,1574053831109,2019-11-18T05:10:31.109Z,buy,5.689e-05,25.0,0.00142225
BCD/BTC,1574053890509,2019-11-18T05:11:30.509Z,sell,5.673e-05,30.0,0.0017019
BCD/BTC,1574054061272,2019-11-18T05:14:21.272Z,sell,5.673e-05,3.0,0.00017019
BCD/BTC,1574054061615,2019-11-18T05:14:21.615Z,buy,5.673e-05,135.0,0.00765855
BCD/BTC,1574054062075,2019-11-18T05:14:22.075Z,buy,5.672e-05,25.0,0.001418
BCD/BTC,1574054062953,2019-11-18T05:14:22.953Z,buy,5.672e-05,60.0,0.0034032
BCD/BTC,1574054062953,2019-11-18T05:14:22.953Z,buy,5.673e-05,10.0,0.0005673
BCD/BTC,1574054062962,2019-11-18T05:14:22.962Z,buy,5.673e-05,25.0,0.00141825
BCD/BTC,1574054063230,2019-11-18T05:14:23.230Z,buy,5.673e-05,90.0,0.0051057
BCD/BTC,1574054063852,2019-11-18T05:14:23.852Z,buy,5.673e-05,25.0,0.00141825
BCD/BTC,1574054064910,2019-11-18T05:14:24.910Z,buy,5.673e-05,25.0,0.00141825
BCD/BTC,1574054065794,2019-11-18T05:14:25.794Z,buy,5.673e-05,25.0,0.00141825
BCD/BTC,1574054066691,2019-11-18T05:14:26.691Z,buy,5.673e-05,25.0,0.00141825
BCD/BTC,1574054067972,2019-11-18T05:14:27.972Z,buy,5.673e-05,25.0,0.00141825
BCD/BTC,1574054068160,2019-11-18T05:14:28.160Z,buy,5.673e-05,270.0,0.0153171
BCD/BTC,1574054069210,2019-11-18T05:14:29.210Z,buy,5.673e-05,25.0,0.00141825
BCD/BTC,1574054070578,2019-11-18T05:14:30.578Z,buy,5.673e-05,25.0,0.00141825
BCD/BTC,1574054071514,2019-11-18T05:14:31.514Z,buy,5.673e-05,25.0,0.00141825
BCD/BTC,1574054073151,2019-11-18T05:14:33.151Z,buy,5.673e-05,25.0,0.00141825
BCD/BTC,1574054073151,2019-11-18T05:14:33.151Z,buy,5.673e-05,25.0,0.00141825
BCD/BTC,1574054074238,2019-11-18T05:14:34.238Z,buy,5.673e-05,25.0,0.00141825
BCD/BTC,1574054074757,2019-11-18T05:14:34.757Z,buy,5.673e-05,270.0,0.0153171
BCD/BTC,1574054075486,2019-11-18T05:14:35.486Z,buy,5.673e-05,25.0,0.00141825
BCD/BTC,1574054076804,2019-11-18T05:14:36.804Z,buy,5.673e-05,25.0,0.00141825
BCD/BTC,1574054077861,2019-11-18T05:14:37.861Z,buy,5.673e-05,25.0,0.00141825
BCD/BTC,1574054079061,2019-11-18T05:14:39.061Z,buy,5.673e-05,25.0,0.00141825
BCD/BTC,1574054080185,2019-11-18T05:14:40.185Z,buy,5.673e-05,25.0,0.00141825
BCD/BTC,1574054081289,2019-11-18T05:14:41.289Z,buy,5.673e-05,270.0,0.0153171
BCD/BTC,1574054081379,2019-11-18T05:14:41.379Z,buy,5.673e-05,25.0,0.00141825
BCD/BTC,1574054082327,2019-11-18T05:14:42.327Z,buy,5.673e-05,25.0,0.00141825
BCD/BTC,1574054083389,2019-11-18T05:14:43.389Z,buy,5.673e-05,25.0,0.00141825
BCD/BTC,1574054084557,2019-11-18T05:14:44.557Z,buy,5.673e-05,25.0,0.00141825
BCD/BTC,1574054085659,2019-11-18T05:14:45.659Z,buy,5.673e-05,25.0,0.00141825
BCD/BTC,1574054086790,2019-11-18T05:14:46.790Z,buy,5.673e-05,25.0,0.00141825
BCD/BTC,1574054087773,2019-11-18T05:14:47.773Z,buy,5.673e-05,25.0,0.00141825
BCD/BTC,1574054087801,2019-11-18T05:14:47.801Z,buy,5.673e-05,270.0,0.0153171
BCD/BTC,1574054088852,2019-11-18T05:14:48.852Z,buy,5.673e-05,25.0,0.00141825
BCD/BTC,1574054089840,2019-11-18T05:14:49.840Z,buy,5.673e-05,25.0,0.00141825
BCD/BTC,1574054091239,2019-11-18T05:14:51.239Z,buy,5.673e-05,25.0,0.00141825
BCD/BTC,1574054092355,2019-11-18T05:14:52.355Z,buy,5.673e-05,25.0,0.00141825
BCD/BTC,1574054093309,2019-11-18T05:14:53.309Z,buy,5.673e-05,25.0,0.00141825
BCD/BTC,1574054094290,2019-11-18T05:14:54.290Z,buy,5.673e-05,270.0,0.0153171
BCD/BTC,1574054094451,2019-11-18T05:14:54.451Z,buy,5.673e-05,25.0,0.00141825
BCD/BTC,1574054095431,2019-11-18T05:14:55.431Z,buy,5.673e-05,25.0,0.00141825
BCD/BTC,1574054096347,2019-11-18T05:14:56.347Z,buy,5.673e-05,25.0,0.00141825
BCD/BTC,1574054097463,2019-11-18T05:14:57.463Z,buy,5.673e-05,25.0,0.00141825
BCD/BTC,1574054098593,2019-11-18T05:14:58.593Z,buy,5.673e-05,25.0,0.00141825
BCD/BTC,1574054099635,2019-11-18T05:14:59.635Z,buy,5.672e-05,25.0,0.001418
BCD/BTC,1574054100606,2019-11-18T05:15:00.606Z,buy,5.672e-05,25.0,0.001418
BCD/BTC,1574054100767,2019-11-18T05:15:00.767Z,buy,5.672e-05,257.0,0.01457704
BCD/BTC,1574054100767,2019-11-18T05:15:00.767Z,buy,5.673e-05,13.0,0.00073749
BCD/BTC,1574054101677,2019-11-18T05:15:01.677Z,buy,5.673e-05,25.0,0.00141825
BCD/BTC,1574054102910,2019-11-18T05:15:02.910Z,buy,5.673e-05,25.0,0.00141825
BCD/BTC,1574054104302,2019-11-18T05:15:04.302Z,buy,5.673e-05,25.0,0.00141825
BCD/BTC,1574054105394,2019-11-18T05:15:05.394Z,buy,5.673e-05,25.0,0.00141825
BCD/BTC,1574054106737,2019-11-18T05:15:06.737Z,buy,5.673e-05,25.0,0.00141825
BCD/BTC,1574054107353,2019-11-18T05:15:07.353Z,buy,5.673e-05,270.0,0.0153171
BCD/BTC,1574054107707,2019-11-18T05:15:07.707Z,buy,5.673e-05,25.0,0.00141825
BCD/BTC,1574054109334,2019-11-18T05:15:09.334Z,buy,5.673e-05,25.0,0.00141825
BCD/BTC,1574054110413,2019-11-18T05:15:10.413Z,buy,5.673e-05,25.0,0.00141825
BCD/BTC,1574054111780,2019-11-18T05:15:11.780Z,buy,5.673e-05,25.0,0.00141825
BCD/BTC,1574054112932,2019-11-18T05:15:12.932Z,buy,5.673e-05,25.0,0.00141825
BCD/BTC,1574054114268,2019-11-18T05:15:14.268Z,buy,5.673e-05,25.0,0.00141825
BCD/BTC,1574054115354,2019-11-18T05:15:15.354Z,buy,5.673e-05,25.0,0.00141825
BCD/BTC,1574054115735,2019-11-18T05:15:15.735Z,buy,5.673e-05,270.0,0.0153171
BCD/BTC,1574054116399,2019-11-18T05:15:16.399Z,buy,5.673e-05,25.0,0.00141825
BCD/BTC,1574054117355,2019-11-18T05:15:17.355Z,buy,5.673e-05,25.0,0.00141825
BCD/BTC,1574054118442,2019-11-18T05:15:18.442Z,buy,5.673e-05,25.0,0.00141825
BCD/BTC,1574054119764,2019-11-18T05:15:19.764Z,buy,5.673e-05,25.0,0.00141825
BCD/BTC,1574054121149,2019-11-18T05:15:21.149Z,buy,5.673e-05,25.0,0.00141825
BCD/BTC,1574054122235,2019-11-18T05:15:22.235Z,buy,5.673e-05,270.0,0.0153171
BCD/BTC,1574054122365,2019-11-18T05:15:22.365Z,buy,5.673e-05,25.0,0.00141825
BCD/BTC,1574054123360,2019-11-18T05:15:23.360Z,buy,5.673e-05,25.0,0.00141825
BCD/BTC,1574054124507,2019-11-18T05:15:24.507Z,buy,5.673e-05,25.0,0.00141825
BCD/BTC,1574054125477,2019-11-18T05:15:25.477Z,buy,5.673e-05,25.0,0.00141825
BCD/BTC,1574054126358,2019-11-18T05:15:26.358Z,buy,5.673e-05,25.0,0.00141825
BCD/BTC,1574054127444,2019-11-18T05:15:27.444Z,buy,5.673e-05,25.0,0.00141825
BCD/BTC,1574054128413,2019-11-18T05:15:28.413Z,buy,5.673e-05,25.0,0.00141825
BCD/BTC,1574054128723,2019-11-18T05:15:28.723Z,buy,5.673e-05,270.0,0.0153171
BCD/BTC,1574054129567,2019-11-18T05:15:29.567Z,buy,5.673e-05,25.0,0.00141825
BCD/BTC,1574054130663,2019-11-18T05:15:30.663Z,buy,5.673e-05,25.0,0.00141825
BCD/BTC,1574054131657,2019-11-18T05:15:31.657Z,buy,5.673e-05,25.0,0.00141825
BCD/BTC,1574054132734,2019-11-18T05:15:32.734Z,buy,5.673e-05,25.0,0.00141825
BCD/BTC,1574054133876,2019-11-18T05:15:33.876Z,buy,5.673e-05,25.0,0.00141825
BCD/BTC,1574054135000,2019-11-18T05:15:35.000Z,buy,5.673e-05,25.0,0.00141825
BCD/BTC,1574054135264,2019-11-18T05:15:35.264Z,buy,5.673e-05,270.0,0.0153171
BCD/BTC,1574054135923,2019-11-18T05:15:35.923Z,buy,5.673e-05,25.0,0.00141825
BCD/BTC,1574054137045,2019-11-18T05:15:37.045Z,buy,5.673e-05,25.0,0.00141825
BCD/BTC,1574054138112,2019-11-18T05:15:38.112Z,buy,5.673e-05,25.0,0.00141825
BCD/BTC,1574054139060,2019-11-18T05:15:39.060Z,buy,5.673e-05,25.0,0.00141825
BCD/BTC,1574054140049,2019-11-18T05:15:40.049Z,buy,5.673e-05,25.0,0.00141825
BCD/BTC,1574054141098,2019-11-18T05:15:41.098Z,buy,5.673e-05,25.0,0.00141825
BCD/BTC,1574054141791,2019-11-18T05:15:41.791Z,buy,5.673e-05,189.0,0.01072197
BCD/BTC,1574054142079,2019-11-18T05:15:42.079Z,buy,5.673e-05,25.0,0.00141825
BCD/BTC,1574054143056,2019-11-18T05:15:43.056Z,buy,5.673e-05,25.0,0.00141825
BCD/BTC,1574054144129,2019-11-18T05:15:44.129Z,buy,5.673e-05,25.0,0.00141825
BCD/BTC,1574054145218,2019-11-18T05:15:45.218Z,buy,5.673e-05,25.0,0.00141825
BCD/BTC,1574054145493,2019-11-18T05:15:45.493Z,buy,5.673e-05,6.0,0.00034038
BCD/BTC,1574054146275,2019-11-18T05:15:46.275Z,buy,5.673e-05,25.0,0.00141825
BCD/BTC,1574054147206,2019-11-18T05:15:47.206Z,buy,5.673e-05,25.0,0.00141825
BCD/BTC,1574054148205,2019-11-18T05:15:48.205Z,buy,5.673e-05,25.0,0.00141825
BCD/BTC,1574054149424,2019-11-18T05:15:49.424Z,buy,5.673e-05,25.0,0.00141825
BCD/BTC,1574054150813,2019-11-18T05:15:50.813Z,buy,5.673e-05,25.0,0.00141825
BCD/BTC,1574054151846,2019-11-18T05:15:51.846Z,buy,5.673e-05,25.0,0.00141825
BCD/BTC,1574054152836,2019-11-18T05:15:52.836Z,buy,5.673e-05,25.0,0.00141825
BCD/BTC,1574054736176,2019-11-18T05:25:36.176Z,buy,5.673e-05,633.0,0.03591009
BCD/BTC,1574054746582,2019-11-18T05:25:46.582Z,buy,5.673e-05,27.0,0.00153171
BCD/BTC,1574054912695,2019-11-18T05:28:32.695Z,buy,5.673e-05,2862.0,0.16236126
BCD/BTC,1574055213375,2019-11-18T05:33:33.375Z,sell,5.666e-05,48.0,0.00271968
BCD/BTC,1574055213625,2019-11-18T05:33:33.625Z,sell,5.667e-05,54.0,0.00306018
BCD/BTC,1574055213837,2019-11-18T05:33:33.837Z,sell,5.668e-05,248.0,0.01405664
BCD/BTC,1574055213959,2019-11-18T05:33:33.959Z,sell,5.668e-05,2.0,0.00011336
BCD/BTC,1574055213959,2019-11-18T05:33:33.959Z,sell,5.667e-05,289.0,0.01637763
BCD/BTC,1574055214293,2019-11-18T05:33:34.293Z,sell,5.667e-05,26.0,0.00147342
BCD/BTC,1574055226107,2019-11-18T05:33:46.107Z,buy,5.692e-05,1.0,5.692e-05
BCD/BTC,1574055227024,2019-11-18T05:33:47.024Z,buy,5.69e-05,1.0,5.69e-05
BCD/BTC,1574055252086,2019-11-18T05:34:12.086Z,sell,5.669e-05,129.0,0.00731301
BCD/BTC,1574055305082,2019-11-18T05:35:05.082Z,sell,5.67e-05,73.0,0.0041391
BCD/BTC,1574055305084,2019-11-18T05:35:05.084Z,sell,5.67e-05,95.0,0.0053865
BCD/BTC,1574055305247,2019-11-18T05:35:05.247Z,sell,5.67e-05,19.0,0.0010773
BCD/BTC,1574055305262,2019-11-18T05:35:05.262Z,buy,5.66e-05,142.0,0.0080372
BCD/BTC,1574055305264,2019-11-18T05:35:05.264Z,buy,5.66e-05,1.0,5.66e-05
BCD/BTC,1574055305320,2019-11-18T05:35:05.320Z,buy,5.687e-05,2.0,0.00011374
BCD/BTC,1574055305320,2019-11-18T05:35:05.320Z,buy,5.694e-05,139.0,0.00791466
BCD/BTC,1574055474893,2019-11-18T05:37:54.893Z,buy,5.696e-05,34.0,0.0019366399999999
BCD/BTC,1574055474893,2019-11-18T05:37:54.893Z,buy,5.699e-05,40.0,0.0022796
BCD/BTC,1574055474893,2019-11-18T05:37:54.893Z,buy,5.7e-05,5.0,0.000285
BCD/BTC,1574055474893,2019-11-18T05:37:54.893Z,buy,5.703e-05,95.0,0.00541785
BCD/BTC,1574055474893,2019-11-18T05:37:54.893Z,buy,5.704e-05,148.0,0.00844192
BCD/BTC,1574055474963,2019-11-18T05:37:54.963Z,sell,5.698e-05,195.0,0.0111111
BCD/BTC,1574055626648,2019-11-18T05:40:26.648Z,buy,5.708e-05,3.0,0.00017124
BCD/BTC,1574055668396,2019-11-18T05:41:08.396Z,sell,5.708e-05,2.0,0.00011416
BCD/BTC,1574056494243,2019-11-18T05:54:54.243Z,sell,5.708e-05,9.0,0.00051372
BCD/BTC,1574056494311,2019-11-18T05:54:54.311Z,sell,5.708e-05,146.0,0.00833368
BCD/BTC,1574057016155,2019-11-18T06:03:36.155Z,buy,5.708e-05,1.0,5.708e-05
BCD/BTC,1574057594425,2019-11-18T06:13:14.425Z,buy,5.702e-05,64.0,0.00364928
BCD/BTC,1574057627848,2019-11-18T06:13:47.848Z,buy,5.702e-05,120.0,0.0068424
BCD/BTC,1574057649510,2019-11-18T06:14:09.510Z,buy,5.704e-05,2.0,0.00011408
BCD/BTC,1574057649510,2019-11-18T06:14:09.510Z,buy,5.704e-05,2.0,0.00011408
BCD/BTC,1574058486878,2019-11-18T06:28:06.878Z,buy,5.704e-05,1.0,5.704e-05
BCD/BTC,1574058486878,2019-11-18T06:28:06.878Z,buy,5.708e-05,1.0,5.708e-05
BCD/BTC,1574058486878,2019-11-18T06:28:06.878Z,buy,5.71e-05,23.0,0.0013132999999999
BCD/BTC,1574058488024,2019-11-18T06:28:08.024Z,buy,5.71e-05,25.0,0.0014275
BCD/BTC,1574058489301,2019-11-18T06:28:09.301Z,buy,5.714e-05,22.0,0.00125708
BCD/BTC,1574058489301,2019-11-18T06:28:09.301Z,buy,5.717e-05,3.0,0.00017151
BCD/BTC,1574058505266,2019-11-18T06:28:25.266Z,buy,5.717e-05,21.0,0.00120057
BCD/BTC,1574059028905,2019-11-18T06:37:08.905Z,buy,5.717e-05,303.0,0.01732251
BCD/BTC,1574059028905,2019-11-18T06:37:08.905Z,buy,5.718e-05,539.0,0.03082002
BCD/BTC,1574059888991,2019-11-18T06:51:28.991Z,sell,5.71e-05,314.0,0.0179293999999999
BCD/BTC,1574059888991,2019-11-18T06:51:28.991Z,sell,5.709e-05,1225.0,0.0699352499999999
BCD/BTC,1574059888991,2019-11-18T06:51:28.991Z,sell,5.694e-05,241.0,0.01372254
BCD/BTC,1574059889349,2019-11-18T06:51:29.349Z,buy,5.721e-05,1573.0,0.08999133
BCD/BTC,1574059892201,2019-11-18T06:51:32.201Z,buy,5.721e-05,122.0,0.00697962
BCD/BTC,1574059892201,2019-11-18T06:51:32.201Z,buy,5.722e-05,807.0,0.0461765399999999
BCD/BTC,1574059897937,2019-11-18T06:51:37.937Z,sell,5.695e-05,158.0,0.0089981
BCD/BTC,1574059898295,2019-11-18T06:51:38.295Z,buy,5.694e-05,270.0,0.0153738
BCD/BTC,1574059899702,2019-11-18T06:51:39.702Z,buy,5.694e-05,25.0,0.0014235
BCD/BTC,1574059900787,2019-11-18T06:51:40.787Z,buy,5.694e-05,25.0,0.0014235
BCD/BTC,1574059901975,2019-11-18T06:51:41.975Z,buy,5.694e-05,25.0,0.0014235
BCD/BTC,1574059902829,2019-11-18T06:51:42.829Z,buy,5.694e-05,1133.0,0.06451302
BCD/BTC,1574059902829,2019-11-18T06:51:42.829Z,buy,5.719e-05,121.0,0.00691999
BCD/BTC,1574059902829,2019-11-18T06:51:42.829Z,buy,5.72e-05,112.0,0.0064064
BCD/BTC,1574059902829,2019-11-18T06:51:42.829Z,buy,5.723e-05,320.0,0.0183136
BCD/BTC,1574059903137,2019-11-18T06:51:43.137Z,buy,5.719e-05,25.0,0.00142975
BCD/BTC,1574059906062,2019-11-18T06:51:46.062Z,buy,5.718e-05,30.0,0.0017154
BCD/BTC,1574059906062,2019-11-18T06:51:46.062Z,buy,5.722e-05,39.0,0.00223158
BCD/BTC,1574059909004,2019-11-18T06:51:49.004Z,buy,5.722e-05,55.0,0.0031471
BCD/BTC,1574059925343,2019-11-18T06:52:05.343Z,buy,5.724e-05,54.0,0.00309096
BCD/BTC,1574060003702,2019-11-18T06:53:23.702Z,buy,5.724e-05,110.0,0.0062964
BCD/BTC,1574060003702,2019-11-18T06:53:23.702Z,buy,5.725e-05,28.0,0.001603
BCD/BTC,1574060003702,2019-11-18T06:53:23.702Z,buy,5.726e-05,15.0,0.0008589
BCD/BTC,1574060003702,2019-11-18T06:53:23.702Z,buy,5.729e-05,878.0,0.05030062
BCD/BTC,1574060003702,2019-11-18T06:53:23.702Z,buy,5.73e-05,755.0,0.0432614999999999
BCD/BTC,1574060057118,2019-11-18T06:54:17.118Z,sell,5.702e-05,7.0,0.00039914
BCD/BTC,1574060184544,2019-11-18T06:56:24.544Z,buy,5.729e-05,3.0,0.00017187
BCD/BTC,1574061192158,2019-11-18T07:13:12.158Z,sell,5.702e-05,2.0,0.00011404
BCD/BTC,1574061192158,2019-11-18T07:13:12.158Z,sell,5.699e-05,73.0,0.00416027
BCD/BTC,1574061192180,2019-11-18T07:13:12.180Z,sell,5.699e-05,30.0,0.0017097
BCD/BTC,1574061192344,2019-11-18T07:13:12.344Z,sell,5.699e-05,148.0,0.00843452
BCD/BTC,1574061192344,2019-11-18T07:13:12.344Z,sell,5.697e-05,250.0,0.0142425
BCD/BTC,1574061192344,2019-11-18T07:13:12.344Z,sell,5.694e-05,131.0,0.00745914
BCD/BTC,1574061192344,2019-11-18T07:13:12.344Z,sell,5.692e-05,2.0,0.00011384
BCD/BTC,1574061192344,2019-11-18T07:13:12.344Z,sell,5.686e-05,61.0,0.00346846
BCD/BTC,1574061192394,2019-11-18T07:13:12.394Z,sell,5.699e-05,83.0,0.00473017
BCD/BTC,1574061192394,2019-11-18T07:13:12.394Z,sell,5.686e-05,174.0,0.00989364
BCD/BTC,1574061192417,2019-11-18T07:13:12.417Z,sell,5.686e-05,368.0,0.02092448
BCD/BTC,1574061192505,2019-11-18T07:13:12.505Z,sell,5.699e-05,36.0,0.00205164
BCD/BTC,1574061192508,2019-11-18T07:13:12.508Z,sell,5.699e-05,19.0,0.00108281
BCD/BTC,1574061192508,2019-11-18T07:13:12.508Z,sell,5.686e-05,271.0,0.01540906
BCD/BTC,1574061192508,2019-11-18T07:13:12.508Z,sell,5.685e-05,78.0,0.0044343
BCD/BTC,1574061192524,2019-11-18T07:13:12.524Z,sell,5.7e-05,112.0,0.006384
BCD/BTC,1574061192572,2019-11-18T07:13:12.572Z,sell,5.7e-05,234.0,0.013338
BCD/BTC,1574061192572,2019-11-18T07:13:12.572Z,sell,5.699e-05,112.0,0.00638288
BCD/BTC,1574061192572,2019-11-18T07:13:12.572Z,sell,5.685e-05,125.0,0.00710625
BCD/BTC,1574061192572,2019-11-18T07:13:12.572Z,sell,5.68e-05,162.0,0.0092015999999999
BCD/BTC,1574061192615,2019-11-18T07:13:12.615Z,sell,5.687e-05,184.0,0.01046408
BCD/BTC,1574061192621,2019-11-18T07:13:12.621Z,sell,5.687e-05,368.0,0.02092816
BCD/BTC,1574061193069,2019-11-18T07:13:13.069Z,buy,5.692e-05,908.0,0.05168336
BCD/BTC,1574061193069,2019-11-18T07:13:13.069Z,buy,5.692e-05,908.0,0.05168336
BCD/BTC,1574061365687,2019-11-18T07:16:05.687Z,buy,5.696e-05,73.0,0.00415808
BCD/BTC,1574061368398,2019-11-18T07:16:08.398Z,buy,5.694e-05,137.0,0.00780078
BCD/BTC,1574061371262,2019-11-18T07:16:11.262Z,buy,5.694e-05,115.0,0.0065481
BCD/BTC,1574061489504,2019-11-18T07:18:09.504Z,buy,5.696e-05,2.0,0.00011392
BCD/BTC,1574061489504,2019-11-18T07:18:09.504Z,buy,5.7e-05,128.0,0.007296
BCD/BTC,1574061489504,2019-11-18T07:18:09.504Z,buy,5.701e-05,73.0,0.00416173
BCD/BTC,1574061806331,2019-11-18T07:23:26.331Z,sell,5.679e-05,13.0,0.00073827
BCD/BTC,1574061806458,2019-11-18T07:23:26.458Z,buy,5.679e-05,160.0,0.0090864
BCD/BTC,1574061985741,2019-11-18T07:26:25.741Z,sell,5.679e-05,75.0,0.00425925
BCD/BTC,1574061985741,2019-11-18T07:26:25.741Z,sell,5.678e-05,57.0,0.00323646
BCD/BTC,1574061985784,2019-11-18T07:26:25.784Z,sell,5.678e-05,72.0,0.00408816
BCD/BTC,1574061985930,2019-11-18T07:26:25.930Z,sell,5.678e-05,22.0,0.00124916
BCD/BTC,1574061985930,2019-11-18T07:26:25.930Z,sell,5.675e-05,189.0,0.01072575
BCD/BTC,1574061985930,2019-11-18T07:26:25.930Z,sell,5.673e-05,147.0,0.00833931
BCD/BTC,1574061986204,2019-11-18T07:26:26.204Z,sell,5.676e-05,9.0,0.00051084
BCD/BTC,1574061986256,2019-11-18T07:26:26.256Z,sell,5.679e-05,40.0,0.0022716
BCD/BTC,1574061986916,2019-11-18T07:26:26.916Z,sell,5.679e-05,20.0,0.0011358
BCD/BTC,1574061986916,2019-11-18T07:26:26.916Z,sell,5.676e-05,14.0,0.00079464
BCD/BTC,1574061986985,2019-11-18T07:26:26.985Z,sell,5.676e-05,77.0,0.00437052
BCD/BTC,1574061986985,2019-11-18T07:26:26.985Z,sell,5.673e-05,27.0,0.00153171
BCD/BTC,1574061987401,2019-11-18T07:26:27.401Z,sell,5.674e-05,19.0,0.00107806
BCD/BTC,1574061994453,2019-11-18T07:26:34.453Z,sell,5.674e-05,10.0,0.0005674
BCD/BTC,1574061996425,2019-11-18T07:26:36.425Z,sell,5.674e-05,9.0,0.00051066
BCD/BTC,1574061997404,2019-11-18T07:26:37.404Z,sell,5.674e-05,9.0,0.00051066
BCD/BTC,1574061998737,2019-11-18T07:26:38.737Z,sell,5.674e-05,9.0,0.00051066
BCD/BTC,1574062001247,2019-11-18T07:26:41.247Z,sell,5.673e-05,4.0,0.00022692
BCD/BTC,1574062001247,2019-11-18T07:26:41.247Z,sell,5.669e-05,5.0,0.00028345
BCD/BTC,1574062009436,2019-11-18T07:26:49.436Z,sell,5.669e-05,52.0,0.00294788
BCD/BTC,1574062017785,2019-11-18T07:26:57.785Z,sell,5.67e-05,74.0,0.0041958
BCD/BTC,1574062017956,2019-11-18T07:26:57.956Z,sell,5.67e-05,119.0,0.0067473
BCD/BTC,1574062057415,2019-11-18T07:27:37.415Z,buy,5.695e-05,3.0,0.00017085
BCD/BTC,1574062057415,2019-11-18T07:27:37.415Z,buy,5.696e-05,352.0,0.02004992
BCD/BTC,1574062057415,2019-11-18T07:27:37.415Z,buy,5.697e-05,248.0,0.01412856
BCD/BTC,1574062067469,2019-11-18T07:27:47.469Z,sell,5.677e-05,38.0,0.00215726
BCD/BTC,1574062089949,2019-11-18T07:28:09.949Z,sell,5.677e-05,9.0,0.00051093
BCD/BTC,1574062096556,2019-11-18T07:28:16.556Z,sell,5.679e-05,52.0,0.00295308
BCD/BTC,1574062096580,2019-11-18T07:28:16.580Z,sell,5.679e-05,21.0,0.0011925899999999
BCD/BTC,1574062096580,2019-11-18T07:28:16.580Z,sell,5.678e-05,43.0,0.00244154
BCD/BTC,1574062096996,2019-11-18T07:28:16.996Z,sell,5.679e-05,115.0,0.0065308499999999
BCD/BTC,1574062097359,2019-11-18T07:28:17.359Z,sell,5.679e-05,13.0,0.00073827
BCD/BTC,1574062097359,2019-11-18T07:28:17.359Z,sell,5.678e-05,38.0,0.00215764
BCD/BTC,1574062106869,2019-11-18T07:28:26.869Z,sell,5.679e-05,274.0,0.01556046
BCD/BTC,1574062106956,2019-11-18T07:28:26.956Z,sell,5.679e-05,34.0,0.00193086
BCD/BTC,1574062106956,2019-11-18T07:28:26.956Z,sell,5.678e-05,23.0,0.00130594
BCD/BTC,1574062139867,2019-11-18T07:28:59.867Z,buy,5.698e-05,13.0,0.00074074
BCD/BTC,1574062154446,2019-11-18T07:29:14.446Z,sell,5.673e-05,2.0,0.00011346
BCD/BTC,1574062154446,2019-11-18T07:29:14.446Z,sell,5.672e-05,25.0,0.001418
BCD/BTC,1574062189347,2019-11-18T07:29:49.347Z,sell,5.672e-05,47.0,0.00266584
BCD/BTC,1574062198374,2019-11-18T07:29:58.374Z,sell,5.672e-05,202.0,0.01145744
BCD/BTC,1574062198510,2019-11-18T07:29:58.510Z,sell,5.672e-05,374.0,0.02121328
BCD/BTC,1574062198767,2019-11-18T07:29:58.767Z,sell,5.672e-05,227.0,0.01287544
BCD/BTC,1574062266387,2019-11-18T07:31:06.387Z,buy,5.691e-05,194.0,0.01104054
BCD/BTC,1574062297551,2019-11-18T07:31:37.551Z,sell,5.671e-05,4.0,0.00022684
BCD/BTC,1574062297551,2019-11-18T07:31:37.551Z,sell,5.67e-05,62.0,0.0035154
BCD/BTC,1574062400456,2019-11-18T07:33:20.456Z,sell,5.666e-05,14.0,0.00079324
BCD/BTC,1574062400464,2019-11-18T07:33:20.464Z,sell,5.666e-05,26.0,0.00147316
BCD/BTC,1574062400464,2019-11-18T07:33:20.464Z,sell,5.665e-05,5.0,0.00028325
BCD/BTC,1574062400464,2019-11-18T07:33:20.464Z,sell,5.663e-05,8.0,0.00045304
BCD/BTC,1574062400531,2019-11-18T07:33:20.531Z,sell,5.663e-05,37.0,0.00209531
BCD/BTC,1574062402512,2019-11-18T07:33:22.512Z,sell,5.663e-05,10.0,0.0005662999999999
BCD/BTC,1574062403406,2019-11-18T07:33:23.406Z,sell,5.663e-05,9.0,0.0005096699999999
BCD/BTC,1574062404393,2019-11-18T07:33:24.393Z,sell,5.663e-05,9.0,0.0005096699999999
BCD/BTC,1574062406408,2019-11-18T07:33:26.408Z,sell,5.663e-05,9.0,0.0005096699999999
BCD/BTC,1574062420034,2019-11-18T07:33:40.034Z,buy,5.682e-05,202.0,0.01147764
BCD/BTC,1574062422996,2019-11-18T07:33:42.996Z,buy,5.682e-05,134.0,0.00761388
BCD/BTC,1574062426289,2019-11-18T07:33:46.289Z,buy,5.681e-05,90.0,0.0051129
BCD/BTC,1574062426289,2019-11-18T07:33:46.289Z,buy,5.682e-05,263.0,0.01494366
BCD/BTC,1574062428365,2019-11-18T07:33:48.365Z,sell,5.664e-05,62.0,0.00351168
BCD/BTC,1574062428664,2019-11-18T07:33:48.664Z,sell,5.665e-05,62.0,0.0035123
BCD/BTC,1574062428738,2019-11-18T07:33:48.738Z,sell,5.665e-05,150.0,0.0084975
BCD/BTC,1574062428834,2019-11-18T07:33:48.834Z,sell,5.665e-05,356.0,0.0201674
BCD/BTC,1574062429360,2019-11-18T07:33:49.360Z,sell,5.666e-05,179.0,0.01014214
BCD/BTC,1574062429360,2019-11-18T07:33:49.360Z,sell,5.665e-05,108.0,0.0061182
BCD/BTC,1574062429396,2019-11-18T07:33:49.396Z,sell,5.665e-05,345.0,0.01954425
BCD/BTC,1574062429686,2019-11-18T07:33:49.686Z,sell,5.665e-05,150.0,0.0084975
BCD/BTC,1574062430493,2019-11-18T07:33:50.493Z,sell,5.666e-05,78.0,0.00441948
BCD/BTC,1574062431376,2019-11-18T07:33:51.376Z,sell,5.666e-05,81.0,0.00458946
BCD/BTC,1574062431650,2019-11-18T07:33:51.650Z,sell,5.667e-05,28.0,0.00158676
BCD/BTC,1574062431747,2019-11-18T07:33:51.747Z,sell,5.667e-05,52.0,0.00294684
BCD/BTC,1574062431747,2019-11-18T07:33:51.747Z,sell,5.666e-05,61.0,0.00345626
BCD/BTC,1574062431898,2019-11-18T07:33:51.898Z,sell,5.667e-05,53.0,0.00300351
BCD/BTC,1574062431898,2019-11-18T07:33:51.898Z,sell,5.666e-05,72.0,0.00407952
BCD/BTC,1574062431898,2019-11-18T07:33:51.898Z,sell,5.665e-05,64.0,0.0036256
BCD/BTC,1574062432154,2019-11-18T07:33:52.154Z,sell,5.667e-05,50.0,0.0028335
BCD/BTC,1574062432481,2019-11-18T07:33:52.481Z,sell,5.667e-05,58.0,0.00328686
BCD/BTC,1574062432481,2019-11-18T07:33:52.481Z,sell,5.665e-05,48.0,0.0027192
BCD/BTC,1574062432519,2019-11-18T07:33:52.519Z,sell,5.665e-05,145.0,0.00821425
BCD/BTC,1574062445417,2019-11-18T07:34:05.417Z,buy,5.682e-05,251.0,0.01426182
BCD/BTC,1574062448008,2019-11-18T07:34:08.008Z,buy,5.682e-05,166.0,0.00943212
BCD/BTC,1574062473375,2019-11-18T07:34:33.375Z,sell,5.665e-05,117.0,0.00662805
BCD/BTC,1574062473429,2019-11-18T07:34:33.429Z,sell,5.665e-05,22.0,0.0012463
BCD/BTC,1574062473429,2019-11-18T07:34:33.429Z,sell,5.664e-05,133.0,0.00753312
BCD/BTC,1574062473429,2019-11-18T07:34:33.429Z,sell,5.659e-05,70.0,0.0039613
BCD/BTC,1574062473554,2019-11-18T07:34:33.554Z,buy,5.658e-05,125.0,0.0070725
BCD/BTC,1574062473693,2019-11-18T07:34:33.693Z,buy,5.658e-05,16.0,0.00090528
BCD/BTC,1574062508760,2019-11-18T07:35:08.760Z,buy,5.68e-05,125.0,0.0070999999999999
BCD/BTC,1574062526802,2019-11-18T07:35:26.802Z,sell,5.661e-05,46.0,0.00260406
BCD/BTC,1574062559669,2019-11-18T07:35:59.669Z,buy,5.682e-05,353.0,0.02005746
BCD/BTC,1574062562383,2019-11-18T07:36:02.383Z,buy,5.682e-05,132.0,0.00750024
BCD/BTC,1574062677756,2019-11-18T07:37:57.756Z,sell,5.679e-05,10.0,0.0005679
BCD/BTC,1574062677827,2019-11-18T07:37:57.827Z,sell,5.679e-05,9.0,0.00051111
BCD/BTC,1574062729495,2019-11-18T07:38:49.495Z,sell,5.658e-05,4.0,0.00022632
BCD/BTC,1574062995677,2019-11-18T07:43:15.677Z,sell,5.663e-05,49.0,0.00277487
BCD/BTC,1574062996485,2019-11-18T07:43:16.485Z,sell,5.664e-05,71.0,0.00402144
BCD/BTC,1574062997513,2019-11-18T07:43:17.513Z,sell,5.665e-05,71.0,0.00402215
BCD/BTC,1574062997570,2019-11-18T07:43:17.570Z,sell,5.665e-05,47.0,0.00266255
BCD/BTC,1574062997570,2019-11-18T07:43:17.570Z,sell,5.664e-05,59.0,0.00334176
BCD/BTC,1574062997573,2019-11-18T07:43:17.573Z,sell,5.664e-05,45.0,0.0025488
BCD/BTC,1574062998590,2019-11-18T07:43:18.590Z,sell,5.665e-05,51.0,0.00288915
BCD/BTC,1574062998633,2019-11-18T07:43:18.633Z,sell,5.665e-05,11.0,0.00062315
BCD/BTC,1574062998633,2019-11-18T07:43:18.633Z,sell,5.664e-05,66.0,0.00373824
BCD/BTC,1574062999551,2019-11-18T07:43:19.551Z,sell,5.665e-05,83.0,0.00470195
BCD/BTC,1574062999601,2019-11-18T07:43:19.601Z,sell,5.665e-05,41.0,0.00232265
BCD/BTC,1574062999601,2019-11-18T07:43:19.601Z,sell,5.664e-05,64.0,0.00362496
BCD/BTC,1574063000624,2019-11-18T07:43:20.624Z,sell,5.664e-05,112.0,0.00634368
BCD/BTC,1574063001720,2019-11-18T07:43:21.720Z,sell,5.664e-05,64.0,0.00362496
BCD/BTC,1574063004471,2019-11-18T07:43:24.471Z,sell,5.664e-05,41.0,0.00232224
BCD/BTC,1574063005467,2019-11-18T07:43:25.467Z,sell,5.664e-05,28.0,0.00158592
BCD/BTC,1574063006575,2019-11-18T07:43:26.575Z,sell,5.664e-05,30.0,0.0016992
BCD/BTC,1574063007908,2019-11-18T07:43:27.908Z,sell,5.664e-05,19.0,0.00107616
BCD/BTC,1574063008445,2019-11-18T07:43:28.445Z,sell,5.664e-05,10.0,0.0005664
BCD/BTC,1574063012436,2019-11-18T07:43:32.436Z,sell,5.664e-05,9.0,0.0005097599999999
BCD/BTC,1574063043213,2019-11-18T07:44:03.213Z,buy,5.68e-05,250.0,0.0141999999999999
BCD/BTC,1574063043213,2019-11-18T07:44:03.213Z,buy,5.681e-05,103.0,0.00585143
BCD/BTC,1574063046310,2019-11-18T07:44:06.310Z,buy,5.68e-05,125.0,0.0070999999999999
BCD/BTC,1574063049221,2019-11-18T07:44:09.221Z,buy,5.68e-05,126.0,0.0071568
BCD/BTC,1574063055570,2019-11-18T07:44:15.570Z,buy,5.68e-05,62.0,0.0035215999999999
BCD/BTC,1574063058459,2019-11-18T07:44:18.459Z,buy,5.68e-05,63.0,0.0035784
BCD/BTC,1574063058459,2019-11-18T07:44:18.459Z,buy,5.681e-05,353.0,0.02005393
BCD/BTC,1574063058459,2019-11-18T07:44:18.459Z,buy,5.682e-05,63.0,0.00357966
BCD/BTC,1574063061315,2019-11-18T07:44:21.315Z,buy,5.68e-05,62.0,0.0035215999999999
BCD/BTC,1574063559456,2019-11-18T07:52:39.456Z,sell,5.665e-05,190.0,0.0107635
BCD/BTC,1574063559456,2019-11-18T07:52:39.456Z,sell,5.658e-05,62.0,0.0035079599999999
BCD/BTC,1574063559640,2019-11-18T07:52:39.640Z,sell,5.658e-05,32.0,0.00181056
BCD/BTC,1574063559924,2019-11-18T07:52:39.924Z,sell,5.658e-05,37.0,0.0020934599999999
BCD/BTC,1574063569936,2019-11-18T07:52:49.936Z,sell,5.658e-05,106.0,0.0059974799999999
BCD/BTC,1574063570092,2019-11-18T07:52:50.092Z,sell,5.658e-05,13.0,0.0007355399999999
BCD/BTC,1574063570092,2019-11-18T07:52:50.092Z,sell,5.657e-05,2.0,0.00011314
BCD/BTC,1574063570564,2019-11-18T07:52:50.564Z,sell,5.648e-05,16.0,0.00090368
BCD/BTC,1574063570581,2019-11-18T07:52:50.581Z,sell,5.648e-05,58.0,0.00327584
BCD/BTC,1574063570590,2019-11-18T07:52:50.590Z,buy,5.651e-05,130.0,0.0073463
BCD/BTC,1574063570722,2019-11-18T07:52:50.722Z,sell,5.651e-05,130.0,0.0073463
BCD/BTC,1574063570722,2019-11-18T07:52:50.722Z,sell,5.648e-05,4.0,0.00022592
BCD/BTC,1574063571096,2019-11-18T07:52:51.096Z,sell,5.649e-05,97.0,0.00547953
BCD/BTC,1574063571117,2019-11-18T07:52:51.117Z,sell,5.649e-05,58.0,0.00327642
BCD/BTC,1574063571263,2019-11-18T07:52:51.263Z,sell,5.65e-05,97.0,0.0054805
BCD/BTC,1574063571526,2019-11-18T07:52:51.526Z,sell,5.65e-05,70.0,0.003955
BCD/BTC,1574063571526,2019-11-18T07:52:51.526Z,sell,5.649e-05,310.0,0.0175119
BCD/BTC,1574063572072,2019-11-18T07:52:52.072Z,sell,5.649e-05,371.0,0.02095779
BCD/BTC,1574063572551,2019-11-18T07:52:52.551Z,sell,5.65e-05,83.0,0.0046895
BCD/BTC,1574063572551,2019-11-18T07:52:52.551Z,sell,5.649e-05,286.0,0.01615614
BCD/BTC,1574063573268,2019-11-18T07:52:53.268Z,sell,5.65e-05,84.0,0.004746
BCD/BTC,1574063573268,2019-11-18T07:52:53.268Z,sell,5.649e-05,289.0,0.01632561
BCD/BTC,1574063573882,2019-11-18T07:52:53.882Z,sell,5.65e-05,89.0,0.0050285
BCD/BTC,1574063573882,2019-11-18T07:52:53.882Z,sell,5.649e-05,147.0,0.00830403
BCD/BTC,1574063574570,2019-11-18T07:52:54.570Z,sell,5.648e-05,73.0,0.00412304
BCD/BTC,1574063593630,2019-11-18T07:53:13.630Z,sell,5.647e-05,11.0,0.00062117
BCD/BTC,1574063607231,2019-11-18T07:53:27.231Z,sell,5.647e-05,9.0,0.00050823
BCD/BTC,1574063607315,2019-11-18T07:53:27.315Z,sell,5.647e-05,2.0,0.00011294
BCD/BTC,1574063607315,2019-11-18T07:53:27.315Z,sell,5.646e-05,18.0,0.00101628
BCD/BTC,1574063607315,2019-11-18T07:53:27.315Z,sell,5.645e-05,35.0,0.00197575
BCD/BTC,1574063686690,2019-11-18T07:54:46.690Z,buy,5.666e-05,352.0,0.01994432
BCD/BTC,1574063686690,2019-11-18T07:54:46.690Z,buy,5.667e-05,250.0,0.0141675
BCD/BTC,1574063686690,2019-11-18T07:54:46.690Z,buy,5.669e-05,251.0,0.01422919
BCD/BTC,1574063686815,2019-11-18T07:54:46.815Z,sell,5.675e-05,247.0,0.0140172499999999
BCD/BTC,1574063686862,2019-11-18T07:54:46.862Z,sell,5.675e-05,33.0,0.0018727499999999
BCD/BTC,1574063688131,2019-11-18T07:54:48.131Z,sell,5.645e-05,6.0,0.0003387
BCD/BTC,1574063688131,2019-11-18T07:54:48.131Z,sell,5.642e-05,79.0,0.00445718
BCD/BTC,1574063688214,2019-11-18T07:54:48.214Z,sell,5.642e-05,4.0,0.00022568
BCD/BTC,1574063688214,2019-11-18T07:54:48.214Z,sell,5.641e-05,2.0,0.00011282
BCD/BTC,1574063688214,2019-11-18T07:54:48.214Z,sell,5.64e-05,13.0,0.0007332
BCD/BTC,1574063688214,2019-11-18T07:54:48.214Z,sell,5.638e-05,3.0,0.00016914
BCD/BTC,1574063688214,2019-11-18T07:54:48.214Z,sell,5.635e-05,245.0,0.01380575
BCD/BTC,1574063688858,2019-11-18T07:54:48.858Z,sell,5.642e-05,139.0,0.00784238
BCD/BTC,1574063688858,2019-11-18T07:54:48.858Z,sell,5.635e-05,75.0,0.00422625
BCD/BTC,1574063689662,2019-11-18T07:54:49.662Z,sell,5.642e-05,81.0,0.00457002
BCD/BTC,1574063690031,2019-11-18T07:54:50.031Z,sell,5.642e-05,12.0,0.00067704
BCD/BTC,1574063690031,2019-11-18T07:54:50.031Z,sell,5.635e-05,34.0,0.0019159
BCD/BTC,1574063690031,2019-11-18T07:54:50.031Z,sell,5.634e-05,168.0,0.00946512
BCD/BTC,1574063692479,2019-11-18T07:54:52.479Z,buy,5.664e-05,25.0,0.001416
BCD/BTC,1574063693358,2019-11-18T07:54:53.358Z,sell,5.634e-05,74.0,0.00416916
BCD/BTC,1574063693358,2019-11-18T07:54:53.358Z,sell,5.633e-05,53.0,0.00298549
BCD/BTC,1574063693358,2019-11-18T07:54:53.358Z,sell,5.631e-05,87.0,0.00489897
BCD/BTC,1574063693642,2019-11-18T07:54:53.642Z,buy,5.665e-05,25.0,0.00141625
BCD/BTC,1574063697064,2019-11-18T07:54:57.064Z,buy,5.663e-05,25.0,0.00141575
BCD/BTC,1574063698165,2019-11-18T07:54:58.165Z,buy,5.663e-05,25.0,0.00141575
BCD/BTC,1574063699838,2019-11-18T07:54:59.838Z,buy,5.663e-05,25.0,0.00141575
BCD/BTC,1574063700799,2019-11-18T07:55:00.799Z,buy,5.663e-05,25.0,0.00141575
BCD/BTC,1574063701975,2019-11-18T07:55:01.975Z,buy,5.663e-05,25.0,0.00141575
BCD/BTC,1574063702170,2019-11-18T07:55:02.170Z,buy,5.663e-05,68.0,0.00385084
BCD/BTC,1574063702170,2019-11-18T07:55:02.170Z,buy,5.665e-05,25.0,0.00141625
BCD/BTC,1574063703223,2019-11-18T07:55:03.223Z,buy,5.662e-05,25.0,0.0014154999999999
BCD/BTC,1574063704982,2019-11-18T07:55:04.982Z,buy,5.662e-05,25.0,0.0014154999999999
BCD/BTC,1574063705964,2019-11-18T07:55:05.964Z,buy,5.662e-05,25.0,0.0014154999999999
BCD/BTC,1574063711937,2019-11-18T07:55:11.937Z,buy,5.665e-05,132.0,0.0074778
BCD/BTC,1574063713718,2019-11-18T07:55:13.718Z,buy,5.665e-05,25.0,0.00141625
BCD/BTC,1574063720395,2019-11-18T07:55:20.395Z,sell,5.636e-05,214.0,0.01206104
BCD/BTC,1574063720849,2019-11-18T07:55:20.849Z,buy,5.664e-05,114.0,0.00645696
BCD/BTC,1574063721839,2019-11-18T07:55:21.839Z,sell,5.639e-05,105.0,0.00592095
BCD/BTC,1574063723516,2019-11-18T07:55:23.516Z,sell,5.639e-05,57.0,0.00321423
BCD/BTC,1574063723516,2019-11-18T07:55:23.516Z,sell,5.635e-05,272.0,0.0153272
BCD/BTC,1574063724725,2019-11-18T07:55:24.725Z,sell,5.64e-05,103.0,0.0058092
BCD/BTC,1574063726580,2019-11-18T07:55:26.580Z,buy,5.663e-05,25.0,0.00141575
BCD/BTC,1574063727456,2019-11-18T07:55:27.456Z,buy,5.664e-05,135.0,0.0076464
BCD/BTC,1574063727569,2019-11-18T07:55:27.569Z,buy,5.664e-05,25.0,0.001416
BCD/BTC,1574063746693,2019-11-18T07:55:46.693Z,sell,5.637e-05,134.0,0.00755358
BCD/BTC,1574063746693,2019-11-18T07:55:46.693Z,sell,5.636e-05,217.0,0.01223012
BCD/BTC,1574063746693,2019-11-18T07:55:46.693Z,sell,5.635e-05,7.0,0.00039445
BCD/BTC,1574063747582,2019-11-18T07:55:47.582Z,sell,5.637e-05,135.0,0.00760995
BCD/BTC,1574063747582,2019-11-18T07:55:47.582Z,sell,5.635e-05,4.0,0.0002254
BCD/BTC,1574063749700,2019-11-18T07:55:49.700Z,sell,5.635e-05,90.0,0.0050715
BCD/BTC,1574063750551,2019-11-18T07:55:50.551Z,sell,5.632e-05,37.0,0.00208384
BCD/BTC,1574063750598,2019-11-18T07:55:50.598Z,buy,5.662e-05,135.0,0.0076437
BCD/BTC,1574063751559,2019-11-18T07:55:51.559Z,sell,5.632e-05,117.0,0.00658944
BCD/BTC,1574063751880,2019-11-18T07:55:51.880Z,buy,5.662e-05,25.0,0.0014154999999999
BCD/BTC,1574063753126,2019-11-18T07:55:53.126Z,buy,5.662e-05,25.0,0.0014154999999999
BCD/BTC,1574063754089,2019-11-18T07:55:54.089Z,buy,5.662e-05,25.0,0.0014154999999999
BCD/BTC,1574063755047,2019-11-18T07:55:55.047Z,buy,5.646e-05,25.0,0.0014115
BCD/BTC,1574063756158,2019-11-18T07:55:56.158Z,buy,5.646e-05,25.0,0.0014115
BCD/BTC,1574063757091,2019-11-18T07:55:57.091Z,buy,5.646e-05,206.0,0.01163076
BCD/BTC,1574063757212,2019-11-18T07:55:57.212Z,buy,5.661e-05,25.0,0.00141525
BCD/BTC,1574063758175,2019-11-18T07:55:58.175Z,buy,5.661e-05,25.0,0.00141525
BCD/BTC,1574063759290,2019-11-18T07:55:59.290Z,buy,5.661e-05,25.0,0.00141525
BCD/BTC,1574063760283,2019-11-18T07:56:00.283Z,buy,5.661e-05,25.0,0.00141525
BCD/BTC,1574063761536,2019-11-18T07:56:01.536Z,buy,5.661e-05,25.0,0.00141525
BCD/BTC,1574063762784,2019-11-18T07:56:02.784Z,buy,5.662e-05,25.0,0.0014154999999999
BCD/BTC,1574063763741,2019-11-18T07:56:03.741Z,buy,5.662e-05,25.0,0.0014154999999999
BCD/BTC,1574063764793,2019-11-18T07:56:04.793Z,buy,5.662e-05,25.0,0.0014154999999999
BCD/BTC,1574063765896,2019-11-18T07:56:05.896Z,buy,5.662e-05,25.0,0.0014154999999999
BCD/BTC,1574063766429,2019-11-18T07:56:06.429Z,buy,5.662e-05,104.0,0.00588848
BCD/BTC,1574063767878,2019-11-18T07:56:07.878Z,buy,5.662e-05,25.0,0.0014154999999999
BCD/BTC,1574063769700,2019-11-18T07:56:09.700Z,buy,5.662e-05,25.0,0.0014154999999999
BCD/BTC,1574063770655,2019-11-18T07:56:10.655Z,buy,5.662e-05,25.0,0.0014154999999999
BCD/BTC,1574063771911,2019-11-18T07:56:11.911Z,buy,5.662e-05,25.0,0.0014154999999999
BCD/BTC,1574063773003,2019-11-18T07:56:13.003Z,buy,5.662e-05,9.0,0.0005095799999999
BCD/BTC,1574063773003,2019-11-18T07:56:13.003Z,buy,5.663e-05,16.0,0.00090608
BCD/BTC,1574063774153,2019-11-18T07:56:14.153Z,buy,5.662e-05,25.0,0.0014154999999999
BCD/BTC,1574063774599,2019-11-18T07:56:14.599Z,buy,5.662e-05,48.0,0.0027177599999999
BCD/BTC,1574063775167,2019-11-18T07:56:15.167Z,buy,5.662e-05,25.0,0.0014154999999999
BCD/BTC,1574063775509,2019-11-18T07:56:15.509Z,buy,5.662e-05,13.0,0.00073606
BCD/BTC,1574063775581,2019-11-18T07:56:15.581Z,buy,5.662e-05,109.0,0.0061715799999999
BCD/BTC,1574063776226,2019-11-18T07:56:16.226Z,buy,5.663e-05,25.0,0.00141575
BCD/BTC,1574063776954,2019-11-18T07:56:16.954Z,buy,5.663e-05,8.0,0.00045304
BCD/BTC,1574063777182,2019-11-18T07:56:17.182Z,buy,5.663e-05,25.0,0.00141575
BCD/BTC,1574063777465,2019-11-18T07:56:17.465Z,buy,5.663e-05,7.0,0.00039641
BCD/BTC,1574063783512,2019-11-18T07:56:23.512Z,sell,5.636e-05,444.0,0.02502384
BCD/BTC,1574063784603,2019-11-18T07:56:24.603Z,buy,5.662e-05,61.0,0.00345382
BCD/BTC,1574063785228,2019-11-18T07:56:25.228Z,buy,5.662e-05,25.0,0.0014154999999999
BCD/BTC,1574063785587,2019-11-18T07:56:25.587Z,sell,5.637e-05,189.0,0.0106539299999999
BCD/BTC,1574063785587,2019-11-18T07:56:25.587Z,sell,5.636e-05,278.0,0.01566808
BCD/BTC,1574063785987,2019-11-18T07:56:25.987Z,sell,5.637e-05,154.0,0.00868098
BCD/BTC,1574063785987,2019-11-18T07:56:25.987Z,sell,5.636e-05,247.0,0.01392092
BCD/BTC,1574063786320,2019-11-18T07:56:26.320Z,buy,5.662e-05,25.0,0.0014154999999999
BCD/BTC,1574063786646,2019-11-18T07:56:26.646Z,sell,5.638e-05,39.0,0.0021988199999999
BCD/BTC,1574063786646,2019-11-18T07:56:26.646Z,sell,5.637e-05,103.0,0.00580611
BCD/BTC,1574063786646,2019-11-18T07:56:26.646Z,sell,5.636e-05,53.0,0.00298708
BCD/BTC,1574063787158,2019-11-18T07:56:27.158Z,sell,5.637e-05,39.0,0.00219843
BCD/BTC,1574063787158,2019-11-18T07:56:27.158Z,sell,5.636e-05,4.0,0.00022544
BCD/BTC,1574063787158,2019-11-18T07:56:27.158Z,sell,5.634e-05,61.0,0.0034367399999999
BCD/BTC,1574063787294,2019-11-18T07:56:27.294Z,buy,5.661e-05,25.0,0.00141525
BCD/BTC,1574063787653,2019-11-18T07:56:27.653Z,sell,5.635e-05,39.0,0.00219765
BCD/BTC,1574063787653,2019-11-18T07:56:27.653Z,sell,5.634e-05,6.0,0.00033804
BCD/BTC,1574063788340,2019-11-18T07:56:28.340Z,buy,5.661e-05,25.0,0.00141525
BCD/BTC,1574063788410,2019-11-18T07:56:28.410Z,sell,5.637e-05,75.0,0.00422775
BCD/BTC,1574063789392,2019-11-18T07:56:29.392Z,buy,5.661e-05,25.0,0.00141525
BCD/BTC,1574063790544,2019-11-18T07:56:30.544Z,buy,5.66e-05,25.0,0.001415
BCD/BTC,1574063791114,2019-11-18T07:56:31.114Z,buy,5.66e-05,135.0,0.007641
BCD/BTC,1574063791652,2019-11-18T07:56:31.652Z,buy,5.66e-05,25.0,0.001415
BCD/BTC,1574063793370,2019-11-18T07:56:33.370Z,buy,5.66e-05,25.0,0.001415
BCD/BTC,1574063794367,2019-11-18T07:56:34.367Z,buy,5.66e-05,25.0,0.001415
BCD/BTC,1574063795465,2019-11-18T07:56:35.465Z,buy,5.66e-05,25.0,0.001415
BCD/BTC,1574063796634,2019-11-18T07:56:36.634Z,buy,5.66e-05,25.0,0.001415
BCD/BTC,1574063797509,2019-11-18T07:56:37.509Z,sell,5.634e-05,172.0,0.00969048
BCD/BTC,1574063797581,2019-11-18T07:56:37.581Z,buy,5.66e-05,39.0,0.0022074
BCD/BTC,1574063797622,2019-11-18T07:56:37.622Z,buy,5.661e-05,25.0,0.00141525
BCD/BTC,1574063797991,2019-11-18T07:56:37.991Z,sell,5.635e-05,37.0,0.00208495
BCD/BTC,1574063797991,2019-11-18T07:56:37.991Z,sell,5.634e-05,9.0,0.00050706
BCD/BTC,1574063798732,2019-11-18T07:56:38.732Z,buy,5.66e-05,25.0,0.001415
BCD/BTC,1574063799779,2019-11-18T07:56:39.779Z,buy,5.66e-05,25.0,0.001415
BCD/BTC,1574063800755,2019-11-18T07:56:40.755Z,buy,5.66e-05,25.0,0.001415
BCD/BTC,1574063801740,2019-11-18T07:56:41.740Z,buy,5.66e-05,25.0,0.001415
BCD/BTC,1574063802138,2019-11-18T07:56:42.138Z,sell,5.634e-05,5.0,0.0002817
BCD/BTC,1574063802138,2019-11-18T07:56:42.138Z,sell,5.633e-05,243.0,0.01368819
BCD/BTC,1574063802898,2019-11-18T07:56:42.898Z,buy,5.66e-05,25.0,0.001415
BCD/BTC,1574063804079,2019-11-18T07:56:44.079Z,buy,5.66e-05,44.0,0.0024904
BCD/BTC,1574063804105,2019-11-18T07:56:44.105Z,buy,5.661e-05,17.0,0.00096237
BCD/BTC,1574063804105,2019-11-18T07:56:44.105Z,buy,5.662e-05,8.0,0.00045296
BCD/BTC,1574063804439,2019-11-18T07:56:44.439Z,sell,5.634e-05,36.0,0.00202824
BCD/BTC,1574063805081,2019-11-18T07:56:45.081Z,buy,5.661e-05,25.0,0.00141525
BCD/BTC,1574063805945,2019-11-18T07:56:45.945Z,sell,5.635e-05,35.0,0.00197225
BCD/BTC,1574063805945,2019-11-18T07:56:45.945Z,sell,5.634e-05,86.0,0.00484524
BCD/BTC,1574063806138,2019-11-18T07:56:46.138Z,buy,5.66e-05,25.0,0.001415
BCD/BTC,1574063807126,2019-11-18T07:56:47.126Z,sell,5.634e-05,44.0,0.00247896
BCD/BTC,1574063807126,2019-11-18T07:56:47.126Z,sell,5.633e-05,32.0,0.00180256
BCD/BTC,1574063807149,2019-11-18T07:56:47.149Z,buy,5.66e-05,25.0,0.001415
BCD/BTC,1574063808192,2019-11-18T07:56:48.192Z,buy,5.659e-05,25.0,0.00141475
BCD/BTC,1574063809386,2019-11-18T07:56:49.386Z,buy,5.659e-05,9.0,0.00050931
BCD/BTC,1574063809386,2019-11-18T07:56:49.386Z,buy,5.66e-05,16.0,0.0009056
BCD/BTC,1574063810584,2019-11-18T07:56:50.584Z,buy,5.66e-05,135.0,0.007641
BCD/BTC,1574063810676,2019-11-18T07:56:50.676Z,buy,5.66e-05,13.0,0.0007358
BCD/BTC,1574063810676,2019-11-18T07:56:50.676Z,buy,5.662e-05,12.0,0.0006794399999999
BCD/BTC,1574063811951,2019-11-18T07:56:51.951Z,buy,5.663e-05,25.0,0.00141575
BCD/BTC,1574063812175,2019-11-18T07:56:52.175Z,sell,5.634e-05,38.0,0.00214092
BCD/BTC,1574063812497,2019-11-18T07:56:52.497Z,sell,5.635e-05,33.0,0.00185955
BCD/BTC,1574063812497,2019-11-18T07:56:52.497Z,sell,5.634e-05,134.0,0.00754956
BCD/BTC,1574063815359,2019-11-18T07:56:55.359Z,buy,5.662e-05,25.0,0.0014154999999999
BCD/BTC,1574063816327,2019-11-18T07:56:56.327Z,buy,5.662e-05,25.0,0.0014154999999999
BCD/BTC,1574063817070,2019-11-18T07:56:57.070Z,buy,5.662e-05,44.0,0.00249128
BCD/BTC,1574063817428,2019-11-18T07:56:57.428Z,buy,5.663e-05,17.0,0.00096271
BCD/BTC,1574063817428,2019-11-18T07:56:57.428Z,buy,5.664e-05,8.0,0.00045312
BCD/BTC,1574063861585,2019-11-18T07:57:41.585Z,buy,5.661e-05,98.0,0.00554778
BCD/BTC,1574063864104,2019-11-18T07:57:44.104Z,buy,5.66e-05,25.0,0.001415
BCD/BTC,1574063865249,2019-11-18T07:57:45.249Z,buy,5.659e-05,25.0,0.00141475
BCD/BTC,1574063867094,2019-11-18T07:57:47.094Z,buy,5.659e-05,25.0,0.00141475
BCD/BTC,1574063868211,2019-11-18T07:57:48.211Z,buy,5.659e-05,15.0,0.00084885
BCD/BTC,1574063868211,2019-11-18T07:57:48.211Z,buy,5.66e-05,10.0,0.000566
BCD/BTC,1574063868601,2019-11-18T07:57:48.601Z,buy,5.66e-05,74.0,0.0041884
BCD/BTC,1574063869486,2019-11-18T07:57:49.486Z,buy,5.66e-05,25.0,0.001415
BCD/BTC,1574063870801,2019-11-18T07:57:50.801Z,buy,5.66e-05,25.0,0.001415
BCD/BTC,1574063871948,2019-11-18T07:57:51.948Z,buy,5.66e-05,25.0,0.001415
BCD/BTC,1574063873991,2019-11-18T07:57:53.991Z,buy,5.66e-05,25.0,0.001415
BCD/BTC,1574063875029,2019-11-18T07:57:55.029Z,buy,5.66e-05,25.0,0.001415
BCD/BTC,1574063875073,2019-11-18T07:57:55.073Z,buy,5.66e-05,6.0,0.0003396
BCD/BTC,1574063875073,2019-11-18T07:57:55.073Z,buy,5.661e-05,25.0,0.00141525
BCD/BTC,1574063942793,2019-11-18T07:59:02.793Z,buy,5.661e-05,8.0,0.00045288
BCD/BTC,1574063942793,2019-11-18T07:59:02.793Z,buy,5.666e-05,17.0,0.00096322
BCD/BTC,1574063943304,2019-11-18T07:59:03.304Z,buy,5.666e-05,51.0,0.00288966
BCD/BTC,1574063989979,2019-11-18T07:59:49.979Z,buy,5.666e-05,25.0,0.0014165
BCD/BTC,1574063991158,2019-11-18T07:59:51.158Z,buy,5.666e-05,25.0,0.0014165
BCD/BTC,1574063992333,2019-11-18T07:59:52.333Z,buy,5.666e-05,25.0,0.0014165
BCD/BTC,1574064012134,2019-11-18T08:00:12.134Z,buy,5.666e-05,25.0,0.0014165
BCD/BTC,1574064028097,2019-11-18T08:00:28.097Z,sell,5.65e-05,3.0,0.0001695
BCD/BTC,1574064028466,2019-11-18T08:00:28.466Z,buy,5.65e-05,27.0,0.0015255
BCD/BTC,1574064136589,2019-11-18T08:02:16.589Z,buy,5.666e-05,47.0,0.00266302
BCD/BTC,1574064174132,2019-11-18T08:02:54.132Z,buy,5.669e-05,135.0,0.00765315
BCD/BTC,1574064181245,2019-11-18T08:03:01.245Z,buy,5.67e-05,135.0,0.0076545
BCD/BTC,1574064189459,2019-11-18T08:03:09.459Z,buy,5.67e-05,135.0,0.0076545
BCD/BTC,1574064195977,2019-11-18T08:03:15.977Z,buy,5.668e-05,70.0,0.0039676
BCD/BTC,1574064202487,2019-11-18T08:03:22.487Z,buy,5.67e-05,135.0,0.0076545
BCD/BTC,1574064209000,2019-11-18T08:03:29.000Z,buy,5.67e-05,135.0,0.0076545
BCD/BTC,1574064215515,2019-11-18T08:03:35.515Z,buy,5.67e-05,135.0,0.0076545
BCD/BTC,1574064230833,2019-11-18T08:03:50.833Z,buy,5.669e-05,119.0,0.00674611
BCD/BTC,1574064276882,2019-11-18T08:04:36.882Z,sell,5.65e-05,3.0,0.0001695
BCD/BTC,1574064277632,2019-11-18T08:04:37.632Z,sell,5.651e-05,214.0,0.01209314
BCD/BTC,1574064278596,2019-11-18T08:04:38.596Z,sell,5.651e-05,30.0,0.0016953
BCD/BTC,1574064280998,2019-11-18T08:04:40.998Z,sell,5.651e-05,306.0,0.01729206
BCD/BTC,1574064282132,2019-11-18T08:04:42.132Z,sell,5.651e-05,229.0,0.01294079
BCD/BTC,1574064286502,2019-11-18T08:04:46.502Z,sell,5.651e-05,64.0,0.00361664
BCD/BTC,1574064286502,2019-11-18T08:04:46.502Z,sell,5.651e-05,64.0,0.00361664
BCD/BTC,1574066061249,2019-11-18T08:34:21.249Z,sell,5.634e-05,109.0,0.00614106
BCD/BTC,1574066184509,2019-11-18T08:36:24.509Z,sell,5.653e-05,4.0,0.00022612
BCD/BTC,1574066186972,2019-11-18T08:36:26.972Z,sell,5.634e-05,2.0,0.00011268
BCD/BTC,1574066186972,2019-11-18T08:36:26.972Z,sell,5.633e-05,40.0,0.0022532
BCD/BTC,1574066186972,2019-11-18T08:36:26.972Z,sell,5.632e-05,57.0,0.00321024
BCD/BTC,1574066186972,2019-11-18T08:36:26.972Z,sell,5.631e-05,5.0,0.00028155
BCD/BTC,1574066207666,2019-11-18T08:36:47.666Z,buy,5.634e-05,13.0,0.00073242
BCD/BTC,1574066207759,2019-11-18T08:36:47.759Z,buy,5.634e-05,148.0,0.00833832
BCD/BTC,1574066208179,2019-11-18T08:36:48.179Z,buy,5.634e-05,60.0,0.0033804
BCD/BTC,1574066241781,2019-11-18T08:37:21.781Z,buy,5.634e-05,208.0,0.01171872
BCD/BTC,1574066248115,2019-11-18T08:37:28.115Z,buy,5.634e-05,112.0,0.00631008
BCD/BTC,1574066509860,2019-11-18T08:41:49.860Z,sell,5.634e-05,2.0,0.00011268
BCD/BTC,1574066525092,2019-11-18T08:42:05.092Z,sell,5.634e-05,54.0,0.00304236
BCD/BTC,1574066525092,2019-11-18T08:42:05.092Z,sell,5.633e-05,887.0,0.0499647099999999
BCD/BTC,1574066525092,2019-11-18T08:42:05.092Z,sell,5.632e-05,2386.0,0.13437952
BCD/BTC,1574066555641,2019-11-18T08:42:35.641Z,buy,5.645e-05,54.0,0.0030483
BCD/BTC,1574066589974,2019-11-18T08:43:09.974Z,buy,5.645e-05,42.0,0.0023709
BCD/BTC,1574066589974,2019-11-18T08:43:09.974Z,buy,5.649e-05,29.0,0.00163821
BCD/BTC,1574066641619,2019-11-18T08:44:01.619Z,sell,5.632e-05,171.0,0.00963072
BCD/BTC,1574066641619,2019-11-18T08:44:01.619Z,sell,5.631e-05,1694.0,0.09538914
BCD/BTC,1574066641619,2019-11-18T08:44:01.619Z,sell,5.63e-05,1223.0,0.0688549
BCD/BTC,1574066641650,2019-11-18T08:44:01.650Z,sell,5.627e-05,138.0,0.00776526
BCD/BTC,1574066643509,2019-11-18T08:44:03.509Z,buy,5.63e-05,239.0,0.0134557
BCD/BTC,1574066775791,2019-11-18T08:46:15.791Z,sell,5.623e-05,2.0,0.00011246
BCD/BTC,1574066775791,2019-11-18T08:46:15.791Z,sell,5.622e-05,413.0,0.02321886
BCD/BTC,1574066777376,2019-11-18T08:46:17.376Z,sell,5.622e-05,63.0,0.00354186
BCD/BTC,1574066777415,2019-11-18T08:46:17.415Z,sell,5.622e-05,6.0,0.00033732
BCD/BTC,1574066777415,2019-11-18T08:46:17.415Z,sell,5.621e-05,288.0,0.0161884799999999
BCD/BTC,1574066777695,2019-11-18T08:46:17.695Z,sell,5.621e-05,43.0,0.00241703
BCD/BTC,1574066777737,2019-11-18T08:46:17.737Z,buy,5.615e-05,26.0,0.0014599
BCD/BTC,1574066778215,2019-11-18T08:46:18.215Z,buy,5.615e-05,5.0,0.00028075
BCD/BTC,1574066779220,2019-11-18T08:46:19.220Z,buy,5.615e-05,221.0,0.01240915
BCD/BTC,1574067127268,2019-11-18T08:52:07.268Z,buy,5.634e-05,178.0,0.0100285199999999
BCD/BTC,1574067128078,2019-11-18T08:52:08.078Z,buy,5.634e-05,82.0,0.00461988
BCD/BTC,1574067134394,2019-11-18T08:52:14.394Z,buy,5.635e-05,178.0,0.0100303
BCD/BTC,1574067134491,2019-11-18T08:52:14.491Z,buy,5.635e-05,127.0,0.00715645
BCD/BTC,1574067140189,2019-11-18T08:52:20.189Z,buy,5.635e-05,84.0,0.0047334
BCD/BTC,1574067140384,2019-11-18T08:52:20.384Z,buy,5.635e-05,62.0,0.0034937
BCD/BTC,1574067141370,2019-11-18T08:52:21.370Z,buy,5.635e-05,45.0,0.00253575
BCD/BTC,1574067141458,2019-11-18T08:52:21.458Z,buy,5.635e-05,32.0,0.0018032
BCD/BTC,1574067144459,2019-11-18T08:52:24.459Z,buy,5.635e-05,30.0,0.0016905
BCD/BTC,1574067144542,2019-11-18T08:52:24.542Z,buy,5.635e-05,30.0,0.0016905
BCD/BTC,1574067860779,2019-11-18T09:04:20.779Z,sell,5.648e-05,11.0,0.00062128
BCD/BTC,1574067860779,2019-11-18T09:04:20.779Z,sell,5.648e-05,11.0,0.00062128
BCD/BTC,1574067898106,2019-11-18T09:04:58.106Z,sell,5.641e-05,22.0,0.00124102
BCD/BTC,1574068208234,2019-11-18T09:10:08.234Z,buy,5.657e-05,2.0,0.00011314
BCD/BTC,1574068208326,2019-11-18T09:10:08.326Z,sell,5.657e-05,98.0,0.00554386
BCD/BTC,1574068628650,2019-11-18T09:17:08.650Z,buy,5.657e-05,7.0,0.00039599
BCD/BTC,1574068628650,2019-11-18T09:17:08.650Z,buy,5.665e-05,5.0,0.00028325
BCD/BTC,1574068628650,2019-11-18T09:17:08.650Z,buy,5.666e-05,40.0,0.0022664
BCD/BTC,1574068628650,2019-11-18T09:17:08.650Z,buy,5.668e-05,191.0,0.01082588
BCD/BTC,1574068628650,2019-11-18T09:17:08.650Z,buy,5.669e-05,128.0,0.00725632
BCD/BTC,1574068628650,2019-11-18T09:17:08.650Z,buy,5.673e-05,3.0,0.00017019
BCD/BTC,1574068628650,2019-11-18T09:17:08.650Z,buy,5.678e-05,222.0,0.01260516
BCD/BTC,1574068628650,2019-11-18T09:17:08.650Z,buy,5.679e-05,189.0,0.01073331
BCD/BTC,1574068628650,2019-11-18T09:17:08.650Z,buy,5.68e-05,22.0,0.0012496
BCD/BTC,1574068628650,2019-11-18T09:17:08.650Z,buy,5.685e-05,28.0,0.0015918
BCD/BTC,1574068628650,2019-11-18T09:17:08.650Z,buy,5.686e-05,874.0,0.04969564
BCD/BTC,1574068628650,2019-11-18T09:17:08.650Z,buy,5.687e-05,1118.0,0.06358066
BCD/BTC,1574068632599,2019-11-18T09:17:12.599Z,buy,5.685e-05,188.0,0.0106878
BCD/BTC,1574068635385,2019-11-18T09:17:15.385Z,buy,5.683e-05,160.0,0.0090928
BCD/BTC,1574068669813,2019-11-18T09:17:49.813Z,buy,5.683e-05,1674.0,0.09513342
BCD/BTC,1574068672861,2019-11-18T09:17:52.861Z,buy,5.682e-05,104.0,0.00590928
BCD/BTC,1574068850524,2019-11-18T09:20:50.524Z,sell,5.687e-05,248.0,0.01410376
BCD/BTC,1574068852632,2019-11-18T09:20:52.632Z,buy,5.69e-05,105.0,0.0059745
BCD/BTC,1574068852632,2019-11-18T09:20:52.632Z,buy,5.691e-05,176.0,0.01001616
BCD/BTC,1574068852632,2019-11-18T09:20:52.632Z,buy,5.692e-05,2.0,0.00011384
BCD/BTC,1574068852632,2019-11-18T09:20:52.632Z,buy,5.699e-05,40.0,0.0022796
BCD/BTC,1574068852632,2019-11-18T09:20:52.632Z,buy,5.7e-05,5.0,0.000285
BCD/BTC,1574068852661,2019-11-18T09:20:52.661Z,sell,5.7e-05,4.0,0.000228
BCD/BTC,1574068854694,2019-11-18T09:20:54.694Z,sell,5.701e-05,548.0,0.03124148
BCD/BTC,1574068886808,2019-11-18T09:21:26.808Z,sell,5.67e-05,4.0,0.0002268
BCD/BTC,1574069421714,2019-11-18T09:30:21.714Z,buy,5.692e-05,4.0,0.00022768
BCD/BTC,1574069421714,2019-11-18T09:30:21.714Z,buy,5.693e-05,70.0,0.0039851
BCD/BTC,1574069421714,2019-11-18T09:30:21.714Z,buy,5.696e-05,160.0,0.0091136
BCD/BTC,1574069430142,2019-11-18T09:30:30.142Z,buy,5.695e-05,139.0,0.00791605
BCD/BTC,1574069442587,2019-11-18T09:30:42.587Z,sell,5.695e-05,225.0,0.01281375
BCD/BTC,1574069476159,2019-11-18T09:31:16.159Z,sell,5.695e-05,36.0,0.0020502
BCD/BTC,1574069573484,2019-11-18T09:32:53.484Z,sell,5.67e-05,352.0,0.0199584
BCD/BTC,1574069573484,2019-11-18T09:32:53.484Z,sell,5.669e-05,250.0,0.0141725
BCD/BTC,1574069574059,2019-11-18T09:32:54.059Z,buy,5.667e-05,897.0,0.05083299
BCD/BTC,1574069698493,2019-11-18T09:34:58.493Z,buy,5.682e-05,83.0,0.00471606
BCD/BTC,1574069698493,2019-11-18T09:34:58.493Z,buy,5.685e-05,352.0,0.0200112
BCD/BTC,1574069716331,2019-11-18T09:35:16.331Z,buy,5.694e-05,55.0,0.0031317
BCD/BTC,1574069720948,2019-11-18T09:35:20.948Z,buy,5.694e-05,94.0,0.00535236
BCD/BTC,1574070345210,2019-11-18T09:45:45.210Z,buy,5.694e-05,107.0,0.00609258
BCD/BTC,1574071001095,2019-11-18T09:56:41.095Z,buy,5.694e-05,93.0,0.00529542
BCD/BTC,1574071096935,2019-11-18T09:58:16.935Z,buy,5.694e-05,216.0,0.01229904
BCD/BTC,1574071096935,2019-11-18T09:58:16.935Z,buy,5.694e-05,216.0,0.01229904
BCD/BTC,1574071743344,2019-11-18T10:09:03.344Z,buy,5.694e-05,29.0,0.00165126
BCD/BTC,1574071962880,2019-11-18T10:12:42.880Z,buy,5.694e-05,846.0,0.04817124
BCD/BTC,1574071962880,2019-11-18T10:12:42.880Z,buy,5.695e-05,3244.0,0.1847458
BCD/BTC,1574072853018,2019-11-18T10:27:33.018Z,sell,5.694e-05,92.0,0.00523848
BCD/BTC,1574072854558,2019-11-18T10:27:34.558Z,buy,5.695e-05,2.0,0.0001139
BCD/BTC,1574072885774,2019-11-18T10:28:05.774Z,sell,5.699e-05,24.0,0.00136776
BCD/BTC,1574072902432,2019-11-18T10:28:22.432Z,buy,5.7e-05,18.0,0.001026
BCD/BTC,1574072902432,2019-11-18T10:28:22.432Z,buy,5.702e-05,10.0,0.0005702
BCD/BTC,1574073007575,2019-11-18T10:30:07.575Z,buy,5.702e-05,245.0,0.0139699
BCD/BTC,1574073010297,2019-11-18T10:30:10.297Z,buy,5.702e-05,229.0,0.01305758
BCD/BTC,1574073674849,2019-11-18T10:41:14.849Z,buy,5.708e-05,3.0,0.00017124
BCD/BTC,1574073675329,2019-11-18T10:41:15.329Z,sell,5.708e-05,9.0,0.00051372
BCD/BTC,1574073690692,2019-11-18T10:41:30.692Z,sell,5.71e-05,9.0,0.0005139
BCD/BTC,1574073692527,2019-11-18T10:41:32.527Z,sell,5.71e-05,9.0,0.0005139
BCD/BTC,1574073711769,2019-11-18T10:41:51.769Z,sell,5.712e-05,9.0,0.00051408
BCD/BTC,1574073713656,2019-11-18T10:41:53.656Z,sell,5.71e-05,9.0,0.0005139
BCD/BTC,1574073729203,2019-11-18T10:42:09.203Z,buy,5.714e-05,22.0,0.00125708
BCD/BTC,1574073729203,2019-11-18T10:42:09.203Z,buy,5.725e-05,28.0,0.001603
BCD/BTC,1574073729203,2019-11-18T10:42:09.203Z,buy,5.726e-05,15.0,0.0008589
BCD/BTC,1574073729203,2019-11-18T10:42:09.203Z,buy,5.728e-05,174.0,0.00996672
BCD/BTC,1574073729203,2019-11-18T10:42:09.203Z,buy,5.73e-05,5.0,0.0002864999999999
BCD/BTC,1574073777595,2019-11-18T10:42:57.595Z,sell,5.711e-05,10.0,0.0005711
BCD/BTC,1574073788562,2019-11-18T10:43:08.562Z,sell,5.712e-05,95.0,0.0054264
BCD/BTC,1574073789134,2019-11-18T10:43:09.134Z,sell,5.712e-05,9.0,0.00051408
BCD/BTC,1574073833235,2019-11-18T10:43:53.235Z,sell,5.708e-05,38.0,0.00216904
BCD/BTC,1574073936234,2019-11-18T10:45:36.234Z,sell,5.708e-05,34.0,0.00194072
BCD/BTC,1574073976970,2019-11-18T10:46:16.970Z,buy,5.716e-05,1.0,5.716e-05
BCD/BTC,1574074164109,2019-11-18T10:49:24.109Z,sell,5.716e-05,9.0,0.00051444
BCD/BTC,1574074194612,2019-11-18T10:49:54.612Z,sell,5.702e-05,70.0,0.0039914
BCD/BTC,1574074194612,2019-11-18T10:49:54.612Z,sell,5.698e-05,293.0,0.01669514
BCD/BTC,1574074194612,2019-11-18T10:49:54.612Z,sell,5.697e-05,143.0,0.00814671
BCD/BTC,1574074194612,2019-11-18T10:49:54.612Z,sell,5.692e-05,2.0,0.00011384
BCD/BTC,1574074194612,2019-11-18T10:49:54.612Z,sell,5.691e-05,884.0,0.05030844
BCD/BTC,1574074194612,2019-11-18T10:49:54.612Z,sell,5.69e-05,1950.0,0.110955
BCD/BTC,1574074194612,2019-11-18T10:49:54.612Z,sell,5.685e-05,28.0,0.0015918
BCD/BTC,1574074194612,2019-11-18T10:49:54.612Z,sell,5.681e-05,191.0,0.01085071
BCD/BTC,1574074194612,2019-11-18T10:49:54.612Z,sell,5.68e-05,22.0,0.0012496
BCD/BTC,1574074194612,2019-11-18T10:49:54.612Z,sell,5.679e-05,13.0,0.00073827
BCD/BTC,1574074194612,2019-11-18T10:49:54.612Z,sell,5.673e-05,3.0,0.00017019
BCD/BTC,1574074194612,2019-11-18T10:49:54.612Z,sell,5.671e-05,140.0,0.0079394
BCD/BTC,1574074194612,2019-11-18T10:49:54.612Z,sell,5.67e-05,150.0,0.008505
BCD/BTC,1574074194612,2019-11-18T10:49:54.612Z,sell,5.668e-05,63.0,0.00357084
BCD/BTC,1574074194612,2019-11-18T10:49:54.612Z,sell,5.666e-05,233.0,0.01320178
BCD/BTC,1574074194612,2019-11-18T10:49:54.612Z,sell,5.665e-05,5.0,0.00028325
BCD/BTC,1574074194612,2019-11-18T10:49:54.612Z,sell,5.662e-05,25.0,0.0014154999999999
BCD/BTC,1574074194612,2019-11-18T10:49:54.612Z,sell,5.658e-05,595.0,0.0336650999999999
BCD/BTC,1574074194612,2019-11-18T10:49:54.612Z,sell,5.657e-05,2.0,0.00011314
BCD/BTC,1574074194612,2019-11-18T10:49:54.612Z,sell,5.647e-05,72.0,0.00406584
BCD/BTC,1574074194612,2019-11-18T10:49:54.612Z,sell,5.645e-05,28.0,0.0015806
BCD/BTC,1574074194612,2019-11-18T10:49:54.612Z,sell,5.638e-05,359.0,0.02024042
BCD/BTC,1574074196315,2019-11-18T10:49:56.315Z,sell,5.693e-05,22.0,0.00125246
BCD/BTC,1574074196495,2019-11-18T10:49:56.495Z,sell,5.693e-05,28.0,0.00159404
BCD/BTC,1574074197056,2019-11-18T10:49:57.056Z,sell,5.693e-05,2.0,0.00011386
BCD/BTC,1574074204280,2019-11-18T10:50:04.280Z,buy,5.69e-05,66.0,0.0037554
BCD/BTC,1574074207414,2019-11-18T10:50:07.414Z,buy,5.686e-05,62.0,0.00352532
BCD/BTC,1574074207414,2019-11-18T10:50:07.414Z,buy,5.687e-05,3.0,0.00017061
BCD/BTC,1574074207414,2019-11-18T10:50:07.414Z,buy,5.688e-05,64.0,0.00364032
BCD/BTC,1574074207697,2019-11-18T10:50:07.697Z,buy,5.697e-05,25.0,0.00142425
BCD/BTC,1574074210905,2019-11-18T10:50:10.905Z,buy,5.693e-05,140.0,0.0079702
BCD/BTC,1574074210905,2019-11-18T10:50:10.905Z,buy,5.697e-05,744.0,0.04238568
BCD/BTC,1574074279833,2019-11-18T10:51:19.833Z,buy,5.697e-05,18.0,0.00102546
BCD/BTC,1574074339791,2019-11-18T10:52:19.791Z,buy,5.697e-05,135.0,0.0076909499999999
BCD/BTC,1574074346259,2019-11-18T10:52:26.259Z,buy,5.695e-05,135.0,0.00768825
BCD/BTC,1574074364471,2019-11-18T10:52:44.471Z,buy,5.696e-05,135.0,0.0076895999999999
BCD/BTC,1574074370952,2019-11-18T10:52:50.952Z,buy,5.695e-05,62.0,0.0035309
BCD/BTC,1574074560351,2019-11-18T10:56:00.351Z,buy,5.698e-05,101.0,0.00575498
BCD/BTC,1574074560733,2019-11-18T10:56:00.733Z,buy,5.698e-05,25.0,0.0014245
BCD/BTC,1574074561873,2019-11-18T10:56:01.873Z,buy,5.698e-05,25.0,0.0014245
BCD/BTC,1574074563052,2019-11-18T10:56:03.052Z,buy,5.698e-05,25.0,0.0014245
BCD/BTC,1574074623731,2019-11-18T10:57:03.731Z,buy,5.697e-05,89.0,0.00507033
BCD/BTC,1574074623731,2019-11-18T10:57:03.731Z,buy,5.697e-05,89.0,0.00507033
BCD/BTC,1574074790061,2019-11-18T10:59:50.061Z,buy,5.698e-05,25.0,0.0014245
BCD/BTC,1574074791263,2019-11-18T10:59:51.263Z,buy,5.698e-05,25.0,0.0014245
BCD/BTC,1574074792467,2019-11-18T10:59:52.467Z,buy,5.698e-05,25.0,0.0014245
BCD/BTC,1574074793634,2019-11-18T10:59:53.634Z,buy,5.698e-05,25.0,0.0014245
BCD/BTC,1574074794711,2019-11-18T10:59:54.711Z,buy,5.698e-05,25.0,0.0014245
BCD/BTC,1574074986049,2019-11-18T11:03:06.049Z,buy,5.692e-05,23.0,0.00130916
BCD/BTC,1574074986049,2019-11-18T11:03:06.049Z,buy,5.699e-05,2.0,0.00011398
BCD/BTC,1574074986474,2019-11-18T11:03:06.474Z,buy,5.699e-05,38.0,0.00216562
BCD/BTC,1574074994404,2019-11-18T11:03:14.404Z,buy,5.7e-05,5.0,0.000285
BCD/BTC,1574074994404,2019-11-18T11:03:14.404Z,buy,5.702e-05,20.0,0.0011404
BCD/BTC,1574075006946,2019-11-18T11:03:26.946Z,buy,5.702e-05,135.0,0.0076977
BCD/BTC,1574075009598,2019-11-18T11:03:29.598Z,buy,5.702e-05,25.0,0.0014255
BCD/BTC,1574075022907,2019-11-18T11:03:42.907Z,buy,5.702e-05,20.0,0.0011404
BCD/BTC,1574075022907,2019-11-18T11:03:42.907Z,buy,5.707e-05,5.0,0.00028535
BCD/BTC,1574075423647,2019-11-18T11:10:23.647Z,buy,5.689e-05,79.0,0.00449431
BCD/BTC,1574075491758,2019-11-18T11:11:31.758Z,buy,5.689e-05,25.0,0.00142225
BCD/BTC,1574075492874,2019-11-18T11:11:32.874Z,buy,5.689e-05,25.0,0.00142225
BCD/BTC,1574075494474,2019-11-18T11:11:34.474Z,buy,5.689e-05,25.0,0.00142225
BCD/BTC,1574075495591,2019-11-18T11:11:35.591Z,buy,5.689e-05,25.0,0.00142225
BCD/BTC,1574075496643,2019-11-18T11:11:36.643Z,buy,5.689e-05,7.0,0.00039823
BCD/BTC,1574075496643,2019-11-18T11:11:36.643Z,buy,5.693e-05,18.0,0.00102474
BCD/BTC,1574075498520,2019-11-18T11:11:38.520Z,buy,5.693e-05,25.0,0.00142325
BCD/BTC,1574075499668,2019-11-18T11:11:39.668Z,buy,5.693e-05,20.0,0.0011386
BCD/BTC,1574075499668,2019-11-18T11:11:39.668Z,buy,5.708e-05,3.0,0.00017124
BCD/BTC,1574075499668,2019-11-18T11:11:39.668Z,buy,5.714e-05,2.0,0.00011428
BCD/BTC,1574075686496,2019-11-18T11:14:46.496Z,buy,5.714e-05,20.0,0.0011428
BCD/BTC,1574075686496,2019-11-18T11:14:46.496Z,buy,5.725e-05,5.0,0.00028625
BCD/BTC,1574075946440,2019-11-18T11:19:06.440Z,buy,5.724e-05,25.0,0.001431
BCD/BTC,1574075946907,2019-11-18T11:19:06.907Z,buy,5.724e-05,97.0,0.00555228
BCD/BTC,1574075947677,2019-11-18T11:19:07.677Z,buy,5.725e-05,25.0,0.00143125
BCD/BTC,1574075948872,2019-11-18T11:19:08.872Z,buy,5.724e-05,25.0,0.001431
BCD/BTC,1574075950014,2019-11-18T11:19:10.014Z,buy,5.724e-05,25.0,0.001431
BCD/BTC,1574075951199,2019-11-18T11:19:11.199Z,buy,5.725e-05,25.0,0.00143125
BCD/BTC,1574075952374,2019-11-18T11:19:12.374Z,buy,5.725e-05,25.0,0.00143125
BCD/BTC,1574075953487,2019-11-18T11:19:13.487Z,buy,5.725e-05,135.0,0.00772875
BCD/BTC,1574075953504,2019-11-18T11:19:13.504Z,buy,5.725e-05,25.0,0.00143125
BCD/BTC,1574075955299,2019-11-18T11:19:15.299Z,buy,5.725e-05,25.0,0.00143125
BCD/BTC,1574075956634,2019-11-18T11:19:16.634Z,buy,5.725e-05,25.0,0.00143125
BCD/BTC,1574075957766,2019-11-18T11:19:17.766Z,buy,5.725e-05,25.0,0.00143125
BCD/BTC,1574075958758,2019-11-18T11:19:18.758Z,buy,5.725e-05,25.0,0.00143125
BCD/BTC,1574075959975,2019-11-18T11:19:19.975Z,buy,5.725e-05,135.0,0.00772875
BCD/BTC,1574075960023,2019-11-18T11:19:20.023Z,buy,5.725e-05,25.0,0.00143125
BCD/BTC,1574075961095,2019-11-18T11:19:21.095Z,buy,5.725e-05,25.0,0.00143125
BCD/BTC,1574075962036,2019-11-18T11:19:22.036Z,buy,5.725e-05,25.0,0.00143125
BCD/BTC,1574075963209,2019-11-18T11:19:23.209Z,buy,5.725e-05,25.0,0.00143125
BCD/BTC,1574075964345,2019-11-18T11:19:24.345Z,buy,5.725e-05,25.0,0.00143125
BCD/BTC,1574075965408,2019-11-18T11:19:25.408Z,buy,5.725e-05,25.0,0.00143125
BCD/BTC,1574075966487,2019-11-18T11:19:26.487Z,buy,5.725e-05,31.0,0.00177475
BCD/BTC,1574075967040,2019-11-18T11:19:27.040Z,buy,5.725e-05,6.0,0.0003435
BCD/BTC,1574075967040,2019-11-18T11:19:27.040Z,buy,5.726e-05,15.0,0.0008589
BCD/BTC,1574075967040,2019-11-18T11:19:27.040Z,buy,5.729e-05,4.0,0.00022916
BCD/BTC,1574076283922,2019-11-18T11:24:43.922Z,sell,5.7e-05,20.0,0.00114
BCD/BTC,1574076449792,2019-11-18T11:27:29.792Z,sell,5.701e-05,45.0,0.00256545
BCD/BTC,1574077020438,2019-11-18T11:37:00.438Z,buy,5.728e-05,65.0,0.0037232
BCD/BTC,1574077026940,2019-11-18T11:37:06.940Z,buy,5.729e-05,135.0,0.00773415
BCD/BTC,1574077033554,2019-11-18T11:37:13.554Z,buy,5.729e-05,135.0,0.00773415
BCD/BTC,1574077040174,2019-11-18T11:37:20.174Z,buy,5.729e-05,135.0,0.00773415
BCD/BTC,1574077048021,2019-11-18T11:37:28.021Z,buy,5.729e-05,30.0,0.0017187
BCD/BTC,1574077367470,2019-11-18T11:42:47.470Z,buy,5.727e-05,1.0,5.727e-05
BCD/BTC,1574077700436,2019-11-18T11:48:20.436Z,sell,5.705e-05,350.0,0.0199675
BCD/BTC,1574077700436,2019-11-18T11:48:20.436Z,sell,5.702e-05,49.0,0.00279398
BCD/BTC,1574077728574,2019-11-18T11:48:48.574Z,sell,5.702e-05,163.0,0.00929426
BCD/BTC,1574078110536,2019-11-18T11:55:10.536Z,sell,5.702e-05,12.0,0.00068424
BCD/BTC,1574078116189,2019-11-18T11:55:16.189Z,sell,5.702e-05,12.0,0.00068424
BCD/BTC,1574078117349,2019-11-18T11:55:17.349Z,sell,5.701e-05,9.0,0.00051309
BCD/BTC,1574078119903,2019-11-18T11:55:19.903Z,sell,5.701e-05,92.0,0.00524492
BCD/BTC,1574078124226,2019-11-18T11:55:24.226Z,sell,5.701e-05,92.0,0.00524492
BCD/BTC,1574078125289,2019-11-18T11:55:25.289Z,sell,5.701e-05,92.0,0.00524492
BCD/BTC,1574078127077,2019-11-18T11:55:27.077Z,sell,5.701e-05,92.0,0.00524492
BCD/BTC,1574078128053,2019-11-18T11:55:28.053Z,sell,5.701e-05,92.0,0.00524492
BCD/BTC,1574078128372,2019-11-18T11:55:28.372Z,sell,5.701e-05,92.0,0.00524492
BCD/BTC,1574078164297,2019-11-18T11:56:04.297Z,sell,5.701e-05,144.0,0.00820944
BCD/BTC,1574078165267,2019-11-18T11:56:05.267Z,sell,5.701e-05,65.0,0.00370565
BCD/BTC,1574078165552,2019-11-18T11:56:05.552Z,sell,5.701e-05,69.0,0.00393369
BCD/BTC,1574078166274,2019-11-18T11:56:06.274Z,sell,5.701e-05,85.0,0.00484585
BCD/BTC,1574078167005,2019-11-18T11:56:07.005Z,sell,5.701e-05,154.0,0.0087795399999999
BCD/BTC,1574078167207,2019-11-18T11:56:07.207Z,sell,5.701e-05,143.0,0.00815243
BCD/BTC,1574078169061,2019-11-18T11:56:09.061Z,sell,5.701e-05,143.0,0.00815243
BCD/BTC,1574078169206,2019-11-18T11:56:09.206Z,sell,5.701e-05,154.0,0.0087795399999999
BCD/BTC,1574078179775,2019-11-18T11:56:19.775Z,sell,5.701e-05,60.0,0.0034205999999999
BCD/BTC,1574078179775,2019-11-18T11:56:19.775Z,sell,5.701e-05,60.0,0.0034205999999999
BCD/BTC,1574078404335,2019-11-18T12:00:04.335Z,buy,5.703e-05,3.0,0.00017109
BCD/BTC,1574078404335,2019-11-18T12:00:04.335Z,buy,5.704e-05,320.0,0.0182528
BCD/BTC,1574078530140,2019-11-18T12:02:10.140Z,buy,5.706e-05,107.0,0.00610542
BCD/BTC,1574078534775,2019-11-18T12:02:14.775Z,buy,5.71e-05,26.0,0.0014846
BCD/BTC,1574078834959,2019-11-18T12:07:14.959Z,sell,5.704e-05,18.0,0.00102672
BCD/BTC,1574078834959,2019-11-18T12:07:14.959Z,sell,5.701e-05,499.0,0.02844799
BCD/BTC,1574078836631,2019-11-18T12:07:16.631Z,buy,5.704e-05,61.0,0.00347944
BCD/BTC,1574078862098,2019-11-18T12:07:42.098Z,buy,5.703e-05,25.0,0.00142575
BCD/BTC,1574078863245,2019-11-18T12:07:43.245Z,buy,5.703e-05,25.0,0.00142575
BCD/BTC,1574078865072,2019-11-18T12:07:45.072Z,buy,5.703e-05,25.0,0.00142575
BCD/BTC,1574078865483,2019-11-18T12:07:45.483Z,buy,5.703e-05,9.0,0.00051327
BCD/BTC,1574078866048,2019-11-18T12:07:46.048Z,buy,5.703e-05,25.0,0.00142575
BCD/BTC,1574078867229,2019-11-18T12:07:47.229Z,buy,5.704e-05,25.0,0.001426
BCD/BTC,1574078868371,2019-11-18T12:07:48.371Z,buy,5.703e-05,25.0,0.00142575
BCD/BTC,1574078870321,2019-11-18T12:07:50.321Z,buy,5.703e-05,25.0,0.00142575
BCD/BTC,1574078871890,2019-11-18T12:07:51.890Z,buy,5.703e-05,25.0,0.00142575
BCD/BTC,1574078873540,2019-11-18T12:07:53.540Z,buy,5.703e-05,25.0,0.00142575
BCD/BTC,1574078875630,2019-11-18T12:07:55.630Z,buy,5.703e-05,25.0,0.00142575
BCD/BTC,1574078926000,2019-11-18T12:08:46.000Z,sell,5.701e-05,396.0,0.02257596
BCD/BTC,1574078930158,2019-11-18T12:08:50.158Z,sell,5.701e-05,200.0,0.0114019999999999
BCD/BTC,1574078930158,2019-11-18T12:08:50.158Z,sell,5.692e-05,2.0,0.00011384
BCD/BTC,1574078930158,2019-11-18T12:08:50.158Z,sell,5.686e-05,77.0,0.00437822
BCD/BTC,1574078930158,2019-11-18T12:08:50.158Z,sell,5.685e-05,28.0,0.0015918
BCD/BTC,1574078931961,2019-11-18T12:08:51.961Z,buy,5.683e-05,45.0,0.00255735
BCD/BTC,1574078932028,2019-11-18T12:08:52.028Z,buy,5.683e-05,111.0,0.00630813
BCD/BTC,1574078932082,2019-11-18T12:08:52.082Z,buy,5.709e-05,25.0,0.00142725
BCD/BTC,1574078939356,2019-11-18T12:08:59.356Z,buy,5.709e-05,48.0,0.00274032
BCD/BTC,1574078946160,2019-11-18T12:09:06.160Z,buy,5.708e-05,9.0,0.00051372
BCD/BTC,1574079131899,2019-11-18T12:12:11.899Z,sell,5.68e-05,22.0,0.0012496
BCD/BTC,1574079131899,2019-11-18T12:12:11.899Z,sell,5.679e-05,13.0,0.00073827
BCD/BTC,1574079136078,2019-11-18T12:12:16.078Z,buy,5.677e-05,25.0,0.00141925
BCD/BTC,1574079137078,2019-11-18T12:12:17.078Z,buy,5.677e-05,25.0,0.00141925
BCD/BTC,1574079138116,2019-11-18T12:12:18.116Z,buy,5.677e-05,25.0,0.00141925
BCD/BTC,1574079139349,2019-11-18T12:12:19.349Z,buy,5.677e-05,25.0,0.00141925
BCD/BTC,1574079139454,2019-11-18T12:12:19.454Z,buy,5.677e-05,135.0,0.00766395
BCD/BTC,1574079140370,2019-11-18T12:12:20.370Z,buy,5.677e-05,25.0,0.00141925
BCD/BTC,1574079141538,2019-11-18T12:12:21.538Z,buy,5.677e-05,25.0,0.00141925
BCD/BTC,1574079142584,2019-11-18T12:12:22.584Z,buy,5.677e-05,25.0,0.00141925
BCD/BTC,1574079143556,2019-11-18T12:12:23.556Z,buy,5.677e-05,21.0,0.00119217
BCD/BTC,1574079143556,2019-11-18T12:12:23.556Z,buy,5.68e-05,4.0,0.0002272
BCD/BTC,1574079144763,2019-11-18T12:12:24.763Z,buy,5.68e-05,25.0,0.00142
BCD/BTC,1574079145941,2019-11-18T12:12:25.941Z,buy,5.68e-05,25.0,0.00142
BCD/BTC,1574079147042,2019-11-18T12:12:27.042Z,buy,5.68e-05,25.0,0.00142
BCD/BTC,1574079148057,2019-11-18T12:12:28.057Z,buy,5.68e-05,25.0,0.00142
BCD/BTC,1574079148863,2019-11-18T12:12:28.863Z,buy,5.68e-05,135.0,0.0076679999999999
BCD/BTC,1574079149156,2019-11-18T12:12:29.156Z,buy,5.68e-05,25.0,0.00142
BCD/BTC,1574079150440,2019-11-18T12:12:30.440Z,buy,5.68e-05,25.0,0.00142
BCD/BTC,1574079153712,2019-11-18T12:12:33.712Z,buy,5.68e-05,25.0,0.00142
BCD/BTC,1574079154822,2019-11-18T12:12:34.822Z,buy,5.68e-05,25.0,0.00142
BCD/BTC,1574079155409,2019-11-18T12:12:35.409Z,buy,5.68e-05,28.0,0.0015904
BCD/BTC,1574079155917,2019-11-18T12:12:35.917Z,buy,5.695e-05,25.0,0.00142375
BCD/BTC,1574079318492,2019-11-18T12:15:18.492Z,buy,5.682e-05,200.0,0.011364
BCD/BTC,1574079327785,2019-11-18T12:15:27.785Z,buy,5.674e-05,135.0,0.0076599
BCD/BTC,1574079328685,2019-11-18T12:15:28.685Z,buy,5.674e-05,25.0,0.0014185
BCD/BTC,1574079329716,2019-11-18T12:15:29.716Z,buy,5.674e-05,25.0,0.0014185
BCD/BTC,1574079329824,2019-11-18T12:15:29.824Z,buy,5.674e-05,153.0,0.00868122
BCD/BTC,1574079331068,2019-11-18T12:15:31.068Z,buy,5.674e-05,25.0,0.0014185
BCD/BTC,1574079332126,2019-11-18T12:15:32.126Z,buy,5.674e-05,25.0,0.0014185
BCD/BTC,1574079414662,2019-11-18T12:16:54.662Z,sell,5.673e-05,10.0,0.0005673
BCD/BTC,1574079414662,2019-11-18T12:16:54.662Z,sell,5.67e-05,39.0,0.0022113
BCD/BTC,1574079499196,2019-11-18T12:18:19.196Z,buy,5.673e-05,135.0,0.00765855
BCD/BTC,1574079500833,2019-11-18T12:18:20.833Z,buy,5.673e-05,25.0,0.00141825
BCD/BTC,1574079501780,2019-11-18T12:18:21.780Z,buy,5.673e-05,25.0,0.00141825
BCD/BTC,1574079502861,2019-11-18T12:18:22.861Z,buy,5.673e-05,25.0,0.00141825
BCD/BTC,1574079503193,2019-11-18T12:18:23.193Z,sell,5.67e-05,162.0,0.0091854
BCD/BTC,1574079503247,2019-11-18T12:18:23.247Z,buy,5.667e-05,10.0,0.0005667
BCD/BTC,1574079503345,2019-11-18T12:18:23.345Z,buy,5.667e-05,10.0,0.0005667
BCD/BTC,1574079503837,2019-11-18T12:18:23.837Z,buy,5.667e-05,25.0,0.00141675
BCD/BTC,1574079505636,2019-11-18T12:18:25.636Z,buy,5.667e-05,25.0,0.00141675
BCD/BTC,1574079505824,2019-11-18T12:18:25.824Z,buy,5.667e-05,135.0,0.00765045
BCD/BTC,1574079506585,2019-11-18T12:18:26.585Z,buy,5.667e-05,20.0,0.0011334
BCD/BTC,1574079506585,2019-11-18T12:18:26.585Z,buy,5.673e-05,5.0,0.00028365
BCD/BTC,1574079507732,2019-11-18T12:18:27.732Z,buy,5.673e-05,25.0,0.00141825
BCD/BTC,1574079508775,2019-11-18T12:18:28.775Z,buy,5.673e-05,25.0,0.00141825
BCD/BTC,1574079510457,2019-11-18T12:18:30.457Z,buy,5.673e-05,25.0,0.00141825
BCD/BTC,1574079511445,2019-11-18T12:18:31.445Z,buy,5.673e-05,25.0,0.00141825
BCD/BTC,1574079512455,2019-11-18T12:18:32.455Z,buy,5.673e-05,25.0,0.00141825
BCD/BTC,1574079512479,2019-11-18T12:18:32.479Z,buy,5.673e-05,57.0,0.00323361
BCD/BTC,1574079515731,2019-11-18T12:18:35.731Z,buy,5.672e-05,25.0,0.001418
BCD/BTC,1574079516223,2019-11-18T12:18:36.223Z,buy,5.672e-05,56.0,0.00317632
BCD/BTC,1574079516223,2019-11-18T12:18:36.223Z,buy,5.673e-05,1444.0,0.08191812
BCD/BTC,1574079516707,2019-11-18T12:18:36.707Z,buy,5.673e-05,25.0,0.00141825
BCD/BTC,1574079524367,2019-11-18T12:18:44.367Z,buy,5.673e-05,135.0,0.00765855
BCD/BTC,1574079530912,2019-11-18T12:18:50.912Z,buy,5.673e-05,29.0,0.00164517
BCD/BTC,1574079566246,2019-11-18T12:19:26.246Z,buy,5.683e-05,88.0,0.00500104
BCD/BTC,1574079567177,2019-11-18T12:19:27.177Z,buy,5.684e-05,25.0,0.001421
BCD/BTC,1574079567615,2019-11-18T12:19:27.615Z,buy,5.684e-05,337.0,0.0191550799999999
BCD/BTC,1574079570941,2019-11-18T12:19:30.941Z,buy,5.684e-05,970.0,0.0551348
BCD/BTC,1574079579082,2019-11-18T12:19:39.082Z,buy,5.68e-05,953.0,0.0541303999999999
BCD/BTC,1574079637682,2019-11-18T12:20:37.682Z,buy,5.694e-05,8.0,0.00045552
BCD/BTC,1574079637682,2019-11-18T12:20:37.682Z,buy,5.697e-05,875.0,0.04984875
BCD/BTC,1574079637682,2019-11-18T12:20:37.682Z,buy,5.698e-05,370.0,0.0210826
BCD/BTC,1574079648620,2019-11-18T12:20:48.620Z,buy,5.698e-05,483.0,0.02752134
BCD/BTC,1574080611240,2019-11-18T12:36:51.240Z,sell,5.687e-05,41.0,0.00233167
BCD/BTC,1574080645386,2019-11-18T12:37:25.386Z,sell,5.698e-05,95.0,0.0054131
BCD/BTC,1574080645427,2019-11-18T12:37:25.427Z,sell,5.698e-05,95.0,0.0054131
BCD/BTC,1574080645428,2019-11-18T12:37:25.428Z,sell,5.698e-05,60.0,0.0034188
BCD/BTC,1574080675424,2019-11-18T12:37:55.424Z,sell,5.691e-05,310.0,0.0176421
BCD/BTC,1574080752114,2019-11-18T12:39:12.114Z,buy,5.708e-05,3.0,0.00017124
BCD/BTC,1574080752114,2019-11-18T12:39:12.114Z,buy,5.713e-05,31.0,0.0017710299999999
BCD/BTC,1574080911610,2019-11-18T12:41:51.610Z,buy,5.709e-05,259.0,0.0147863099999999
BCD/BTC,1574081260749,2019-11-18T12:47:40.749Z,buy,5.702e-05,73.0,0.00416246
BCD/BTC,1574081264367,2019-11-18T12:47:44.367Z,sell,5.678e-05,107.0,0.00607546
BCD/BTC,1574081264373,2019-11-18T12:47:44.373Z,sell,5.678e-05,70.0,0.0039746
BCD/BTC,1574081264373,2019-11-18T12:47:44.373Z,sell,5.673e-05,3.0,0.00017019
BCD/BTC,1574081264373,2019-11-18T12:47:44.373Z,sell,5.678e-05,70.0,0.0039746
BCD/BTC,1574081264373,2019-11-18T12:47:44.373Z,sell,5.673e-05,3.0,0.00017019
BCD/BTC,1574082106566,2019-11-18T13:01:46.566Z,buy,5.701e-05,108.0,0.00615708
BCD/BTC,1574082312166,2019-11-18T13:05:12.166Z,buy,5.702e-05,92.0,0.00524584
BCD/BTC,1574083654732,2019-11-18T13:27:34.732Z,sell,5.683e-05,138.0,0.00784254
BCD/BTC,1574083667336,2019-11-18T13:27:47.336Z,sell,5.684e-05,113.0,0.0064229199999999
BCD/BTC,1574083667339,2019-11-18T13:27:47.339Z,sell,5.684e-05,100.0,0.005684
BCD/BTC,1574083667339,2019-11-18T13:27:47.339Z,sell,5.683e-05,3.0,0.00017049
BCD/BTC,1574083667358,2019-11-18T13:27:47.358Z,sell,5.683e-05,210.0,0.0119343
BCD/BTC,1574083667428,2019-11-18T13:27:47.428Z,sell,5.68e-05,69.0,0.0039192
BCD/BTC,1574083667428,2019-11-18T13:27:47.428Z,sell,5.672e-05,5.0,0.0002836
BCD/BTC,1574083667435,2019-11-18T13:27:47.435Z,sell,5.672e-05,137.0,0.00777064
BCD/BTC,1574083667435,2019-11-18T13:27:47.435Z,sell,5.671e-05,148.0,0.0083930799999999
BCD/BTC,1574083667437,2019-11-18T13:27:47.437Z,sell,5.671e-05,31.0,0.00175801
BCD/BTC,1574083667437,2019-11-18T13:27:47.437Z,sell,5.67e-05,4.0,0.0002268
BCD/BTC,1574083667564,2019-11-18T13:27:47.564Z,sell,5.668e-05,137.0,0.00776516
BCD/BTC,1574083667751,2019-11-18T13:27:47.751Z,sell,5.668e-05,2.0,0.00011336
BCD/BTC,1574083668139,2019-11-18T13:27:48.139Z,sell,5.671e-05,93.0,0.00527403
BCD/BTC,1574083668971,2019-11-18T13:27:48.971Z,buy,5.677e-05,17.0,0.00096509
BCD/BTC,1574083669267,2019-11-18T13:27:49.267Z,buy,5.677e-05,17.0,0.00096509
BCD/BTC,1574083682805,2019-11-18T13:28:02.805Z,buy,5.677e-05,190.0,0.0107863
BCD/BTC,1574083688137,2019-11-18T13:28:08.137Z,sell,5.669e-05,28.0,0.00158732
BCD/BTC,1574083688453,2019-11-18T13:28:08.453Z,sell,5.669e-05,68.0,0.00385492
BCD/BTC,1574083688453,2019-11-18T13:28:08.453Z,sell,5.668e-05,16.0,0.00090688
BCD/BTC,1574083689442,2019-11-18T13:28:09.442Z,sell,5.669e-05,49.0,0.00277781
BCD/BTC,1574083745384,2019-11-18T13:29:05.384Z,sell,5.669e-05,63.0,0.00357147
BCD/BTC,1574083745384,2019-11-18T13:29:05.384Z,sell,5.668e-05,44.0,0.00249392
BCD/BTC,1574083745384,2019-11-18T13:29:05.384Z,sell,5.667e-05,56.0,0.00317352
BCD/BTC,1574083745384,2019-11-18T13:29:05.384Z,sell,5.666e-05,40.0,0.0022664
BCD/BTC,1574083745384,2019-11-18T13:29:05.384Z,sell,5.665e-05,5.0,0.00028325
BCD/BTC,1574083745384,2019-11-18T13:29:05.384Z,sell,5.658e-05,133.0,0.00752514
BCD/BTC,1574083745384,2019-11-18T13:29:05.384Z,sell,5.657e-05,2.0,0.00011314
BCD/BTC,1574083745384,2019-11-18T13:29:05.384Z,sell,5.655e-05,141.0,0.00797355
BCD/BTC,1574083745384,2019-11-18T13:29:05.384Z,sell,5.652e-05,13.0,0.00073476
BCD/BTC,1574083745917,2019-11-18T13:29:05.917Z,sell,5.653e-05,99.0,0.00559647
BCD/BTC,1574083746105,2019-11-18T13:29:06.105Z,sell,5.653e-05,210.0,0.0118713
BCD/BTC,1574083747347,2019-11-18T13:29:07.347Z,buy,5.662e-05,25.0,0.0014154999999999
BCD/BTC,1574083748645,2019-11-18T13:29:08.645Z,sell,5.652e-05,18.0,0.00101736
BCD/BTC,1574083751704,2019-11-18T13:29:11.704Z,buy,5.685e-05,3.0,0.00017055
BCD/BTC,1574083752586,2019-11-18T13:29:12.586Z,sell,5.653e-05,28.0,0.00158284
BCD/BTC,1574083752586,2019-11-18T13:29:12.586Z,sell,5.652e-05,34.0,0.00192168
BCD/BTC,1574083752586,2019-11-18T13:29:12.586Z,sell,5.651e-05,406.0,0.02294306
BCD/BTC,1574083753086,2019-11-18T13:29:13.086Z,buy,5.684e-05,142.0,0.00807128
BCD/BTC,1574083753510,2019-11-18T13:29:13.510Z,buy,5.683e-05,34.0,0.00193222
BCD/BTC,1574083753804,2019-11-18T13:29:13.804Z,sell,5.652e-05,26.0,0.00146952
BCD/BTC,1574083753804,2019-11-18T13:29:13.804Z,sell,5.651e-05,442.0,0.02497742
BCD/BTC,1574083754281,2019-11-18T13:29:14.281Z,sell,5.653e-05,64.0,0.00361792
BCD/BTC,1574083754281,2019-11-18T13:29:14.281Z,sell,5.652e-05,5.0,0.0002826
BCD/BTC,1574083756319,2019-11-18T13:29:16.319Z,buy,5.681e-05,253.0,0.01437293
BCD/BTC,1574083761541,2019-11-18T13:29:21.541Z,buy,5.677e-05,141.0,0.00800457
BCD/BTC,1574083761541,2019-11-18T13:29:21.541Z,buy,5.681e-05,115.0,0.00653315
BCD/BTC,1574083763757,2019-11-18T13:29:23.757Z,buy,5.682e-05,31.0,0.00176142
BCD/BTC,1574083764685,2019-11-18T13:29:24.685Z,buy,5.683e-05,58.0,0.00329614
BCD/BTC,1574083783355,2019-11-18T13:29:43.355Z,buy,5.682e-05,353.0,0.02005746
BCD/BTC,1574083806169,2019-11-18T13:30:06.169Z,sell,5.664e-05,22.0,0.00124608
BCD/BTC,1574083806175,2019-11-18T13:30:06.175Z,sell,5.664e-05,119.0,0.00674016
BCD/BTC,1574083806241,2019-11-18T13:30:06.241Z,buy,5.66e-05,22.0,0.0012452
BCD/BTC,1574083806581,2019-11-18T13:30:06.581Z,buy,5.658e-05,178.0,0.0100712399999999
BCD/BTC,1574083806589,2019-11-18T13:30:06.589Z,sell,5.653e-05,90.0,0.0050877
BCD/BTC,1574083806589,2019-11-18T13:30:06.589Z,sell,5.652e-05,154.0,0.00870408
BCD/BTC,1574083806589,2019-11-18T13:30:06.589Z,sell,5.65e-05,115.0,0.0064975
BCD/BTC,1574083807522,2019-11-18T13:30:07.522Z,buy,5.658e-05,25.0,0.0014145
BCD/BTC,1574083808454,2019-11-18T13:30:08.454Z,sell,5.65e-05,111.0,0.0062715
BCD/BTC,1574083808570,2019-11-18T13:30:08.570Z,buy,5.658e-05,25.0,0.0014145
BCD/BTC,1574083809584,2019-11-18T13:30:09.584Z,buy,5.664e-05,25.0,0.001416
BCD/BTC,1574083810562,2019-11-18T13:30:10.562Z,buy,5.664e-05,25.0,0.001416
BCD/BTC,1574083812184,2019-11-18T13:30:12.184Z,sell,5.65e-05,45.0,0.0025425
BCD/BTC,1574083814498,2019-11-18T13:30:14.498Z,sell,5.651e-05,5.0,0.00028255
BCD/BTC,1574083822032,2019-11-18T13:30:22.032Z,buy,5.683e-05,352.0,0.02000416
BCD/BTC,1574083831008,2019-11-18T13:30:31.008Z,sell,5.662e-05,94.0,0.0053222799999999
BCD/BTC,1574083833004,2019-11-18T13:30:33.004Z,sell,5.662e-05,9.0,0.0005095799999999
BCD/BTC,1574083839804,2019-11-18T13:30:39.804Z,sell,5.658e-05,48.0,0.0027158399999999
BCD/BTC,1574083840167,2019-11-18T13:30:40.167Z,sell,5.659e-05,21.0,0.0011883899999999
BCD/BTC,1574083840471,2019-11-18T13:30:40.471Z,sell,5.659e-05,256.0,0.01448704
BCD/BTC,1574083840494,2019-11-18T13:30:40.494Z,sell,5.659e-05,28.0,0.0015845199999999
BCD/BTC,1574083840494,2019-11-18T13:30:40.494Z,sell,5.658e-05,52.0,0.0029421599999999
BCD/BTC,1574083869888,2019-11-18T13:31:09.888Z,buy,5.68e-05,353.0,0.0200504
BCD/BTC,1574083887959,2019-11-18T13:31:27.959Z,buy,5.681e-05,204.0,0.01158924
BCD/BTC,1574083888002,2019-11-18T13:31:28.002Z,sell,5.657e-05,72.0,0.00407304
BCD/BTC,1574083888002,2019-11-18T13:31:28.002Z,sell,5.656e-05,85.0,0.0048076
BCD/BTC,1574083888002,2019-11-18T13:31:28.002Z,sell,5.651e-05,350.0,0.0197785
BCD/BTC,1574083888327,2019-11-18T13:31:28.327Z,sell,5.652e-05,82.0,0.00463464
BCD/BTC,1574083888437,2019-11-18T13:31:28.437Z,sell,5.652e-05,120.0,0.0067824
BCD/BTC,1574083888437,2019-11-18T13:31:28.437Z,sell,5.651e-05,64.0,0.00361664
BCD/BTC,1574083888437,2019-11-18T13:31:28.437Z,sell,5.65e-05,234.0,0.013221
BCD/BTC,1574083893717,2019-11-18T13:31:33.717Z,sell,5.651e-05,3.0,0.0001695299999999
BCD/BTC,1574083893717,2019-11-18T13:31:33.717Z,sell,5.65e-05,465.0,0.0262724999999999
BCD/BTC,1574083893795,2019-11-18T13:31:33.795Z,sell,5.65e-05,72.0,0.004068
BCD/BTC,1574083894977,2019-11-18T13:31:34.977Z,sell,5.651e-05,130.0,0.0073463
BCD/BTC,1574083894977,2019-11-18T13:31:34.977Z,sell,5.65e-05,306.0,0.017289
BCD/BTC,1574083895315,2019-11-18T13:31:35.315Z,sell,5.651e-05,30.0,0.0016953
BCD/BTC,1574083898779,2019-11-18T13:31:38.779Z,buy,5.681e-05,353.0,0.02005393
BCD/BTC,1574083898779,2019-11-18T13:31:38.779Z,buy,5.682e-05,130.0,0.0073866
BCD/BTC,1574083898779,2019-11-18T13:31:38.779Z,buy,5.683e-05,256.0,0.01454848
BCD/BTC,1574083907067,2019-11-18T13:31:47.067Z,buy,5.683e-05,3.0,0.00017049
BCD/BTC,1574083907067,2019-11-18T13:31:47.067Z,buy,5.684e-05,199.0,0.0113111599999999
BCD/BTC,1574083908208,2019-11-18T13:31:48.208Z,sell,5.657e-05,133.0,0.00752381
BCD/BTC,1574083909354,2019-11-18T13:31:49.354Z,sell,5.659e-05,47.0,0.00265973
BCD/BTC,1574083909471,2019-11-18T13:31:49.471Z,sell,5.659e-05,153.0,0.00865827
BCD/BTC,1574083909471,2019-11-18T13:31:49.471Z,sell,5.656e-05,76.0,0.00429856
BCD/BTC,1574083909471,2019-11-18T13:31:49.471Z,sell,5.653e-05,81.0,0.00457893
BCD/BTC,1574083934042,2019-11-18T13:32:14.042Z,buy,5.68e-05,81.0,0.0046007999999999
BCD/BTC,1574083937628,2019-11-18T13:32:17.628Z,buy,5.683e-05,195.0,0.01108185
BCD/BTC,1574084055752,2019-11-18T13:34:15.752Z,buy,5.683e-05,129.0,0.00733107
BCD/BTC,1574084058856,2019-11-18T13:34:18.856Z,buy,5.683e-05,86.0,0.00488738
BCD/BTC,1574084062235,2019-11-18T13:34:22.235Z,buy,5.683e-05,58.0,0.00329614
BCD/BTC,1574084066427,2019-11-18T13:34:26.427Z,buy,5.683e-05,116.0,0.00659228
BCD/BTC,1574084305281,2019-11-18T13:38:25.281Z,buy,5.684e-05,3.0,0.00017052
BCD/BTC,1574084305281,2019-11-18T13:38:25.281Z,buy,5.685e-05,5.0,0.00028425
BCD/BTC,1574084305281,2019-11-18T13:38:25.281Z,buy,5.687e-05,128.0,0.00727936
BCD/BTC,1574084368241,2019-11-18T13:39:28.241Z,buy,5.687e-05,121.0,0.00688127
BCD/BTC,1574084476638,2019-11-18T13:41:16.638Z,buy,5.686e-05,57.0,0.00324102
BCD/BTC,1574084476638,2019-11-18T13:41:16.638Z,buy,5.688e-05,147.0,0.00836136
BCD/BTC,1574084488652,2019-11-18T13:41:28.652Z,sell,5.667e-05,50.0,0.0028335
BCD/BTC,1574084489045,2019-11-18T13:41:29.045Z,sell,5.667e-05,179.0,0.0101439299999999
BCD/BTC,1574084492495,2019-11-18T13:41:32.495Z,sell,5.667e-05,9.0,0.00051003
BCD/BTC,1574084493522,2019-11-18T13:41:33.522Z,sell,5.667e-05,9.0,0.00051003
BCD/BTC,1574084659301,2019-11-18T13:44:19.301Z,sell,5.663e-05,142.0,0.00804146
BCD/BTC,1574084659906,2019-11-18T13:44:19.906Z,sell,5.663e-05,26.0,0.00147238
BCD/BTC,1574084659906,2019-11-18T13:44:19.906Z,sell,5.662e-05,291.0,0.01647642
BCD/BTC,1574084660475,2019-11-18T13:44:20.475Z,sell,5.662e-05,55.0,0.0031141
BCD/BTC,1574084820657,2019-11-18T13:47:00.657Z,buy,5.68e-05,287.0,0.0163016
BCD/BTC,1574084831278,2019-11-18T13:47:11.278Z,buy,5.68e-05,59.0,0.0033512
BCD/BTC,1574084831278,2019-11-18T13:47:11.278Z,buy,5.681e-05,91.0,0.00516971
BCD/BTC,1574084831278,2019-11-18T13:47:11.278Z,buy,5.68e-05,59.0,0.0033512
BCD/BTC,1574084831278,2019-11-18T13:47:11.278Z,buy,5.681e-05,91.0,0.00516971
BCD/BTC,1574084971824,2019-11-18T13:49:31.824Z,buy,5.689e-05,133.0,0.00756637
BCD/BTC,1574085046092,2019-11-18T13:50:46.092Z,sell,5.681e-05,250.0,0.0142025
BCD/BTC,1574085126299,2019-11-18T13:52:06.299Z,buy,5.691e-05,72.0,0.00409752
BCD/BTC,1574085463768,2019-11-18T13:57:43.768Z,buy,5.692e-05,192.0,0.01092864
BCD/BTC,1574085505083,2019-11-18T13:58:25.083Z,buy,5.691e-05,130.0,0.0073983
BCD/BTC,1574085591747,2019-11-18T13:59:51.747Z,buy,5.691e-05,108.0,0.00614628
BCD/BTC,1574085661814,2019-11-18T14:01:01.814Z,sell,5.691e-05,7.0,0.00039837
BCD/BTC,1574085857285,2019-11-18T14:04:17.285Z,sell,5.691e-05,3.0,0.00017073
BCD/BTC,1574085857285,2019-11-18T14:04:17.285Z,sell,5.667e-05,178.0,0.0100872599999999
BCD/BTC,1574085857285,2019-11-18T14:04:17.285Z,sell,5.666e-05,155.0,0.0087823
BCD/BTC,1574085869357,2019-11-18T14:04:29.357Z,sell,5.667e-05,119.0,0.00674373
BCD/BTC,1574085869357,2019-11-18T14:04:29.357Z,sell,5.666e-05,77.0,0.00436282
BCD/BTC,1574085869357,2019-11-18T14:04:29.357Z,sell,5.663e-05,19.0,0.0010759699999999
BCD/BTC,1574085977031,2019-11-18T14:06:17.031Z,buy,5.693e-05,171.0,0.00973503
BCD/BTC,1574085977031,2019-11-18T14:06:17.031Z,buy,5.694e-05,20.0,0.0011388
BCD/BTC,1574086147627,2019-11-18T14:09:07.627Z,sell,5.664e-05,137.0,0.00775968
BCD/BTC,1574086147627,2019-11-18T14:09:07.627Z,sell,5.663e-05,215.0,0.0121754499999999
BCD/BTC,1574086147713,2019-11-18T14:09:07.713Z,sell,5.663e-05,24.0,0.00135912
BCD/BTC,1574086147713,2019-11-18T14:09:07.713Z,sell,5.657e-05,2.0,0.00011314
BCD/BTC,1574086147745,2019-11-18T14:09:07.745Z,buy,5.657e-05,130.0,0.0073541
BCD/BTC,1574086147758,2019-11-18T14:09:07.758Z,buy,5.657e-05,70.0,0.0039599
BCD/BTC,1574086154308,2019-11-18T14:09:14.308Z,sell,5.657e-05,28.0,0.00158396
BCD/BTC,1574086155498,2019-11-18T14:09:15.498Z,sell,5.657e-05,24.0,0.00135768
BCD/BTC,1574086206200,2019-11-18T14:10:06.200Z,buy,5.676e-05,28.0,0.00158928
BCD/BTC,1574086208145,2019-11-18T14:10:08.145Z,buy,5.68e-05,336.0,0.0190848
BCD/BTC,1574086398273,2019-11-18T14:13:18.273Z,sell,5.667e-05,73.0,0.00413691
BCD/BTC,1574086398278,2019-11-18T14:13:18.278Z,sell,5.667e-05,18.0,0.00102006
BCD/BTC,1574086398278,2019-11-18T14:13:18.278Z,sell,5.664e-05,55.0,0.0031152
BCD/BTC,1574086398282,2019-11-18T14:13:18.282Z,sell,5.664e-05,281.0,0.01591584
BCD/BTC,1574086398282,2019-11-18T14:13:18.282Z,sell,5.663e-05,176.0,0.00996688
BCD/BTC,1574086398307,2019-11-18T14:13:18.307Z,buy,5.657e-05,104.0,0.00588328
BCD/BTC,1574086398314,2019-11-18T14:13:18.314Z,buy,5.657e-05,104.0,0.00588328
BCD/BTC,1574086399136,2019-11-18T14:13:19.136Z,buy,5.662e-05,25.0,0.0014154999999999
BCD/BTC,1574086400125,2019-11-18T14:13:20.125Z,buy,5.662e-05,25.0,0.0014154999999999
BCD/BTC,1574086401151,2019-11-18T14:13:21.151Z,buy,5.662e-05,16.0,0.00090592
BCD/BTC,1574086401151,2019-11-18T14:13:21.151Z,buy,5.682e-05,9.0,0.00051138
BCD/BTC,1574087102535,2019-11-18T14:25:02.535Z,buy,5.679e-05,24.0,0.0013629599999999
BCD/BTC,1574087102535,2019-11-18T14:25:02.535Z,buy,5.682e-05,352.0,0.02000064
BCD/BTC,1574087102535,2019-11-18T14:25:02.535Z,buy,5.691e-05,187.0,0.01064217
BCD/BTC,1574087102535,2019-11-18T14:25:02.535Z,buy,5.692e-05,2.0,0.00011384
BCD/BTC,1574087102535,2019-11-18T14:25:02.535Z,buy,5.699e-05,40.0,0.0022796
BCD/BTC,1574087102535,2019-11-18T14:25:02.535Z,buy,5.7e-05,5.0,0.000285
BCD/BTC,1574087102535,2019-11-18T14:25:02.535Z,buy,5.706e-05,85.0,0.0048500999999999
BCD/BTC,1574087584917,2019-11-18T14:33:04.917Z,sell,5.681e-05,34.0,0.00193154
BCD/BTC,1574087585114,2019-11-18T14:33:05.114Z,sell,5.681e-05,91.0,0.00516971
BCD/BTC,1574087607006,2019-11-18T14:33:27.006Z,sell,5.68e-05,84.0,0.0047712
BCD/BTC,1574087607633,2019-11-18T14:33:27.633Z,sell,5.68e-05,25.0,0.00142
BCD/BTC,1574087626400,2019-11-18T14:33:46.400Z,sell,5.68e-05,59.0,0.0033512
BCD/BTC,1574087626400,2019-11-18T14:33:46.400Z,sell,5.679e-05,351.0,0.01993329
BCD/BTC,1574087626400,2019-11-18T14:33:46.400Z,sell,5.678e-05,72.0,0.00408816
BCD/BTC,1574087626400,2019-11-18T14:33:46.400Z,sell,5.675e-05,175.0,0.0099312499999999
BCD/BTC,1574087626400,2019-11-18T14:33:46.400Z,sell,5.666e-05,40.0,0.0022664
BCD/BTC,1574087626400,2019-11-18T14:33:46.400Z,sell,5.665e-05,5.0,0.00028325
BCD/BTC,1574087626400,2019-11-18T14:33:46.400Z,sell,5.658e-05,141.0,0.00797778
BCD/BTC,1574087626400,2019-11-18T14:33:46.400Z,sell,5.657e-05,2.0,0.00011314
BCD/BTC,1574087626400,2019-11-18T14:33:46.400Z,sell,5.651e-05,317.0,0.01791367
BCD/BTC,1574087626400,2019-11-18T14:33:46.400Z,sell,5.65e-05,2271.0,0.1283115
BCD/BTC,1574087648959,2019-11-18T14:34:08.959Z,sell,5.671e-05,175.0,0.0099242499999999
BCD/BTC,1574087756417,2019-11-18T14:35:56.417Z,buy,5.675e-05,88.0,0.004994
BCD/BTC,1574087756740,2019-11-18T14:35:56.740Z,buy,5.675e-05,25.0,0.0014187499999999
BCD/BTC,1574087758010,2019-11-18T14:35:58.010Z,buy,5.679e-05,25.0,0.00141975
BCD/BTC,1574087842725,2019-11-18T14:37:22.725Z,buy,5.677e-05,238.0,0.01351126
BCD/BTC,1574087842788,2019-11-18T14:37:22.788Z,sell,5.677e-05,224.0,0.01271648
BCD/BTC,1574087929745,2019-11-18T14:38:49.745Z,buy,5.67e-05,15.0,0.0008505
BCD/BTC,1574087929745,2019-11-18T14:38:49.745Z,buy,5.68e-05,10.0,0.0005679999999999
BCD/BTC,1574088103760,2019-11-18T14:41:43.760Z,sell,5.652e-05,38.0,0.00214776
BCD/BTC,1574088190100,2019-11-18T14:43:10.100Z,sell,5.657e-05,333.0,0.01883781
BCD/BTC,1574088307610,2019-11-18T14:45:07.610Z,buy,5.677e-05,25.0,0.00141925
BCD/BTC,1574088309230,2019-11-18T14:45:09.230Z,buy,5.68e-05,25.0,0.00142
BCD/BTC,1574088310706,2019-11-18T14:45:10.706Z,buy,5.68e-05,25.0,0.00142
BCD/BTC,1574088311705,2019-11-18T14:45:11.705Z,buy,5.678e-05,25.0,0.0014195
BCD/BTC,1574088311705,2019-11-18T14:45:11.705Z,buy,5.678e-05,25.0,0.0014195
BCD/BTC,1574088443551,2019-11-18T14:47:23.551Z,buy,5.677e-05,176.0,0.00999152
BCD/BTC,1574088673712,2019-11-18T14:51:13.712Z,buy,5.68e-05,25.0,0.00142
BCD/BTC,1574088675121,2019-11-18T14:51:15.121Z,buy,5.68e-05,25.0,0.00142
BCD/BTC,1574088676819,2019-11-18T14:51:16.819Z,buy,5.68e-05,25.0,0.00142
BCD/BTC,1574088677965,2019-11-18T14:51:17.965Z,buy,5.68e-05,6.0,0.0003408
BCD/BTC,1574088677965,2019-11-18T14:51:17.965Z,buy,5.685e-05,19.0,0.00108015
BCD/BTC,1574088678994,2019-11-18T14:51:18.994Z,buy,5.685e-05,25.0,0.00142125
BCD/BTC,1574088680293,2019-11-18T14:51:20.293Z,buy,5.685e-05,25.0,0.00142125
BCD/BTC,1574088681481,2019-11-18T14:51:21.481Z,buy,5.684e-05,25.0,0.001421
BCD/BTC,1574088689500,2019-11-18T14:51:29.500Z,buy,5.684e-05,25.0,0.001421
BCD/BTC,1574088690787,2019-11-18T14:51:30.787Z,buy,5.684e-05,25.0,0.001421
BCD/BTC,1574088752578,2019-11-18T14:52:32.578Z,buy,5.686e-05,25.0,0.0014215
BCD/BTC,1574088753723,2019-11-18T14:52:33.723Z,buy,5.692e-05,2.0,0.00011384
BCD/BTC,1574088753723,2019-11-18T14:52:33.723Z,buy,5.698e-05,23.0,0.00131054
BCD/BTC,1574088973305,2019-11-18T14:56:13.305Z,buy,5.689e-05,25.0,0.00142225
BCD/BTC,1574089151323,2019-11-18T14:59:11.323Z,buy,5.697e-05,7.0,0.00039879
BCD/BTC,1574089151323,2019-11-18T14:59:11.323Z,buy,5.698e-05,18.0,0.00102564
BCD/BTC,1574089153256,2019-11-18T14:59:13.256Z,buy,5.698e-05,25.0,0.0014245
BCD/BTC,1574089154297,2019-11-18T14:59:14.297Z,buy,5.698e-05,25.0,0.0014245
BCD/BTC,1574089155465,2019-11-18T14:59:15.465Z,buy,5.698e-05,25.0,0.0014245
BCD/BTC,1574089156430,2019-11-18T14:59:16.430Z,buy,5.698e-05,25.0,0.0014245
BCD/BTC,1574089157375,2019-11-18T14:59:17.375Z,buy,5.698e-05,25.0,0.0014245
BCD/BTC,1574089158436,2019-11-18T14:59:18.436Z,buy,5.698e-05,25.0,0.0014245
BCD/BTC,1574089159723,2019-11-18T14:59:19.723Z,buy,5.698e-05,19.0,0.00108262
BCD/BTC,1574089159723,2019-11-18T14:59:19.723Z,buy,5.699e-05,6.0,0.00034194
BCD/BTC,1574089160746,2019-11-18T14:59:20.746Z,buy,5.698e-05,25.0,0.0014245
BCD/BTC,1574089161752,2019-11-18T14:59:21.752Z,buy,5.698e-05,25.0,0.0014245
BCD/BTC,1574089162803,2019-11-18T14:59:22.803Z,buy,5.698e-05,25.0,0.0014245
BCD/BTC,1574089163770,2019-11-18T14:59:23.770Z,buy,5.698e-05,25.0,0.0014245
BCD/BTC,1574089164757,2019-11-18T14:59:24.757Z,buy,5.698e-05,25.0,0.0014245
BCD/BTC,1574089165900,2019-11-18T14:59:25.900Z,buy,5.698e-05,25.0,0.0014245
BCD/BTC,1574089166912,2019-11-18T14:59:26.912Z,buy,5.698e-05,25.0,0.0014245
BCD/BTC,1574089168050,2019-11-18T14:59:28.050Z,buy,5.698e-05,25.0,0.0014245
BCD/BTC,1574089168997,2019-11-18T14:59:28.997Z,buy,5.698e-05,8.0,0.00045584
BCD/BTC,1574089168997,2019-11-18T14:59:28.997Z,buy,5.699e-05,17.0,0.00096883
BCD/BTC,1574089170086,2019-11-18T14:59:30.086Z,buy,5.698e-05,25.0,0.0014245
BCD/BTC,1574089171213,2019-11-18T14:59:31.213Z,buy,5.698e-05,25.0,0.0014245
BCD/BTC,1574089172289,2019-11-18T14:59:32.289Z,buy,5.698e-05,6.0,0.00034188
BCD/BTC,1574089172289,2019-11-18T14:59:32.289Z,buy,5.699e-05,17.0,0.00096883
BCD/BTC,1574089172289,2019-11-18T14:59:32.289Z,buy,5.7e-05,2.0,0.000114
BCD/BTC,1574089173590,2019-11-18T14:59:33.590Z,buy,5.698e-05,25.0,0.0014245
BCD/BTC,1574089174546,2019-11-18T14:59:34.546Z,buy,5.698e-05,25.0,0.0014245
BCD/BTC,1574089175712,2019-11-18T14:59:35.712Z,buy,5.698e-05,25.0,0.0014245
BCD/BTC,1574089176794,2019-11-18T14:59:36.794Z,buy,5.698e-05,25.0,0.0014245
BCD/BTC,1574089215646,2019-11-18T15:00:15.646Z,buy,5.698e-05,12.0,0.00068376
BCD/BTC,1574089215646,2019-11-18T15:00:15.646Z,buy,5.7e-05,3.0,0.000171
BCD/BTC,1574089215646,2019-11-18T15:00:15.646Z,buy,5.708e-05,3.0,0.00017124
BCD/BTC,1574089215646,2019-11-18T15:00:15.646Z,buy,5.709e-05,586.0,0.03345474
BCD/BTC,1574089215646,2019-11-18T15:00:15.646Z,buy,5.71e-05,414.0,0.0236393999999999
BCD/BTC,1574089295860,2019-11-18T15:01:35.860Z,buy,5.706e-05,2.0,0.00011412
BCD/BTC,1574089295860,2019-11-18T15:01:35.860Z,buy,5.711e-05,384.0,0.02193024
BCD/BTC,1574089446110,2019-11-18T15:04:06.110Z,sell,5.678e-05,220.0,0.0124916
BCD/BTC,1574089599808,2019-11-18T15:06:39.808Z,buy,5.71e-05,175.0,0.0099925
BCD/BTC,1574089654973,2019-11-18T15:07:34.973Z,buy,5.71e-05,45.0,0.0025694999999999
BCD/BTC,1574089654973,2019-11-18T15:07:34.973Z,buy,5.711e-05,16.0,0.00091376
BCD/BTC,1574089791598,2019-11-18T15:09:51.598Z,buy,5.7e-05,460.0,0.02622
BCD/BTC,1574089804269,2019-11-18T15:10:04.269Z,buy,5.7e-05,2392.0,0.136344
BCD/BTC,1574089808993,2019-11-18T15:10:08.993Z,buy,5.7e-05,288.0,0.016416
BCD/BTC,1574090468838,2019-11-18T15:21:08.838Z,buy,5.711e-05,87.0,0.00496857
BCD/BTC,1574090720919,2019-11-18T15:25:20.919Z,buy,5.711e-05,5.0,0.00028555
BCD/BTC,1574090734486,2019-11-18T15:25:34.486Z,buy,5.711e-05,13.0,0.00074243
BCD/BTC,1574090734486,2019-11-18T15:25:34.486Z,buy,5.714e-05,12.0,0.0006856799999999
BCD/BTC,1574090735544,2019-11-18T15:25:35.544Z,buy,5.714e-05,25.0,0.0014284999999999
BCD/BTC,1574090736750,2019-11-18T15:25:36.750Z,buy,5.714e-05,25.0,0.0014284999999999
BCD/BTC,1574090737666,2019-11-18T15:25:37.666Z,buy,5.714e-05,214.0,0.01222796
BCD/BTC,1574090737734,2019-11-18T15:25:37.734Z,buy,5.714e-05,25.0,0.0014284999999999
BCD/BTC,1574090739008,2019-11-18T15:25:39.008Z,buy,5.714e-05,25.0,0.0014284999999999
BCD/BTC,1574090740065,2019-11-18T15:25:40.065Z,buy,5.714e-05,25.0,0.0014284999999999
BCD/BTC,1574090810774,2019-11-18T15:26:50.774Z,buy,5.714e-05,120.0,0.0068568
BCD/BTC,1574090896956,2019-11-18T15:28:16.956Z,sell,5.69e-05,36.0,0.0020484
BCD/BTC,1574090899041,2019-11-18T15:28:19.041Z,sell,5.692e-05,56.0,0.0031875199999999
BCD/BTC,1574090900972,2019-11-18T15:28:20.972Z,sell,5.694e-05,207.0,0.01178658
BCD/BTC,1574090990840,2019-11-18T15:29:50.840Z,sell,5.691e-05,40.0,0.0022764
BCD/BTC,1574090991333,2019-11-18T15:29:51.333Z,sell,5.691e-05,30.0,0.0017073
BCD/BTC,1574090992979,2019-11-18T15:29:52.979Z,sell,5.693e-05,99.0,0.00563607
BCD/BTC,1574090992995,2019-11-18T15:29:52.995Z,sell,5.693e-05,52.0,0.00296036
BCD/BTC,1574090992995,2019-11-18T15:29:52.995Z,sell,5.692e-05,147.0,0.00836724
BCD/BTC,1574091011989,2019-11-18T15:30:11.989Z,sell,5.694e-05,67.0,0.00381498
BCD/BTC,1574091013600,2019-11-18T15:30:13.600Z,sell,5.694e-05,6.0,0.00034164
BCD/BTC,1574091016895,2019-11-18T15:30:16.895Z,sell,5.693e-05,9.0,0.00051237
BCD/BTC,1574091283818,2019-11-18T15:34:43.818Z,sell,5.688e-05,68.0,0.00386784
BCD/BTC,1574091283940,2019-11-18T15:34:43.940Z,sell,5.688e-05,5.0,0.0002844
BCD/BTC,1574091283940,2019-11-18T15:34:43.940Z,sell,5.683e-05,22.0,0.00125026
BCD/BTC,1574091284031,2019-11-18T15:34:44.031Z,sell,5.688e-05,50.0,0.0028439999999999
BCD/BTC,1574091284123,2019-11-18T15:34:44.123Z,sell,5.689e-05,134.0,0.00762326
BCD/BTC,1574091284123,2019-11-18T15:34:44.123Z,sell,5.688e-05,81.0,0.00460728
BCD/BTC,1574091284136,2019-11-18T15:34:44.136Z,sell,5.688e-05,15.0,0.0008531999999999
BCD/BTC,1574091284136,2019-11-18T15:34:44.136Z,sell,5.683e-05,148.0,0.00841084
BCD/BTC,1574091284413,2019-11-18T15:34:44.413Z,sell,5.683e-05,11.0,0.00062513
BCD/BTC,1574091310363,2019-11-18T15:35:10.363Z,buy,5.706e-05,4.0,0.00022824
BCD/BTC,1574091311166,2019-11-18T15:35:11.166Z,buy,5.706e-05,22.0,0.0012553199999999
BCD/BTC,1574091346441,2019-11-18T15:35:46.441Z,sell,5.684e-05,9.0,0.00051156
BCD/BTC,1574091351032,2019-11-18T15:35:51.032Z,sell,5.684e-05,9.0,0.00051156
BCD/BTC,1574091352133,2019-11-18T15:35:52.133Z,sell,5.684e-05,9.0,0.00051156
BCD/BTC,1574091353843,2019-11-18T15:35:53.843Z,sell,5.684e-05,9.0,0.00051156
BCD/BTC,1574091355073,2019-11-18T15:35:55.073Z,sell,5.684e-05,9.0,0.00051156
BCD/BTC,1574091356571,2019-11-18T15:35:56.571Z,sell,5.684e-05,9.0,0.00051156
BCD/BTC,1574091358079,2019-11-18T15:35:58.079Z,sell,5.684e-05,9.0,0.00051156
BCD/BTC,1574091359870,2019-11-18T15:35:59.870Z,sell,5.684e-05,9.0,0.00051156
BCD/BTC,1574091376939,2019-11-18T15:36:16.939Z,sell,5.684e-05,11.0,0.00062524
BCD/BTC,1574091376939,2019-11-18T15:36:16.939Z,sell,5.683e-05,15.0,0.00085245
BCD/BTC,1574091377457,2019-11-18T15:36:17.457Z,sell,5.683e-05,9.0,0.00051147
BCD/BTC,1574091379221,2019-11-18T15:36:19.221Z,sell,5.683e-05,9.0,0.00051147
BCD/BTC,1574091466391,2019-11-18T15:37:46.391Z,sell,5.683e-05,754.0,0.04284982
BCD/BTC,1574091466426,2019-11-18T15:37:46.426Z,sell,5.683e-05,45.0,0.00255735
BCD/BTC,1574091466426,2019-11-18T15:37:46.426Z,sell,5.68e-05,22.0,0.0012496
BCD/BTC,1574091466426,2019-11-18T15:37:46.426Z,sell,5.673e-05,3.0,0.00017019
BCD/BTC,1574091466968,2019-11-18T15:37:46.968Z,buy,5.67e-05,239.0,0.0135513
BCD/BTC,1574091467077,2019-11-18T15:37:47.077Z,buy,5.67e-05,250.0,0.014175
BCD/BTC,1574091468456,2019-11-18T15:37:48.456Z,buy,5.67e-05,25.0,0.0014175
BCD/BTC,1574091469538,2019-11-18T15:37:49.538Z,buy,5.67e-05,25.0,0.0014175
BCD/BTC,1574091470547,2019-11-18T15:37:50.547Z,buy,5.67e-05,25.0,0.0014175
BCD/BTC,1574091471670,2019-11-18T15:37:51.670Z,buy,5.67e-05,25.0,0.0014175
BCD/BTC,1574091472820,2019-11-18T15:37:52.820Z,buy,5.67e-05,25.0,0.0014175
BCD/BTC,1574091473492,2019-11-18T15:37:53.492Z,buy,5.67e-05,114.0,0.0064638
BCD/BTC,1574091473775,2019-11-18T15:37:53.775Z,buy,5.672e-05,25.0,0.001418
BCD/BTC,1574091473794,2019-11-18T15:37:53.794Z,sell,5.666e-05,40.0,0.0022664
BCD/BTC,1574091473794,2019-11-18T15:37:53.794Z,sell,5.665e-05,5.0,0.00028325
BCD/BTC,1574091473794,2019-11-18T15:37:53.794Z,sell,5.659e-05,87.0,0.00492333
BCD/BTC,1574091474786,2019-11-18T15:37:54.786Z,buy,5.66e-05,25.0,0.001415
BCD/BTC,1574091475862,2019-11-18T15:37:55.862Z,buy,5.66e-05,25.0,0.001415
BCD/BTC,1574091476969,2019-11-18T15:37:56.969Z,buy,5.66e-05,25.0,0.001415
BCD/BTC,1574091478211,2019-11-18T15:37:58.211Z,buy,5.66e-05,25.0,0.001415
BCD/BTC,1574091479182,2019-11-18T15:37:59.182Z,buy,5.66e-05,25.0,0.001415
BCD/BTC,1574091480078,2019-11-18T15:38:00.078Z,buy,5.66e-05,40.0,0.002264
BCD/BTC,1574091480193,2019-11-18T15:38:00.193Z,buy,5.66e-05,25.0,0.001415
BCD/BTC,1574091480380,2019-11-18T15:38:00.380Z,buy,5.66e-05,2.0,0.0001132
BCD/BTC,1574091481668,2019-11-18T15:38:01.668Z,buy,5.66e-05,25.0,0.001415
BCD/BTC,1574091482022,2019-11-18T15:38:02.022Z,buy,5.66e-05,183.0,0.0103578
BCD/BTC,1574091482686,2019-11-18T15:38:02.686Z,buy,5.672e-05,25.0,0.001418
BCD/BTC,1574091484157,2019-11-18T15:38:04.157Z,buy,5.672e-05,25.0,0.001418
BCD/BTC,1574091485246,2019-11-18T15:38:05.246Z,buy,5.677e-05,25.0,0.00141925
BCD/BTC,1574091486312,2019-11-18T15:38:06.312Z,buy,5.677e-05,25.0,0.00141925
BCD/BTC,1574091486714,2019-11-18T15:38:06.714Z,buy,5.677e-05,135.0,0.00766395
BCD/BTC,1574091487129,2019-11-18T15:38:07.129Z,sell,5.659e-05,54.0,0.00305586
BCD/BTC,1574091487129,2019-11-18T15:38:07.129Z,sell,5.657e-05,28.0,0.00158396
BCD/BTC,1574091487129,2019-11-18T15:38:07.129Z,sell,5.652e-05,61.0,0.00344772
BCD/BTC,1574091487129,2019-11-18T15:38:07.129Z,sell,5.65e-05,21.0,0.0011865
BCD/BTC,1574091487408,2019-11-18T15:38:07.408Z,buy,5.677e-05,25.0,0.00141925
BCD/BTC,1574091488496,2019-11-18T15:38:08.496Z,buy,5.677e-05,25.0,0.00141925
BCD/BTC,1574091489626,2019-11-18T15:38:09.626Z,buy,5.677e-05,25.0,0.00141925
BCD/BTC,1574091490625,2019-11-18T15:38:10.625Z,buy,5.677e-05,25.0,0.00141925
BCD/BTC,1574091491727,2019-11-18T15:38:11.727Z,buy,5.677e-05,25.0,0.00141925
BCD/BTC,1574091493121,2019-11-18T15:38:13.121Z,buy,5.677e-05,25.0,0.00141925
BCD/BTC,1574091494582,2019-11-18T15:38:14.582Z,buy,5.677e-05,25.0,0.00141925
BCD/BTC,1574091495684,2019-11-18T15:38:15.684Z,buy,5.677e-05,25.0,0.00141925
BCD/BTC,1574091496540,2019-11-18T15:38:16.540Z,sell,5.651e-05,72.0,0.00406872
BCD/BTC,1574091496928,2019-11-18T15:38:16.928Z,buy,5.677e-05,25.0,0.00141925
BCD/BTC,1574091497939,2019-11-18T15:38:17.939Z,buy,5.68e-05,25.0,0.00142
BCD/BTC,1574091498220,2019-11-18T15:38:18.220Z,sell,5.65e-05,279.0,0.0157635
BCD/BTC,1574091498501,2019-11-18T15:38:18.501Z,buy,5.68e-05,135.0,0.0076679999999999
BCD/BTC,1574091498952,2019-11-18T15:38:18.952Z,buy,5.691e-05,25.0,0.00142275
BCD/BTC,1574091505001,2019-11-18T15:38:25.001Z,buy,5.686e-05,135.0,0.0076761
BCD/BTC,1574091554536,2019-11-18T15:39:14.536Z,buy,5.686e-05,115.0,0.0065389
BCD/BTC,1574091768661,2019-11-18T15:42:48.661Z,buy,5.679e-05,113.0,0.0064172699999999
BCD/BTC,1574091775182,2019-11-18T15:42:55.182Z,buy,5.68e-05,135.0,0.0076679999999999
BCD/BTC,1574091781708,2019-11-18T15:43:01.708Z,buy,5.679e-05,116.0,0.00658764
BCD/BTC,1574091789476,2019-11-18T15:43:09.476Z,buy,5.679e-05,87.0,0.00494073
BCD/BTC,1574091798801,2019-11-18T15:43:18.801Z,buy,5.679e-05,135.0,0.00766665
BCD/BTC,1574091805438,2019-11-18T15:43:25.438Z,buy,5.679e-05,128.0,0.00726912
BCD/BTC,1574091902421,2019-11-18T15:45:02.421Z,buy,5.679e-05,135.0,0.00766665
BCD/BTC,1574091902421,2019-11-18T15:45:02.421Z,buy,5.679e-05,135.0,0.00766665
BCD/BTC,1574092476237,2019-11-18T15:54:36.237Z,sell,5.652e-05,63.0,0.00356076
BCD/BTC,1574092476452,2019-11-18T15:54:36.452Z,sell,5.652e-05,61.0,0.00344772
BCD/BTC,1574092476641,2019-11-18T15:54:36.641Z,buy,5.677e-05,63.0,0.00357651
BCD/BTC,1574092477742,2019-11-18T15:54:37.742Z,sell,5.654e-05,49.0,0.0027704599999999
BCD/BTC,1574092478096,2019-11-18T15:54:38.096Z,sell,5.654e-05,49.0,0.0027704599999999
BCD/BTC,1574092478153,2019-11-18T15:54:38.153Z,sell,5.654e-05,131.0,0.0074067399999999
BCD/BTC,1574092478153,2019-11-18T15:54:38.153Z,sell,5.653e-05,20.0,0.0011306
BCD/BTC,1574092480053,2019-11-18T15:54:40.053Z,sell,5.653e-05,56.0,0.00316568
BCD/BTC,1574092480366,2019-11-18T15:54:40.366Z,sell,5.653e-05,12.0,0.00067836
BCD/BTC,1574092480366,2019-11-18T15:54:40.366Z,sell,5.652e-05,36.0,0.00203472
BCD/BTC,1574092480665,2019-11-18T15:54:40.665Z,sell,5.652e-05,39.0,0.00220428
BCD/BTC,1574092482706,2019-11-18T15:54:42.706Z,sell,5.652e-05,34.0,0.00192168
BCD/BTC,1574092482951,2019-11-18T15:54:42.951Z,sell,5.652e-05,27.0,0.00152604
BCD/BTC,1574092483255,2019-11-18T15:54:43.255Z,buy,5.676e-05,124.0,0.0070382399999999
BCD/BTC,1574092483801,2019-11-18T15:54:43.801Z,sell,5.653e-05,49.0,0.00276997
BCD/BTC,1574092484109,2019-11-18T15:54:44.109Z,sell,5.653e-05,60.0,0.0033918
BCD/BTC,1574092484112,2019-11-18T15:54:44.112Z,sell,5.653e-05,15.0,0.00084795
BCD/BTC,1574092484112,2019-11-18T15:54:44.112Z,sell,5.652e-05,47.0,0.00265644
BCD/BTC,1574092485297,2019-11-18T15:54:45.297Z,sell,5.652e-05,35.0,0.0019782
BCD/BTC,1574092488781,2019-11-18T15:54:48.781Z,sell,5.652e-05,11.0,0.00062172
BCD/BTC,1574092488781,2019-11-18T15:54:48.781Z,sell,5.651e-05,19.0,0.00107369
BCD/BTC,1574092489785,2019-11-18T15:54:49.785Z,buy,5.676e-05,135.0,0.0076625999999999
BCD/BTC,1574092489995,2019-11-18T15:54:49.995Z,sell,5.651e-05,24.0,0.0013562399999999
BCD/BTC,1574092490240,2019-11-18T15:54:50.240Z,sell,5.651e-05,48.0,0.0027124799999999
BCD/BTC,1574092490976,2019-11-18T15:54:50.976Z,sell,5.652e-05,48.0,0.00271296
BCD/BTC,1574092491442,2019-11-18T15:54:51.442Z,sell,5.652e-05,76.0,0.00429552
BCD/BTC,1574092491640,2019-11-18T15:54:51.640Z,sell,5.652e-05,22.0,0.00124344
BCD/BTC,1574092491640,2019-11-18T15:54:51.640Z,sell,5.651e-05,43.0,0.00242993
BCD/BTC,1574092491640,2019-11-18T15:54:51.640Z,sell,5.65e-05,12.0,0.000678
BCD/BTC,1574092491860,2019-11-18T15:54:51.860Z,sell,5.65e-05,78.0,0.0044069999999999
BCD/BTC,1574092493026,2019-11-18T15:54:53.026Z,sell,5.65e-05,101.0,0.0057065
BCD/BTC,1574092496265,2019-11-18T15:54:56.265Z,buy,5.673e-05,135.0,0.00765855
BCD/BTC,1574092497008,2019-11-18T15:54:57.008Z,sell,5.651e-05,124.0,0.00700724
BCD/BTC,1574092502830,2019-11-18T15:55:02.830Z,buy,5.672e-05,135.0,0.0076572
BCD/BTC,1574092510521,2019-11-18T15:55:10.521Z,buy,5.676e-05,135.0,0.0076625999999999
BCD/BTC,1574092511449,2019-11-18T15:55:11.449Z,sell,5.651e-05,34.0,0.00192134
BCD/BTC,1574092519054,2019-11-18T15:55:19.054Z,buy,5.674e-05,135.0,0.0076599
BCD/BTC,1574092522555,2019-11-18T15:55:22.555Z,sell,5.651e-05,120.0,0.0067812
BCD/BTC,1574092523493,2019-11-18T15:55:23.493Z,sell,5.651e-05,38.0,0.00214738
BCD/BTC,1574092525654,2019-11-18T15:55:25.654Z,buy,5.674e-05,135.0,0.0076599
BCD/BTC,1574092526075,2019-11-18T15:55:26.075Z,sell,5.651e-05,147.0,0.00830697
BCD/BTC,1574092526075,2019-11-18T15:55:26.075Z,sell,5.65e-05,190.0,0.010735
BCD/BTC,1574092526456,2019-11-18T15:55:26.456Z,sell,5.65e-05,75.0,0.0042375
BCD/BTC,1574092532248,2019-11-18T15:55:32.248Z,buy,5.673e-05,135.0,0.00765855
BCD/BTC,1574092547744,2019-11-18T15:55:47.744Z,buy,5.672e-05,33.0,0.0018717599999999
BCD/BTC,1574092554070,2019-11-18T15:55:54.070Z,buy,5.675e-05,56.0,0.003178
BCD/BTC,1574092608293,2019-11-18T15:56:48.293Z,buy,5.672e-05,81.0,0.00459432
BCD/BTC,1574092616476,2019-11-18T15:56:56.476Z,sell,5.654e-05,63.0,0.00356202
BCD/BTC,1574092700568,2019-11-18T15:58:20.568Z,sell,5.654e-05,23.0,0.00130042
BCD/BTC,1574092700568,2019-11-18T15:58:20.568Z,sell,5.653e-05,22.0,0.00124366
BCD/BTC,1574092709096,2019-11-18T15:58:29.096Z,sell,5.652e-05,23.0,0.00129996
BCD/BTC,1574092709096,2019-11-18T15:58:29.096Z,sell,5.651e-05,17.0,0.00096067
BCD/BTC,1574092717512,2019-11-18T15:58:37.512Z,sell,5.651e-05,35.0,0.00197785
BCD/BTC,1574092717512,2019-11-18T15:58:37.512Z,sell,5.65e-05,63.0,0.0035594999999999
BCD/BTC,1574092899159,2019-11-18T16:01:39.159Z,sell,5.653e-05,117.0,0.00661401
BCD/BTC,1574092914152,2019-11-18T16:01:54.152Z,sell,5.652e-05,90.0,0.0050868
BCD/BTC,1574092921968,2019-11-18T16:02:01.968Z,sell,5.65e-05,161.0,0.0090965
BCD/BTC,1574093002289,2019-11-18T16:03:22.289Z,sell,5.65e-05,173.0,0.0097745
BCD/BTC,1574093283307,2019-11-18T16:08:03.307Z,sell,5.65e-05,79.0,0.0044635
BCD/BTC,1574094213894,2019-11-18T16:23:33.894Z,buy,5.666e-05,353.0,0.02000098
BCD/BTC,1574094213894,2019-11-18T16:23:33.894Z,buy,5.667e-05,162.0,0.00918054
BCD/BTC,1574094214883,2019-11-18T16:23:34.883Z,buy,5.67e-05,55.0,0.0031185
BCD/BTC,1574094492799,2019-11-18T16:28:12.799Z,sell,5.659e-05,73.0,0.00413107
BCD/BTC,1574094492799,2019-11-18T16:28:12.799Z,sell,5.654e-05,64.0,0.00361856
BCD/BTC,1574094492815,2019-11-18T16:28:12.815Z,sell,5.655e-05,72.0,0.0040716
BCD/BTC,1574094492815,2019-11-18T16:28:12.815Z,sell,5.654e-05,6.0,0.00033924
BCD/BTC,1574094492815,2019-11-18T16:28:12.815Z,sell,5.65e-05,12.0,0.000678
BCD/BTC,1574094492816,2019-11-18T16:28:12.816Z,sell,5.65e-05,46.0,0.0025989999999999
BCD/BTC,1574094492892,2019-11-18T16:28:12.892Z,sell,5.647e-05,22.0,0.00124234
BCD/BTC,1574094492892,2019-11-18T16:28:12.892Z,sell,5.645e-05,115.0,0.00649175
BCD/BTC,1574094492907,2019-11-18T16:28:12.907Z,sell,5.645e-05,20.0,0.001129
BCD/BTC,1574094492932,2019-11-18T16:28:12.932Z,buy,5.64e-05,117.0,0.0065988
BCD/BTC,1574094492932,2019-11-18T16:28:12.932Z,buy,5.648e-05,51.0,0.00288048
BCD/BTC,1574094492937,2019-11-18T16:28:12.937Z,sell,5.638e-05,1417.0,0.07989046
BCD/BTC,1574094492937,2019-11-18T16:28:12.937Z,sell,5.633e-05,53.0,0.00298549
BCD/BTC,1574094492942,2019-11-18T16:28:12.942Z,buy,5.632e-05,68.0,0.00382976
BCD/BTC,1574094492942,2019-11-18T16:28:12.942Z,buy,5.637e-05,100.0,0.005637
BCD/BTC,1574094492969,2019-11-18T16:28:12.969Z,buy,5.637e-05,245.0,0.0138106499999999
BCD/BTC,1574094493010,2019-11-18T16:28:13.010Z,buy,5.637e-05,105.0,0.00591885
BCD/BTC,1574094617506,2019-11-18T16:30:17.506Z,buy,5.659e-05,107.0,0.00605513
BCD/BTC,1574094617506,2019-11-18T16:30:17.506Z,buy,5.659e-05,107.0,0.00605513
BCD/BTC,1574095536696,2019-11-18T16:45:36.696Z,buy,5.659e-05,1.0,5.659e-05
BCD/BTC,1574095544794,2019-11-18T16:45:44.794Z,sell,5.64e-05,40.0,0.002256
BCD/BTC,1574095545053,2019-11-18T16:45:45.053Z,sell,5.64e-05,19.0,0.0010716
BCD/BTC,1574095545053,2019-11-18T16:45:45.053Z,sell,5.633e-05,11.0,0.0006196299999999
BCD/BTC,1574095545114,2019-11-18T16:45:45.114Z,sell,5.633e-05,42.0,0.00236586
BCD/BTC,1574095545301,2019-11-18T16:45:45.301Z,sell,5.633e-05,56.0,0.00315448
BCD/BTC,1574095546553,2019-11-18T16:45:46.553Z,sell,5.634e-05,60.0,0.0033804
BCD/BTC,1574095548589,2019-11-18T16:45:48.589Z,sell,5.634e-05,57.0,0.00321138
BCD/BTC,1574095552643,2019-11-18T16:45:52.643Z,sell,5.635e-05,62.0,0.0034937
BCD/BTC,1574095554906,2019-11-18T16:45:54.906Z,sell,5.636e-05,52.0,0.00293072
BCD/BTC,1574095555290,2019-11-18T16:45:55.290Z,sell,5.636e-05,182.0,0.01025752
BCD/BTC,1574095556746,2019-11-18T16:45:56.746Z,sell,5.638e-05,25.0,0.0014095
BCD/BTC,1574095556746,2019-11-18T16:45:56.746Z,sell,5.637e-05,54.0,0.00304398
BCD/BTC,1574095556777,2019-11-18T16:45:56.777Z,sell,5.637e-05,6.0,0.0003382199999999
BCD/BTC,1574095556777,2019-11-18T16:45:56.777Z,sell,5.636e-05,25.0,0.001409
BCD/BTC,1574095556777,2019-11-18T16:45:56.777Z,sell,5.635e-05,43.0,0.00242305
BCD/BTC,1574095556917,2019-11-18T16:45:56.917Z,sell,5.635e-05,9.0,0.00050715
BCD/BTC,1574095562000,2019-11-18T16:46:02.000Z,sell,5.635e-05,37.0,0.00208495
BCD/BTC,1574095684775,2019-11-18T16:48:04.775Z,sell,5.634e-05,64.0,0.00360576
BCD/BTC,1574096331483,2019-11-18T16:58:51.483Z,sell,5.634e-05,2.0,0.00011268
BCD/BTC,1574096331483,2019-11-18T16:58:51.483Z,sell,5.631e-05,5.0,0.00028155
BCD/BTC,1574096331483,2019-11-18T16:58:51.483Z,sell,5.629e-05,2.0,0.00011258
BCD/BTC,1574097179112,2019-11-18T17:12:59.112Z,sell,5.629e-05,97.0,0.00546013
BCD/BTC,1574097179112,2019-11-18T17:12:59.112Z,sell,5.627e-05,50.0,0.0028135
BCD/BTC,1574097353272,2019-11-18T17:15:53.272Z,sell,5.626e-05,119.0,0.00669494
BCD/BTC,1574097354386,2019-11-18T17:15:54.386Z,sell,5.626e-05,84.0,0.00472584
BCD/BTC,1574097369104,2019-11-18T17:16:09.104Z,sell,5.626e-05,367.0,0.02064742
BCD/BTC,1574097370726,2019-11-18T17:16:10.726Z,sell,5.626e-05,377.0,0.02121002
BCD/BTC,1574097875684,2019-11-18T17:24:35.684Z,sell,5.645e-05,4.0,0.0002258
BCD/BTC,1574098025470,2019-11-18T17:27:05.470Z,buy,5.655e-05,25.0,0.00141375
BCD/BTC,1574098026962,2019-11-18T17:27:06.962Z,buy,5.655e-05,25.0,0.00141375
BCD/BTC,1574098028121,2019-11-18T17:27:08.121Z,buy,5.655e-05,25.0,0.00141375
BCD/BTC,1574098029418,2019-11-18T17:27:09.418Z,buy,5.655e-05,25.0,0.00141375
BCD/BTC,1574098030769,2019-11-18T17:27:10.769Z,buy,5.655e-05,25.0,0.00141375
BCD/BTC,1574098031835,2019-11-18T17:27:11.835Z,buy,5.655e-05,25.0,0.00141375
BCD/BTC,1574098032831,2019-11-18T17:27:12.831Z,buy,5.655e-05,25.0,0.00141375
BCD/BTC,1574098033856,2019-11-18T17:27:13.856Z,buy,5.655e-05,25.0,0.00141375
BCD/BTC,1574098034927,2019-11-18T17:27:14.927Z,buy,5.655e-05,25.0,0.00141375
BCD/BTC,1574098035960,2019-11-18T17:27:15.960Z,buy,5.655e-05,25.0,0.00141375
BCD/BTC,1574098036976,2019-11-18T17:27:16.976Z,buy,5.657e-05,25.0,0.00141425
BCD/BTC,1574098038058,2019-11-18T17:27:18.058Z,buy,5.657e-05,25.0,0.00141425
BCD/BTC,1574098039193,2019-11-18T17:27:19.193Z,buy,5.658e-05,25.0,0.0014145
BCD/BTC,1574098040243,2019-11-18T17:27:20.243Z,buy,5.657e-05,25.0,0.00141425
BCD/BTC,1574098041395,2019-11-18T17:27:21.395Z,buy,5.658e-05,25.0,0.0014145
BCD/BTC,1574098042376,2019-11-18T17:27:22.376Z,buy,5.658e-05,25.0,0.0014145
BCD/BTC,1574098043685,2019-11-18T17:27:23.685Z,buy,5.657e-05,25.0,0.00141425
BCD/BTC,1574098044831,2019-11-18T17:27:24.831Z,buy,5.656e-05,25.0,0.001414
BCD/BTC,1574098045922,2019-11-18T17:27:25.922Z,buy,5.657e-05,25.0,0.00141425
BCD/BTC,1574098046850,2019-11-18T17:27:26.850Z,buy,5.657e-05,25.0,0.00141425
BCD/BTC,1574098048165,2019-11-18T17:27:28.165Z,buy,5.656e-05,25.0,0.001414
BCD/BTC,1574098049225,2019-11-18T17:27:29.225Z,buy,5.655e-05,25.0,0.00141375
BCD/BTC,1574098050175,2019-11-18T17:27:30.175Z,buy,5.655e-05,25.0,0.00141375
BCD/BTC,1574098051298,2019-11-18T17:27:31.298Z,buy,5.655e-05,25.0,0.00141375
BCD/BTC,1574098052328,2019-11-18T17:27:32.328Z,buy,5.655e-05,25.0,0.00141375
BCD/BTC,1574098053287,2019-11-18T17:27:33.287Z,buy,5.655e-05,25.0,0.00141375
BCD/BTC,1574098054241,2019-11-18T17:27:34.241Z,buy,5.655e-05,25.0,0.00141375
BCD/BTC,1574098055357,2019-11-18T17:27:35.357Z,buy,5.655e-05,17.0,0.00096135
BCD/BTC,1574098055357,2019-11-18T17:27:35.357Z,buy,5.657e-05,8.0,0.00045256
BCD/BTC,1574098055934,2019-11-18T17:27:35.934Z,buy,5.657e-05,347.0,0.01962979
BCD/BTC,1574098056642,2019-11-18T17:27:36.642Z,buy,5.658e-05,25.0,0.0014145
BCD/BTC,1574098057780,2019-11-18T17:27:37.780Z,buy,5.658e-05,25.0,0.0014145
BCD/BTC,1574098058706,2019-11-18T17:27:38.706Z,buy,5.657e-05,25.0,0.00141425
BCD/BTC,1574098059732,2019-11-18T17:27:39.732Z,buy,5.658e-05,25.0,0.0014145
BCD/BTC,1574098060783,2019-11-18T17:27:40.783Z,buy,5.658e-05,25.0,0.0014145
BCD/BTC,1574098061785,2019-11-18T17:27:41.785Z,buy,5.658e-05,5.0,0.0002829
BCD/BTC,1574098061785,2019-11-18T17:27:41.785Z,buy,5.665e-05,20.0,0.001133
BCD/BTC,1574098062885,2019-11-18T17:27:42.885Z,buy,5.666e-05,25.0,0.0014165
BCD/BTC,1574098063801,2019-11-18T17:27:43.801Z,buy,5.666e-05,15.0,0.0008499
BCD/BTC,1574098063801,2019-11-18T17:27:43.801Z,buy,5.673e-05,3.0,0.00017019
BCD/BTC,1574098063801,2019-11-18T17:27:43.801Z,buy,5.679e-05,7.0,0.00039753
BCD/BTC,1574098064901,2019-11-18T17:27:44.901Z,buy,5.679e-05,6.0,0.0003407399999999
BCD/BTC,1574098064901,2019-11-18T17:27:44.901Z,buy,5.68e-05,19.0,0.0010792
BCD/BTC,1574098066054,2019-11-18T17:27:46.054Z,buy,5.68e-05,3.0,0.0001704
BCD/BTC,1574098066054,2019-11-18T17:27:46.054Z,buy,5.682e-05,3.0,0.00017046
BCD/BTC,1574098066054,2019-11-18T17:27:46.054Z,buy,5.683e-05,19.0,0.00107977
BCD/BTC,1574098066989,2019-11-18T17:27:46.989Z,buy,5.683e-05,84.0,0.00477372
BCD/BTC,1574098067019,2019-11-18T17:27:47.019Z,buy,5.684e-05,25.0,0.001421
BCD/BTC,1574098068091,2019-11-18T17:27:48.091Z,buy,5.684e-05,25.0,0.001421
BCD/BTC,1574098069143,2019-11-18T17:27:49.143Z,buy,5.684e-05,7.0,0.00039788
BCD/BTC,1574098069143,2019-11-18T17:27:49.143Z,buy,5.685e-05,18.0,0.0010233
BCD/BTC,1574098070146,2019-11-18T17:27:50.146Z,buy,5.684e-05,25.0,0.001421
BCD/BTC,1574098071430,2019-11-18T17:27:51.430Z,buy,5.684e-05,25.0,0.001421
BCD/BTC,1574098072549,2019-11-18T17:27:52.549Z,buy,5.684e-05,25.0,0.001421
BCD/BTC,1574098073551,2019-11-18T17:27:53.551Z,buy,5.684e-05,25.0,0.001421
BCD/BTC,1574098075237,2019-11-18T17:27:55.237Z,buy,5.684e-05,25.0,0.001421
BCD/BTC,1574098076367,2019-11-18T17:27:56.367Z,buy,5.684e-05,25.0,0.001421
BCD/BTC,1574098077289,2019-11-18T17:27:57.289Z,buy,5.684e-05,25.0,0.001421
BCD/BTC,1574098078440,2019-11-18T17:27:58.440Z,buy,5.684e-05,1.0,5.684e-05
BCD/BTC,1574098078440,2019-11-18T17:27:58.440Z,buy,5.685e-05,10.0,0.0005685
BCD/BTC,1574098078440,2019-11-18T17:27:58.440Z,buy,5.686e-05,14.0,0.00079604
BCD/BTC,1574098078755,2019-11-18T17:27:58.755Z,buy,5.686e-05,270.0,0.0153522
BCD/BTC,1574098080370,2019-11-18T17:28:00.370Z,buy,5.686e-05,25.0,0.0014215
BCD/BTC,1574098081372,2019-11-18T17:28:01.372Z,buy,5.676e-05,2.0,0.00011352
BCD/BTC,1574098081372,2019-11-18T17:28:01.372Z,buy,5.686e-05,11.0,0.00062546
BCD/BTC,1574098081372,2019-11-18T17:28:01.372Z,buy,5.692e-05,2.0,0.00011384
BCD/BTC,1574098081372,2019-11-18T17:28:01.372Z,buy,5.697e-05,10.0,0.0005697
BCD/BTC,1574098082377,2019-11-18T17:28:02.377Z,buy,5.697e-05,16.0,0.00091152
BCD/BTC,1574098082377,2019-11-18T17:28:02.377Z,buy,5.699e-05,9.0,0.00051291
BCD/BTC,1574098084120,2019-11-18T17:28:04.120Z,buy,5.686e-05,4.0,0.00022744
BCD/BTC,1574098084120,2019-11-18T17:28:04.120Z,buy,5.699e-05,21.0,0.00119679
BCD/BTC,1574098085146,2019-11-18T17:28:05.146Z,buy,5.699e-05,10.0,0.0005699
BCD/BTC,1574098085146,2019-11-18T17:28:05.146Z,buy,5.7e-05,5.0,0.000285
BCD/BTC,1574098085146,2019-11-18T17:28:05.146Z,buy,5.708e-05,3.0,0.00017124
BCD/BTC,1574098085146,2019-11-18T17:28:05.146Z,buy,5.709e-05,7.0,0.00039963
BCD/BTC,1574098086105,2019-11-18T17:28:06.105Z,buy,5.709e-05,25.0,0.00142725
BCD/BTC,1574098087048,2019-11-18T17:28:07.048Z,buy,5.709e-05,25.0,0.00142725
BCD/BTC,1574098097957,2019-11-18T17:28:17.957Z,sell,5.674e-05,165.0,0.0093621
BCD/BTC,1574098101541,2019-11-18T17:28:21.541Z,buy,5.711e-05,44.0,0.00251284
BCD/BTC,1574098102596,2019-11-18T17:28:22.596Z,buy,5.71e-05,25.0,0.0014275
BCD/BTC,1574098103631,2019-11-18T17:28:23.631Z,buy,5.709e-05,25.0,0.00142725
BCD/BTC,1574098104997,2019-11-18T17:28:24.997Z,buy,5.709e-05,25.0,0.00142725
BCD/BTC,1574098106215,2019-11-18T17:28:26.215Z,buy,5.709e-05,7.0,0.00039963
BCD/BTC,1574098106215,2019-11-18T17:28:26.215Z,buy,5.71e-05,18.0,0.0010278
BCD/BTC,1574098107157,2019-11-18T17:28:27.157Z,buy,5.71e-05,25.0,0.0014275
BCD/BTC,1574098185023,2019-11-18T17:29:45.023Z,sell,5.678e-05,131.0,0.00743818
BCD/BTC,1574098185023,2019-11-18T17:29:45.023Z,sell,5.677e-05,57.0,0.00323589
BCD/BTC,1574098186117,2019-11-18T17:29:46.117Z,sell,5.673e-05,3.0,0.00017019
BCD/BTC,1574098186117,2019-11-18T17:29:46.117Z,sell,5.667e-05,7.0,0.00039669
BCD/BTC,1574098187043,2019-11-18T17:29:47.043Z,buy,5.698e-05,2.0,0.00011396
BCD/BTC,1574098187043,2019-11-18T17:29:47.043Z,buy,5.708e-05,23.0,0.00131284
BCD/BTC,1574098188063,2019-11-18T17:29:48.063Z,buy,5.708e-05,25.0,0.001427
BCD/BTC,1574098189001,2019-11-18T17:29:49.001Z,buy,5.708e-05,25.0,0.001427
BCD/BTC,1574098189990,2019-11-18T17:29:49.990Z,buy,5.708e-05,25.0,0.001427
BCD/BTC,1574098191130,2019-11-18T17:29:51.130Z,buy,5.708e-05,25.0,0.001427
BCD/BTC,1574098192304,2019-11-18T17:29:52.304Z,buy,5.708e-05,25.0,0.001427
BCD/BTC,1574098193313,2019-11-18T17:29:53.313Z,buy,5.708e-05,25.0,0.001427
BCD/BTC,1574098194390,2019-11-18T17:29:54.390Z,buy,5.708e-05,25.0,0.001427
BCD/BTC,1574098195375,2019-11-18T17:29:55.375Z,buy,5.708e-05,135.0,0.0077058
BCD/BTC,1574098195463,2019-11-18T17:29:55.463Z,buy,5.708e-05,25.0,0.001427
BCD/BTC,1574098196500,2019-11-18T17:29:56.500Z,buy,5.708e-05,10.0,0.0005708
BCD/BTC,1574098196500,2019-11-18T17:29:56.500Z,buy,5.711e-05,7.0,0.00039977
BCD/BTC,1574098196500,2019-11-18T17:29:56.500Z,buy,5.712e-05,8.0,0.00045696
BCD/BTC,1574098197637,2019-11-18T17:29:57.637Z,sell,5.673e-05,185.0,0.01049505
BCD/BTC,1574098200875,2019-11-18T17:30:00.875Z,sell,5.673e-05,9.0,0.00051057
BCD/BTC,1574098202101,2019-11-18T17:30:02.101Z,buy,5.707e-05,9.0,0.00051363
BCD/BTC,1574098202101,2019-11-18T17:30:02.101Z,buy,5.708e-05,3.0,0.00017124
BCD/BTC,1574098202101,2019-11-18T17:30:02.101Z,buy,5.711e-05,13.0,0.00074243
BCD/BTC,1574098205454,2019-11-18T17:30:05.454Z,buy,5.711e-05,25.0,0.00142775
BCD/BTC,1574098206378,2019-11-18T17:30:06.378Z,buy,5.711e-05,25.0,0.00142775
BCD/BTC,1574098207747,2019-11-18T17:30:07.747Z,buy,5.711e-05,25.0,0.00142775
BCD/BTC,1574098209066,2019-11-18T17:30:09.066Z,buy,5.711e-05,25.0,0.00142775
BCD/BTC,1574098210046,2019-11-18T17:30:10.046Z,buy,5.711e-05,25.0,0.00142775
BCD/BTC,1574098211377,2019-11-18T17:30:11.377Z,buy,5.711e-05,25.0,0.00142775
BCD/BTC,1574098212281,2019-11-18T17:30:12.281Z,buy,5.711e-05,25.0,0.00142775
BCD/BTC,1574098213496,2019-11-18T17:30:13.496Z,buy,5.711e-05,25.0,0.00142775
